4240 4582 4691 4182 4654 4628 4286 4262 4466 4257 4437 4454 4172 4330 4678 4273 4619 4055 4005 4529 3936 4378 4678 4055 4431 4459 4634 4364 4645 4503 4366 4062 
3840 4154 4218 3784 4214 4510 3904 3974 4131 3599 3852 4119 4084 4006 4251 4064 3994 3783 3594 4164 3554 3874 4418 3864 3939 3766 4163 4016 4371 4378 3919 3776 
3883 4141 4473 3918 3811 4143 3832 3951 4094 4069 3826 4251 3664 3995 4288 3953 4156 3583 3554 3911 3609 4132 4281 3613 4023 4000 3869 4064 4091 4047 3955 3673 
4046 4258 4188 3940 4159 4452 3889 3853 4003 3779 4101 4058 3702 4152 4132 3787 4064 3892 3561 3821 3783 4064 4203 3712 3912 3900 4162 3976 3949 4092 3903 3653 
3860 4389 4180 3743 3966 4335 4026 3804 4226 3849 3976 4058 3926 4102 4307 3910 3740 3682 3462 4070 3668 3881 4347 3831 4014 3998 3918 3986 4050 4063 3840 3686 
3910 4105 4251 3830 4029 4396 3846 3923 3999 3826 4137 4186 3813 3937 4127 3967 4217 3686 3702 4113 3775 4014 4163 3768 3852 3950 3950 4057 4089 3786 4035 3606 
3618 4037 4026 3538 3862 4201 3875 3749 3853 3909 3816 3777 3584 3653 3975 3588 3863 3487 3372 3821 3233 3670 3826 3538 3829 3608 3758 3560 3987 3719 3904 3618 
4212 4363 4527 3893 4250 4426 3809 4075 4324 4009 4115 4236 4038 4178 4538 3939 4180 3860 3701 4074 3758 4117 4294 3820 4024 4020 4282 4240 4260 4225 4046 3873 
3856 4426 4169 3830 4045 4195 3909 3731 4062 3613 3998 4081 3971 3919 4285 3670 3945 3629 3472 4165 3488 3873 4242 3763 4111 3991 4070 3997 4315 4002 3743 3644 
3969 4043 4495 3739 3889 4448 3888 4001 4115 3892 4092 4290 3966 4053 4413 4120 4191 3763 3657 3991 3652 3983 4402 3709 3893 4128 4071 4270 4369 3815 3946 3523 
4050 4022 4290 3726 4084 4442 4012 4015 3896 3880 4001 4132 3824 3811 4419 3967 3986 3717 3675 3999 3629 4092 4163 3749 3753 4039 4272 4193 4293 3793 3976 3735 
3919 4037 4014 3668 4078 4238 3839 4079 4030 3670 3978 3887 3912 3735 4118 3903 4019 3596 3516 4027 3508 3529 4143 3862 3812 4039 3985 3990 4232 3955 4114 3689 
3751 4171 4112 3819 3978 4216 3708 3980 3867 3482 3918 3897 3804 4175 4287 3664 3672 3514 3503 3857 3679 3762 4393 3887 3879 3785 3944 4069 3990 4020 3986 3745 
4045 4126 4139 3658 4092 4216 3864 3979 4134 3751 3857 4095 3649 3954 4152 3743 4144 3814 3590 3899 3466 4007 4202 3674 3868 3921 4019 4077 3966 4020 4026 3793 
3496 3619 3918 3374 3727 3667 3303 3399 3757 3204 3461 3711 3385 3797 3985 3557 3482 3281 2920 3577 3353 3568 3896 3424 3415 3565 3634 3391 3724 3674 3496 3509 
3933 4248 4201 3891 4137 4140 3838 3790 4032 3536 3905 3949 3795 3965 4359 3621 3857 3708 3473 3998 3603 3931 4288 4019 3934 3875 4009 4045 4224 4117 3841 3613 
3939 4416 4174 3845 4103 4205 3941 3941 4190 3653 3883 3933 3709 4224 4282 4105 4039 3990 3526 4079 3913 3901 4277 3840 3960 3778 4063 3985 4272 4036 4065 3784 
3704 4086 4050 3583 3826 4021 3770 3794 3931 3794 3782 3965 3807 3822 4111 3657 3901 3489 3306 3548 3646 3905 3898 3503 3755 3605 4030 3884 4022 3880 3951 3511 
3785 4161 4440 3907 3975 4159 4024 3772 4027 3865 4074 4262 4007 4058 4027 3706 4042 3696 3741 4088 3606 3809 4187 3633 3869 4027 3804 3946 4083 3893 4109 3639 
4193 4395 4564 4057 4385 4519 3939 3955 4368 4004 4225 4392 4014 4287 4325 4111 4322 4147 3922 4437 3874 4007 4592 3938 4120 4160 4459 4017 4392 4149 4092 3684 
3886 3981 4133 3746 4066 4098 3768 3794 3952 3742 3975 3956 3657 3860 4295 3918 3989 3634 3412 3825 3304 3975 4167 3650 3662 3819 4101 3989 4061 3751 4006 3459 
3683 3914 4256 3915 3792 3896 3802 3851 3948 3574 3924 3996 3613 3814 4080 3894 3799 3573 3351 3921 3404 3519 4168 3331 3723 3947 3796 3892 4059 3754 3849 3587 
3779 3904 4057 3949 3711 3868 3548 3609 3773 3524 3665 4032 3734 3899 4077 3544 3675 3412 3620 3649 3444 3596 3955 3439 3408 3794 3799 3839 3894 3989 3808 3541 
3850 4181 4327 3861 4312 4211 3841 3994 3929 3801 3819 4004 3737 4123 4335 3775 4087 3795 3542 3864 3757 3925 4399 3641 3964 3947 4067 4040 3928 3795 3919 3745 
4510 4562 4641 4543 4451 4679 4259 4273 4370 4214 4408 4539 4101 4498 4607 4202 4545 3937 3874 4431 3954 4402 4497 4066 4165 4400 4371 4502 4392 4439 4255 4002 
3871 3998 4163 3906 3798 4157 3760 4158 4076 3707 3825 4179 3609 3883 4067 3826 4155 3465 3531 3798 3579 3847 4182 3595 3824 3747 4109 3951 3916 3729 3628 3587 
3816 4209 4512 3792 4031 4314 3898 4056 3845 3616 3880 4305 3756 3994 4279 4064 4123 3830 3598 3756 3779 3790 4302 3609 3933 3899 3999 3849 4000 4121 3779 3769 
3864 4447 4704 4083 4016 4237 4132 4034 4242 4059 4099 4266 3999 4158 4521 3968 4133 3752 3590 4036 3670 3915 4368 3811 4177 4126 4110 4094 4389 4166 3917 4028 
3676 3927 4164 3686 4072 4081 3892 3733 3883 3620 3888 3709 3566 3900 3995 3691 3977 3727 3415 3797 3426 3785 4086 3442 3547 3748 3941 3761 4142 3912 3715 3596 
3786 3881 4160 3829 3916 3991 3619 3794 3953 3536 3606 3946 3389 3890 4013 3786 3968 3441 3564 3766 3696 3953 4040 3632 3831 3575 3879 3685 4051 3920 3660 3579 
3991 4028 4055 3675 4031 4125 3686 3888 3659 3581 3857 3890 3691 4052 3999 3701 3907 3625 3497 3704 3512 3577 4029 3366 3816 3682 3962 3986 4047 3629 3856 3754 
3404 3727 3846 3505 3717 3751 3354 3650 3751 3491 3604 3518 3553 3475 3708 3496 3577 3225 3218 3715 3058 3824 3781 3429 3640 3440 3413 3604 3689 3708 3574 3172 
