2105 2060 2030 1861 2256 2188 1963 2135 2202 1975 2063 2192 2031 2138 2326 2010 2213 1869 1824 2177 1953 1985 2192 1856 2024 2150 2224 1977 2193 2324 2029 2076 
2139 2168 2064 1894 2142 2213 1993 2208 2124 1756 2086 2277 2148 2089 2251 2017 2092 1949 1890 2306 1833 1906 2405 1906 1937 1966 2121 2137 2228 2361 2006 1970 
1862 1970 1916 1662 1755 1922 1676 1908 1956 1821 1671 2066 1595 1889 1974 1923 1902 1699 1600 1831 1652 1783 2056 1569 1806 1865 1698 1803 1784 1933 1754 1780 
2108 2102 1793 1797 2065 2094 1858 1899 1936 1830 1962 2054 1823 2060 1969 1824 2047 1807 1750 1884 1878 1881 2061 1665 1879 1895 1944 1821 1824 2078 1862 1931 
2117 2292 2005 1758 2164 2137 1981 2066 2203 1995 2023 2179 2063 2032 2295 2048 1897 1858 1703 2171 1872 1925 2382 1995 2076 1990 1917 1964 1992 2156 1943 1971 
2084 1868 1841 1684 2071 2056 1758 1894 1845 1778 1995 2065 1819 1846 1913 1836 1992 1751 1677 2125 1751 1789 2017 1795 1766 2035 1809 1829 1749 2012 1818 1846 
1875 2005 1849 1592 1939 1955 1829 1896 2040 1951 1909 1997 1792 1668 1954 1777 1942 1657 1603 2006 1538 1754 1848 1575 1972 1811 1867 1613 1876 1935 1777 1708 
2230 2297 2090 1883 2170 2330 1901 2182 2328 1902 2083 2358 2084 2154 2386 1954 2140 1956 1883 2219 1924 1988 2288 1898 1999 2153 2214 2283 2180 2312 1982 2094 
2133 2223 2030 1982 2168 2098 1969 2033 2276 1987 2078 2271 2160 2139 2335 1845 2182 1855 1912 2252 1824 1916 2228 1907 2029 2156 2072 2029 2183 2225 1858 2037 
1858 1731 1825 1553 1711 2036 1674 1885 1942 1779 1797 1989 1853 1800 2033 1819 1847 1633 1681 1904 1638 1647 2007 1633 1681 1934 1687 1871 1894 1795 1699 1669 
2027 1968 1865 1598 2014 2143 1872 1900 1852 1905 1810 2048 1771 1748 2213 1946 1950 1737 1768 1994 1705 1885 2104 1677 1761 1865 2014 1942 1984 1925 1754 1754 
2005 2101 1883 1848 2071 2073 1888 2080 2027 1877 2078 2034 2031 1889 2110 1873 1987 1730 1681 2170 1788 1628 2126 1903 1912 1985 1843 1973 2134 2114 1936 1783 
1787 1955 1667 1664 1909 1897 1704 1861 1844 1564 1807 1993 1719 2008 2028 1721 1670 1695 1540 1832 1785 1709 2066 1713 1843 1724 1813 1858 1797 1979 1702 1841 
2024 2042 1895 1667 1950 2010 1864 1925 1989 1782 1890 2076 1843 1868 2046 1793 1955 1760 1598 1956 1653 1911 1947 1630 1912 1950 1931 1898 1900 2111 1971 1867 
1826 1711 1818 1469 1789 1670 1597 1756 1816 1558 1704 1792 1663 1863 1943 1706 1855 1566 1403 1766 1732 1776 1969 1659 1689 1834 1779 1582 1689 1935 1584 1833 
2114 2038 1879 1722 2082 2035 1901 1888 2099 1762 1962 2031 1976 2046 2232 1853 1907 1802 1799 2030 1833 1841 2234 1915 1897 1944 1898 1903 2166 2196 1817 1886 
2147 2273 2076 1864 2226 2014 1971 2106 2252 1884 1974 2179 2073 2190 2264 2226 1994 2036 1782 2214 2046 2046 2280 2024 2010 2007 2160 1942 2097 2281 1971 2023 
1693 1978 1772 1590 1907 1880 1771 1927 1885 1764 1771 1930 1816 1856 1964 1656 1878 1572 1419 1698 1767 1745 1901 1597 1778 1746 1874 1745 1742 1936 1808 1760 
1923 2022 1975 1713 2031 2039 1868 1873 2020 1898 1835 2121 1921 1951 1914 1731 1836 1698 1841 1947 1800 1724 2075 1695 1783 1922 1846 1787 1830 1993 1801 1901 
2158 2053 1925 1828 2051 2051 1830 1939 2109 1966 1951 2070 1993 2046 2058 1944 2047 1881 1878 2141 1809 1740 2218 1816 1880 1971 2191 1725 1983 2202 1921 1890 
2070 2055 1970 1808 2044 2103 1857 2062 2035 1823 1977 2076 1883 1986 2221 2041 2047 1779 1638 2008 1670 1935 2159 1736 1762 1945 2019 2058 2008 2030 1856 1889 
1949 1950 1858 1986 1960 1806 1774 1969 1956 1715 1865 2012 1738 1899 1991 1828 1769 1715 1711 2041 1711 1612 2147 1594 1831 1910 1809 1827 2103 1984 1764 1759 
1799 1953 1834 1859 1874 1834 1602 1787 1779 1717 1810 2060 1892 1911 1929 1529 1738 1620 1746 1890 1750 1526 1891 1629 1614 1868 1851 1794 1818 2081 1708 1824 
2068 2155 2110 1783 2313 2228 1850 2127 2083 2053 1928 2156 2008 2129 2221 2037 1992 1868 1800 2010 1925 1967 2350 1835 1982 2155 1995 1918 1931 2065 1866 2000 
2520 2252 2111 2269 2342 2370 2227 2289 2184 2189 2315 2375 2266 2234 2338 2165 2354 1848 1977 2508 2015 2163 2407 1981 2060 2295 2213 2265 2184 2415 2081 2174 
2056 2045 2054 1923 2053 2070 1889 2186 2141 1993 1938 2343 1902 1991 2040 1942 2075 1784 1752 2030 1841 1859 2150 1707 1930 1979 2068 1932 1948 2080 1902 1952 
2032 2100 2189 1872 2061 2113 2034 2088 2061 1902 1973 2329 1931 2075 2133 2045 2042 1871 1909 2000 1968 1866 2248 1793 2069 2082 1962 1992 2086 2255 1921 2057 
1959 2184 2195 1895 1988 1972 1918 2029 2124 2017 1832 2071 2012 2012 2270 1767 2007 1776 1736 2052 1747 1844 2133 1684 2166 2093 1987 1976 2031 2153 1784 2118 
1923 1949 1833 1715 1962 1935 1863 1987 1878 1632 1903 1821 1864 1858 1955 1831 1981 1723 1686 1887 1695 1821 2028 1627 1705 1947 1876 1838 1939 1962 1832 1838 
1807 1851 1720 1647 1774 1721 1684 1830 1899 1598 1684 1908 1573 1788 1886 1685 1765 1444 1558 1845 1722 1676 1839 1550 1690 1645 1813 1654 1748 1878 1602 1817 
2186 2031 1791 1726 2068 2016 1808 1972 1840 1865 1887 1987 1984 2125 2006 1874 1943 1793 1848 1926 1832 1773 2007 1583 2007 1887 2000 2102 1993 1950 1781 2030 
1786 1875 1780 1720 1917 1816 1604 1969 1911 1654 1843 1749 1796 1683 1789 1677 1852 1616 1609 1952 1448 1856 1869 1585 1732 1778 1693 1847 1655 1986 1674 1591 
