5051 5178 5364 4850 5505 5311 5021 5144 5011 5090 5018 5321 4947 5191 5199 4894 5153 4746 4821 5296 4796 4914 5175 4888 5372 5260 5252 5170 5290 5230 5184 5005 
4542 4742 4962 4369 5063 5163 4616 4669 4656 4350 4379 4851 4774 4781 4815 4718 4555 4346 4264 4805 4225 4429 4960 4716 4813 4474 4746 4719 5009 5082 4629 4659 
4485 4629 5085 4441 4431 4678 4376 4563 4489 4651 4265 4901 4232 4626 4791 4481 4530 4184 4132 4512 4237 4475 4676 4250 4731 4561 4289 4629 4623 4607 4557 4330 
4680 4758 4828 4425 4875 5010 4559 4485 4472 4466 4590 4664 4286 4805 4596 4330 4548 4456 4199 4413 4421 4458 4688 4367 4612 4527 4658 4706 4504 4764 4501 4362 
4470 4930 4824 4307 4638 4915 4681 4475 4627 4582 4499 4815 4578 4817 4750 4542 4239 4228 4068 4689 4335 4371 4858 4498 4826 4669 4413 4716 4595 4722 4547 4528 
4476 4621 4830 4351 4664 4960 4487 4485 4489 4434 4546 4807 4361 4672 4631 4438 4680 4259 4359 4704 4437 4375 4627 4469 4555 4512 4506 4768 4569 4359 4630 4372 
4301 4627 4685 4136 4649 4933 4617 4469 4415 4512 4461 4503 4344 4442 4548 4166 4454 4155 4114 4539 3942 4101 4337 4359 4789 4287 4377 4232 4543 4390 4702 4390 
4887 4969 5135 4529 4899 5074 4464 4845 4770 4741 4648 4980 4773 4990 5091 4606 4646 4528 4409 4711 4475 4591 4764 4484 4801 4675 4848 4985 4807 4815 4743 4705 
4604 5100 4923 4549 4959 4969 4649 4587 4685 4422 4653 4920 4842 4854 4914 4292 4559 4369 4258 5015 4400 4390 4810 4632 5089 4866 4695 4852 5029 4826 4575 4598 
4683 4621 5103 4340 4658 5203 4639 4830 4704 4604 4699 5092 4747 4900 4929 4720 4758 4455 4399 4717 4470 4456 4945 4435 4788 4918 4684 5090 4991 4510 4762 4328 
4703 4644 4928 4373 4908 4974 4662 4677 4331 4627 4653 4773 4558 4517 4959 4494 4599 4335 4276 4641 4253 4528 4556 4459 4578 4702 4676 4900 4830 4443 4693 4560 
4443 4572 4538 4203 4733 4833 4424 4712 4523 4234 4459 4441 4514 4468 4567 4404 4508 4108 4099 4533 4096 3929 4569 4458 4500 4612 4506 4650 4715 4487 4787 4340 
4507 4823 4864 4491 4837 4908 4488 4777 4440 4348 4602 4665 4628 5034 4933 4383 4294 4237 4294 4551 4449 4364 4966 4703 4788 4551 4572 4935 4616 4805 4759 4666 
4771 4777 4902 4337 4916 4984 4679 4836 4735 4588 4502 4964 4517 4814 4620 4524 4768 4526 4373 4618 4290 4604 4851 4493 4827 4746 4711 4922 4635 4719 4887 4686 
4204 4197 4610 4009 4439 4217 3930 4059 4196 3917 4029 4462 4068 4603 4578 4202 3950 3974 3562 4284 4042 3988 4328 4194 4297 4197 4098 4065 4322 4312 4232 4314 
4541 4690 4763 4467 4824 4789 4460 4477 4515 4153 4423 4661 4455 4699 4837 4119 4386 4260 4152 4691 4266 4379 4751 4698 4781 4564 4525 4725 4753 4762 4556 4383 
4557 4905 4829 4374 4861 4786 4554 4687 4690 4450 4459 4676 4357 4952 4775 4619 4536 4716 4194 4778 4652 4335 4683 4560 4712 4427 4534 4669 4824 4698 4752 4578 
4367 4746 4768 4185 4617 4664 4451 4593 4503 4541 4405 4685 4450 4649 4652 4240 4409 4200 3977 4179 4337 4412 4358 4273 4520 4265 4590 4663 4672 4475 4711 4319 
4412 4669 5018 4420 4671 4783 4666 4522 4523 4552 4600 4984 4676 4827 4526 4306 4488 4331 4368 4675 4314 4274 4631 4278 4593 4644 4317 4624 4586 4556 4799 4380 
4876 4983 5380 4675 5185 5148 4666 4666 4781 4770 4805 5096 4772 5054 4933 4730 4835 4863 4659 5136 4517 4465 5019 4713 4969 4796 4989 4742 4974 4872 4764 4522 
4544 4474 4779 4283 4801 4690 4384 4465 4418 4376 4567 4664 4370 4436 4735 4472 4485 4238 4092 4523 4032 4427 4641 4368 4472 4526 4621 4570 4609 4402 4637 4182 
4247 4511 4740 4387 4473 4453 4381 4490 4416 4154 4450 4613 4316 4488 4496 4330 4304 4090 3858 4491 4076 3945 4603 3970 4462 4570 4286 4576 4588 4233 4482 4315 
4555 4583 4767 4589 4527 4564 4320 4434 4395 4198 4184 4800 4494 4661 4596 4169 4243 4030 4328 4374 4323 4119 4474 4156 4187 4586 4399 4630 4551 4655 4575 4369 
4342 4662 4910 4335 4946 4749 4380 4611 4338 4400 4262 4619 4405 4737 4793 4211 4580 4378 4212 4415 4415 4324 4866 4211 4665 4537 4587 4586 4400 4390 4534 4426 
5257 5233 5326 5253 5234 5417 5018 5046 4956 4926 5059 5386 4858 5374 5176 4907 5152 4602 4619 5152 4679 4901 5071 4869 5163 5125 4971 5302 5027 5083 5159 4867 
4508 4541 4763 4434 4537 4721 4393 4844 4431 4445 4247 4903 4286 4559 4603 4337 4666 4054 4205 4465 4257 4274 4549 4279 4604 4407 4569 4583 4462 4345 4275 4350 
4427 4796 5266 4359 4807 4840 4597 4748 4282 4379 4427 4978 4477 4723 4804 4665 4673 4584 4223 4390 4455 4210 4750 4261 4721 4499 4438 4575 4554 4767 4542 4506 
4605 5076 5386 4739 4802 4880 4862 4719 4796 4768 4610 4971 4541 4964 5088 4558 4637 4417 4236 4681 4347 4360 4797 4620 4964 4698 4660 4860 4919 4759 4674 4828 
4465 4557 4939 4319 4936 4836 4749 4547 4454 4474 4540 4584 4376 4823 4678 4451 4551 4507 4246 4600 4216 4356 4697 4374 4522 4565 4583 4604 4843 4724 4502 4515 
4499 4555 5010 4505 4821 4613 4301 4570 4507 4314 4186 4786 4188 4761 4573 4483 4526 4250 4347 4474 4551 4505 4604 4426 4702 4301 4487 4428 4763 4739 4521 4494 
4618 4607 4682 4308 4768 4695 4326 4502 4119 4244 4339 4568 4389 4770 4502 4260 4507 4247 4127 4360 4236 4011 4453 4041 4600 4371 4453 4691 4657 4260 4574 4463 
4164 4404 4468 4140 4512 4438 4137 4371 4410 4180 4211 4265 4299 4373 4294 4113 4143 3842 4014 4432 3811 4262 4368 4270 4545 4242 4001 4438 4374 4431 4347 3994 
