2900 2967 2839 2767 3127 2987 2771 2888 3032 2597 2770 3055 2736 2782 3247 2758 3059 2585 2589 2893 2799 2756 3059 2656 2895 2834 3038 2922 3037 3074 2836 2760 
2724 2716 2745 2603 2834 2960 2644 2820 2845 2378 2699 3048 2865 2668 2982 2718 2804 2592 2513 2846 2475 2609 3093 2657 2534 2546 2799 2878 2985 3058 2668 2562 
2646 2708 2669 2511 2436 2682 2373 2637 2764 2470 2368 2859 2284 2521 2855 2641 2676 2240 2266 2418 2365 2585 2824 2319 2595 2497 2432 2690 2550 2647 2449 2480 
2781 2856 2455 2508 2767 2812 2595 2555 2710 2441 2647 2768 2477 2694 2703 2474 2705 2400 2394 2482 2593 2529 2764 2428 2546 2516 2609 2562 2471 2759 2532 2547 
2609 2943 2557 2459 2714 2730 2629 2528 2769 2396 2508 2784 2625 2589 2957 2567 2354 2368 2180 2630 2493 2427 3014 2553 2523 2486 2480 2660 2634 2772 2513 2448 
2656 2592 2522 2495 2760 2747 2439 2500 2496 2308 2568 2826 2490 2379 2727 2516 2707 2387 2304 2591 2470 2474 2668 2410 2456 2527 2487 2616 2559 2692 2495 2410 
2276 2507 2307 2153 2445 2562 2408 2348 2502 2409 2315 2495 2310 2162 2475 2232 2481 2157 2089 2353 2052 2178 2331 2076 2398 2193 2391 2152 2435 2447 2252 2185 
2891 2910 2775 2569 2838 2925 2516 2781 3014 2502 2649 3009 2707 2664 3100 2539 2736 2447 2446 2719 2539 2646 2881 2539 2616 2667 2896 2967 2837 2942 2651 2660 
2735 2980 2694 2681 2808 2753 2626 2539 2977 2490 2685 2943 2811 2617 3064 2448 2799 2473 2532 2797 2489 2558 2853 2620 2727 2753 2691 2775 2895 2831 2528 2524 
2616 2490 2663 2356 2432 2834 2440 2648 2800 2477 2544 2871 2702 2472 2951 2686 2601 2341 2318 2525 2362 2417 2838 2417 2470 2699 2499 2795 2761 2513 2472 2364 
2657 2554 2555 2285 2664 2829 2551 2503 2481 2477 2383 2746 2404 2351 2902 2532 2548 2316 2303 2537 2272 2554 2745 2357 2331 2462 2701 2704 2609 2510 2388 2328 
2638 2729 2457 2404 2744 2764 2502 2702 2744 2475 2619 2696 2653 2403 2804 2488 2624 2253 2265 2686 2347 2226 2705 2624 2534 2624 2534 2628 2794 2743 2606 2389 
2428 2642 2366 2401 2543 2634 2342 2493 2551 2149 2421 2690 2458 2657 2836 2393 2347 2285 2157 2385 2425 2333 2958 2451 2457 2312 2471 2697 2548 2683 2352 2501 
2741 2705 2548 2388 2698 2779 2573 2673 2776 2347 2531 2761 2512 2482 2853 2465 2706 2374 2207 2591 2335 2584 2755 2405 2581 2631 2606 2755 2589 2714 2620 2513 
2472 2403 2608 2245 2576 2314 2284 2297 2536 2137 2423 2710 2377 2509 2803 2420 2468 2223 1966 2427 2350 2434 2677 2310 2329 2439 2561 2394 2511 2632 2341 2418 
2714 2731 2545 2543 2791 2682 2561 2487 2721 2224 2575 2813 2589 2537 2966 2392 2613 2391 2384 2670 2485 2508 2963 2729 2540 2531 2558 2715 2857 2863 2423 2434 
2584 2899 2507 2376 2689 2600 2510 2517 2725 2305 2410 2677 2517 2674 2794 2705 2489 2500 2261 2595 2585 2449 2785 2510 2555 2416 2637 2524 2647 2763 2437 2456 
2377 2663 2432 2314 2548 2501 2367 2517 2566 2366 2358 2605 2446 2409 2713 2339 2471 2103 1999 2210 2434 2420 2571 2194 2431 2190 2541 2465 2474 2587 2532 2252 
2459 2720 2613 2477 2678 2606 2461 2369 2597 2386 2533 2905 2608 2538 2653 2286 2432 2303 2406 2506 2413 2262 2712 2330 2348 2507 2470 2532 2492 2578 2541 2465 
2932 2892 2769 2738 2947 2898 2649 2658 2926 2652 2757 2999 2793 2763 2974 2731 2891 2723 2643 2907 2664 2582 3144 2635 2733 2701 2982 2678 2822 2928 2723 2574 
2768 2712 2670 2487 2797 2781 2591 2634 2761 2433 2623 2754 2594 2508 2988 2651 2757 2422 2209 2640 2303 2624 2769 2414 2445 2531 2809 2821 2709 2657 2609 2410 
2548 2626 2511 2651 2580 2419 2429 2570 2704 2209 2500 2757 2409 2498 2771 2513 2389 2351 2231 2562 2361 2177 2774 2135 2408 2486 2437 2580 2719 2503 2442 2301 
2553 2659 2578 2767 2613 2547 2318 2469 2605 2354 2441 2867 2602 2632 2852 2281 2390 2226 2431 2508 2456 2297 2708 2340 2245 2457 2615 2667 2618 2829 2503 2508 
2709 2871 2868 2517 3080 2933 2603 2717 2758 2582 2605 2881 2655 2742 3030 2613 2732 2521 2385 2666 2616 2598 3104 2458 2671 2775 2718 2720 2625 2619 2572 2612 
3110 2956 2781 3078 3037 3035 2834 2815 2772 2647 2919 3174 2868 2820 3069 2758 2946 2409 2568 3072 2677 2801 3049 2642 2713 2928 2906 3128 2863 3022 2749 2773 
2744 2667 2680 2700 2729 2816 2557 2824 2858 2484 2559 2968 2477 2565 2808 2550 2761 2285 2366 2653 2547 2485 2921 2433 2505 2475 2711 2777 2649 2699 2504 2533 
2615 2757 2814 2579 2707 2794 2691 2700 2672 2399 2643 3072 2543 2582 2857 2641 2805 2545 2491 2509 2611 2405 2943 2386 2667 2552 2542 2650 2755 2820 2460 2578 
2557 2815 2867 2614 2650 2640 2593 2636 2803 2579 2510 2839 2645 2562 2992 2391 2688 2363 2372 2612 2374 2461 2801 2371 2766 2703 2614 2656 2745 2832 2409 2753 
2450 2482 2425 2323 2547 2487 2467 2465 2461 2074 2388 2420 2356 2307 2589 2309 2482 2227 2133 2315 2247 2302 2583 2139 2182 2401 2417 2408 2532 2481 2269 2288 
2527 2566 2460 2520 2548 2440 2358 2436 2641 2213 2332 2747 2211 2322 2675 2337 2504 2026 2296 2508 2495 2520 2588 2370 2448 2279 2528 2475 2563 2711 2325 2422 
2818 2670 2489 2439 2783 2686 2513 2567 2477 2381 2546 2691 2611 2669 2801 2498 2604 2414 2407 2496 2504 2305 2695 2104 2578 2409 2659 2820 2757 2507 2470 2561 
2374 2461 2341 2310 2502 2390 2061 2510 2556 2185 2269 2346 2335 2157 2437 2253 2344 2065 2160 2428 1977 2495 2517 2304 2330 2256 2284 2485 2269 2578 2226 2093 
