904 738 750 618 882 792 725 820 920 714 864 741 705 785 810 808 877 831 702 767 697 681 855 666 691 777 838 735 914 915 721 784 
736 681 642 462 692 691 590 720 659 474 661 550 649 682 643 700 809 699 705 673 498 552 787 595 642 600 730 749 782 861 605 578 
797 697 643 516 656 741 643 643 741 685 725 608 511 759 767 775 768 702 586 614 626 614 804 531 725 697 621 692 689 738 683 657 
658 674 510 541 640 654 561 572 632 560 712 557 432 664 650 618 753 638 552 565 583 612 723 469 603 573 617 625 618 716 551 672 
668 652 585 440 661 592 574 622 745 550 645 483 479 567 672 608 609 621 513 587 512 554 802 556 654 570 523 614 608 660 540 585 
852 562 627 469 682 749 570 681 654 573 728 569 548 609 696 614 733 636 630 726 597 598 824 603 627 671 616 723 627 740 559 648 
702 643 591 484 620 709 584 545 784 590 711 499 586 515 654 587 728 573 541 685 429 520 652 507 704 486 624 606 633 674 558 621 
900 869 729 590 873 894 714 762 887 631 835 740 700 791 799 730 812 788 686 751 592 716 932 645 722 771 753 911 822 865 719 727 
780 779 679 586 719 702 663 738 867 594 684 658 662 719 825 659 769 708 677 661 575 632 827 587 704 678 720 794 819 887 595 727 
668 495 574 435 524 673 494 574 573 506 622 498 481 516 600 609 642 536 532 551 487 491 665 458 516 534 628 559 593 593 462 504 
733 578 582 433 644 675 616 533 646 579 563 500 490 579 706 581 674 567 584 580 438 597 703 453 540 532 703 708 597 655 525 595 
737 747 658 570 786 627 618 745 846 631 691 628 576 659 739 699 689 671 536 626 570 558 839 674 750 690 608 752 750 815 631 672 
733 748 568 528 764 630 541 730 710 586 698 622 556 751 728 685 647 734 585 685 670 618 849 612 689 650 668 724 726 821 633 747 
726 580 524 436 621 592 527 546 704 532 610 531 588 602 661 572 616 573 432 615 448 537 617 435 638 515 659 638 571 690 603 537 
819 666 662 520 695 683 577 765 752 587 691 608 621 753 787 696 723 729 610 687 641 696 775 548 618 693 742 736 706 779 639 697 
890 818 776 685 918 764 784 794 912 725 771 682 737 783 869 782 885 782 747 777 658 675 1013 771 790 775 797 885 922 1043 664 778 
726 751 568 479 753 603 576 646 806 509 714 570 546 734 636 729 719 710 601 641 591 572 779 575 639 653 695 725 775 814 656 561 
586 644 536 498 607 516 526 624 683 489 634 514 546 555 623 523 644 522 402 519 513 561 616 465 572 508 646 593 603 662 508 532 
788 703 753 640 838 714 654 679 784 656 650 697 616 699 707 606 723 699 695 587 648 614 883 599 591 798 636 749 773 756 606 751 
787 609 562 527 725 662 579 643 771 629 680 477 582 658 615 722 789 734 717 712 525 519 845 560 620 628 724 569 759 818 616 604 
765 649 604 479 720 764 604 713 781 627 716 548 526 743 751 692 782 669 577 620 564 680 790 527 611 626 735 748 728 779 647 658 
739 653 530 597 714 566 549 686 614 559 637 579 553 620 554 682 709 641 573 602 579 445 740 554 659 609 644 656 821 719 596 599 
549 524 362 430 531 482 441 436 485 391 481 399 486 441 509 430 499 446 515 517 405 345 602 498 364 460 516 490 541 627 345 490 
834 815 731 594 834 845 709 824 910 740 785 689 623 757 910 792 847 720 660 687 678 764 931 644 727 758 813 787 777 840 659 740 
930 676 697 674 779 830 700 762 747 739 804 650 638 774 813 717 947 740 746 774 653 717 900 703 649 807 785 822 774 902 644 808 
674 524 551 474 572 615 538 601 617 567 549 562 532 485 640 542 674 512 536 505 447 458 647 472 525 538 665 565 634 638 501 567 
810 624 697 597 762 642 647 675 694 577 733 663 519 698 682 704 748 737 624 601 604 539 817 569 712 714 671 701 813 810 642 706 
771 817 759 672 718 747 708 731 822 761 680 735 632 758 846 706 869 685 593 637 659 706 841 637 848 765 715 875 806 901 705 837 
764 671 567 504 643 638 576 717 660 532 689 615 557 707 656 642 792 708 678 593 609 578 780 552 608 686 698 672 719 822 645 673 
555 534 581 443 551 519 464 523 550 517 532 478 444 517 538 529 568 487 463 468 496 474 659 463 516 515 520 536 549 591 444 578 
936 674 658 582 761 755 685 763 711 649 748 604 587 824 701 741 853 794 714 732 579 673 795 520 738 702 769 827 828 792 710 706 
679 621 425 495 658 701 550 659 652 453 679 426 578 615 588 547 765 584 570 684 476 548 691 555 586 566 611 712 659 772 510 518 
