1544 1368 1398 1236 1552 1359 1454 1464 1538 1318 1439 1483 1345 1368 1561 1471 1633 1321 1098 1413 1348 1403 1433 1241 1294 1364 1528 1372 1405 1736 1352 1460 
1515 1328 1315 1105 1367 1274 1321 1410 1311 1149 1301 1319 1330 1262 1484 1407 1533 1309 1210 1388 1164 1264 1514 1159 1237 1246 1445 1437 1347 1706 1200 1357 
1381 1294 1272 1105 1220 1205 1137 1218 1256 1343 1146 1357 1024 1302 1367 1435 1386 1137 1057 1188 1154 1191 1409 1015 1256 1256 1179 1247 1051 1440 1187 1268 
1510 1346 1174 1225 1410 1251 1354 1194 1261 1300 1443 1410 1158 1333 1313 1332 1581 1263 1167 1274 1316 1333 1359 1054 1343 1288 1331 1259 1103 1570 1205 1418 
1474 1411 1295 1067 1342 1164 1287 1283 1451 1310 1278 1353 1179 1251 1500 1381 1319 1283 1046 1313 1239 1303 1530 1226 1346 1221 1259 1242 1102 1542 1173 1395 
1562 1166 1223 1091 1358 1301 1241 1281 1221 1274 1395 1362 1194 1189 1283 1270 1473 1184 1153 1389 1288 1243 1374 1160 1250 1349 1212 1290 1009 1524 1127 1278 
1293 1215 1113 1053 1218 1123 1205 1141 1303 1271 1259 1176 1166 972 1215 1220 1306 1032 939 1295 1008 1131 1099 945 1262 1030 1147 1112 1039 1376 1062 1123 
1693 1601 1457 1281 1527 1485 1423 1491 1647 1309 1429 1563 1446 1433 1659 1514 1642 1386 1250 1556 1333 1475 1606 1295 1395 1509 1559 1652 1365 1723 1298 1532 
1444 1333 1251 1195 1336 1196 1294 1329 1400 1320 1370 1337 1308 1271 1433 1217 1481 1224 1085 1323 1208 1282 1359 1182 1239 1299 1271 1292 1257 1615 1121 1282 
1267 968 1088 913 1003 1117 1038 1075 1133 1073 1057 1168 1071 987 1184 1228 1250 995 1002 1059 1001 1014 1173 910 951 1092 1088 1177 960 1187 941 1118 
1397 1126 1155 971 1201 1163 1235 1103 1157 1152 1110 1178 974 1037 1395 1256 1293 1177 1014 1203 986 1210 1259 960 1048 1092 1273 1251 1051 1342 1032 1170 
1389 1300 1201 1174 1353 1124 1266 1254 1330 1233 1301 1221 1185 1140 1335 1281 1425 1168 975 1339 1143 1074 1325 1204 1266 1253 1176 1242 1196 1507 1105 1202 
1317 1326 1146 1143 1360 1127 1196 1327 1307 1132 1267 1333 1102 1368 1434 1331 1274 1215 999 1239 1336 1290 1402 1170 1294 1190 1270 1352 1151 1509 1134 1396 
1461 1202 1185 1076 1313 1141 1275 1235 1297 1201 1266 1262 1161 1190 1398 1267 1379 1139 899 1218 1100 1313 1229 1001 1275 1232 1245 1319 1065 1565 1260 1231 
1430 1288 1327 1101 1353 1160 1180 1302 1375 1163 1322 1294 1211 1415 1459 1286 1461 1194 1015 1244 1327 1357 1407 1181 1229 1350 1360 1324 1138 1554 1192 1401 
1526 1381 1282 1146 1416 1255 1399 1182 1460 1197 1272 1252 1255 1296 1449 1291 1462 1268 1212 1318 1198 1301 1460 1278 1260 1250 1306 1318 1272 1623 1145 1303 
1551 1482 1346 1169 1497 1122 1358 1357 1556 1296 1381 1421 1285 1464 1523 1552 1454 1436 1170 1413 1387 1362 1447 1271 1430 1325 1494 1386 1272 1697 1258 1418 
1249 1256 1184 1050 1202 999 1242 1172 1313 1143 1197 1235 1213 1124 1310 1162 1387 993 840 1047 1229 1201 1149 1039 1182 1170 1285 1207 1058 1450 1165 1213 
1397 1311 1352 1120 1404 1137 1180 1129 1397 1270 1125 1353 1239 1246 1256 1160 1297 1212 1238 1190 1197 1162 1303 1128 1130 1342 1192 1222 1022 1373 1062 1391 
1634 1449 1282 1265 1438 1308 1306 1358 1498 1429 1367 1310 1347 1414 1357 1456 1549 1386 1299 1541 1315 1284 1511 1184 1385 1376 1502 1239 1265 1656 1229 1407 
1487 1267 1217 1124 1341 1299 1233 1392 1356 1295 1347 1312 1060 1349 1468 1447 1524 1281 1026 1251 1138 1369 1409 1076 1182 1244 1316 1465 1207 1518 1205 1332 
1451 1294 1169 1296 1328 1055 1227 1293 1253 1172 1195 1246 1096 1108 1272 1352 1317 1125 1104 1263 1181 1031 1383 1005 1223 1204 1218 1285 1308 1410 1083 1258 
1305 1244 1172 1201 1269 1048 1187 1117 1142 1135 1160 1280 1231 1196 1257 1083 1260 1041 1058 1211 1226 1051 1194 1081 1109 1198 1206 1186 1036 1560 1005 1261 
1527 1426 1379 1163 1489 1328 1385 1380 1397 1422 1348 1419 1277 1394 1491 1440 1486 1256 1145 1253 1347 1321 1503 1125 1405 1416 1365 1392 1186 1583 1205 1459 
1853 1484 1440 1503 1605 1559 1562 1597 1493 1605 1582 1578 1420 1531 1595 1551 1840 1382 1365 1621 1415 1571 1628 1336 1377 1588 1536 1631 1304 1817 1395 1638 
1511 1289 1351 1259 1407 1239 1284 1315 1360 1402 1229 1551 1284 1241 1401 1361 1515 1183 1147 1297 1271 1216 1368 1094 1295 1266 1456 1295 1182 1503 1169 1382 
1555 1340 1417 1280 1448 1208 1366 1321 1316 1295 1345 1532 1210 1375 1399 1430 1445 1341 1185 1269 1327 1242 1419 1113 1409 1387 1276 1423 1270 1660 1255 1428 
1453 1471 1450 1240 1322 1196 1354 1258 1365 1413 1207 1342 1311 1305 1515 1287 1469 1252 1095 1288 1246 1252 1376 1116 1484 1383 1347 1429 1265 1615 1151 1566 
1357 1196 1090 1006 1184 1048 1218 1184 1147 1052 1234 1094 1094 1147 1196 1075 1342 1119 1058 1079 1097 1119 1217 947 1087 1188 1155 1138 1096 1426 1117 1238 
1354 1276 1284 1203 1239 1056 1213 1205 1276 1143 1155 1263 1083 1176 1337 1259 1312 996 1044 1248 1193 1253 1310 1065 1183 1109 1307 1150 1060 1403 1022 1272 
1651 1342 1279 1162 1422 1206 1359 1355 1334 1318 1343 1321 1292 1463 1296 1378 1471 1341 1224 1325 1251 1272 1343 1013 1450 1304 1373 1481 1209 1477 1226 1470 
1366 1260 1122 1121 1312 1082 1192 1358 1335 1128 1244 1167 1221 1087 1254 1189 1398 1084 1071 1296 1033 1300 1225 1028 1237 1115 1119 1358 1044 1529 1035 1192 
