3531 3812 3729 3397 3860 3886 3477 3508 3776 3473 3593 3786 3487 3556 4055 3434 3721 3277 3200 3686 3400 3609 3969 3453 3545 3672 3754 3495 3924 3827 3693 3376 
3247 3360 3414 3130 3509 3742 3294 3316 3448 2939 3143 3526 3482 3249 3643 3360 3334 3172 2958 3421 3034 3188 3797 3238 3111 3149 3457 3346 3717 3804 3290 3108 
3242 3487 3567 3205 3137 3520 3099 3270 3438 3277 3069 3600 3051 3234 3654 3283 3366 2899 2861 3215 2981 3434 3710 3087 3317 3295 3123 3274 3450 3374 3330 3070 
3319 3548 3273 3127 3416 3665 3171 3102 3326 3104 3247 3387 3084 3371 3435 3068 3270 3052 2898 3111 3157 3223 3520 3130 3165 3226 3314 3119 3297 3463 3269 3068 
3135 3646 3288 3030 3245 3539 3249 3120 3444 3063 3127 3383 3313 3240 3673 3204 2906 2983 2762 3301 3069 3123 3664 3210 3176 3257 3148 3154 3324 3416 3170 3034 
3087 3276 3219 3011 3254 3539 3029 3041 3239 2975 3236 3516 3139 3049 3380 3135 3309 2940 2903 3277 3057 3242 3353 3049 2997 3151 3044 3115 3317 3190 3178 2954 
2940 3306 3113 2866 3141 3431 3181 3018 3157 3185 3025 3199 3061 2932 3358 2883 3124 2830 2764 3096 2712 3022 3119 2896 3078 2980 3050 2800 3341 3186 3153 2893 
3430 3640 3537 3130 3491 3673 3094 3370 3670 3255 3283 3587 3381 3345 3844 3173 3296 3040 3011 3316 3111 3399 3575 3240 3222 3381 3492 3477 3666 3575 3386 3217 
3350 3765 3455 3278 3433 3566 3271 3138 3545 3082 3341 3548 3432 3324 3767 3067 3365 3150 3011 3518 3025 3314 3641 3276 3415 3500 3400 3291 3720 3556 3220 3114 
3087 3220 3488 3023 3078 3655 3025 3207 3474 3137 3168 3540 3280 3183 3690 3276 3190 2917 2937 3173 3017 3148 3610 3112 3032 3393 3126 3319 3621 3179 3310 2859 
3244 3311 3360 2920 3289 3659 3192 3132 3133 3165 3068 3468 3187 3073 3735 3235 3097 2930 2917 3274 2981 3308 3427 3119 2999 3228 3385 3227 3481 3203 3236 3024 
3219 3455 3264 3013 3430 3619 3167 3336 3407 3125 3212 3401 3357 3099 3553 3276 3272 2899 2792 3414 2984 2919 3479 3348 3194 3388 3256 3235 3587 3469 3423 3123 
3058 3426 3263 3006 3249 3496 3051 3194 3211 2877 3149 3362 3183 3449 3691 3018 2992 2872 2805 3112 3078 3072 3701 3259 3074 3129 3152 3277 3378 3451 3221 3131 
3280 3391 3250 3023 3295 3563 3159 3264 3433 2959 3122 3475 3133 3146 3592 3013 3314 2995 2820 3248 2927 3297 3485 3027 3141 3243 3270 3343 3308 3293 3361 3067 
3003 3085 3223 2843 3156 3062 2843 2827 3236 2680 2899 3267 2936 3166 3543 3062 2984 2778 2426 3034 2902 3061 3383 2960 2880 3136 3105 2894 3270 3249 3007 3003 
3300 3465 3342 3185 3465 3472 3210 3074 3338 2893 3175 3434 3270 3223 3680 2975 3170 3031 2926 3324 3072 3188 3714 3481 3180 3284 3221 3278 3626 3589 3212 3047 
3232 3654 3234 3062 3381 3449 3206 3143 3396 2955 3082 3357 3111 3429 3591 3407 3207 3227 2913 3350 3240 3211 3592 3182 3199 3153 3284 3160 3518 3404 3251 3096 
2941 3399 3204 2897 3115 3362 3027 3054 3250 3109 2978 3291 3196 3095 3482 2998 3078 2730 2586 2874 3037 3201 3259 2923 3055 2902 3217 2992 3332 3273 3302 2890 
3101 3515 3500 3206 3264 3508 3239 3015 3336 3214 3324 3666 3351 3276 3419 2975 3234 3003 3029 3356 3071 3123 3515 3124 3149 3386 3088 3179 3417 3266 3425 3032 
3418 3593 3562 3291 3616 3665 3199 3240 3523 3227 3335 3634 3367 3399 3601 3338 3479 3328 3186 3578 3184 3234 3893 3261 3350 3414 3650 3163 3571 3561 3361 3111 
3333 3449 3372 3115 3462 3551 3125 3194 3375 3072 3281 3458 3189 3212 3780 3285 3376 3050 2810 3298 2825 3444 3555 3122 3060 3237 3448 3288 3537 3236 3426 2950 
3045 3319 3370 3258 3125 3224 3103 3129 3360 2924 3200 3422 3082 3166 3535 3220 3058 2970 2773 3326 2936 2923 3517 2774 3085 3302 3086 3128 3498 3199 3216 2871 
3035 3338 3315 3363 3187 3303 2969 2948 3216 2987 3011 3529 3274 3255 3561 2947 2968 2779 2944 3150 3033 2950 3398 2980 2804 3123 3160 3172 3436 3477 3279 3061 
3126 3423 3484 3157 3549 3569 3178 3254 3314 3141 3090 3455 3191 3302 3709 3146 3300 3027 2942 3253 3156 3220 3721 3028 3183 3375 3239 3253 3345 3141 3284 3060 
3725 3838 3680 3866 3719 4036 3563 3539 3636 3427 3659 3923 3604 3647 3966 3513 3686 3128 3217 3794 3397 3666 3854 3493 3464 3777 3616 3754 3822 3818 3622 3366 
3129 3221 3325 3245 3149 3498 3026 3340 3439 3044 3053 3543 3029 3012 3401 3082 3385 2777 2847 3234 2975 3127 3472 3032 3126 3110 3321 3204 3261 3148 3027 2943 
3180 3555 3685 3193 3382 3675 3304 3368 3373 3072 3282 3799 3231 3313 3701 3362 3390 3143 3088 3217 3309 3069 3688 3167 3265 3390 3305 3218 3505 3573 3246 3194 
3065 3572 3666 3212 3204 3369 3263 3136 3455 3224 3116 3501 3306 3235 3720 3084 3247 2937 2831 3221 2934 3167 3493 3058 3371 3410 3212 3189 3499 3520 3163 3294 
2884 3084 3090 2852 3133 3221 3012 2953 3028 2683 2950 2960 2892 2939 3222 2870 3010 2814 2615 2897 2806 2921 3305 2727 2631 2970 3036 2874 3342 3106 2952 2752 
2984 3118 3152 3088 3112 3186 2829 2935 3265 2794 2818 3275 2728 2934 3309 2962 3004 2550 2836 3020 3025 3178 3262 2992 3037 2967 3066 2931 3337 3228 2941 2856 
3314 3370 3225 3032 3319 3478 2992 3132 3067 2977 3157 3378 3212 3329 3448 3057 3120 2900 2951 3112 2960 2969 3346 2759 3157 3149 3225 3247 3419 3075 3176 3066 
2805 3073 3025 2903 2970 3068 2616 3027 3138 2830 2891 2909 2985 2739 3048 2820 2859 2564 2642 3013 2521 3169 3126 2902 2932 2892 2757 2943 3036 3140 2963 2529 
