5748 5777 5883 5619 6113 6176 5576 5867 5697 5733 5702 5975 5633 5912 5793 5538 5821 5340 5521 5989 5383 5531 5922 5562 6032 5842 5751 6037 5837 5798 5706 5656 
5324 5479 5604 5185 5606 6135 5241 5397 5454 5031 5112 5601 5373 5596 5556 5484 5399 4904 4969 5634 4848 5120 5749 5399 5483 5116 5282 5488 5562 5719 5286 5310 
5356 5235 5731 5179 5123 5510 5040 5346 5164 5295 4864 5594 4841 5459 5436 5256 5216 4751 4855 5336 4929 5165 5420 4990 5417 5193 4804 5389 5222 5114 5198 5110 
5388 5413 5604 5244 5558 5938 5160 5137 5270 5221 5311 5364 4907 5608 5374 5060 5279 5051 5006 5161 5055 5027 5457 5192 5283 5221 5273 5530 5178 5276 5115 5078 
5281 5582 5456 5166 5304 5776 5309 5205 5323 5213 5153 5549 5215 5671 5393 5226 4918 4869 4798 5539 4966 5050 5626 5201 5500 5310 4995 5528 5218 5251 5164 5273 
5072 5154 5342 5011 5139 5644 4988 5037 5018 4987 5096 5333 4898 5282 5087 5015 5176 4692 4897 5354 4936 4930 5230 5002 5140 5035 4910 5381 5001 4789 5113 4940 
5021 5311 5459 5098 5341 5857 5360 5073 5170 5327 5171 5200 5040 5288 5301 4934 5109 4832 4847 5438 4635 4780 5137 5150 5621 5076 5001 5132 5273 4949 5350 5207 
5681 5718 5877 5405 5518 6073 5132 5603 5646 5529 5468 5709 5429 5801 5782 5416 5488 5201 5185 5593 5201 5276 5625 5258 5577 5342 5483 5896 5471 5437 5523 5503 
5289 5799 5644 5414 5548 5753 5335 5213 5366 5117 5289 5635 5453 5653 5551 4921 5140 4861 4981 5776 5002 5061 5523 5364 5737 5537 5205 5568 5585 5324 5073 5358 
5446 5206 5769 5193 5271 6104 5291 5548 5572 5337 5457 5720 5340 5710 5589 5469 5412 5102 5115 5521 5092 5175 5689 5180 5470 5577 5291 5927 5650 5029 5307 5084 
5595 5357 5616 5253 5547 5937 5372 5454 5179 5299 5429 5528 5203 5398 5674 5299 5335 4954 5076 5525 4921 5288 5401 5244 5282 5311 5281 5699 5437 5056 5315 5250 
5134 5208 5216 5037 5244 5702 5118 5384 5312 4906 5095 5006 5148 5176 5249 5083 5157 4700 4773 5308 4713 4684 5239 5093 5147 5228 5070 5375 5238 5049 5309 5010 
5221 5370 5467 5267 5409 5720 5063 5374 5255 4918 5295 5288 5148 5734 5588 5006 4949 4810 5008 5197 5063 4978 5646 5385 5441 5161 5167 5683 5200 5261 5332 5266 
5453 5251 5469 5103 5470 5754 5311 5506 5375 5216 5134 5557 5001 5408 5152 5150 5345 5042 5051 5348 4900 5207 5517 5090 5346 5378 5159 5690 5253 5229 5398 5275 
4801 4809 5204 4869 4973 5001 4636 4767 4910 4588 4736 5108 4773 5247 5167 4868 4612 4580 4154 4968 4690 4727 5092 4754 5035 4816 4619 4839 4901 4951 4789 5005 
5309 5196 5505 5322 5420 5664 5131 5174 5316 4961 5129 5339 5044 5470 5459 4895 5032 4879 4829 5473 4897 5123 5489 5431 5490 5248 5101 5589 5381 5262 5083 5197 
5199 5313 5438 4997 5336 5446 5135 5286 5308 5033 5012 5242 4824 5605 5357 5276 5164 5235 4771 5331 5229 4958 5342 5239 5336 4943 5031 5299 5262 5079 5211 5232 
4863 5320 5286 4918 5072 5393 5059 5141 5045 5091 4998 5384 4955 5310 5278 4824 4996 4614 4551 4796 4799 4938 5028 4824 5094 4869 4968 5328 5134 5008 5178 4793 
4891 5209 5688 5106 5176 5459 5231 4985 5169 5175 5198 5435 5220 5361 5083 4903 5009 4804 4936 5244 4874 4797 5193 4890 5206 5212 4811 5283 5152 4945 5291 5033 
5540 5604 6029 5533 5762 5977 5260 5206 5400 5437 5434 5783 5439 5843 5519 5291 5407 5458 5349 5863 5071 5076 5758 5345 5634 5414 5545 5500 5480 5424 5229 5147 
5310 5034 5420 5111 5377 5567 4934 5072 5114 4989 5196 5304 4879 5121 5264 5162 5149 4783 4812 5336 4689 5002 5388 5082 5140 5145 5203 5374 5239 4887 5255 4894 
5163 5169 5420 5278 5107 5399 5025 5273 5222 4872 5230 5393 4963 5316 5125 5161 5133 4735 4619 5338 4783 4715 5470 4685 5226 5274 4919 5416 5155 4859 5119 5073 
5394 5304 5440 5619 5112 5611 5116 5283 5197 4994 5002 5540 5306 5403 5209 4940 5111 4711 5143 5253 5167 4986 5375 4893 4948 5342 5064 5592 5204 5390 5216 5147 
5048 5278 5552 5244 5564 5553 5057 5251 5032 5044 4947 5311 5032 5557 5420 4833 5298 5047 4903 5214 5065 4984 5613 4896 5366 5258 5234 5341 4956 4879 5133 5128 
6110 5874 5981 6060 5844 6348 5598 5811 5762 5598 5891 6104 5451 6211 5831 5685 5858 5209 5327 5999 5360 5580 5796 5599 5812 5754 5633 6122 5614 5670 5788 5668 
5193 5088 5402 5155 5095 5513 5035 5468 5058 5070 4842 5522 4810 5273 5224 5030 5370 4511 4899 5176 4876 4858 5199 5010 5189 5039 5079 5237 4988 4729 4853 4987 
5190 5462 5876 5160 5392 5739 5254 5486 5086 5009 5105 5575 5160 5499 5495 5400 5339 5191 4889 5216 5151 4935 5438 4959 5430 5106 5060 5359 5121 5344 5140 5265 
5286 5504 5937 5439 5240 5656 5521 5328 5495 5312 5211 5563 4979 5684 5671 5207 5234 4957 4752 5370 4893 5028 5429 5201 5561 5217 5148 5514 5421 5200 5248 5369 
5202 5244 5563 5087 5466 5740 5209 5138 5193 5116 5195 5142 4995 5552 5253 5095 5256 5043 4934 5425 4775 4940 5422 5062 5121 5089 5205 5345 5437 5189 5081 5131 
5350 5323 5689 5343 5439 5503 4972 5349 5285 5012 4945 5489 4904 5552 5194 5212 5280 4871 5050 5307 5293 5285 5433 5150 5446 4920 5031 5302 5413 5371 5207 5265 
5321 5212 5311 5116 5248 5556 4881 5086 4773 4873 4958 5157 4993 5491 5069 4914 5094 4858 4747 5117 4848 4655 5130 4634 5201 4893 5023 5431 5181 4881 5039 5171 
5067 4994 5155 5024 5111 5403 4739 5099 5181 4929 4989 4976 4947 5210 4957 4869 4925 4507 4772 5262 4530 5039 5211 4998 5262 4977 4718 5248 4994 5029 4945 4690 
