541 580 570 600 556 619 635 604 674 558 669 714 811 782 701 695 653 671 715 860 520 542 771 516 579 684 512 619 589 570 553 684 
675 643 703 609 592 556 691 664 646 632 618 694 882 882 640 685 603 653 695 825 596 587 841 536 623 793 613 707 600 524 619 732 
577 635 580 663 458 422 615 452 622 603 437 519 714 690 554 598 579 520 575 750 555 533 707 476 585 607 581 553 529 526 432 622 
632 703 592 682 575 678 707 615 626 720 623 693 872 794 793 812 744 742 783 930 671 602 808 634 729 774 665 696 658 604 516 708 
784 772 791 728 623 602 721 621 696 600 537 693 894 907 666 771 699 764 725 876 602 468 800 473 667 811 695 726 657 646 558 789 
570 652 557 656 469 578 606 517 550 649 538 612 758 684 728 695 700 726 663 838 572 588 667 513 703 642 550 619 579 582 437 597 
478 500 537 625 465 500 530 495 564 494 533 568 639 658 602 611 582 630 527 785 489 482 638 450 504 576 498 596 511 467 428 558 
733 724 713 699 620 665 672 615 615 606 682 763 865 881 796 816 661 740 806 928 606 618 829 593 663 768 651 822 674 648 608 722 
591 561 656 583 493 475 633 617 503 525 507 634 786 658 571 595 573 648 518 760 601 555 708 454 599 680 630 583 560 468 515 659 
517 655 549 616 424 480 525 424 514 552 480 553 665 653 585 570 523 539 605 768 483 535 601 488 551 607 528 522 463 485 436 520 
565 576 524 577 461 485 496 575 574 586 533 526 749 724 554 594 612 605 545 758 601 504 620 406 508 538 501 555 455 472 434 624 
599 552 651 519 438 558 536 498 469 530 534 536 768 708 570 613 586 628 505 724 572 533 669 482 534 583 508 592 503 439 402 600 
528 569 634 556 542 572 623 593 645 555 611 592 660 769 667 655 592 631 690 813 488 534 645 428 567 639 529 666 539 562 511 633 
530 591 564 560 571 643 660 668 653 656 752 732 754 738 618 760 625 658 703 915 609 599 747 617 605 658 636 653 542 601 569 695 
619 672 654 593 523 522 658 612 616 557 650 694 683 678 701 706 672 686 681 770 596 520 717 487 689 698 593 596 588 674 490 666 
443 587 548 510 535 592 491 452 467 403 506 569 616 645 524 578 557 612 539 706 424 381 556 411 492 514 572 509 484 516 434 616 
749 684 850 737 663 681 760 681 709 642 704 692 894 945 728 862 766 762 809 968 593 573 843 513 691 823 737 864 699 607 584 774 
580 730 572 674 505 577 577 569 633 578 610 704 807 709 742 705 649 718 751 833 598 535 773 509 604 663 571 588 605 662 521 673 
531 612 543 659 409 580 521 374 463 434 460 561 650 628 651 620 631 603 588 735 425 378 524 398 628 592 543 542 507 498 363 544 
711 670 711 717 698 749 710 684 598 600 627 785 882 889 790 760 686 806 739 879 611 540 801 599 794 799 716 749 731 647 605 805 
604 698 702 605 575 600 669 617 613 661 638 627 731 799 539 695 598 645 635 867 594 592 716 561 603 650 656 644 544 569 517 668 
618 598 676 632 497 518 534 564 583 591 619 552 744 789 608 607 554 622 545 773 598 597 744 511 592 643 598 655 486 495 532 691 
652 640 686 704 567 663 726 671 667 683 619 670 854 818 884 814 758 695 749 895 637 568 771 552 718 742 646 679 651 647 499 778 
531 619 561 608 485 583 643 568 614 658 510 594 811 761 667 672 666 642 680 761 562 527 715 503 640 678 490 466 565 626 456 613 
686 761 705 756 672 790 784 725 737 744 721 817 978 942 790 768 723 821 787 1060 680 694 937 712 846 856 739 697 710 668 676 839 
760 790 762 816 664 671 771 701 756 750 715 724 947 881 873 808 814 838 812 1007 725 702 843 629 834 817 776 746 765 654 572 823 
642 731 746 678 606 657 717 625 713 674 604 606 794 850 779 781 719 696 744 900 619 548 751 552 656 745 643 620 647 695 459 763 
575 531 651 580 544 548 629 565 522 528 556 583 804 795 650 711 603 529 669 654 550 460 776 488 554 755 521 548 601 549 453 662 
417 463 472 449 440 481 497 493 469 428 528 549 664 599 501 534 490 499 507 618 428 420 654 419 501 613 447 407 440 457 448 588 
693 628 663 671 576 643 644 635 640 526 621 621 791 873 759 753 608 687 690 908 647 497 853 504 614 738 641 763 590 568 596 757 
609 643 637 603 555 604 632 608 617 566 569 596 760 753 739 664 645 685 719 784 539 495 752 483 724 804 545 554 627 616 469 634 
606 663 648 632 551 504 657 569 684 534 631 534 766 676 586 694 573 604 620 883 496 535 793 480 583 803 651 606 610 576 542 756 
