5379 5085 5690 5726 5674 6335 5653 5592 5479 5286 5611 5836 5774 5318 6428 5627 5749 5780 6068 6500 5826 5533 5994 5237 5694 5658 5440 5785 5462 5570 5847 5895 
5036 5103 5381 5312 4978 5648 5373 5318 5089 5473 5532 5121 5097 5056 5599 5102 5228 5345 5477 5867 5384 4908 5513 4739 5293 5428 5299 5461 4867 5124 5261 5436 
5246 4925 5406 5338 5136 5723 5146 4883 5014 5044 5050 5015 5234 4805 5676 5049 5051 5154 5360 5752 5181 4901 5415 4755 5053 5062 5210 5095 4876 4934 5324 5238 
5023 4753 4975 4828 5000 5813 5138 5003 4665 5395 5348 4978 5097 5138 5628 5187 5075 5079 5485 5686 5108 4827 5255 4829 5205 5181 5000 5194 4697 5119 5212 5213 
5167 4800 5392 5265 4985 5582 5301 5069 4892 5222 4923 4952 5015 5066 5754 5085 5055 5248 5539 5998 5267 4750 5497 4654 5232 5251 5209 5414 4899 5002 5160 5334 
4817 4664 5308 5045 4998 5607 5111 4968 4679 4919 4964 4909 5169 4602 5518 5009 4992 5113 5229 5734 5191 4888 5425 4905 5116 5026 5092 5253 4808 4931 4940 5208 
4866 4764 5301 5058 5069 5749 4907 5097 4760 5024 4993 5145 5003 4948 5638 4921 5213 5162 4959 5975 5303 4505 5544 4794 5183 5226 5062 5297 4563 4798 5253 4930 
5365 5223 5460 5519 5210 6126 5521 5247 4949 5534 5393 5483 5475 5082 6009 5248 5337 5368 5841 5858 5550 5425 5784 4946 5619 5243 5379 5540 5102 5147 5486 5247 
5322 4893 5503 5193 4999 5600 5253 5130 4978 5332 4975 5316 5248 4906 5742 4996 5139 5383 5395 6112 5385 4824 5391 5209 5473 5670 5421 5263 4932 5087 5421 5364 
5189 4911 5324 5368 5206 5865 5441 5330 5009 5278 5360 5375 5274 5128 6189 5179 5197 5317 5580 5955 5513 5293 5574 5259 5262 5630 5341 5188 5026 5243 5499 5283 
5452 4978 5233 5139 5115 5966 5265 5300 4972 5414 5317 5244 5132 5226 5852 5270 5077 5117 5483 5995 5743 5012 5611 4668 5355 5531 5075 5170 5026 5277 5132 5158 
5015 4851 5119 5087 4778 5669 5064 4975 4910 4920 5183 4983 5002 5133 5414 5037 4932 5044 5379 5676 5399 4709 5361 4691 5026 5048 4895 5070 4538 4887 4764 5031 
5046 4751 5177 5137 5047 5712 5188 5125 4849 5290 5368 5056 5053 5136 5647 4920 4979 4859 5348 5583 5142 5006 5331 4890 5281 5218 5205 5303 4730 5097 5192 5102 
5003 4891 5197 4954 5273 5660 5180 5255 5162 5206 5364 5265 5103 5055 5449 5338 4938 5136 5297 5866 5427 4845 5316 5120 5221 5316 5108 5037 4799 4886 5305 4952 
4733 4476 5080 4651 4616 5246 5006 4698 4567 4722 4738 4463 4576 4170 5404 4636 4712 4883 5184 5166 4676 4489 5250 4436 5078 4696 4893 4532 4351 4556 4738 4593 
4937 5003 5348 5082 5314 5791 5302 5247 4958 5128 5069 5179 5136 5042 5928 5007 5322 5183 5344 5934 5206 4998 5333 4913 5345 5002 5186 5281 4947 5104 5434 5309 
5120 4795 5306 5266 5048 5635 5280 5063 4951 4939 5025 4858 5072 4992 5472 5447 5064 4891 5251 5929 5132 4674 5360 4548 5092 5215 5118 5214 4912 4918 5147 5150 
4984 4735 4948 4885 4879 5230 4899 5054 4752 5295 4819 4958 4874 4708 5679 5027 4954 5127 5355 5306 5117 4692 5092 4342 4924 4943 4941 4895 4657 4887 4886 4777 
5170 4771 5120 5178 4963 5749 4936 5028 4608 4926 4833 4911 4827 4786 5577 5113 5342 5077 5124 5852 5223 4571 5256 4689 5440 4956 4925 5174 4797 4878 5090 5088 
5493 5065 5618 5343 5512 5948 5376 5353 5072 5302 5167 5491 5523 5285 5930 5343 5362 5604 5511 6081 5484 4831 5720 5180 5770 5367 5578 5528 5115 5268 5506 5461 
4975 4829 5358 4932 4972 5735 4966 4909 4956 5055 5182 4892 5103 4854 5521 5153 4908 5018 5065 5737 5414 4632 5372 4962 5214 5144 5275 4976 4637 4761 5057 4875 
4968 4707 5206 4990 4786 5422 4819 4951 4945 5023 5267 4586 4934 4829 5691 4878 5272 4982 5183 5687 5185 4810 5563 4796 4966 4977 4942 4873 4647 4842 5254 5244 
4902 4774 5132 5025 4984 5738 5417 5195 4995 5174 5121 5162 5173 5020 5900 5207 4920 5045 5266 5700 5299 5026 5426 5007 5440 5276 5022 5089 5015 5214 5005 5197 
5033 4574 5356 5262 5034 5423 5471 5131 4932 5075 5036 4898 5239 4875 5963 4843 4896 5021 5373 5725 5596 4596 5225 5119 5302 5102 5276 4818 4477 5104 5211 5115 
5234 5221 5617 5586 5786 6332 5742 5583 5232 5786 5730 5535 5717 5341 6292 5540 5552 5633 5837 6251 5898 5510 6047 5340 5845 5804 5436 5724 5621 5442 5880 5871 
5032 4697 5019 4969 5138 5303 5047 5067 4728 4818 4893 4910 4989 4822 5764 4898 5078 5128 5153 5905 5443 4747 5224 4724 5108 4841 4946 5006 4953 4891 4944 5085 
5284 4971 5315 5365 5044 5742 5141 5123 4931 5166 5001 5078 5191 4997 5890 5177 5181 5294 5196 6049 5089 5041 5352 4913 5196 5265 5148 5097 4817 5346 5368 5090 
5314 4910 5468 4992 5487 5785 5204 5386 4968 5191 5457 5122 5231 5177 5852 5292 5221 5355 5240 5525 5280 5064 5427 4822 5270 5548 5289 5478 4888 4980 5478 5319 
4826 4494 5290 4877 5282 5607 5198 5182 4879 5364 5240 4855 5252 4788 5514 4884 5011 5082 5130 5701 5182 4893 5421 4835 5194 5380 5219 5285 4914 5001 5127 5344 
5074 4674 5338 5247 5085 5824 5160 5019 4784 5084 5390 5229 5082 4928 5857 4962 5046 5062 5422 5743 5443 4799 5613 4744 5286 5128 5021 5305 4819 4905 5344 5253 
5043 4761 4953 4990 5193 5424 4938 4962 4757 4892 5018 4971 5057 4585 5829 4838 5024 5025 5053 5725 5263 4672 5285 4530 5200 5211 4888 4946 4857 4948 5273 4694 
4908 4575 5027 4705 5014 5342 5170 4738 4684 4804 4898 4769 4926 4592 5271 4866 4759 4694 5069 5609 5205 4407 5219 4732 5004 5327 4841 4844 4664 5011 4935 4971 
