1025 1138 1232 1265 1098 1302 1395 1314 1305 1231 1291 1500 1398 1501 1387 1305 1309 1419 1521 1620 1288 1214 1540 1161 1048 1379 1107 1230 1210 1273 1350 1400 
1356 1353 1471 1361 1240 1345 1550 1491 1426 1401 1366 1475 1446 1675 1441 1435 1316 1417 1542 1742 1426 1271 1619 1235 1333 1542 1378 1379 1362 1397 1453 1519 
1032 1201 1161 1133 1031 1021 1220 1131 1224 1153 1013 1111 1154 1181 1174 1150 1106 1174 1183 1420 1135 1121 1320 970 1073 1190 1119 1152 1053 1186 1132 1211 
1136 1330 1187 1255 1115 1401 1394 1299 1317 1310 1306 1301 1392 1395 1440 1465 1325 1406 1421 1681 1388 1163 1386 1270 1308 1445 1165 1248 1155 1387 1329 1367 
1337 1420 1501 1484 1264 1352 1465 1386 1411 1307 1229 1432 1462 1682 1426 1473 1357 1661 1531 1781 1517 1155 1515 1142 1411 1607 1451 1494 1304 1529 1449 1597 
973 1205 1241 1206 1018 1147 1276 1188 1141 1196 1106 1286 1277 1364 1314 1314 1212 1392 1366 1546 1267 1252 1376 1198 1289 1238 1193 1382 1171 1269 1190 1258 
1003 1200 1273 1222 1108 1278 1257 1320 1241 1109 1119 1270 1200 1377 1325 1303 1282 1376 1262 1656 1241 1208 1470 1096 1132 1265 1058 1299 1077 1213 1244 1210 
1220 1405 1377 1252 1126 1411 1451 1425 1301 1347 1338 1514 1400 1539 1498 1442 1302 1406 1548 1654 1308 1303 1565 1205 1251 1324 1186 1424 1279 1342 1339 1309 
1180 1223 1398 1301 1182 1224 1419 1429 1235 1314 1210 1460 1450 1432 1343 1333 1252 1553 1381 1627 1458 1287 1484 1241 1258 1569 1451 1413 1265 1299 1464 1517 
1109 1342 1269 1320 979 1265 1320 1280 1169 1226 1182 1309 1257 1416 1396 1280 1197 1301 1429 1641 1249 1236 1390 1184 1176 1274 1227 1160 1121 1278 1219 1270 
1168 1263 1198 1293 1069 1293 1332 1405 1278 1351 1245 1314 1382 1485 1365 1328 1274 1441 1323 1648 1436 1200 1399 1048 1213 1406 1125 1335 1118 1355 1278 1412 
1057 1290 1327 1265 1010 1347 1322 1242 1228 1244 1215 1283 1344 1549 1284 1347 1216 1455 1333 1592 1385 1227 1423 1227 1206 1313 1107 1302 1156 1124 1244 1326 
938 1116 1130 1073 969 1132 1168 1193 1251 1089 1139 1183 1080 1304 1235 1195 1119 1243 1237 1396 1074 1046 1132 966 1077 1194 1063 1193 1004 1161 1215 1205 
996 1298 1222 1210 1171 1338 1390 1403 1360 1253 1358 1426 1312 1415 1246 1398 1221 1399 1408 1669 1299 1296 1456 1238 1200 1390 1196 1354 1117 1292 1416 1341 
942 1074 1154 1048 916 1033 1190 1144 1011 890 971 1163 1007 1149 1078 1087 1102 1139 1255 1310 1050 1036 1296 890 1099 1093 1010 952 1058 1141 1033 1072 
930 1269 1270 1080 1092 1339 1304 1173 1096 1098 1104 1289 1097 1361 1271 1185 1235 1271 1336 1489 1163 1073 1269 1055 1136 1138 1135 1106 1110 1260 1215 1244 
1357 1299 1590 1493 1272 1429 1565 1388 1427 1235 1407 1404 1434 1694 1415 1585 1383 1460 1592 1839 1380 1241 1568 1150 1302 1606 1394 1497 1377 1493 1406 1496 
1146 1304 1165 1312 1008 1130 1261 1361 1281 1209 1280 1358 1247 1295 1436 1360 1264 1418 1361 1607 1343 1157 1404 1068 1140 1312 1152 1212 1179 1484 1303 1271 
1083 1288 1157 1283 936 1266 1285 1146 1115 1107 1076 1276 1173 1384 1380 1333 1283 1308 1230 1580 1179 998 1239 985 1267 1290 1081 1165 1114 1227 1144 1191 
1178 1265 1381 1227 1196 1421 1357 1368 1284 1181 1093 1447 1380 1611 1393 1446 1285 1446 1350 1608 1286 1089 1423 1245 1352 1372 1269 1330 1262 1271 1304 1405 
1037 1380 1421 1242 1166 1370 1396 1340 1295 1287 1257 1244 1304 1547 1204 1410 1228 1368 1401 1656 1379 1257 1435 1219 1264 1320 1291 1274 1192 1205 1248 1333 
1147 1169 1387 1163 1056 1175 1244 1306 1218 1209 1237 1251 1235 1487 1334 1298 1289 1278 1313 1549 1307 1192 1457 1160 1081 1206 1271 1189 1108 1171 1248 1350 
1107 1269 1319 1286 1091 1296 1502 1383 1322 1272 1276 1335 1339 1501 1598 1426 1359 1355 1394 1607 1337 1207 1407 1146 1266 1364 1217 1327 1194 1249 1237 1419 
1164 1148 1300 1327 1023 1247 1407 1368 1271 1214 1167 1291 1275 1439 1423 1328 1285 1399 1342 1547 1366 1149 1299 1181 1226 1421 1246 1126 1142 1561 1273 1372 
1144 1396 1403 1384 1327 1548 1545 1394 1364 1406 1375 1531 1520 1696 1501 1432 1388 1639 1614 1861 1489 1349 1652 1343 1525 1580 1423 1408 1393 1343 1493 1605 
1398 1397 1435 1355 1348 1348 1551 1546 1436 1403 1343 1393 1422 1575 1663 1513 1532 1549 1428 1879 1588 1309 1562 1244 1503 1485 1416 1378 1428 1472 1377 1544 
1203 1333 1396 1382 1114 1363 1433 1411 1431 1327 1149 1334 1333 1647 1473 1467 1409 1440 1424 1768 1438 1198 1475 1152 1245 1535 1280 1204 1247 1454 1248 1404 
1012 1107 1347 1187 1088 1218 1267 1299 1160 1116 1151 1271 1277 1492 1338 1324 1301 1354 1388 1432 1301 1124 1431 1086 1013 1394 1170 1186 1127 1192 1244 1303 
926 1123 1209 1028 1109 1131 1323 1318 1126 1083 1234 1302 1246 1286 1276 1280 1103 1297 1270 1463 1291 1115 1455 1106 1173 1374 1126 1180 1166 1212 1316 1322 
1127 1198 1205 1142 1020 1167 1268 1239 1200 1110 1169 1222 1227 1436 1347 1273 1103 1204 1275 1568 1251 1071 1472 1000 1131 1301 1049 1298 1123 1136 1215 1207 
1058 1218 1173 1138 1084 1229 1307 1253 1247 1214 1182 1257 1226 1323 1392 1269 1210 1379 1310 1438 1259 1087 1272 1004 1317 1514 1031 1194 1171 1345 1243 1206 
1107 1120 1276 1154 1066 1092 1356 1274 1205 987 1138 1171 1208 1338 1167 1259 1142 1182 1215 1581 1236 1023 1455 1030 1092 1340 1220 1117 1123 1239 1188 1358 
