3899 3656 4404 4278 4387 4645 4274 4207 3868 4082 4377 4495 4249 4258 4762 4202 4199 4188 4502 4859 4441 4033 4507 4055 4048 4387 4039 4438 4307 4104 4269 4619 
3699 3637 4178 3935 3894 4031 4130 4064 3609 4286 4376 3815 3722 4040 4060 3788 3794 3924 4233 4426 4046 3489 4113 3694 3776 4303 3957 4149 3756 3714 3827 4215 
3824 3623 4112 3858 3898 3929 3816 3666 3603 3920 3837 3703 3866 3700 4113 3646 3694 3883 3946 4078 3899 3703 4029 3646 3684 3847 3759 3868 3733 3614 3820 4029 
3684 3503 3916 3706 3843 4238 3890 3885 3340 4204 4203 3811 3890 4057 4150 3933 3733 3804 4179 4337 3905 3678 3954 3672 3707 3995 3766 3986 3705 3836 3798 4044 
3834 3483 4126 3979 3817 4068 3970 3885 3521 4176 3858 3774 3704 4042 4294 3866 3850 4088 4227 4503 4023 3581 4174 3512 3899 4036 3769 4176 3892 3736 3772 4071 
3519 3506 4168 3855 3811 4161 3869 3812 3479 3881 3918 3801 3929 3731 4253 3831 3830 3998 4053 4397 4126 3780 4221 3817 3819 3882 3772 4169 3815 3709 3748 4060 
3508 3484 4027 3793 3852 4088 3731 3811 3299 3873 3921 3716 3691 3905 4129 3741 3762 3725 3556 4367 3943 3396 4013 3543 3596 4025 3588 4057 3443 3488 3763 3768 
3757 3628 4072 4014 3855 4317 3977 3797 3434 4138 4069 3994 3910 3929 4342 3730 3835 3837 4293 4209 3966 3932 4179 3686 3883 3884 3793 4122 3982 3645 3783 3912 
3927 3499 4247 3848 3806 4010 3920 3845 3462 4061 3908 3902 3810 3761 4233 3645 3759 3983 4093 4455 4047 3672 3980 3914 3889 4428 3951 4086 3780 3737 3992 4040 
3971 3657 4327 4196 4106 4437 4296 4080 3736 4128 4215 4126 4084 4099 4724 3999 3892 4022 4330 4581 4345 4082 4281 4106 3854 4483 4050 4089 4094 3908 4107 4180 
4020 3624 4139 3882 3894 4440 3905 3998 3535 4183 4063 4026 3798 4133 4388 3937 3796 3860 4212 4476 4358 3759 4239 3445 3931 4201 3765 4041 3921 3928 3726 3990 
3463 3532 3972 3805 3483 4152 3754 3638 3430 3781 3960 3623 3545 4023 3929 3765 3583 3737 3935 4095 4107 3510 3899 3466 3548 3739 3518 3839 3533 3510 3360 3826 
3682 3500 4178 4009 3849 4187 3934 3805 3495 4109 4147 3825 3732 4042 4296 3683 3739 3629 4066 4255 4044 3742 3955 3635 3772 4009 3805 4043 3778 3711 3747 3873 
3716 3769 4259 3939 4116 4246 4036 3977 3807 4164 4285 4128 3914 3974 4158 4116 3777 3904 4160 4518 4310 3792 4105 4048 3871 4251 3931 4050 3929 3699 3970 3915 
3269 3174 3788 3313 3344 3655 3630 3448 3185 3544 3564 3237 3160 3093 3935 3278 3468 3490 3691 3741 3397 3234 3768 3150 3498 3567 3420 3364 3377 3287 3317 3379 
3391 3468 4035 3645 3882 4018 3924 3760 3249 3740 3764 3779 3619 3798 4147 3628 3693 3677 3866 4154 3804 3629 3702 3579 3676 3729 3721 3949 3791 3597 3707 3934 
3896 3499 4289 4078 4064 4178 4171 3940 3515 3857 3995 3741 3788 3976 4228 4131 3877 3671 4064 4497 4016 3548 4056 3455 3710 4096 3853 4027 3878 3686 3775 4057 
3846 3527 3862 3815 3892 4068 3824 3984 3409 4289 3953 3977 3701 3759 4359 3906 3862 3845 4268 4250 4037 3607 3983 3381 3625 3911 3792 3803 3817 3789 3721 3809 
3755 3539 3983 3931 3764 4247 3739 3779 3392 3809 3787 3653 3548 3759 4187 4010 4062 3761 3773 4439 3981 3455 3877 3557 4049 3880 3637 3981 3890 3619 3713 3975 
4132 3794 4436 4127 4225 4503 4201 4252 3575 4152 4145 4209 4200 4354 4474 4186 4018 4283 4239 4642 4212 3709 4225 3985 4224 4276 4129 4426 4120 3891 4102 4361 
3605 3591 4189 3770 3773 4110 3728 3756 3438 3818 3882 3714 3725 3825 4067 3875 3521 3777 3805 4243 4039 3486 3923 3719 3687 4009 3951 3758 3605 3466 3658 3759 
3620 3322 3974 3604 3589 3880 3497 3700 3436 3831 3928 3357 3529 3768 4178 3704 3854 3622 3821 4165 3854 3412 4045 3655 3513 3823 3512 3540 3542 3319 3733 3913 
3625 3518 4007 3917 3785 4217 4092 3943 3582 4010 4023 3911 3838 3978 4532 3900 3752 3765 4085 4365 4054 3718 4174 3763 3902 4121 3773 4074 3954 3673 3699 4031 
3494 3160 3966 3825 3779 3716 3946 3843 3351 3831 3808 3608 3757 3777 4307 3537 3518 3713 3919 4087 4065 3314 3723 3691 3642 3823 3711 3533 3472 3619 3667 3759 
3675 3827 4300 4153 4339 4602 4265 4177 3794 4420 4366 4279 4326 4307 4621 4174 4043 4217 4512 4731 4461 4089 4485 4056 4278 4498 4022 4429 4430 3795 4255 4511 
3726 3526 4008 3833 4031 3875 3942 3905 3402 3808 3908 3779 3775 3812 4462 3783 3872 3960 4039 4490 4210 3620 4052 3658 3874 3824 3735 3889 3945 3616 3743 3975 
3829 3530 4077 3935 3807 4117 3904 3804 3566 3921 3829 3550 3757 4005 4411 3840 3778 3890 3775 4487 3864 3792 4044 3764 3694 4072 3666 3765 3776 3920 3887 3890 
3749 3483 4298 3816 4154 4274 3984 3997 3461 3934 4204 3913 3947 3979 4298 3976 4008 3927 4035 4097 3984 3856 4249 3699 3846 4342 4036 4185 3801 3703 3984 4110 
3482 3226 4176 3744 4106 4079 4019 3975 3500 4106 4065 3799 3936 3734 4200 3703 3731 3827 3986 4324 4000 3755 4191 3652 3791 4197 3989 4002 3854 3726 3933 4039 
3666 3452 4157 3981 4040 4289 4031 3796 3469 4066 4184 3964 3874 3912 4422 3797 3777 3783 4133 4418 4126 3581 4268 3722 3977 4038 3730 4178 3840 3592 3986 4060 
3628 3446 3778 3586 3853 3899 3661 3569 3305 3662 3742 3715 3641 3548 4413 3558 3561 3616 3767 4210 3940 3374 3771 3321 3662 4087 3479 3741 3759 3572 3767 3530 
3617 3192 3831 3617 3797 3796 3840 3537 3282 3521 3666 3598 3600 3586 3857 3539 3536 3336 3883 4281 3965 3235 3880 3489 3471 4127 3588 3679 3600 3465 3551 3826 
