2597 2510 2874 2769 3050 2983 2842 2767 2601 2480 2933 2921 2870 2950 3229 2655 2813 2810 3037 3208 2868 2520 3155 2750 2629 3062 2590 2776 2718 2845 2830 3162 
2546 2477 2700 2569 2591 2709 2789 2740 2569 2630 2872 2497 2482 2888 2765 2590 2461 2664 2823 2934 2741 2257 2934 2590 2460 2999 2549 2638 2515 2688 2597 2873 
2541 2522 2787 2608 2678 2545 2646 2569 2628 2386 2548 2454 2570 2618 2766 2524 2447 2564 2643 2826 2645 2417 2794 2485 2364 2750 2480 2414 2384 2695 2601 2721 
2470 2452 2606 2394 2684 2817 2673 2615 2487 2596 2819 2522 2601 2767 2883 2697 2586 2607 2741 2938 2668 2248 2721 2615 2468 2812 2463 2625 2318 2649 2591 2687 
2502 2333 2684 2615 2587 2702 2683 2613 2511 2516 2505 2380 2447 2871 2817 2593 2558 2749 2774 3013 2706 2157 2927 2345 2557 2721 2529 2651 2399 2660 2614 2788 
2196 2373 2701 2516 2537 2612 2521 2449 2356 2283 2476 2403 2437 2462 2733 2550 2407 2576 2664 2916 2672 2416 2808 2566 2437 2646 2420 2521 2352 2554 2475 2655 
2187 2289 2598 2352 2590 2602 2374 2552 2195 2257 2469 2323 2344 2754 2681 2445 2342 2400 2310 2969 2549 2068 2681 2321 2192 2523 2152 2504 2143 2449 2399 2432 
2510 2540 2688 2535 2611 2798 2660 2599 2292 2443 2653 2686 2481 2747 2885 2555 2521 2507 2853 2869 2611 2373 2848 2414 2456 2609 2352 2654 2548 2555 2552 2599 
2540 2323 2788 2495 2612 2652 2568 2646 2452 2507 2544 2579 2545 2641 2805 2432 2423 2677 2765 3035 2666 2408 2815 2647 2500 3042 2639 2553 2454 2705 2658 2793 
2587 2521 2888 2705 2716 2823 2809 2690 2550 2417 2755 2610 2577 2751 3124 2657 2418 2638 2868 3039 2781 2444 2946 2695 2394 2958 2598 2439 2503 2645 2668 2714 
2577 2393 2656 2590 2638 2876 2568 2688 2442 2502 2842 2491 2492 2840 2893 2545 2444 2672 2742 3029 2845 2331 2807 2435 2488 2873 2376 2581 2442 2729 2484 2689 
2381 2529 2736 2625 2450 2764 2648 2500 2434 2362 2788 2344 2413 2915 2714 2577 2433 2664 2714 2917 2817 2320 2766 2563 2268 2686 2361 2537 2314 2506 2395 2660 
2322 2279 2592 2462 2545 2662 2602 2484 2376 2316 2736 2392 2309 2733 2836 2431 2413 2397 2634 2739 2499 2220 2543 2456 2327 2647 2391 2531 2313 2528 2605 2624 
2361 2516 2683 2526 2706 2772 2664 2711 2534 2411 2852 2605 2476 2750 2583 2734 2401 2652 2745 2938 2769 2312 2783 2772 2365 2795 2569 2549 2341 2608 2627 2557 
2111 2087 2482 2201 2281 2384 2509 2395 2242 2094 2292 2110 2024 2277 2640 2253 2253 2351 2537 2582 2298 2083 2710 2116 2192 2465 2185 2067 2219 2442 2270 2290 
2199 2403 2698 2257 2693 2747 2580 2447 2215 2267 2492 2417 2298 2640 2752 2401 2426 2437 2620 2764 2433 2274 2617 2411 2380 2465 2327 2464 2419 2577 2481 2586 
2512 2399 2838 2720 2673 2690 2748 2632 2471 2283 2678 2338 2482 2836 2709 2728 2547 2425 2723 3045 2658 2131 2783 2341 2324 2758 2443 2531 2489 2623 2506 2792 
2593 2336 2542 2522 2578 2566 2494 2645 2343 2559 2619 2574 2345 2520 2934 2598 2582 2656 2817 2897 2629 2181 2699 2340 2352 2614 2466 2308 2454 2733 2512 2513 
2485 2462 2609 2621 2562 2739 2548 2559 2368 2315 2515 2364 2326 2608 2823 2720 2638 2435 2566 3099 2602 2114 2722 2420 2610 2653 2368 2444 2461 2528 2529 2673 
2671 2558 2890 2693 2854 3015 2773 2813 2603 2448 2697 2699 2724 2929 3028 2815 2647 2839 2770 3049 2773 2250 2908 2753 2758 2897 2714 2753 2647 2683 2699 2886 
2425 2561 2871 2558 2707 2882 2592 2706 2450 2425 2715 2454 2504 2796 2778 2724 2501 2692 2712 2963 2769 2312 2777 2614 2511 2820 2664 2440 2335 2592 2496 2673 
2524 2265 2712 2464 2540 2593 2545 2586 2458 2305 2713 2274 2409 2736 2818 2549 2584 2537 2647 2904 2673 2290 2829 2580 2308 2637 2356 2343 2259 2403 2562 2704 
2478 2434 2719 2637 2722 2835 2953 2731 2559 2544 2788 2551 2537 2848 3095 2706 2639 2631 2784 2941 2753 2352 2958 2561 2552 2878 2587 2640 2473 2663 2567 2752 
2416 2181 2685 2526 2533 2598 2677 2668 2392 2272 2599 2351 2433 2661 2860 2549 2382 2579 2585 2768 2760 2092 2585 2571 2440 2789 2508 2164 2217 2667 2552 2527 
2404 2603 2914 2728 3066 3125 2877 2804 2622 2604 2938 2735 2815 3085 3080 2798 2656 2897 3087 3294 3030 2514 3215 2729 2835 3060 2642 2888 2880 2658 2934 3072 
2513 2380 2690 2538 2645 2549 2634 2667 2453 2411 2662 2394 2505 2717 3003 2591 2645 2712 2696 3022 2862 2293 2813 2535 2548 2621 2469 2422 2446 2567 2474 2675 
2593 2359 2786 2643 2685 2738 2738 2707 2646 2505 2712 2353 2532 2949 3006 2683 2604 2724 2596 3146 2662 2406 2860 2523 2413 2869 2497 2475 2446 2770 2663 2744 
2412 2195 2739 2465 2690 2639 2545 2637 2310 2159 2656 2473 2446 2769 2765 2537 2510 2504 2525 2695 2565 2250 2795 2457 2302 2835 2530 2491 2298 2537 2610 2618 
1983 1971 2406 2082 2472 2371 2438 2408 2166 2127 2450 2194 2248 2352 2534 2225 2143 2314 2329 2614 2321 2121 2715 2258 2240 2580 2249 2283 2203 2357 2382 2452 
2344 2175 2589 2505 2532 2623 2637 2421 2328 2186 2556 2339 2328 2634 2874 2444 2282 2404 2559 2771 2579 2105 2924 2307 2362 2676 2380 2508 2315 2432 2585 2583 
2391 2301 2489 2330 2538 2584 2516 2428 2332 2217 2491 2246 2363 2468 2892 2375 2294 2457 2475 2755 2499 2135 2578 2174 2403 2864 2281 2391 2368 2549 2433 2386 
2298 2071 2526 2277 2496 2360 2514 2334 2208 1995 2302 2204 2196 2399 2569 2337 2244 2165 2444 2865 2477 1919 2736 2310 2090 2680 2280 2173 2294 2402 2222 2574 
