3223 3122 3691 3575 3736 3825 3507 3510 3203 3322 3596 3723 3485 3699 3984 3411 3545 3629 3785 4047 3710 3243 3902 3367 3307 3662 3448 3680 3465 3536 3498 3870 
3051 3004 3481 3282 3353 3327 3383 3427 3002 3433 3588 3148 3023 3506 3403 3189 3152 3342 3480 3668 3430 2917 3535 3054 3143 3651 3326 3487 3081 3183 3119 3449 
3199 3104 3574 3339 3400 3275 3210 3194 3163 3230 3191 3102 3246 3333 3464 3128 3137 3288 3339 3537 3404 3145 3526 2984 3090 3344 3186 3222 3117 3196 3209 3413 
3072 2968 3433 3117 3284 3567 3337 3311 2912 3529 3560 3240 3229 3478 3569 3376 3233 3270 3510 3691 3310 3049 3441 3088 3153 3439 3232 3343 3050 3330 3219 3342 
3188 2888 3505 3368 3346 3415 3358 3333 3003 3367 3198 3113 3072 3555 3598 3242 3254 3552 3553 3840 3494 2954 3608 2860 3277 3454 3269 3533 3119 3284 3224 3459 
2958 3053 3604 3315 3294 3463 3314 3214 2921 3191 3256 3234 3225 3307 3607 3296 3200 3441 3400 3790 3560 3226 3636 3156 3259 3337 3284 3543 3196 3239 3127 3362 
2781 2864 3328 3051 3252 3326 3003 3179 2702 3030 3162 3019 2946 3443 3387 3091 3043 3106 2963 3683 3214 2757 3413 2784 2853 3206 2945 3308 2804 3033 3009 3033 
3135 3078 3395 3378 3268 3557 3269 3234 2842 3295 3349 3343 3207 3463 3640 3193 3191 3245 3637 3609 3296 3208 3587 3055 3132 3288 3136 3417 3267 3203 3214 3244 
3085 2795 3382 3066 3181 3173 3135 3146 2813 3101 3075 3111 2969 3183 3379 2881 3024 3297 3335 3610 3260 2955 3316 3089 3031 3631 3293 3259 2931 3186 3173 3266 
3279 3101 3666 3461 3409 3635 3626 3379 3133 3320 3444 3388 3330 3563 3939 3296 3160 3396 3680 3829 3581 3323 3665 3360 3122 3729 3401 3322 3306 3407 3359 3438 
3338 2953 3458 3266 3330 3696 3298 3395 3017 3392 3479 3308 3185 3591 3728 3274 3169 3364 3598 3781 3679 3094 3639 2863 3254 3537 3242 3380 3249 3444 3067 3402 
2954 3029 3438 3196 2999 3529 3216 3121 2960 3078 3332 3072 2981 3567 3363 3234 3018 3213 3395 3513 3493 2960 3444 2957 2953 3159 3079 3230 2994 3094 2814 3228 
2948 2815 3407 3236 3202 3323 3245 3151 2796 3159 3427 3104 2909 3441 3544 3059 3084 3051 3390 3489 3198 2920 3251 2940 3025 3223 3201 3315 2999 3121 3110 3200 
2956 3132 3483 3193 3492 3459 3262 3339 3129 3243 3520 3344 3125 3419 3343 3375 3059 3337 3491 3680 3564 3028 3483 3313 3065 3457 3283 3348 3062 3187 3273 3162 
2530 2505 3069 2695 2846 2859 2882 2881 2572 2676 2839 2540 2470 2737 3190 2677 2829 2892 3075 3137 2810 2546 3211 2436 2772 2898 2739 2693 2665 2842 2660 2773 
2762 2896 3391 2961 3364 3352 3283 3204 2708 3084 3067 3157 2944 3350 3480 2946 3129 3139 3293 3505 3152 2998 3202 2952 3009 3051 3186 3236 3107 3157 3016 3277 
3215 2963 3669 3474 3436 3388 3421 3326 3002 3172 3381 3087 3167 3593 3502 3411 3296 3164 3510 3808 3447 2918 3497 2889 3073 3447 3226 3322 3197 3230 3146 3452 
3285 2897 3277 3157 3244 3290 3151 3321 2868 3464 3232 3308 3015 3221 3649 3219 3237 3271 3546 3592 3411 2920 3414 2764 3008 3247 3184 3066 3208 3290 3095 3141 
3086 3021 3400 3301 3194 3443 3113 3255 2897 3066 3085 3023 2981 3384 3530 3379 3382 3157 3272 3813 3320 2824 3387 2950 3373 3202 3102 3308 3188 3143 3082 3377 
3378 3089 3766 3416 3613 3747 3517 3591 3064 3397 3465 3432 3461 3767 3780 3544 3412 3643 3533 3869 3534 3100 3672 3321 3524 3631 3525 3670 3422 3360 3372 3608 
2912 3063 3527 3148 3245 3478 3082 3257 2922 3090 3272 3072 3047 3388 3386 3311 3008 3314 3261 3574 3390 2873 3418 3062 3029 3302 3367 3147 2955 3093 3032 3164 
3073 2806 3336 3039 3102 3285 3026 3137 2978 3047 3325 2818 2983 3292 3513 3127 3228 3152 3336 3555 3319 2825 3519 2997 2901 3202 3031 3002 2929 2943 3189 3348 
2913 2891 3363 3224 3173 3491 3487 3329 3098 3255 3319 3154 3127 3433 3736 3212 3166 3144 3410 3555 3299 3013 3621 3010 3172 3361 3207 3307 3174 3147 2938 3354 
3004 2733 3436 3244 3274 3181 3357 3308 2927 3156 3222 3067 3148 3322 3707 3072 3040 3224 3361 3484 3556 2820 3179 3114 3040 3377 3258 2912 2881 3235 3140 3094 
2958 3110 3638 3439 3778 3779 3504 3565 3160 3512 3555 3512 3591 3844 3823 3420 3312 3552 3813 4076 3784 3313 3900 3287 3503 3715 3393 3632 3665 3318 3560 3763 
3126 3009 3391 3192 3401 3265 3263 3312 2975 3250 3307 3095 3155 3326 3741 3148 3339 3416 3421 3745 3661 3023 3480 3097 3260 3282 3188 3175 3205 3137 3057 3337 
3094 2879 3426 3252 3199 3322 3300 3220 3071 3153 3294 2855 3096 3490 3681 3156 3186 3323 3250 3746 3231 3082 3408 3057 3057 3418 3120 3084 3037 3335 3208 3323 
3102 2853 3668 3272 3569 3416 3255 3404 2880 3156 3462 3262 3235 3576 3560 3285 3357 3325 3370 3460 3375 3138 3634 3058 3177 3668 3417 3437 3119 3200 3284 3404 
2668 2548 3332 2949 3395 3178 3174 3271 2756 3185 3221 3048 3051 3203 3402 3023 2956 3182 3234 3539 3179 2975 3495 2859 3000 3358 3192 3213 3018 3145 3115 3280 
2973 2827 3471 3287 3380 3422 3271 3108 2891 3117 3367 3145 3098 3371 3613 3125 3056 3106 3350 3587 3425 2924 3637 2910 3227 3377 3087 3397 3025 3062 3203 3256 
2985 2848 3157 2941 3223 3251 3110 2958 2849 2984 3108 2967 2949 3087 3603 2938 2943 3053 3184 3455 3279 2723 3177 2663 2993 3458 2931 3061 2967 3142 3066 2906 
2931 2585 3140 2970 3240 3014 3108 2888 2638 2721 2913 2875 2793 3041 3165 2890 2903 2814 3111 3554 3188 2552 3307 2790 2701 3364 3004 2950 2851 2965 2830 3104 
