1758 1814 2051 2046 2010 2149 2279 1915 2028 1808 2133 2288 2184 2125 2387 1959 1967 2211 2370 2375 2204 2013 2406 1971 1848 2206 1957 1990 2018 1976 2135 2259 
1959 1868 2119 2035 1822 2040 2272 2023 2054 1937 2149 2040 2030 2219 2152 2080 1757 2139 2161 2386 2198 1887 2285 2011 1894 2358 2081 1983 1945 2008 2071 2221 
1723 1846 1918 1857 1691 1746 2033 1729 1967 1700 1812 1874 1896 1794 1951 1787 1595 1981 1985 2053 1991 1881 2050 1689 1630 1949 1897 1713 1764 1893 1843 1914 
1814 1920 1884 1845 1767 2117 2178 1865 1960 1914 2088 2007 2050 2000 2223 2066 1875 2093 2084 2347 2185 1786 2085 1967 1882 2137 1902 1936 1751 1976 1916 2071 
1842 1786 2005 2034 1780 1975 2131 1874 1936 1840 1806 1934 1920 2134 2133 1944 1796 2190 2085 2359 2143 1718 2248 1680 1971 2132 2088 2060 1836 2074 1944 2159 
1581 1789 1933 1895 1693 1860 2004 1736 1764 1727 1781 1866 1908 1830 2100 1901 1677 2059 1995 2217 2013 1983 2083 1862 1863 1920 1892 1996 1870 1862 1886 1969 
1451 1622 1749 1722 1567 1775 1826 1764 1680 1509 1714 1691 1715 1816 1864 1736 1578 1845 1649 2193 1858 1664 1998 1566 1507 1754 1540 1816 1537 1631 1659 1673 
1778 1948 2009 1849 1727 2093 2115 1914 1818 1832 1966 2146 1981 2071 2175 1968 1755 2017 2256 2230 2060 1910 2196 1830 1774 1929 1856 1984 1919 1890 1861 1904 
1842 1719 2099 1890 1790 1947 2087 1966 1827 1920 1889 2042 1995 1892 2121 1868 1727 2223 2035 2347 2164 1929 2177 1921 1910 2270 2083 1934 1867 1874 2077 2132 
1892 1986 2126 2090 1747 2103 2151 1900 1927 1839 2032 2036 1993 2055 2394 1973 1744 2168 2245 2376 2203 1989 2211 1977 1824 2120 2057 1806 1915 1971 1926 2029 
1758 1808 1891 1883 1657 2005 2004 1948 1874 1833 1995 1922 1988 2097 2052 1889 1667 2154 2035 2282 2289 1837 2064 1737 1807 2100 1714 1946 1790 1930 1768 2022 
1630 1860 1992 1866 1614 1992 2044 1700 1842 1689 1961 1893 1913 2145 1948 1905 1662 2115 1956 2175 2187 1832 2098 1860 1688 1980 1742 1914 1732 1696 1812 1942 
1570 1636 1782 1753 1623 1846 1973 1734 1853 1637 1904 1860 1722 1878 2070 1778 1675 1888 1941 2058 1877 1688 1864 1777 1671 1931 1836 1815 1657 1767 1853 1923 
1680 1886 1962 1920 1860 2048 2145 1912 2021 1743 2181 2124 1954 2050 2047 1959 1744 2149 2074 2356 2124 1881 2173 2042 1762 2169 1945 1998 1771 1967 2038 1962 
1595 1534 1821 1654 1556 1730 1907 1755 1737 1535 1595 1683 1579 1588 1897 1734 1630 1881 1926 1998 1786 1730 2066 1558 1798 1786 1822 1447 1719 1794 1714 1755 
1512 1789 1951 1700 1805 1999 2012 1706 1663 1602 1773 1929 1719 1868 2101 1769 1705 1989 2001 2176 1914 1738 1973 1751 1775 1807 1787 1777 1766 1879 1782 1959 
1816 1707 2078 1967 1783 1926 2104 1786 1864 1642 1918 1843 1953 2094 2022 2010 1784 1952 2012 2372 1939 1711 2078 1573 1713 2040 1876 1946 1862 1880 1876 2008 
1789 1777 1768 1899 1611 1789 1929 1847 1838 1804 1843 1975 1808 1740 2192 1892 1788 2086 2102 2211 2054 1769 2039 1636 1692 1915 1839 1641 1853 2052 1843 1874 
1690 1790 1716 1831 1508 1944 1915 1660 1742 1637 1707 1863 1692 1822 2024 1942 1720 1965 1799 2268 1912 1618 1891 1575 1879 1901 1783 1782 1754 1780 1769 1797 
1976 1938 2226 2040 2075 2325 2226 2038 2053 1813 1994 2260 2130 2257 2364 2192 1943 2312 2114 2433 2238 1769 2272 2109 2166 2268 2178 2126 2114 2051 2044 2252 
1643 1892 2122 1830 1812 2100 2078 1899 1925 1817 2027 1894 1910 2093 1947 1991 1687 2089 2141 2246 2191 1897 2186 1907 1906 2059 2031 1761 1812 1874 1848 1934 
1806 1681 1984 1709 1653 1872 1927 1800 1880 1733 1961 1776 1829 1983 2050 1859 1820 1974 1945 2164 2017 1856 2117 1834 1676 1888 1879 1741 1729 1692 1894 1994 
1772 1850 1998 2006 1782 2094 2347 1948 2055 1900 2011 2038 1970 2111 2363 2066 1889 2100 2190 2288 2186 1959 2280 1916 1954 2137 2015 1991 1919 1989 1924 2096 
1829 1708 2017 1949 1739 1965 2130 1964 1925 1710 1964 1928 1924 2001 2214 1895 1768 2088 2027 2201 2182 1764 2015 1943 1913 2208 2021 1709 1784 2179 1940 1988 
1643 1944 2042 2048 1962 2268 2182 1913 1991 1858 2052 2130 2144 2223 2240 2051 1814 2329 2281 2515 2330 2010 2313 1935 2150 2207 2085 2090 2122 1894 2096 2304 
1978 1889 2028 2023 1929 1955 2270 2032 2016 1942 2041 2054 2063 2133 2379 2030 2023 2273 2100 2501 2366 1945 2188 1936 2045 2130 2077 1981 2019 2059 1936 2170 
1832 1792 2020 1962 1785 1944 2138 1910 2067 1789 1841 1888 1970 2104 2235 2012 1854 2117 1928 2455 2133 1867 2151 1818 1816 2199 1909 1799 1836 2035 1903 2112 
1633 1610 1983 1841 1726 1879 2004 1838 1813 1594 1899 1895 1857 2011 2075 1932 1753 1999 1971 2052 2028 1755 2154 1740 1637 2088 1916 1844 1692 1818 1908 1992 
1365 1498 1767 1551 1662 1676 1925 1748 1598 1504 1726 1727 1735 1741 1927 1688 1470 1805 1720 2053 1860 1647 2118 1690 1647 1894 1702 1706 1662 1726 1821 1848 
1698 1740 1917 1869 1723 1902 2069 1810 1854 1663 1887 1950 1831 2018 2150 1922 1626 1934 2030 2197 2017 1732 2249 1742 1810 2086 1898 1925 1808 1894 1958 1968 
1688 1716 1798 1775 1727 1846 1998 1754 1838 1724 1823 1828 1789 1785 2136 1741 1689 2029 1915 2088 1996 1702 1949 1579 1922 2135 1762 1758 1788 1891 1871 1781 
1634 1603 1901 1662 1621 1682 1980 1694 1702 1515 1661 1711 1681 1833 1842 1761 1568 1774 1828 2166 1908 1532 2014 1707 1499 1971 1778 1602 1700 1764 1641 1902 
