4632 4358 4961 4904 4921 5535 4970 4797 4559 4640 4965 5058 5006 4731 5525 4849 4825 4851 5304 5506 5121 4781 5174 4589 4739 5010 4664 5035 4846 4827 4928 5179 
4459 4446 4823 4534 4465 4905 4898 4622 4307 4875 4955 4391 4467 4557 4865 4520 4488 4626 4946 5087 4742 4257 4900 4133 4566 4892 4611 4814 4329 4458 4525 4858 
4521 4350 4743 4554 4389 4898 4539 4197 4299 4463 4401 4322 4579 4243 4943 4329 4336 4492 4687 4897 4590 4278 4783 4136 4331 4452 4521 4512 4303 4320 4534 4698 
4385 4218 4414 4251 4422 5161 4629 4430 4014 4843 4802 4382 4586 4629 4962 4579 4481 4458 4878 5036 4568 4312 4735 4212 4552 4574 4414 4615 4239 4637 4535 4626 
4502 4224 4752 4656 4390 4955 4764 4482 4249 4816 4447 4314 4478 4600 5101 4500 4471 4682 4919 5302 4733 4224 4869 4089 4561 4647 4539 4843 4473 4446 4484 4814 
4129 4075 4711 4402 4276 4865 4483 4260 4013 4376 4400 4309 4584 4139 4836 4366 4322 4470 4671 4973 4656 4265 4752 4263 4345 4368 4409 4672 4263 4266 4260 4611 
4269 4238 4719 4478 4505 5079 4414 4478 4048 4547 4489 4471 4497 4467 4966 4343 4521 4392 4327 5162 4671 3997 4884 4204 4481 4584 4458 4689 3937 4227 4534 4367 
4619 4409 4755 4678 4482 5324 4803 4464 4093 4878 4763 4666 4729 4490 5203 4439 4600 4571 5112 4950 4823 4618 5110 4230 4702 4523 4607 4827 4520 4444 4568 4561 
4581 4170 4831 4474 4395 4835 4616 4402 4162 4671 4419 4562 4581 4327 4986 4273 4432 4542 4727 5204 4679 4219 4752 4539 4656 4986 4711 4577 4292 4476 4673 4682 
4682 4398 4846 4738 4745 5278 4985 4729 4433 4808 4833 4748 4775 4690 5577 4623 4576 4691 5048 5321 4993 4744 5051 4727 4646 5128 4722 4685 4577 4675 4857 4787 
4789 4439 4700 4523 4525 5314 4683 4654 4269 4864 4721 4667 4538 4738 5220 4634 4444 4526 4907 5234 5079 4443 5000 4030 4696 4904 4522 4660 4512 4778 4462 4705 
4281 4191 4482 4332 4122 4962 4457 4240 4087 4415 4549 4296 4292 4615 4664 4437 4205 4337 4668 4826 4732 4078 4620 4032 4297 4374 4223 4361 3988 4236 3985 4406 
4353 4200 4626 4499 4451 5011 4596 4416 4060 4742 4744 4411 4413 4585 4965 4259 4298 4251 4704 4907 4613 4333 4602 4163 4448 4573 4403 4681 4225 4474 4437 4479 
4354 4404 4710 4377 4638 5041 4650 4589 4444 4659 4862 4698 4512 4532 4886 4661 4378 4467 4701 5136 4875 4353 4744 4536 4534 4743 4497 4557 4301 4380 4652 4421 
3995 3891 4452 3955 3913 4512 4321 3995 3783 4126 4103 3911 3872 3603 4672 3899 4024 4141 4463 4390 4072 3863 4520 3750 4277 4048 4200 3905 3828 3976 4031 3962 
4095 4204 4591 4195 4535 4909 4568 4330 4036 4411 4399 4345 4371 4408 5006 4245 4439 4319 4599 4946 4407 4277 4541 4181 4433 4236 4426 4535 4264 4318 4488 4577 
4548 4159 4689 4584 4523 4955 4738 4448 4103 4370 4512 4213 4403 4447 4834 4719 4374 4171 4632 5161 4560 4058 4720 3903 4339 4581 4477 4547 4385 4364 4368 4528 
4384 4255 4400 4328 4382 4700 4409 4471 4020 4788 4304 4484 4331 4177 5027 4473 4374 4434 4775 4697 4556 4257 4560 3777 4305 4365 4391 4309 4245 4399 4310 4213 
4397 4061 4419 4434 4311 4980 4288 4291 3845 4342 4256 4245 4156 4270 4776 4510 4621 4295 4378 5010 4501 3889 4529 4069 4691 4291 4284 4486 4262 4242 4253 4474 
4788 4499 4953 4695 4811 5246 4867 4742 4351 4782 4699 4763 4927 4803 5219 4742 4687 4907 4869 5318 4873 4241 4982 4586 5016 4775 4814 4915 4565 4573 4738 4936 
4289 4242 4694 4251 4328 5047 4370 4290 4141 4411 4547 4233 4388 4350 4786 4421 4205 4305 4410 4980 4747 4055 4711 4284 4450 4492 4582 4339 4117 4213 4405 4377 
4352 4175 4638 4303 4152 4815 4319 4258 4221 4514 4665 3943 4334 4302 5032 4396 4551 4336 4609 4991 4607 4132 4926 4231 4265 4446 4311 4212 4157 4156 4494 4692 
4501 4356 4686 4605 4506 5289 4939 4698 4473 4727 4773 4682 4818 4648 5348 4718 4463 4584 4942 5198 4899 4552 5026 4550 4790 4818 4555 4681 4572 4665 4467 4760 
4218 3929 4575 4453 4378 4595 4737 4378 4105 4452 4344 4160 4493 4265 5093 4117 4148 4304 4619 4856 4803 3893 4476 4368 4462 4362 4487 4133 3967 4342 4347 4434 
4379 4596 4875 4804 4924 5564 5038 4752 4444 5089 5017 4818 5068 4753 5429 4847 4829 4845 5189 5415 5170 4793 5358 4621 5020 5061 4715 5081 4949 4626 5040 5174 
4390 4202 4524 4399 4591 4731 4582 4442 4055 4299 4339 4279 4450 4373 5115 4407 4450 4500 4642 5170 4799 4213 4684 4192 4485 4304 4369 4470 4472 4312 4343 4580 
4615 4232 4660 4576 4424 5073 4654 4372 4180 4593 4402 4279 4567 4495 5147 4545 4436 4503 4588 5230 4531 4397 4784 4346 4480 4764 4387 4386 4280 4708 4555 4525 
4434 4220 4752 4202 4764 4984 4572 4519 4122 4492 4662 4390 4532 4505 5026 4570 4499 4526 4572 4668 4518 4427 4802 4132 4510 4818 4600 4756 4208 4307 4627 4602 
4171 3834 4675 4238 4665 4903 4687 4521 4095 4754 4677 4279 4646 4253 4811 4242 4373 4346 4602 5006 4668 4332 4880 4210 4451 4772 4559 4567 4404 4444 4503 4710 
4525 4212 4855 4677 4631 5306 4752 4455 4199 4656 4890 4662 4666 4490 5274 4504 4484 4513 4937 5175 4927 4294 5106 4295 4727 4650 4480 4818 4388 4393 4722 4744 
4258 4104 4245 4145 4418 4616 4301 4135 3969 4261 4328 4286 4338 3986 5101 4168 4227 4223 4349 4889 4617 3945 4565 3851 4416 4595 4143 4251 4239 4270 4394 4123 
4328 4049 4410 4163 4383 4751 4614 4138 4074 4243 4433 4178 4400 4126 4617 4248 4243 4043 4549 5040 4664 3914 4692 4119 4300 4755 4242 4309 4193 4384 4305 4457 
