2005 2038 2396 2167 2138 2231 2130 2356 2462 2006 2093 2143 2170 2363 2565 1847 2583 2373 2110 1952 2154 2101 1818 2138 2357 2470 2085 2094 2310 2187 2104 2165 
1823 1832 2174 2070 1876 1879 1839 2244 2140 1805 1943 1730 1978 2094 2376 1732 2301 2229 1934 1733 2051 2072 1917 1940 2100 2126 1889 1901 2064 1967 1959 1985 
1659 1966 2221 1925 1921 1901 1875 2151 2126 1737 1914 1881 2017 2085 2339 1744 2308 2162 2003 1666 2105 1904 1836 2076 2212 2199 1855 1853 1993 1864 1985 1977 
1699 1775 2169 1961 1812 1866 1807 2054 2047 1783 1795 1871 1922 2096 2286 1718 2302 2253 1971 1679 2013 2005 1892 1888 2106 2088 1880 1757 1869 1806 1783 1839 
1664 1925 2046 1961 1845 1966 1746 1982 1985 1697 1781 1703 1849 1938 2047 1540 2336 1913 1881 1769 1896 1916 1785 1857 1990 1996 1965 1709 2062 1915 1925 1881 
1625 1767 2031 1859 1746 1806 1676 2083 2101 1738 1892 1776 1839 2093 2088 1620 2288 1986 1821 1626 1985 1882 1674 1880 2058 1997 1931 1916 1960 1824 1923 2010 
1547 1751 1966 1986 1762 1815 1594 1870 2042 1631 1708 1811 1943 1859 2070 1655 2226 2009 1706 1594 1895 1940 1704 1795 1956 1843 1657 1698 1826 1702 1921 2014 
1664 1869 2164 1796 1764 1879 1837 2030 2131 1761 1726 1862 1939 2080 2126 1738 2180 2199 1714 1661 1987 1759 1623 1874 1958 2029 1760 1833 1933 1697 1877 2009 
1965 1851 2363 2072 1950 1951 2075 2315 2285 1855 1817 1984 2021 2101 2394 1631 2466 2242 1730 1798 2038 2114 1879 2022 2202 2211 1984 1982 2152 2029 2048 2130 
1961 1970 2325 2124 2077 2109 1837 2259 2422 1889 2035 1888 2101 2137 2489 1831 2423 2376 2069 1949 2176 2125 1955 2176 2338 2405 1950 1891 2035 2003 1940 2182 
1909 1929 2256 1995 1908 2256 1813 2098 2333 1790 1842 2122 2117 1986 2297 1691 2317 2234 1776 1771 2073 2059 1828 2156 2142 2115 1851 1797 2191 1909 1970 2105 
1797 1976 2255 1906 1938 2070 1744 2221 2258 1884 1997 2059 1979 2163 2306 1740 2424 2152 1875 1734 2038 2078 1998 1918 2171 2111 2015 1963 2142 1984 1884 1972 
1634 1770 2118 1964 1923 1799 1764 2002 1957 1764 1784 1713 1887 2151 2139 1496 2193 2158 1895 1761 1958 1852 1749 1805 2159 2142 1773 1675 1986 1833 1823 1987 
1625 1937 2051 2056 1792 1910 1712 2204 2178 1680 1900 1893 2091 1941 2339 1638 2329 2124 2116 1683 2159 2105 1884 1817 2072 2072 1873 1937 2083 1884 1960 1934 
1582 1547 1814 1833 1593 1712 1617 1856 1817 1585 1555 1720 1804 1832 1873 1590 1972 2004 1617 1442 1663 1697 1677 1653 1822 1767 1598 1655 1645 1594 1514 1870 
1858 1849 2048 1995 1947 1824 1957 2299 2298 1784 1944 1957 2027 2050 2289 1700 2243 2313 1902 1810 1969 2042 1740 1836 1997 2104 1895 1890 2052 1804 1740 1862 
1650 1735 2099 1962 1837 1894 1679 1938 2262 1731 1810 1769 1887 1999 2076 1503 2157 2072 1749 1676 1964 1896 1766 1829 2230 2039 1842 1698 1867 1843 1859 1876 
1536 1907 2194 1855 1736 1934 1664 2053 2029 1815 1754 1777 1887 2095 2290 1733 2155 2192 1824 1696 1915 1863 1812 2007 1946 2048 1851 1895 1833 1795 1913 1882 
1848 2029 2107 2105 1921 2026 1863 2139 2167 1884 1805 2067 2147 2117 2414 1696 2406 2144 1979 1709 1969 2014 1898 2004 2122 2212 2036 1933 2014 1900 1959 1898 
1838 1891 2110 2043 1868 1978 2040 2348 2262 2040 1930 1966 2060 2294 2415 1732 2362 2211 2031 1767 2111 2089 1901 1950 2136 2115 1908 1991 2087 2028 2116 1973 
1859 1757 2110 2064 1808 1996 1734 2184 2321 1958 1685 1985 2063 2051 2239 1688 2436 2039 1856 1697 2006 2049 1732 1786 2205 2015 1834 1931 2183 1943 1979 2096 
1788 1770 2037 2081 1776 1869 1784 2109 2085 1702 1802 1873 2135 2039 2294 1793 2219 2122 1947 1684 1965 1885 1768 1802 1996 2170 1920 1871 1865 2022 1922 1901 
1814 1932 2063 2057 1830 2026 1626 2239 2058 1712 2015 2026 2017 2152 2409 1857 2289 2161 2038 1735 2053 2135 1674 1819 2076 2195 1869 2073 2153 1918 1877 2088 
1702 1790 2114 2122 1808 1909 1800 2030 2166 1702 1835 1882 2003 2004 2241 1609 2162 2141 2066 1776 1982 1992 1766 1839 2249 2075 1745 1708 1996 1879 1932 1866 
2018 2041 2165 2176 2063 2057 1970 2355 2265 1866 1979 2142 2123 2136 2431 1656 2507 2307 2065 1634 2028 2136 1861 2170 2153 2124 1993 1986 2237 1854 1858 2185 
1596 1748 2041 1947 1716 1757 1794 1974 2008 1520 1704 1792 1927 1848 2364 1612 1941 2010 1961 1513 1913 1971 1764 1866 1888 1917 1920 1675 1871 1731 1905 1650 
1720 1810 2117 1960 1945 1906 1797 2093 2275 1963 1864 1782 2146 2059 2428 1654 2186 2188 1868 1833 1963 1973 1797 1881 2074 2104 1858 1731 2057 1856 1932 1892 
1856 1832 2220 2133 1906 1842 1773 1943 2075 1810 1835 1913 2000 2110 2329 1663 2205 2170 1754 1776 2017 1911 1672 1816 2094 2037 1825 1891 2061 1853 1878 2004 
1606 1634 1963 1787 1852 1716 1665 1918 2036 1572 1764 1700 1832 1789 1965 1632 2132 1971 1778 1538 1808 1843 1576 1866 1939 1915 1907 1740 1822 1736 1692 1897 
1408 1731 1977 1859 1770 1848 1808 2054 2000 1650 1897 1782 1993 1942 2186 1711 2086 2066 1813 1475 1822 1883 1552 1722 1908 1962 1790 1855 1936 1723 1627 1814 
1480 1823 1883 1762 1779 1844 1597 1902 1916 1840 1749 1703 1901 1954 2078 1418 2006 1937 1743 1584 1790 1850 1614 1817 1880 1937 1635 1696 1871 1691 1741 1832 
1515 1479 1706 1900 1583 1790 1614 1783 1944 1659 1529 1748 1725 1742 1954 1572 1915 1814 1631 1571 1721 1724 1654 1676 1841 1751 1688 1707 1783 1705 1655 1713 
