4726 4998 5099 4819 4819 5215 5111 5290 5155 5030 4753 5093 4968 5198 5439 4522 5522 5402 4696 4807 4690 4936 4511 4880 4912 5270 4893 4528 5205 4904 5083 4661 
4485 4542 4668 4730 4230 4537 4727 4894 4572 4529 4439 4548 4381 4634 4854 4159 4904 4790 4438 4183 4707 4720 4530 4255 4534 4744 4400 4484 4805 4490 4491 4492 
4182 4596 4849 4419 4231 4500 4660 4800 4552 4310 4356 4423 4500 4713 4612 4124 4917 4793 4357 4179 4515 4301 4217 4350 4496 4725 4515 4213 4662 4347 4668 4348 
4310 4512 4480 4338 4183 4489 4414 4881 4468 4349 4197 4530 4402 4412 4444 4136 4886 5033 4324 4071 4227 4584 4390 4397 4242 4585 4570 4184 4299 4186 4378 4076 
4170 4719 4577 4447 4186 4721 4431 4688 4543 4227 4346 4319 4324 4491 4358 4013 4974 4578 4234 4332 4474 4226 4223 4109 4203 4717 4592 4065 4693 4384 4524 4285 
4181 4359 4477 4201 4096 4330 4309 4722 4598 4195 4362 4304 4231 4704 4357 4036 4919 4618 4117 3990 4426 4303 4153 4264 4264 4584 4381 4363 4600 4129 4411 4532 
4132 4530 4539 4542 4078 4600 4365 4701 4598 4394 4161 4522 4488 4455 4461 4164 4928 4725 4125 3918 4322 4509 4375 4307 4408 4299 4246 4208 4607 4165 4496 4598 
4347 4794 4870 4357 4441 4747 4986 5092 4817 4638 4461 4817 4620 4698 4758 4373 5091 5155 4468 4271 4763 4598 4401 4600 4588 4852 4805 4554 4861 4345 4839 4609 
4553 4758 4942 4631 4298 4659 5004 5043 4726 4494 4296 4681 4491 4685 4903 4194 5052 4914 4312 4274 4585 4555 4484 4470 4529 4902 4426 4562 5042 4577 4688 4618 
4667 4721 4967 4598 4537 4891 4630 5084 5015 4709 4548 4735 4648 4793 4892 4369 5022 5216 4581 4489 4715 4727 4439 4866 4796 5026 4758 4358 4777 4400 4648 4626 
4582 4643 4951 4524 4315 5019 4770 4767 4703 4652 4519 4773 4609 4642 4714 4249 5009 5131 4176 4386 4670 4722 4284 4581 4420 4767 4646 4317 4981 4477 4763 4564 
4208 4625 4815 4302 4331 4563 4508 4758 4509 4551 4309 4575 4432 4565 4669 4089 4958 4801 4318 4155 4464 4442 4424 4183 4367 4428 4746 4459 4894 4425 4430 4211 
4349 4603 4652 4620 4472 4543 4585 4774 4528 4466 4311 4500 4552 4792 4497 3991 5047 4863 4358 4306 4440 4485 4345 4294 4400 4776 4519 4340 4773 4406 4510 4414 
4101 4562 4708 4575 4073 4523 4478 4873 4667 4364 4416 4454 4265 4545 4768 4114 4945 4868 4437 4072 4781 4749 4304 4196 4324 4609 4473 4220 4606 4494 4674 4054 
3824 4067 4297 4288 3882 4043 4313 4371 4127 4040 3848 4239 4140 4311 4279 3970 4440 4527 3953 3634 4069 3880 3919 3879 3967 4178 3968 4243 4112 3981 4174 4188 
4571 4767 4593 4461 4324 4627 4778 5161 4889 4624 4503 4650 4718 4738 4848 4375 5007 5140 4624 4501 4573 4578 4347 4281 4362 4739 4507 4488 4931 4446 4647 4381 
4209 4301 4673 4292 4124 4342 4464 4601 4607 4278 4294 4290 4372 4445 4419 3899 4756 4690 4132 3956 4472 4309 4269 4147 4242 4465 4433 4110 4375 4184 4460 4162 
3911 4527 4686 4292 4002 4260 4239 4616 4165 4288 4065 4477 4178 4532 4571 4117 4564 4589 4172 4057 4368 4258 4146 4133 3995 4376 4353 4388 4310 4109 4279 3967 
4329 4716 4541 4478 4224 4523 4574 4789 4500 4256 4129 4625 4685 4609 4625 4059 4882 4750 4329 3960 4258 4461 4437 4531 4447 4697 4681 4339 4779 4441 4658 4172 
4620 4665 4725 4504 4268 4753 4835 5009 4647 4823 4558 4636 4682 4978 4883 4101 5033 5085 4432 4295 4669 4607 4580 4409 4505 4643 4543 4493 4794 4444 4849 4501 
4167 4485 4511 4345 4061 4514 4275 4791 4593 4474 3975 4323 4434 4620 4350 4106 5013 4703 4193 3877 4374 4455 3963 4150 4316 4402 4176 4198 4733 4199 4512 4255 
3984 4383 4508 4468 4057 4369 4496 4969 4430 4244 4078 4500 4574 4631 4641 4247 4754 4735 4245 4037 4367 4393 4079 4192 4213 4540 4319 4329 4469 4274 4364 4235 
4214 4418 4565 4481 4145 4451 4180 4854 4448 4292 4533 4765 4434 4507 4725 4278 4843 4769 4403 4173 4508 4424 3987 4197 4305 4696 4316 4500 4703 4225 4394 4315 
4398 4461 4573 4617 4363 4478 4609 4823 4682 4310 4263 4604 4419 4497 4650 4076 4692 4805 4542 4231 4484 4321 4125 4233 4493 4589 4408 4424 4723 4367 4690 4314 
4797 4934 4901 4802 4625 4924 4940 5330 4796 4885 4584 5062 4832 4958 5041 4415 5370 5221 4734 4303 4714 4906 4493 4787 4809 4796 4912 4629 5185 4411 4572 4663 
4156 4099 4411 4254 4016 4137 4398 4576 4239 4011 4095 4154 4078 4232 4760 3817 4212 4419 4146 3786 4286 4218 3927 4182 3978 4160 4317 3984 4370 4093 4397 3785 
4220 4454 4569 4479 4339 4553 4514 4819 4599 4606 4148 4490 4540 4436 4831 4001 4644 4940 4148 4316 4454 4373 4188 4251 4247 4546 4568 4099 4756 4289 4413 4240 
4721 4814 5093 4866 4361 4649 4944 4822 4670 4709 4397 4749 4528 4895 4792 4366 4792 5082 4328 4394 4658 4595 4320 4402 4551 4561 4805 4798 4854 4510 4527 4451 
4374 4673 4677 4726 4230 4557 4860 5023 4421 4441 4408 4649 4531 4559 4539 4280 4879 4884 4340 3993 4534 4610 4291 4483 4444 4587 4760 4337 4664 4324 4514 4529 
3983 4468 4585 4611 4258 4600 4627 4852 4645 4535 4495 4720 4506 4515 4536 4224 4683 4979 4302 4010 4377 4447 4078 4224 4330 4543 4759 4455 4664 4245 4407 4317 
3970 4421 4501 4310 4188 4510 4372 4603 4217 4639 4230 4237 4214 4529 4625 4010 4601 4746 4165 4059 4324 4130 4018 4124 4054 4289 4236 4033 4483 4064 4372 4131 
4033 4210 4100 4400 3883 4340 4268 4529 4264 4503 4114 4441 4303 4301 4316 4028 4748 4602 3990 4031 4313 4227 4279 4174 3897 4347 4369 4236 4379 3963 4251 4101 
