4045 4133 4443 4193 3960 4367 4283 4437 4521 4291 4195 4330 4195 4345 4631 3770 4763 4644 3846 4165 4086 4214 3662 4277 4221 4589 4249 3978 4371 4118 4276 4193 
3801 3856 4091 4209 3546 3803 3981 4236 4093 3867 3926 3866 3848 3957 4182 3538 4333 4196 3703 3643 4196 4103 3811 3819 3874 4189 3883 3904 4043 3748 3900 4052 
3513 3862 4220 3897 3496 3751 3855 4114 3868 3661 3874 3840 3807 3943 3922 3484 4228 4062 3596 3501 3998 3704 3532 3858 3882 4136 3816 3728 3965 3582 4012 3918 
3776 3833 3976 3893 3584 3789 3699 4194 3899 3844 3675 3962 3850 3813 3873 3524 4334 4326 3711 3579 3819 4043 3811 3964 3674 4023 4016 3695 3665 3518 3802 3740 
3638 4052 4146 3968 3490 3987 3776 4072 4023 3705 3864 3756 3663 3824 3743 3492 4410 3986 3550 3774 3970 3741 3619 3756 3716 4134 3992 3625 4033 3705 3976 3872 
3545 3736 3977 3741 3401 3579 3578 4004 3992 3615 3805 3688 3644 3961 3680 3425 4233 3992 3527 3478 3913 3713 3480 3783 3704 3926 3834 3871 3960 3453 3799 4193 
3592 3892 4021 4071 3507 3813 3662 4010 4153 3815 3657 3901 3968 3803 3887 3577 4430 4099 3525 3454 3927 3945 3686 3867 3873 3764 3720 3794 3966 3421 3984 4180 
3703 3940 4185 3842 3506 3892 4100 4269 4098 3938 3806 4121 3926 3998 3959 3628 4339 4372 3636 3594 4160 3872 3587 4054 3911 4111 4058 3932 4077 3480 4082 4112 
3932 3968 4341 4037 3620 3867 4125 4322 4246 3861 3747 3985 3868 3957 4193 3484 4524 4233 3544 3683 4060 3919 3671 3982 3874 4274 3788 3974 4253 3681 4032 4124 
4082 4148 4474 4215 3908 4231 3970 4518 4514 4176 4054 4180 4224 4217 4385 3812 4535 4695 4010 4028 4256 4284 3877 4419 4278 4489 4251 3939 4232 3806 4129 4318 
4006 4021 4426 4083 3672 4296 3980 4190 4236 4103 4031 4257 4075 3938 4122 3685 4524 4493 3609 3860 4228 4133 3667 4159 3922 4178 4161 3854 4371 3718 4139 4178 
3681 3835 4205 3686 3528 3758 3716 4016 4010 3869 3786 3973 3756 3802 3975 3452 4302 4124 3605 3490 3907 3839 3760 3806 3831 3831 4057 3854 4140 3645 3687 3784 
3832 3791 4056 4015 3644 3722 3798 4048 3935 3850 3720 3882 3878 4063 3867 3331 4386 4179 3709 3682 3916 3861 3655 3860 3844 4147 3900 3766 4051 3668 3800 4032 
3633 4001 4137 4063 3471 3870 3715 4259 4200 3820 3885 3976 3733 3865 4149 3549 4485 4255 3845 3575 4299 4271 3701 3828 3877 4099 3949 3781 4080 3781 4077 3743 
3231 3325 3690 3664 3120 3317 3519 3652 3591 3406 3343 3625 3543 3514 3588 3272 3799 3829 3259 3097 3514 3304 3219 3349 3375 3525 3410 3669 3397 3267 3410 3795 
3816 3890 3914 3803 3517 3696 3786 4342 4307 3814 3868 3847 3921 3827 4054 3605 4292 4363 3742 3759 3920 3867 3508 3793 3660 4001 3812 3831 4003 3465 3790 3899 
3689 3569 4064 3827 3401 3668 3738 3942 4103 3684 3773 3758 3703 3790 3697 3228 4126 4091 3458 3397 3926 3662 3567 3703 3735 3878 3840 3588 3694 3534 3793 3732 
3478 3837 4180 3776 3397 3641 3601 3957 3738 3791 3596 3946 3709 3899 4052 3551 4066 4048 3568 3638 3898 3832 3582 3839 3540 3933 3861 3900 3801 3471 3732 3646 
3729 3891 3950 3910 3402 3729 3791 4055 3975 3611 3601 3983 4060 3944 3965 3425 4231 4034 3608 3414 3728 3761 3659 4017 3834 3994 4024 3799 3962 3612 3906 3723 
3977 4030 4235 4032 3587 4049 4130 4318 4180 4230 4021 3904 3964 4264 4168 3508 4478 4459 3677 3814 4137 4046 3889 3967 3927 4006 4051 4071 3995 3691 4283 4080 
3598 3665 3966 3848 3328 3755 3509 4063 4035 3838 3485 3719 3852 3823 3707 3465 4406 3938 3475 3364 3840 3821 3382 3644 3749 3805 3600 3647 4052 3429 3852 3844 
3517 3682 3940 3948 3408 3667 3834 4249 3949 3602 3649 3893 3942 3979 4054 3617 4149 4176 3631 3446 3827 3827 3390 3824 3744 4075 3791 3847 3766 3621 3783 3838 
3860 3869 4169 4196 3682 3937 3644 4381 4032 3847 4171 4204 3897 4057 4316 3804 4373 4395 3953 3795 4167 3994 3391 3888 3913 4240 3985 4138 4189 3734 3940 3995 
3706 3550 3943 4012 3440 3603 3738 4046 4018 3659 3590 3874 3673 3643 3930 3324 4018 4047 3637 3553 3892 3725 3426 3781 3842 3868 3662 3760 3983 3502 3902 3814 
4088 4169 4229 4264 3893 4119 4108 4479 4103 4140 3986 4220 4118 4156 4297 3732 4630 4457 4017 3711 4199 4262 3784 4235 4100 4107 4285 3997 4426 3583 3909 4218 
3635 3534 3915 3805 3414 3485 3710 3959 3804 3509 3635 3556 3579 3579 4203 3320 3775 3884 3595 3338 3877 3724 3306 3814 3449 3730 3829 3556 3807 3400 3919 3438 
3562 3690 4054 3930 3669 3759 3703 4108 4036 3957 3635 3844 3898 3770 4150 3423 4074 4241 3399 3638 3865 3762 3507 3802 3656 3943 3890 3595 3988 3504 3791 3829 
4011 3935 4403 4196 3656 3795 3944 3920 4058 3965 3791 4026 3939 4121 4107 3686 4186 4270 3534 3699 4154 3950 3613 3937 3878 3961 4007 4145 4116 3499 3816 4037 
3783 3934 4150 4195 3587 3861 4044 4286 3903 3943 3889 3960 3984 3893 3911 3673 4292 4209 3638 3578 4059 4057 3604 4049 3865 4057 4246 3802 3953 3609 3897 4204 
3489 3889 4137 4186 3662 3935 4059 4289 4189 4018 4121 4205 4033 3999 4043 3762 4237 4472 3796 3583 4025 3953 3528 3837 3823 4085 4254 4028 4102 3641 3968 3951 
3252 3637 3844 3709 3476 3684 3512 3819 3627 3932 3687 3520 3567 3729 3905 3305 3919 3958 3401 3396 3751 3513 3296 3595 3440 3705 3650 3492 3674 3183 3681 3687 
3547 3504 3635 4003 3378 3734 3650 3800 3754 3883 3561 3809 3780 3712 3783 3419 4149 4013 3354 3584 3814 3777 3697 3800 3444 3789 3889 3728 3817 3301 3711 3757 
