2697 2722 3074 2758 2800 2960 2928 3074 3173 2814 2879 2908 2824 3229 3229 2599 3383 3155 2707 2821 2914 2929 2670 2878 2985 3256 2849 2708 3129 2858 2866 2865 
2549 2453 2708 2626 2369 2466 2531 2854 2831 2436 2646 2370 2493 2792 2832 2273 3061 2823 2518 2364 2790 2780 2763 2538 2501 2865 2456 2600 2702 2584 2558 2697 
2362 2618 2874 2548 2424 2499 2537 2825 2736 2277 2626 2575 2536 2830 2750 2439 2963 2851 2502 2392 2867 2631 2547 2771 2746 2909 2563 2519 2714 2495 2703 2621 
2416 2420 2777 2521 2421 2466 2416 2832 2728 2510 2544 2667 2427 2775 2723 2392 2948 3001 2649 2381 2822 2813 2646 2644 2536 2813 2561 2462 2517 2416 2517 2505 
2458 2603 2705 2584 2355 2646 2439 2707 2658 2380 2559 2461 2423 2667 2478 2190 3049 2664 2487 2511 2686 2641 2604 2563 2520 2761 2691 2448 2761 2535 2708 2604 
2449 2558 2836 2507 2411 2515 2421 2853 2902 2482 2794 2504 2504 2989 2643 2376 3075 2758 2536 2480 2856 2635 2574 2642 2711 2842 2731 2697 2797 2557 2684 2872 
2206 2432 2599 2527 2356 2458 2308 2559 2791 2287 2480 2425 2476 2592 2562 2292 2958 2731 2329 2323 2638 2642 2502 2422 2459 2559 2311 2417 2472 2240 2532 2718 
2309 2451 2775 2401 2484 2545 2590 2792 2826 2453 2508 2631 2518 2820 2619 2401 2908 3006 2353 2431 2877 2523 2445 2623 2482 2801 2556 2480 2648 2289 2682 2688 
2529 2440 2814 2497 2375 2521 2618 2840 2911 2377 2382 2509 2500 2714 2826 2163 3075 2819 2235 2425 2627 2678 2515 2572 2588 2812 2452 2572 2709 2452 2639 2708 
2683 2675 3008 2753 2774 2869 2583 3062 3182 2708 2817 2679 2742 2969 3063 2575 3157 3250 2766 2828 3054 2939 2748 2987 2977 3195 2781 2585 2844 2593 2767 2911 
2727 2629 3048 2617 2541 2995 2510 2882 3009 2595 2646 2856 2735 2797 2810 2447 3046 3004 2419 2635 2962 2818 2599 2889 2644 2912 2635 2535 2985 2542 2776 2829 
2459 2528 2881 2394 2517 2593 2378 2793 2852 2533 2739 2674 2507 2855 2793 2354 3076 2802 2510 2431 2764 2675 2697 2515 2650 2797 2713 2583 2843 2600 2507 2539 
2409 2403 2722 2559 2540 2418 2378 2667 2661 2431 2550 2390 2407 2873 2563 2119 2927 2805 2569 2515 2741 2530 2535 2401 2624 2881 2407 2385 2654 2515 2472 2767 
2354 2587 2766 2718 2392 2548 2489 2911 2848 2447 2621 2636 2566 2714 2887 2346 3045 2880 2610 2349 3023 2932 2655 2527 2579 2740 2644 2565 2847 2543 2632 2571 
2071 2034 2208 2259 2050 2122 2134 2348 2316 2050 2076 2216 2206 2403 2188 2012 2526 2543 2036 1976 2233 2198 2287 2195 2151 2309 2091 2253 2132 2032 2028 2446 
2525 2447 2573 2499 2440 2433 2592 3012 2990 2382 2649 2630 2571 2720 2811 2308 2921 2925 2551 2561 2744 2715 2457 2382 2491 2848 2546 2562 2708 2330 2404 2524 
2456 2359 2799 2594 2391 2538 2399 2716 2966 2427 2596 2518 2437 2755 2596 2201 2812 2797 2361 2434 2830 2621 2618 2492 2724 2778 2622 2405 2482 2461 2687 2573 
2336 2578 2888 2434 2320 2549 2290 2723 2635 2495 2473 2504 2406 2830 2799 2371 2820 2880 2453 2407 2696 2627 2488 2688 2409 2733 2560 2600 2588 2428 2627 2525 
2496 2642 2741 2683 2468 2624 2592 2754 2813 2512 2549 2757 2757 2950 2905 2357 3144 2902 2499 2525 2654 2690 2745 2750 2743 3003 2836 2644 2711 2499 2679 2552 
2677 2633 2888 2672 2448 2773 2768 3096 2944 2791 2720 2666 2721 3180 2911 2370 3126 3004 2630 2561 2948 2921 2800 2735 2689 2870 2699 2759 2757 2620 2948 2744 
2436 2313 2713 2533 2282 2544 2344 2745 2899 2510 2407 2513 2510 2706 2637 2304 3014 2640 2354 2245 2642 2619 2355 2386 2622 2623 2383 2542 2826 2430 2525 2639 
2364 2381 2580 2603 2368 2418 2442 2825 2699 2300 2452 2522 2623 2810 2731 2442 2792 2836 2399 2339 2590 2552 2338 2499 2422 2829 2531 2526 2438 2462 2552 2546 
2421 2411 2580 2537 2368 2525 2169 2861 2647 2245 2684 2664 2486 2819 2755 2433 2866 2798 2612 2323 2730 2699 2226 2355 2540 2898 2494 2647 2803 2462 2391 2662 
2449 2350 2692 2770 2408 2458 2496 2807 2821 2391 2565 2669 2476 2641 2725 2224 2759 2751 2655 2437 2826 2679 2469 2470 2685 2743 2460 2407 2705 2529 2680 2536 
2694 2656 2826 2766 2680 2705 2683 3085 2872 2591 2713 2855 2629 2842 2975 2279 3183 3016 2659 2394 2836 2922 2614 2847 2681 2824 2804 2676 2935 2393 2548 2830 
2329 2407 2595 2537 2282 2374 2419 2665 2691 2167 2396 2486 2440 2589 2868 2260 2577 2694 2532 2240 2722 2695 2443 2582 2352 2579 2643 2388 2583 2286 2648 2272 
2233 2353 2605 2446 2478 2403 2376 2796 2904 2560 2443 2490 2590 2684 2832 2271 2726 2836 2308 2450 2688 2618 2413 2559 2470 2786 2494 2240 2615 2333 2535 2466 
2747 2665 2975 2836 2570 2657 2604 2730 2858 2585 2701 2612 2609 3012 2854 2435 2995 2990 2447 2579 2947 2770 2584 2692 2701 2778 2631 2773 2877 2479 2674 2772 
2407 2384 2697 2555 2483 2491 2575 2809 2803 2408 2601 2554 2464 2639 2542 2386 2949 2840 2401 2435 2733 2788 2542 2708 2552 2742 2803 2532 2624 2419 2571 2678 
2184 2395 2628 2508 2477 2429 2560 2802 2735 2461 2706 2558 2509 2707 2743 2412 2814 2890 2456 2222 2751 2672 2454 2530 2409 2740 2661 2589 2680 2425 2422 2503 
2135 2359 2449 2308 2393 2409 2236 2622 2555 2611 2422 2368 2351 2624 2639 2039 2571 2620 2258 2253 2554 2511 2298 2438 2287 2514 2347 2286 2460 2200 2483 2413 
2151 2056 2245 2431 2092 2410 2259 2393 2620 2308 2186 2340 2208 2369 2412 2136 2659 2500 2127 2258 2515 2419 2464 2332 2222 2441 2375 2319 2433 2205 2352 2278 
