1372 1386 1632 1529 1347 1421 1518 1709 1685 1316 1464 1365 1506 1506 1771 1242 1612 1738 1442 1364 1471 1399 1242 1374 1461 1688 1562 1348 1587 1528 1387 1394 
1326 1310 1544 1584 1310 1271 1334 1613 1477 1272 1333 1114 1513 1355 1685 1191 1451 1669 1346 1300 1422 1350 1249 1243 1470 1588 1424 1222 1510 1515 1344 1412 
1039 1309 1439 1288 1245 1146 1272 1508 1420 1146 1246 1129 1337 1246 1629 1063 1347 1473 1305 1057 1356 1145 1112 1255 1413 1445 1266 1078 1278 1265 1215 1300 
1076 1258 1489 1388 1169 1202 1311 1381 1323 1198 1273 1157 1351 1304 1542 1141 1486 1542 1360 1163 1404 1215 1235 1174 1427 1485 1427 1054 1305 1388 1200 1227 
1213 1301 1456 1444 1261 1313 1179 1391 1351 1090 1226 1078 1221 1264 1410 1068 1493 1375 1293 1243 1301 1267 1126 1236 1318 1476 1446 1164 1360 1369 1295 1259 
1129 1230 1364 1322 1156 1136 1279 1585 1459 1244 1240 1043 1216 1423 1430 1102 1347 1466 1244 1187 1336 1196 1117 1258 1315 1399 1408 1296 1365 1290 1259 1353 
903 1146 1210 1272 1056 1099 1033 1212 1265 1081 1073 1044 1203 1032 1325 1089 1221 1313 1058 1049 1255 1120 1024 1019 1107 1167 1172 1038 1159 1207 1244 1194 
1108 1326 1456 1207 1069 1164 1213 1470 1422 1223 1256 1179 1329 1317 1513 1218 1357 1534 1167 1095 1304 1116 1039 1171 1218 1386 1251 1146 1294 1219 1180 1317 
1319 1381 1647 1444 1332 1216 1495 1698 1481 1245 1317 1237 1378 1293 1695 1070 1623 1580 1290 1271 1377 1398 1218 1253 1445 1655 1424 1192 1556 1517 1392 1475 
1382 1430 1582 1524 1406 1399 1335 1668 1738 1366 1359 1171 1433 1408 1733 1265 1564 1691 1438 1397 1490 1411 1385 1424 1504 1709 1488 1230 1415 1525 1398 1490 
1274 1347 1481 1302 1258 1401 1219 1517 1549 1137 1260 1308 1347 1252 1556 1178 1401 1584 1234 1152 1363 1302 1161 1396 1350 1461 1308 1051 1467 1312 1291 1335 
1186 1392 1494 1312 1247 1269 1173 1485 1432 1231 1295 1263 1307 1279 1525 1123 1519 1490 1295 1187 1382 1262 1241 1190 1425 1482 1421 1138 1508 1435 1150 1353 
1049 1154 1392 1347 1179 1097 1117 1335 1257 1128 1177 973 1121 1263 1435 953 1306 1385 1253 1131 1296 1123 1096 1088 1336 1450 1254 985 1350 1298 1190 1261 
1034 1319 1422 1451 1226 1224 1249 1538 1389 1205 1330 1231 1429 1234 1680 1152 1432 1469 1493 1136 1445 1367 1191 1146 1361 1453 1390 1230 1466 1396 1330 1370 
1090 1025 1177 1266 1081 1005 1118 1318 1206 1133 941 1044 1187 1194 1277 1040 1214 1365 1080 1065 1116 962 1092 1076 1090 1242 1131 1139 1052 1157 978 1168 
1267 1232 1393 1403 1277 1189 1372 1663 1604 1181 1391 1295 1345 1300 1617 1158 1435 1598 1333 1235 1363 1356 1123 1156 1236 1445 1411 1217 1402 1343 1162 1248 
1015 1115 1324 1291 1140 1109 1127 1258 1372 1163 1162 947 1117 1167 1342 964 1228 1410 1139 1138 1233 1108 1096 1137 1315 1362 1307 934 1185 1302 1157 1215 
955 1338 1477 1300 1115 1199 1154 1434 1307 1250 1154 1043 1290 1352 1508 1163 1267 1493 1199 1124 1212 1147 1123 1268 1241 1391 1326 1128 1166 1257 1236 1189 
1148 1339 1284 1359 1216 1257 1262 1484 1340 1160 1167 1187 1332 1278 1586 1149 1435 1471 1250 1103 1252 1253 1194 1316 1259 1448 1424 1155 1238 1291 1196 1187 
1292 1295 1441 1547 1283 1310 1474 1706 1518 1488 1343 1319 1482 1502 1722 1201 1584 1607 1416 1219 1464 1412 1261 1282 1435 1554 1387 1300 1425 1505 1441 1417 
1248 1169 1382 1455 1218 1154 1201 1540 1488 1369 1150 1302 1442 1241 1551 1137 1554 1444 1234 1209 1340 1242 1109 1162 1422 1397 1322 1243 1473 1397 1281 1415 
1227 1191 1328 1508 1197 1135 1255 1512 1463 1124 1113 1128 1483 1279 1588 1197 1352 1540 1292 1110 1264 1224 1102 1049 1225 1574 1399 1226 1199 1382 1247 1246 
1227 1347 1364 1520 1257 1320 1197 1656 1415 1161 1355 1307 1405 1446 1665 1273 1456 1572 1400 1221 1372 1384 1042 1159 1329 1573 1402 1379 1498 1341 1262 1404 
1213 1253 1463 1578 1337 1275 1373 1489 1517 1316 1250 1276 1370 1426 1616 1129 1391 1604 1456 1337 1362 1297 1151 1241 1582 1508 1302 1174 1455 1448 1376 1298 
1295 1324 1373 1426 1299 1272 1292 1656 1447 1171 1316 1331 1343 1307 1514 1081 1511 1516 1336 1031 1265 1272 1142 1380 1270 1434 1431 1263 1461 1322 1179 1363 
1130 1226 1505 1528 1285 1186 1319 1530 1427 1027 1214 1213 1460 1280 1699 1191 1258 1532 1409 1127 1421 1377 1189 1280 1404 1415 1435 1167 1360 1317 1318 1197 
1094 1130 1375 1339 1277 1139 1202 1385 1550 1244 1240 1113 1406 1216 1666 1116 1336 1476 1214 1196 1350 1201 1107 1240 1336 1490 1351 1115 1317 1331 1307 1225 
1126 1234 1436 1503 1309 1142 1250 1386 1368 1180 1279 1252 1319 1332 1521 1107 1415 1490 1261 1138 1304 1218 1029 1149 1348 1452 1336 1125 1372 1356 1227 1341 
1110 1121 1335 1318 1223 1066 1240 1350 1385 1106 1225 1046 1282 1185 1311 1054 1335 1429 1209 1107 1180 1190 1072 1196 1216 1255 1458 1086 1295 1269 1155 1338 
1019 1234 1304 1361 1160 1183 1342 1528 1320 1102 1324 1110 1424 1278 1557 1187 1430 1550 1301 1052 1235 1182 959 1157 1285 1401 1364 1187 1415 1306 1069 1210 
988 1216 1340 1238 1177 1127 1098 1353 1286 1185 1222 1096 1272 1305 1403 987 1279 1437 1228 1142 1287 1195 1071 1229 1195 1366 1188 1105 1286 1161 1245 1209 
1015 1007 1069 1320 1008 1079 1120 1327 1318 1081 1018 1020 1124 1180 1308 1116 1133 1320 1132 1115 1067 1081 1128 1037 1163 1170 1226 1050 1238 1165 1077 1062 
