3514 3525 3836 3503 3471 3613 3660 3793 3831 3577 3534 3568 3511 3945 3885 3236 4070 3882 3317 3561 3643 3650 3175 3669 3599 4061 3542 3303 3873 3535 3571 3577 
3205 3179 3381 3432 2982 3078 3232 3475 3462 3117 3210 3027 3122 3465 3409 2862 3636 3426 3049 3004 3572 3407 3170 3149 3195 3554 3059 3170 3404 3153 3182 3356 
2902 3185 3558 3227 2948 2960 3175 3341 3184 2911 3160 3138 3121 3407 3279 2923 3414 3303 2995 2896 3497 3113 2951 3234 3264 3490 3137 3025 3293 3001 3254 3213 
3094 3149 3376 3151 2994 3068 3048 3444 3259 3150 3072 3209 3074 3357 3157 2890 3581 3596 3133 3002 3311 3396 3188 3264 3025 3432 3246 3017 3082 2905 3101 3148 
3046 3283 3398 3326 2915 3247 3012 3295 3300 2957 3146 3061 2974 3318 3013 2804 3590 3196 3008 3187 3434 3212 3013 3098 3115 3466 3266 2925 3373 3111 3269 3174 
3066 3165 3396 3218 2988 3041 3011 3402 3476 3078 3223 3131 3073 3542 3142 2920 3655 3355 3075 3034 3440 3205 3047 3286 3250 3491 3334 3237 3375 3000 3206 3546 
2906 3121 3303 3354 2916 3052 3043 3158 3366 3092 2992 3080 3104 3257 3200 2924 3607 3349 2879 2884 3389 3311 3037 3072 3226 3208 3017 2931 3246 2809 3122 3448 
2977 3092 3511 3143 2929 3097 3308 3397 3342 3158 3091 3307 3141 3478 3277 2927 3470 3528 2939 3013 3571 3153 2914 3265 3126 3526 3223 3091 3363 2885 3295 3362 
3256 3244 3646 3425 3076 3196 3426 3565 3587 3213 3080 3284 3207 3416 3540 2815 3775 3489 2921 3093 3495 3389 3066 3317 3312 3653 3135 3208 3552 3145 3354 3502 
3429 3463 3786 3532 3358 3529 3298 3738 3796 3464 3398 3406 3442 3697 3710 3213 3792 3900 3394 3452 3763 3619 3322 3710 3658 3954 3518 3160 3619 3197 3396 3670 
3333 3273 3696 3306 3108 3550 3162 3403 3524 3363 3248 3409 3345 3355 3412 3016 3732 3622 2911 3264 3611 3441 3124 3516 3283 3522 3291 3076 3714 3079 3361 3468 
3042 3128 3431 3036 2987 3115 2946 3293 3317 3130 3173 3214 3057 3357 3288 2819 3616 3300 2995 2946 3320 3264 3144 3123 3230 3336 3292 3037 3494 3048 2988 3106 
3216 3187 3441 3389 3080 3140 3088 3346 3260 3238 3148 3104 3142 3600 3213 2770 3752 3480 3136 3189 3445 3288 3107 3162 3315 3677 3119 3093 3431 3126 3152 3522 
3119 3371 3536 3534 3012 3268 3194 3601 3499 3168 3282 3328 3117 3477 3582 2978 3821 3558 3240 3001 3862 3739 3167 3284 3311 3608 3286 3148 3596 3241 3336 3263 
2687 2663 3027 3056 2590 2660 2873 2877 2830 2804 2685 2907 2859 3072 2875 2636 3059 3072 2595 2537 3016 2753 2721 2708 2803 2968 2730 2837 2819 2677 2593 3114 
3181 3112 3213 3187 2997 2972 3185 3577 3551 3066 3228 3121 3107 3280 3378 2915 3487 3531 3123 3160 3437 3275 2885 3002 3041 3443 3128 3026 3351 2867 2983 3195 
3152 3030 3513 3270 2955 3115 3101 3305 3533 3109 3178 3083 3054 3317 3161 2761 3406 3397 2936 2963 3468 3184 3134 3087 3289 3424 3178 2902 3172 3049 3221 3250 
3011 3331 3593 3215 2926 3144 3064 3387 3164 3268 3017 3207 3200 3499 3409 2984 3474 3468 3085 3103 3361 3309 3092 3313 3072 3372 3233 3239 3321 2967 3151 3137 
3153 3295 3436 3358 2979 3201 3258 3357 3384 3125 3108 3404 3411 3548 3431 2897 3630 3443 3050 3032 3296 3246 3195 3400 3362 3614 3458 3131 3397 3100 3239 3209 
3370 3318 3613 3416 3134 3337 3525 3718 3517 3578 3436 3241 3338 3779 3521 2878 3791 3706 3140 3228 3633 3525 3317 3329 3314 3457 3422 3326 3408 3188 3627 3418 
3036 2929 3332 3221 2797 3063 2991 3321 3387 3218 2933 3047 3016 3297 3152 2835 3707 3212 2831 2766 3320 3253 2796 2986 3217 3277 2897 3029 3447 3012 3143 3251 
2855 2917 3203 3231 2857 2903 3094 3446 3215 2865 2877 3145 3134 3361 3312 2976 3320 3277 2934 2803 3235 3123 2779 3081 3108 3450 3012 3058 3045 3013 2972 3043 
3112 3107 3325 3375 3072 3134 2898 3562 3203 3020 3362 3334 3116 3499 3443 3066 3529 3469 3170 3022 3489 3360 2710 3111 3237 3588 3108 3235 3518 3071 3107 3255 
3004 2841 3205 3430 2879 2926 3048 3292 3270 2956 3036 3194 2977 3159 3185 2703 3284 3273 3064 2936 3371 3139 2862 3030 3229 3318 3003 2945 3292 2947 3237 3151 
3422 3394 3631 3584 3341 3325 3426 3717 3463 3413 3356 3506 3320 3605 3680 3026 3845 3642 3304 3089 3697 3637 3168 3546 3446 3520 3534 3266 3689 3025 3167 3539 
2976 2991 3293 3164 2909 2858 3080 3274 3190 2827 3051 2881 2950 3129 3503 2760 3109 3265 3019 2823 3362 3151 2795 3141 2938 3161 3201 2869 3178 2820 3271 2901 
2919 2993 3330 3195 3037 3038 2989 3329 3434 3251 3044 3061 3153 3271 3468 2808 3376 3444 2797 3011 3310 3190 2914 3117 3064 3439 3144 2797 3264 2940 3150 3081 
3481 3352 3736 3633 3175 3267 3341 3310 3421 3333 3257 3250 3335 3663 3536 3086 3590 3593 3020 3174 3611 3372 3100 3336 3345 3437 3306 3421 3582 3023 3207 3459 
3194 3227 3514 3452 3100 3167 3400 3541 3433 3262 3287 3330 3222 3448 3265 3075 3674 3529 3094 3085 3592 3473 3077 3422 3306 3574 3552 3219 3388 3107 3308 3557 
2846 3084 3441 3449 3183 3090 3315 3435 3406 3246 3336 3371 3257 3448 3354 3096 3434 3607 3052 2930 3514 3294 2945 3192 3089 3485 3403 3262 3443 3063 3099 3226 
2734 2933 3220 3043 3031 2975 2856 3164 3031 3327 3043 2890 2898 3213 3322 2653 3201 3221 2770 2856 3178 3028 2715 3002 2881 3126 2951 2803 3094 2686 3050 3046 
2853 2839 2918 3219 2783 3023 2988 3069 3142 3139 2830 3046 2901 3126 3094 2818 3389 3182 2726 2923 3247 3115 3017 3102 2858 3215 3102 2982 3147 2731 3013 3036 
