673 717 723 654 619 657 579 673 829 602 639 644 642 651 846 615 802 725 600 737 677 693 445 498 630 765 613 582 711 699 644 706 
717 840 864 793 699 688 628 836 867 735 713 630 781 722 956 715 777 852 722 713 724 722 553 600 785 847 759 613 760 846 721 804 
489 698 663 546 545 483 534 608 660 524 561 490 560 554 699 555 591 654 578 518 559 552 406 405 596 588 529 463 622 605 543 606 
514 635 705 588 556 577 488 575 746 613 626 557 587 627 794 617 709 695 634 609 716 635 492 457 695 647 648 435 594 690 536 655 
706 825 831 718 737 759 568 724 832 657 683 624 641 712 871 632 841 632 720 756 742 734 595 669 783 777 746 600 801 797 744 752 
610 665 671 622 579 555 589 728 725 599 574 581 535 725 683 603 680 663 627 598 671 633 413 518 672 629 708 598 703 677 603 800 
544 749 686 707 642 665 560 705 800 645 629 702 714 646 870 752 704 701 626 595 728 669 508 522 584 618 654 585 634 733 685 743 
597 729 748 593 557 562 526 693 770 630 676 664 661 714 803 672 628 796 587 593 692 622 416 454 608 639 611 561 678 670 605 780 
728 852 883 709 761 679 696 864 841 706 781 745 725 722 989 677 921 802 712 742 720 759 512 586 774 887 731 618 881 790 799 886 
714 816 779 675 662 722 552 692 880 639 643 554 645 681 879 721 804 756 636 773 726 706 550 525 751 776 692 561 666 775 707 762 
677 825 821 620 718 778 597 760 845 625 724 686 755 705 840 694 732 804 617 650 723 698 543 698 695 692 731 536 747 745 704 764 
656 844 797 641 676 681 465 759 822 701 666 687 645 724 865 654 850 704 711 634 728 788 507 554 764 741 737 622 777 792 605 788 
442 629 637 525 507 468 438 551 559 578 514 431 416 553 727 436 658 482 524 563 597 471 420 352 593 613 505 442 587 549 523 614 
495 752 680 606 568 624 531 743 718 645 659 631 587 659 881 631 741 632 664 598 727 667 466 496 636 672 670 615 768 691 642 742 
446 460 501 484 408 329 412 481 551 516 378 480 449 396 544 432 458 548 423 458 404 354 383 358 433 398 450 405 348 552 387 546 
666 656 680 687 588 580 588 762 866 631 709 697 682 661 825 657 707 806 693 663 668 696 430 470 577 703 635 581 662 765 626 728 
658 746 743 729 678 687 574 697 885 725 672 546 689 713 855 662 768 791 691 736 751 683 559 572 772 766 710 516 642 795 621 755 
449 778 759 618 628 603 493 611 678 601 623 564 608 693 778 615 555 713 610 616 655 564 518 524 640 587 699 472 583 677 611 662 
545 746 692 625 570 648 554 682 732 577 581 573 632 592 880 629 671 645 655 560 653 653 577 614 668 597 709 460 546 735 596 665 
574 620 622 626 568 554 505 660 734 674 554 606 556 685 816 560 707 590 520 567 687 620 467 430 624 638 520 465 559 630 588 754 
639 631 718 723 628 538 472 694 781 757 622 671 689 677 770 618 741 685 574 565 682 658 446 517 700 646 699 595 735 691 613 839 
609 677 664 804 614 578 597 750 830 652 554 592 711 645 830 741 670 772 607 653 674 640 423 401 610 728 696 564 597 762 657 737 
517 729 611 655 583 567 454 764 679 577 667 647 594 668 815 600 651 651 645 603 626 709 384 412 605 652 600 601 729 624 586 758 
611 706 766 781 703 637 630 669 825 686 651 637 601 738 843 603 714 770 684 787 664 658 502 557 814 727 639 555 694 731 632 705 
704 744 746 767 685 602 577 811 758 629 623 685 685 617 787 586 799 677 696 597 610 718 497 613 674 675 718 608 751 779 618 776 
586 687 726 778 646 595 640 763 818 547 574 652 729 663 877 703 605 753 721 623 666 694 532 601 715 646 754 563 700 705 657 660 
600 695 744 672 633 625 596 679 884 688 607 633 718 645 944 732 696 726 624 623 699 592 476 544 741 737 657 531 693 702 663 686 
584 745 730 738 646 527 521 654 776 621 619 709 635 657 824 653 724 692 657 563 583 662 416 427 681 653 550 567 689 708 619 687 
690 696 782 738 694 609 696 775 821 669 666 679 714 739 781 642 746 817 685 634 625 732 522 656 739 673 849 579 787 756 654 839 
434 641 606 494 482 498 478 596 640 448 539 499 605 502 713 592 575 658 581 430 530 574 298 431 501 596 523 464 596 584 428 539 
475 656 656 511 614 553 460 606 665 530 656 599 545 625 720 472 638 638 587 578 629 593 451 516 580 573 560 435 679 574 548 661 
544 479 504 690 528 581 506 599 725 554 450 566 530 629 691 581 554 580 527 641 572 574 452 500 609 522 669 531 562 587 613 619 
