5333 5754 5759 5414 5385 5802 5678 5812 5783 5561 5411 5743 5457 5930 6046 5176 6414 5875 5319 5415 5281 5508 5020 5505 5488 5914 5363 5296 5964 5538 5611 5312 
5112 5330 5400 5409 4799 5119 5335 5433 5132 5101 5194 5207 4878 5373 5475 4780 5752 5295 5096 4758 5386 5447 5045 4882 5172 5426 4937 5247 5598 5235 5030 5124 
4742 5254 5433 4852 4741 5018 5165 5291 5084 4829 4965 4991 4921 5313 5128 4697 5621 5343 4932 4707 5089 4821 4617 4806 5016 5271 4940 4912 5238 4929 5159 4907 
5075 5418 5165 4996 4808 5152 4980 5507 5104 4990 4917 5130 4989 5103 5066 4806 5735 5675 5058 4703 4881 5295 4896 5092 4927 5304 5140 4894 4965 4927 4998 4657 
4904 5498 5421 5047 4792 5405 5066 5230 5117 4844 5101 4986 4859 5256 5025 4608 5768 5082 4860 4955 5152 4968 4698 4714 4936 5420 5186 4847 5442 5183 5024 4916 
4892 5177 5060 4761 4739 4898 4783 5281 5080 4743 4966 4902 4760 5329 4969 4649 5678 5175 4762 4607 5005 4929 4597 4850 4838 5237 4894 4993 5164 4821 4970 5045 
4706 5231 5042 4991 4602 5037 4807 5147 5028 4880 4686 5117 4964 5051 5014 4678 5661 5148 4662 4450 4838 5032 4774 4794 4934 4849 4694 4792 5271 4801 4949 5093 
5072 5618 5633 5109 5126 5338 5584 5697 5411 5269 5173 5547 5234 5420 5437 5019 6030 5715 5181 4891 5543 5200 4947 5247 5343 5586 5416 5307 5597 5190 5566 5309 
5106 5480 5509 5153 4925 5204 5423 5455 5260 5018 4854 5312 4958 5347 5505 4737 5820 5428 4895 4849 5141 5173 4945 5005 5077 5562 4850 5208 5668 5206 5155 5142 
5275 5354 5499 5097 5006 5232 5091 5508 5473 5201 5153 5298 5132 5256 5364 4929 5704 5717 5120 4862 5335 5221 4812 5305 5306 5541 5169 4924 5276 4974 5156 5138 
5133 5267 5494 5072 4870 5586 5378 5267 5150 5105 5084 5284 5066 5225 5264 4781 5665 5660 4673 4861 5157 5298 4749 5163 4997 5371 5087 4960 5612 5062 5199 5075 
4745 5319 5381 4824 4919 5096 4942 5188 5034 5033 4827 5106 4877 5155 5188 4506 5695 5308 4847 4635 4979 4993 4833 4763 4916 5060 5207 4975 5498 5063 4895 4660 
4942 5287 5225 5184 4901 4995 5127 5216 5042 4939 4892 5074 5002 5516 4994 4617 5785 5307 4943 4816 5030 5066 4855 4822 4969 5352 4985 5019 5403 5120 5078 5043 
4753 5291 5322 5207 4729 5044 5068 5426 5205 4903 5058 5121 4818 5211 5354 4757 5734 5375 5121 4733 5398 5405 4860 4836 4971 5302 5023 4961 5308 5201 5241 4719 
4490 4760 4907 4927 4399 4602 4875 4920 4624 4563 4485 4772 4670 4914 4928 4523 5214 5009 4646 4202 4611 4470 4409 4443 4587 4731 4463 4954 4664 4691 4775 4775 
5132 5345 5130 4945 4788 5138 5216 5546 5416 5125 5014 5129 5167 5303 5279 4891 5668 5573 5172 4854 5035 5120 4723 4775 4944 5248 4933 5032 5511 4978 5094 4847 
4938 5106 5478 4943 4732 4961 5119 5143 5218 4917 5052 5017 4922 5232 5061 4528 5570 5251 4809 4655 5127 5077 4834 4820 4972 5243 5074 4832 5192 5068 5126 4840 
4573 5295 5398 4903 4622 4828 4757 5140 4757 4907 4760 5065 4727 5187 5237 4749 5387 5067 4766 4676 5037 4752 4573 4639 4616 4997 4864 5176 4959 4751 4778 4574 
4971 5324 5130 4923 4740 5013 4990 5232 4952 4779 4701 5098 5137 5033 5202 4484 5512 5285 4868 4380 4745 4966 4807 5051 4973 5231 5111 4810 5262 4994 5164 4627 
5379 5424 5577 5156 4906 5486 5401 5604 5292 5516 5168 5311 5192 5728 5629 4696 5984 5737 5223 4904 5332 5280 5137 5143 5258 5356 5109 5196 5526 5176 5495 5123 
4864 5097 5114 4918 4658 4919 4930 5283 5081 4958 4611 4951 4938 5267 4890 4736 5741 5295 4801 4413 5009 5145 4499 4747 4992 5071 4692 4897 5369 4930 5038 4842 
4553 5081 5161 5104 4547 4882 5022 5468 4923 4822 4741 5011 5026 5253 5243 4735 5550 5245 4873 4470 5008 4955 4529 4762 4764 5126 4833 4957 5188 4939 4917 4829 
4880 5269 5332 5126 4818 5096 4698 5473 5139 4959 5231 5451 5002 5238 5385 4846 5713 5383 5117 4796 5192 4963 4579 4889 4930 5388 4856 5259 5385 4928 4988 4942 
5089 5182 5293 5123 4893 5051 5153 5303 5265 4898 4892 5175 4886 5103 5263 4667 5443 5328 5124 4815 5048 4860 4555 4858 5025 5251 4916 5059 5274 4984 5171 4862 
5596 5824 5729 5491 5367 5581 5605 5965 5556 5592 5358 5855 5424 5786 5793 5214 6450 5940 5579 4998 5492 5699 5128 5550 5494 5632 5471 5489 6021 5156 5237 5377 
4921 4998 5151 4938 4610 4839 5043 5217 4932 4749 4822 4846 4653 4999 5488 4566 5172 5217 4972 4412 4996 4892 4443 4915 4718 4833 4871 4812 5165 4854 5104 4408 
4959 5242 5295 5051 4941 5097 5097 5392 5199 5221 4873 5167 5132 5154 5424 4664 5438 5493 4834 4912 5172 5020 4701 4842 4921 5212 5119 4840 5436 5065 4950 4825 
5320 5464 5826 5416 4865 5224 5456 5346 5220 5302 5054 5272 5002 5437 5433 4827 5549 5556 4899 4984 5253 5164 4757 5005 5153 5214 5322 5351 5497 5170 5037 4961 
4849 5237 5237 5214 4663 5028 5272 5422 4923 4940 4962 5106 4939 5055 5093 4727 5586 5266 4847 4447 5038 5098 4690 5002 4878 5123 5147 4885 5266 4798 4922 4978 
4560 5292 5286 5324 4845 5234 5225 5461 5362 5149 5183 5322 5090 5290 5153 4816 5617 5522 4971 4564 5089 5048 4656 4857 4984 5256 5300 5207 5439 5003 5073 5004 
4702 5110 5242 4879 4631 5026 4929 5113 4737 5215 4901 4785 4695 5138 5310 4630 5366 5273 4834 4625 4957 4765 4497 4726 4616 4912 4715 4642 5094 4769 4918 4638 
4662 4880 4699 4894 4385 4822 4772 4960 4825 5116 4821 5128 4847 4953 4941 4689 5491 5129 4602 4556 5052 4770 4763 4700 4474 4959 4866 4972 5154 4647 4850 4645 
