3677 3613 3783 3445 3588 3651 3456 3338 3319 3925 3207 3341 3763 3516 3601 3878 3533 3556 3698 3388 3301 3586 3591 3517 3494 4073 3596 3812 3778 3544 3788 3734 
3298 2968 3284 3098 3323 3376 3038 2886 3231 3317 2746 2830 3137 3037 3001 3374 3125 3158 3240 3091 2912 3168 3248 3080 3097 3435 3204 3321 3276 3108 3376 3317 
3404 3294 3386 3288 3540 3491 3008 3115 3166 3510 2888 2882 3405 3061 3328 3641 3209 3385 3257 3042 3309 3420 3213 3066 3327 3675 3400 3199 3322 3309 3343 3320 
3395 3253 3548 3235 3411 3149 3128 3217 3073 3474 2821 2990 3400 3086 3543 3565 3285 3263 3384 3073 3147 3258 3142 3146 3057 3353 3409 3197 3339 3255 3373 3389 
3260 2847 3360 2995 3237 3524 2997 2903 3154 3227 2820 2837 3149 2854 3228 3466 3155 3074 2953 2912 3000 3079 2971 3083 2892 3414 3077 3098 2971 3231 3319 3220 
3467 3069 3396 3004 3367 3231 2888 2945 2984 3238 2772 2778 3007 2828 3089 3486 2965 3216 3178 2941 2944 3133 3092 3041 2890 3611 3139 3158 3043 3128 3327 3204 
3528 3319 3400 3363 3418 3386 3093 2882 3234 3395 2881 3010 3380 2909 3400 3537 2960 3253 3303 3047 3155 3243 3151 3120 2956 3488 3347 3324 3177 3151 3541 3157 
3327 3334 3393 3234 3306 3314 3190 2968 3245 3638 2879 2978 3374 3323 3424 3593 3366 3329 3441 3158 3147 3377 3127 3170 3151 3527 3411 3427 3285 3381 3624 3289 
3372 3321 3413 3262 3480 3390 3153 2922 3188 3458 2847 3083 3417 3027 3252 3401 3237 3404 3150 3081 3093 3124 3192 3007 3130 3404 3140 3241 3061 3098 3453 3400 
3788 3610 3684 3619 3508 3594 3388 3227 3399 3893 3205 3254 3458 3239 3695 3988 3472 3617 3606 3532 3431 3350 3596 3220 3425 3752 3798 3590 3531 3531 3768 3613 
3686 3483 3500 3144 3335 3391 3205 3386 3154 3720 3101 2940 3353 3183 3652 3622 3423 3233 3373 3113 3307 3281 3472 3043 3109 3626 3207 3193 3290 3448 3497 3571 
3352 3018 3244 2917 3036 3045 2937 2945 3010 3371 2676 2934 3191 2870 3184 3257 3064 3090 3217 2983 2965 3140 3089 2999 2807 3367 3125 3229 3039 3100 3365 3224 
3593 3408 3486 3197 3506 3447 3340 3143 3291 3613 2942 2967 3421 3093 3577 3769 3387 3387 3369 3255 3187 3240 3379 3323 3202 3535 3513 3345 3338 3435 3540 3545 
3573 3396 3590 3235 3307 3373 3122 3062 3283 3721 2804 3016 3218 3150 3275 3518 3276 3087 3296 3214 3300 3175 3400 3200 3151 3595 3507 3463 3281 3267 3470 3402 
3127 2733 3402 2731 3285 3066 2900 2717 3058 3205 2818 2557 3005 2910 3013 3467 3164 3100 3085 2935 2878 3034 2907 2859 2774 3326 3017 3002 2772 3008 3181 3056 
3178 3253 3475 3457 3393 3327 3079 2963 3094 3395 2792 2944 3284 2945 3297 3715 3124 3155 3240 3057 3059 3133 3155 3101 2960 3447 3172 3213 3211 3125 3367 3215 
3285 3054 3331 3002 3157 3172 2891 2808 2924 3349 2450 2566 3118 2719 3133 3463 2938 3001 3051 2856 3187 3030 3194 2852 2915 3329 3124 2903 3080 2881 3103 3050 
3365 3248 3303 2922 3126 3053 3110 3101 3106 3228 2784 2631 3302 3176 3259 3439 3179 3235 3393 2893 2934 3088 3228 2842 2905 3407 2980 3113 2965 3232 3207 3186 
3327 2825 3250 3271 3361 3009 3043 2868 3073 3421 2846 2829 3134 2707 3371 3610 2999 3246 3085 2965 3000 3238 3199 2823 2944 3453 3202 3256 3114 3130 3221 3098 
3581 3409 3563 3508 3481 3433 3208 3196 3288 3872 2976 3112 3479 3248 3625 3762 3517 3469 3456 3208 3391 3383 3394 3210 3131 3729 3504 3611 3376 3528 3715 3530 
3136 3134 3435 3105 3220 3141 2869 2981 3203 3456 2759 2764 3281 3043 3342 3329 3112 3254 3145 3042 2929 3111 3119 2786 2928 3256 3243 3053 3007 3109 3337 3368 
3389 3088 3389 3068 3130 3402 3005 2973 3154 3394 2958 2759 3280 2939 3349 3425 3050 3336 3330 3075 2955 3173 3222 2794 3068 3217 3118 2986 2965 3060 3230 3387 
3504 3104 3651 3223 3331 3343 3126 3259 3300 3683 2907 2877 3474 3529 3590 3551 3276 3423 3483 3340 2926 3304 3117 3061 3130 3601 3408 3466 3251 3463 3432 3358 
3197 3191 3246 3141 3155 3053 2733 2846 2850 3260 2738 2754 3061 3049 3300 3369 3243 3306 3311 2844 3098 3050 3230 2783 2918 3254 3256 3100 2827 2938 3344 3141 
3611 3417 3780 3600 3546 3624 3447 3140 3326 3681 3032 3087 3512 3145 3655 3859 3497 3432 3547 3226 3431 3568 3586 3353 3128 3735 3559 3665 3409 3518 3617 3443 
3127 2904 3250 3038 3148 3046 2837 2983 2795 3075 2763 2680 3140 2922 2944 3275 2827 2937 3068 2724 2997 2961 3141 2750 2795 3203 2938 2939 2862 2955 2988 3019 
3252 3128 3444 3157 3038 3100 3058 3245 3156 3441 2759 2834 3119 2651 3341 3600 3187 3020 3302 3095 3157 3035 3126 2957 3025 3378 3156 3208 2961 3287 3251 3170 
3522 3277 3537 3106 3474 3476 3165 2987 3264 3474 2741 2896 3325 3058 3579 3581 3377 3123 3131 3184 3247 3131 3209 3194 3140 3715 3360 3431 3025 3232 3326 3394 
3509 3224 3620 3020 3293 3412 2990 3246 3203 3395 2949 3133 3311 3063 3368 3691 3139 3148 3258 3176 3027 3125 3216 3080 3290 3689 3408 3293 3286 3440 3449 3364 
3619 3048 3826 3394 3544 3401 2981 3188 3108 3865 2901 3160 3479 3322 3597 3657 3514 3408 3380 3276 3332 3620 3425 3332 3427 3802 3463 3470 3418 3555 3638 3642 
3288 2989 3286 2977 3022 3101 2838 2833 2817 3311 2711 2684 3117 2754 3242 3284 3083 3082 3222 2770 3168 2978 3264 2772 2813 3354 2953 3053 2819 3054 3213 3280 
3367 3107 3240 3114 3286 3123 2925 2832 2861 3424 2712 2782 3199 3132 3164 3333 3108 2934 3067 2908 3015 3156 3128 3033 3055 3433 3053 2984 3026 3163 3280 3096 
