814 846 1037 745 789 718 714 595 712 844 639 797 884 786 872 831 935 911 941 833 824 811 780 797 781 996 808 967 910 858 691 916 
682 558 750 651 668 661 572 421 664 677 602 608 573 593 574 621 778 716 729 640 654 675 668 585 630 674 677 671 715 595 583 725 
766 652 875 615 767 588 612 584 691 831 556 636 726 638 721 749 800 838 800 755 797 681 696 639 691 850 716 760 805 819 552 761 
717 647 819 649 667 612 565 518 612 711 585 748 786 583 759 698 800 834 684 712 728 712 623 643 563 763 697 757 711 702 469 779 
730 494 723 406 543 561 568 322 516 606 591 555 635 504 668 565 603 683 457 618 535 480 503 563 413 657 511 557 619 657 482 639 
720 635 802 634 594 547 583 484 648 690 557 569 613 603 633 708 675 733 783 628 642 662 684 596 646 782 593 733 721 623 556 700 
593 504 579 417 420 464 380 359 523 554 423 504 498 373 477 442 514 535 510 480 541 472 440 485 379 525 462 488 497 447 388 425 
643 576 723 506 598 519 497 525 600 699 467 602 698 607 628 631 643 743 644 652 611 630 581 576 590 722 569 678 637 673 484 614 
789 640 684 609 622 623 658 441 594 689 547 726 720 557 672 657 672 772 623 652 620 616 648 585 612 735 639 716 684 616 452 748 
801 724 861 681 769 735 759 669 768 839 661 687 706 664 777 855 897 943 851 806 787 732 790 648 695 851 778 854 935 831 591 856 
719 673 635 483 525 596 543 580 624 717 588 610 588 592 643 676 723 791 672 677 585 655 653 505 549 659 607 659 702 689 528 597 
650 563 751 577 627 606 477 494 616 685 502 688 665 509 564 569 728 701 662 634 650 669 532 640 551 674 706 681 657 679 451 632 
745 647 853 609 665 706 637 416 692 744 607 605 727 712 722 710 785 744 717 690 768 586 736 668 695 747 717 769 832 702 587 790 
731 679 878 611 706 680 583 558 601 793 597 707 747 601 702 647 826 712 762 722 831 698 642 679 620 739 724 711 754 788 563 762 
720 527 868 603 738 610 660 510 722 701 658 483 600 637 714 735 772 865 704 742 652 643 676 576 560 742 648 637 723 710 599 693 
764 716 780 657 560 552 630 476 607 644 604 701 613 555 625 753 747 736 721 646 641 626 662 622 565 857 626 730 772 691 515 725 
600 526 559 490 451 407 442 347 501 510 387 485 573 404 513 505 524 565 526 491 541 456 439 497 404 555 489 536 583 442 345 507 
661 577 726 510 650 476 581 552 630 730 564 460 684 645 624 689 645 757 612 663 650 594 675 495 503 739 532 650 624 677 520 685 
740 532 704 573 644 586 491 513 607 632 651 560 579 477 730 665 604 788 664 677 679 591 607 553 492 680 683 657 704 683 445 649 
842 815 958 811 824 767 673 691 739 891 730 814 820 718 911 870 955 911 929 848 863 872 821 718 703 918 828 925 930 856 681 899 
670 568 787 529 672 623 558 594 713 797 553 630 652 566 758 576 750 799 687 772 685 622 640 525 605 714 705 716 693 644 536 757 
691 605 743 546 632 673 563 509 574 668 594 579 597 534 708 700 678 814 790 669 656 622 621 543 528 572 660 693 719 646 529 705 
778 575 950 523 719 716 633 520 709 800 673 599 724 756 800 775 811 849 752 831 706 690 651 651 619 831 745 734 789 870 674 785 
666 700 848 621 675 666 544 569 616 794 582 608 685 658 866 628 790 807 789 732 754 699 718 585 703 716 685 764 756 686 600 766 
741 667 782 599 630 576 549 547 568 678 585 640 593 533 678 718 670 769 712 648 625 686 657 655 538 729 616 680 756 746 536 591 
712 631 840 610 626 603 604 439 614 720 564 639 678 586 636 693 707 696 668 616 750 618 644 603 528 742 609 613 745 673 569 742 
660 649 761 633 556 556 577 513 702 608 564 627 555 437 634 711 756 675 769 582 707 577 626 549 490 699 620 693 738 608 514 724 
688 542 818 607 707 624 588 397 647 636 553 675 665 513 688 614 794 739 677 690 682 622 524 660 596 811 701 711 746 706 508 741 
590 491 681 451 441 461 486 405 550 516 416 580 569 447 584 567 626 596 546 539 490 508 440 547 454 585 458 535 594 577 454 551 
720 602 939 690 769 525 568 504 638 735 625 665 724 675 773 650 852 763 724 797 712 734 688 721 719 933 701 794 767 787 611 863 
641 598 812 558 655 558 535 550 626 709 570 536 635 556 725 637 702 767 672 632 690 642 652 545 535 728 577 668 667 685 565 683 
549 558 656 565 457 450 459 493 517 614 508 491 552 632 503 646 635 572 591 565 555 621 644 525 511 590 523 588 562 611 457 600 
