1583 1770 1622 1538 1501 1363 1547 1198 1368 1574 1379 1539 1635 1360 1564 1724 1656 1799 1697 1568 1545 1693 1479 1598 1492 1823 1710 1754 1714 1654 1447 1674 
1240 1260 1356 1316 1241 1109 1146 986 1281 1211 1175 1230 1087 1087 1115 1330 1310 1449 1388 1293 1253 1302 1285 1227 1103 1328 1342 1349 1339 1218 1178 1350 
1412 1581 1422 1444 1483 1186 1327 1227 1411 1504 1315 1346 1441 1253 1384 1575 1496 1706 1520 1438 1446 1483 1381 1408 1359 1625 1610 1482 1485 1572 1291 1448 
1280 1427 1460 1338 1305 1150 1225 1162 1260 1346 1178 1333 1405 1132 1431 1482 1449 1567 1438 1411 1380 1364 1270 1333 1115 1338 1478 1387 1379 1458 1166 1505 
1289 1120 1252 1160 1096 1081 1159 922 1199 1197 1179 1179 1178 963 1312 1267 1197 1374 1094 1201 1170 1117 1075 1230 818 1311 1167 1163 1133 1304 1033 1256 
1401 1384 1374 1264 1206 991 1211 1001 1289 1225 1247 1144 1192 1074 1151 1382 1277 1478 1374 1275 1299 1358 1321 1246 1122 1565 1349 1369 1304 1273 1231 1323 
1287 1390 1193 1181 1245 1032 1205 987 1211 1201 1136 1167 1188 958 1170 1280 1222 1339 1325 1196 1342 1262 1139 1355 902 1303 1387 1278 1204 1215 1211 1244 
1218 1396 1304 1173 1199 1065 1105 1087 1261 1396 1087 1204 1312 1105 1298 1338 1338 1450 1267 1276 1270 1279 1179 1248 1169 1404 1341 1290 1280 1419 1097 1293 
1367 1444 1283 1287 1263 1234 1372 1067 1271 1369 1173 1348 1376 1070 1344 1330 1332 1545 1251 1259 1340 1271 1246 1284 1145 1421 1393 1368 1343 1220 1166 1481 
1420 1549 1440 1386 1435 1250 1400 1227 1379 1528 1334 1291 1324 1155 1420 1619 1566 1699 1500 1529 1453 1373 1468 1291 1306 1598 1610 1484 1578 1564 1282 1582 
1374 1511 1288 1223 1195 1099 1227 1273 1271 1426 1188 1236 1270 1139 1430 1370 1448 1479 1400 1344 1323 1322 1329 1221 1058 1431 1299 1240 1374 1422 1218 1356 
1294 1384 1397 1247 1217 1164 1182 1146 1310 1363 1120 1368 1297 1080 1285 1339 1376 1462 1394 1313 1420 1276 1320 1362 1068 1387 1410 1333 1329 1414 1163 1388 
1351 1515 1410 1376 1335 1286 1337 1081 1451 1447 1281 1273 1406 1156 1492 1513 1500 1465 1406 1379 1526 1272 1369 1440 1255 1510 1523 1428 1550 1435 1305 1610 
1289 1410 1417 1320 1323 1148 1232 1143 1309 1437 1204 1327 1243 1128 1262 1421 1439 1489 1325 1347 1453 1380 1340 1386 1109 1469 1484 1359 1357 1445 1261 1408 
1178 1142 1550 1091 1352 1116 1204 1088 1251 1296 1220 1102 1210 1108 1261 1475 1305 1440 1330 1291 1281 1214 1280 1206 994 1326 1393 1264 1240 1283 1180 1266 
1267 1462 1314 1380 1217 1165 1292 1097 1299 1319 1188 1291 1194 1059 1310 1552 1349 1424 1370 1308 1259 1266 1246 1300 1105 1512 1380 1365 1429 1409 1158 1405 
1285 1301 1208 1232 1115 948 1204 926 1165 1251 1045 1140 1193 966 1213 1361 1220 1372 1129 1147 1333 1171 1236 1228 943 1293 1311 1246 1298 1148 1051 1232 
1257 1381 1333 1225 1312 1021 1201 1287 1338 1369 1180 1111 1357 1213 1343 1398 1332 1523 1377 1307 1303 1267 1339 1200 1031 1462 1324 1229 1223 1421 1193 1444 
1473 1328 1283 1486 1335 1118 1310 1140 1323 1354 1276 1237 1258 1041 1505 1582 1403 1637 1371 1276 1414 1411 1382 1260 1095 1446 1509 1362 1401 1382 1147 1350 
1449 1534 1473 1538 1349 1306 1278 1300 1399 1542 1326 1441 1419 1251 1498 1580 1590 1636 1507 1521 1439 1500 1425 1362 1277 1585 1527 1566 1543 1529 1329 1517 
1259 1380 1413 1248 1293 1153 1234 1216 1358 1466 1198 1283 1315 1147 1352 1352 1474 1606 1419 1452 1361 1326 1405 1254 1172 1450 1505 1381 1355 1379 1288 1438 
1352 1384 1272 1276 1226 1200 1194 1054 1147 1298 1242 1261 1321 1059 1370 1391 1222 1597 1435 1323 1318 1365 1309 1196 1046 1234 1417 1336 1292 1260 1184 1385 
1332 1311 1542 1205 1317 1206 1214 1114 1277 1385 1242 1201 1381 1303 1459 1511 1439 1549 1434 1494 1292 1340 1318 1274 1114 1533 1477 1332 1396 1530 1330 1430 
1169 1303 1354 1294 1220 1037 1060 1083 1147 1308 1119 1168 1194 1158 1405 1314 1390 1441 1347 1232 1336 1301 1360 1216 1121 1369 1393 1303 1221 1272 1151 1289 
1432 1495 1532 1458 1410 1158 1319 1224 1374 1439 1257 1345 1232 1049 1436 1662 1449 1636 1486 1397 1428 1432 1440 1404 1128 1578 1515 1518 1441 1573 1306 1428 
1252 1163 1335 1256 1180 933 1161 986 1132 1158 1051 1137 1191 1008 1093 1267 1205 1317 1202 1062 1274 1214 1223 1157 913 1299 1184 1160 1144 1211 1009 1217 
1254 1407 1423 1388 1133 1113 1265 1223 1405 1283 1160 1269 1186 887 1390 1533 1420 1342 1511 1278 1431 1174 1316 1261 990 1388 1337 1383 1383 1374 1202 1493 
1177 1328 1445 1297 1289 1140 1186 1021 1311 1301 1042 1177 1305 963 1394 1325 1434 1423 1276 1322 1292 1198 1200 1264 1122 1535 1412 1343 1325 1379 1165 1468 
1158 1226 1223 1088 993 978 1051 980 1091 1028 1038 1163 1122 977 1168 1271 1219 1252 1224 1195 1052 1144 1029 1140 1014 1229 1205 1081 1264 1300 1047 1128 
1253 1172 1571 1379 1282 974 1055 1054 1144 1387 1193 1289 1266 1166 1401 1333 1498 1382 1293 1372 1287 1344 1321 1310 1172 1487 1344 1257 1288 1485 1143 1483 
1160 1241 1289 1208 1217 1078 1174 1061 1194 1323 1100 1148 1177 981 1311 1341 1295 1389 1282 1198 1282 1230 1268 1119 963 1387 1161 1237 1180 1265 1147 1323 
1137 1225 1160 1242 1015 866 1028 933 1054 1249 1053 1071 1066 1113 1133 1302 1296 1283 1125 1081 1166 1258 1232 1094 993 1299 1140 1095 1115 1222 1004 1196 
