3091 3075 3242 2809 3075 2998 2810 2639 2715 3197 2561 2849 3091 2722 2925 3361 3005 3122 3135 2824 2752 2922 3096 2947 2842 3283 3047 3159 3122 3119 3061 3055 
2627 2356 2683 2438 2711 2685 2273 2249 2582 2625 2077 2368 2337 2212 2372 2800 2437 2702 2567 2521 2289 2469 2550 2504 2379 2599 2631 2597 2614 2562 2597 2593 
2756 2687 2705 2553 2827 2609 2377 2405 2537 2844 2209 2390 2647 2272 2647 3054 2579 2942 2680 2549 2554 2657 2582 2544 2573 2937 2795 2596 2560 2800 2574 2616 
2807 2589 2927 2495 2749 2531 2393 2619 2432 2726 2166 2471 2572 2299 2831 3015 2710 2836 2765 2496 2463 2544 2504 2554 2357 2627 2806 2528 2555 2793 2616 2693 
2609 2155 2652 2316 2563 2694 2348 2208 2507 2602 2111 2279 2401 2078 2526 2834 2509 2604 2338 2334 2365 2391 2301 2447 2167 2606 2490 2403 2313 2702 2558 2437 
2943 2634 2842 2472 2802 2580 2350 2381 2521 2704 2232 2369 2457 2239 2555 2976 2436 2834 2704 2485 2454 2612 2635 2587 2332 2971 2724 2597 2552 2692 2731 2638 
2863 2652 2644 2554 2671 2637 2410 2267 2563 2643 2150 2407 2516 2078 2661 2818 2379 2688 2642 2516 2487 2449 2501 2635 2136 2645 2707 2615 2450 2561 2708 2475 
2647 2677 2726 2458 2566 2563 2414 2341 2505 2850 2174 2400 2582 2460 2689 2910 2647 2802 2747 2514 2444 2578 2430 2554 2437 2683 2760 2626 2519 2762 2696 2507 
2801 2699 2689 2527 2822 2696 2520 2283 2533 2753 2201 2564 2640 2225 2585 2788 2609 2880 2498 2552 2491 2465 2539 2504 2461 2685 2620 2568 2396 2610 2718 2776 
3096 2963 3075 2913 2878 2890 2665 2607 2729 3080 2589 2737 2716 2473 2917 3306 2930 3171 3061 2903 2781 2670 2953 2658 2714 3006 3114 2928 2864 3045 2993 2895 
2936 2778 2852 2410 2683 2546 2479 2680 2474 2906 2377 2375 2687 2367 2854 2929 2772 2793 2769 2522 2613 2575 2741 2478 2410 2820 2553 2480 2544 2900 2740 2753 
2680 2462 2646 2298 2418 2426 2291 2348 2365 2583 2060 2397 2529 2136 2520 2649 2399 2629 2668 2367 2378 2469 2471 2426 2126 2555 2551 2497 2440 2603 2546 2543 
2934 2791 2910 2592 2981 2786 2681 2605 2688 2866 2325 2461 2721 2455 2871 3149 2874 2954 2863 2683 2717 2554 2789 2779 2577 2770 2969 2721 2782 2914 2859 2925 
2943 2787 3088 2646 2748 2750 2494 2527 2676 3058 2276 2556 2599 2412 2653 2952 2772 2783 2807 2722 2744 2597 2840 2673 2564 2945 2926 2867 2665 2888 2855 2791 
2437 2158 2784 2075 2666 2437 2294 2172 2418 2499 2185 2075 2290 2190 2387 2867 2511 2611 2471 2389 2344 2331 2407 2345 2166 2511 2457 2377 2160 2510 2451 2350 
2578 2612 2784 2666 2674 2593 2390 2345 2396 2648 2155 2490 2434 2173 2580 3043 2542 2640 2622 2374 2369 2467 2492 2466 2253 2726 2555 2601 2558 2683 2608 2514 
2721 2493 2745 2331 2601 2513 2381 2200 2392 2717 1949 2190 2465 2052 2576 2956 2423 2610 2482 2309 2647 2423 2656 2374 2363 2680 2598 2439 2486 2530 2534 2474 
2792 2681 2829 2376 2685 2556 2483 2629 2559 2730 2278 2211 2708 2483 2722 2921 2645 2877 2800 2476 2475 2605 2753 2391 2351 2701 2591 2508 2438 2787 2650 2682 
2814 2374 2696 2671 2758 2513 2496 2383 2572 2739 2297 2352 2498 2146 2812 3086 2550 2835 2650 2501 2511 2633 2705 2407 2380 2838 2736 2671 2530 2709 2623 2529 
3035 2802 2977 2851 2884 2818 2632 2682 2648 3180 2327 2606 2818 2467 2976 3190 2924 2988 2868 2703 2788 2787 2816 2733 2519 3030 3027 2937 2763 3125 2937 2911 
2590 2536 2784 2382 2602 2401 2203 2366 2508 2760 2116 2297 2452 2234 2608 2718 2579 2764 2579 2552 2372 2381 2548 2280 2295 2590 2660 2559 2354 2593 2634 2688 
2662 2430 2685 2307 2415 2473 2294 2305 2436 2611 2290 2327 2455 2115 2603 2739 2371 2801 2643 2446 2284 2451 2536 2205 2315 2422 2493 2368 2271 2474 2441 2574 
2662 2395 2946 2437 2705 2575 2331 2497 2454 2735 2126 2287 2651 2510 2777 2865 2577 2844 2760 2646 2283 2584 2476 2403 2368 2598 2771 2614 2520 2828 2602 2543 
2561 2521 2593 2486 2478 2368 2099 2235 2157 2562 2040 2218 2302 2189 2644 2689 2546 2762 2702 2284 2517 2369 2642 2286 2242 2489 2689 2424 2215 2446 2511 2438 
3027 2738 3174 2843 2844 2861 2649 2493 2663 2918 2376 2626 2646 2376 2943 3238 2894 2925 2926 2648 2744 2841 2866 2767 2444 2989 2832 3033 2786 2972 2870 2700 
2574 2332 2679 2394 2519 2365 2203 2315 2201 2485 2052 2206 2470 2165 2353 2705 2260 2504 2536 2209 2415 2367 2546 2313 2178 2514 2431 2308 2195 2516 2364 2398 
2573 2530 2789 2466 2451 2415 2317 2564 2498 2594 2104 2279 2325 1913 2620 2984 2573 2507 2742 2529 2508 2264 2529 2402 2263 2512 2535 2517 2343 2653 2464 2499 
2844 2677 3050 2547 2927 2906 2499 2472 2668 2881 2147 2434 2745 2357 2953 2956 2771 2783 2677 2653 2652 2563 2657 2650 2582 2985 2859 2796 2526 2810 2638 2795 
2957 2684 3022 2430 2721 2742 2374 2591 2637 2691 2276 2581 2606 2343 2700 3135 2685 2735 2765 2610 2492 2473 2582 2593 2634 2984 2821 2642 2658 2936 2805 2671 
2913 2484 3132 2656 2856 2622 2342 2456 2467 3017 2183 2573 2699 2414 2884 3042 2868 2884 2773 2723 2662 2808 2771 2742 2691 2975 2858 2707 2695 3019 2775 2877 
2702 2380 2712 2332 2456 2450 2229 2292 2232 2601 2116 2237 2442 2044 2612 2754 2518 2643 2626 2290 2591 2354 2594 2279 2179 2626 2348 2408 2236 2592 2511 2572 
2565 2399 2573 2398 2617 2298 2195 2211 2188 2615 2092 2314 2329 2281 2401 2696 2536 2479 2406 2270 2321 2470 2481 2428 2284 2585 2342 2338 2389 2613 2545 2420 
