5166 5071 5274 4721 5145 4988 4837 4697 4867 5380 4828 4921 5261 4974 5156 5645 4987 4985 5139 4740 4566 5141 4954 5073 4730 5655 4937 5260 5204 5023 5146 4996 
4638 4370 4627 4287 4744 4622 4380 4090 4646 4651 4236 4168 4460 4419 4408 4992 4477 4560 4675 4461 4108 4504 4482 4468 4348 4764 4412 4572 4516 4496 4671 4487 
4856 4545 4606 4449 4827 4634 4324 4270 4365 4836 4451 4187 4607 4289 4570 5159 4667 4705 4484 4281 4372 4785 4395 4475 4582 4953 4585 4390 4546 4606 4527 4434 
4829 4563 4831 4332 4777 4417 4483 4605 4342 4761 4335 4383 4766 4400 4956 5085 4671 4698 4585 4465 4374 4607 4364 4552 4326 4719 4590 4571 4585 4625 4656 4564 
4595 4203 4756 4121 4689 4669 4232 4133 4532 4605 4256 4147 4508 4281 4583 4957 4520 4441 4259 4231 4228 4541 4252 4359 4168 4841 4341 4383 4242 4707 4498 4322 
4869 4381 4659 4007 4619 4428 4133 4158 4306 4515 4282 4047 4350 4155 4526 5057 4268 4604 4418 4232 4134 4423 4301 4414 4132 4859 4311 4495 4214 4503 4529 4253 
4722 4534 4639 4267 4582 4568 4256 3893 4452 4523 4150 4242 4692 4118 4695 4971 4251 4456 4558 4177 4195 4456 4236 4349 4076 4708 4342 4363 4209 4389 4666 4206 
4920 4678 4952 4568 4875 4756 4744 4384 4838 5147 4515 4521 4968 4805 4992 5469 4835 4862 4926 4617 4461 4990 4490 4751 4560 5218 4797 5063 4765 4991 5072 4761 
4698 4669 4703 4374 4833 4634 4419 4243 4531 4667 4312 4458 4813 4391 4695 4901 4545 4857 4440 4343 4403 4453 4338 4284 4454 4749 4296 4448 4298 4528 4770 4581 
4929 4698 4743 4561 4600 4628 4454 4262 4462 4994 4444 4455 4418 4327 4873 5413 4566 4852 4660 4615 4499 4458 4647 4284 4400 4870 4753 4704 4659 4651 4789 4692 
4924 4837 4654 4153 4570 4334 4492 4465 4436 4853 4541 4233 4362 4385 4882 4980 4744 4339 4560 4368 4321 4471 4585 4319 4131 4874 4291 4374 4320 4714 4507 4467 
4652 4238 4459 4004 4278 4178 4201 4111 4417 4744 4112 4334 4487 4112 4422 4794 4314 4334 4370 4214 4153 4485 4334 4374 4145 4712 4278 4510 4210 4456 4584 4303 
4961 4651 4649 4308 4850 4671 4585 4223 4642 4924 4423 4251 4818 4341 4882 5268 4683 4698 4725 4555 4259 4594 4606 4544 4471 4924 4778 4751 4617 4878 4703 4661 
4865 4622 4865 4332 4689 4497 4399 4280 4627 4898 4244 4302 4559 4486 4537 5067 4574 4376 4634 4408 4455 4541 4571 4599 4363 4897 4745 4729 4442 4545 4596 4456 
4642 4041 4659 3955 4739 4187 4146 3970 4423 4476 4336 3818 4384 4292 4489 5090 4461 4446 4515 4167 4032 4417 4165 4333 4016 4653 4372 4424 4046 4492 4395 4073 
4484 4710 4788 4716 4809 4358 4386 4171 4474 4730 4287 4410 4540 4271 4671 5227 4361 4578 4533 4417 4239 4538 4298 4451 4227 4796 4404 4591 4511 4470 4584 4396 
4681 4367 4721 4302 4568 4373 4292 4066 4383 4704 3994 3926 4460 4156 4572 5140 4220 4452 4461 4255 4413 4466 4384 4298 4230 4773 4473 4289 4318 4459 4351 4211 
4603 4525 4508 3943 4530 4248 4154 4429 4262 4369 4085 3979 4600 4508 4444 4839 4474 4531 4558 3957 4068 4309 4370 4046 4022 4768 4162 4235 4154 4477 4301 4319 
4767 4144 4461 4349 4628 4131 4191 4062 4360 4702 4153 4060 4304 3951 4660 5100 4157 4451 4167 4274 4050 4514 4273 4185 4071 4784 4425 4609 4383 4427 4388 4269 
4980 4811 5018 4684 5015 4589 4533 4536 4737 5327 4553 4533 4947 4822 5127 5433 4945 4743 4914 4691 4666 4937 4650 4660 4404 5104 4826 4983 4661 4976 4981 4701 
4514 4488 4771 4303 4628 4193 4122 4166 4530 4704 4331 4166 4537 4428 4623 4856 4493 4553 4455 4285 4038 4447 4383 4085 4079 4538 4513 4346 4131 4506 4428 4370 
4676 4280 4605 4212 4407 4523 4143 4056 4341 4742 4445 4094 4515 4175 4567 4965 4292 4473 4510 4325 3998 4411 4452 4076 4290 4489 4290 4202 4118 4368 4455 4526 
4763 4330 4860 4291 4706 4383 4321 4424 4455 4918 4255 4066 4629 4782 4857 5016 4472 4599 4611 4549 4033 4581 4115 4200 4329 4881 4498 4622 4465 4679 4494 4401 
4601 4670 4657 4345 4719 4385 4078 4157 4274 4741 4337 4247 4473 4561 4696 4974 4719 4800 4520 4249 4310 4545 4536 4220 4213 4759 4621 4411 4209 4474 4604 4403 
5258 4999 5368 4811 5248 5052 4940 4627 4872 5262 4865 4733 5075 4802 5348 5631 5040 4997 5095 4786 4881 5235 5093 5016 4608 5254 4990 5210 4986 5232 5064 4752 
4555 4398 4534 4236 4642 4188 4097 4231 4144 4469 4333 4144 4482 4269 4339 4852 4317 4242 4341 4065 4274 4376 4524 4166 4188 4623 4170 4180 4161 4319 4218 4206 
4747 4490 4817 4464 4451 4271 4338 4543 4568 4947 4326 4197 4503 3982 4676 5224 4656 4494 4607 4503 4471 4563 4394 4345 4405 4675 4321 4502 4320 4626 4515 4467 
5051 4585 4916 4333 4890 4754 4437 4277 4645 4836 4221 4308 4778 4326 4849 5066 4833 4506 4471 4512 4390 4583 4488 4735 4491 5104 4654 4744 4465 4735 4618 4665 
4841 4393 4738 3991 4545 4534 4040 4365 4386 4479 4205 4364 4499 4357 4613 4979 4223 4343 4380 4297 4026 4288 4280 4357 4284 4814 4445 4474 4391 4604 4569 4461 
4913 4219 4980 4405 4917 4647 4221 4360 4292 5165 4209 4432 4668 4421 4906 5083 4777 4561 4595 4544 4484 4922 4555 4598 4624 5109 4531 4687 4682 4913 4662 4736 
4775 4334 4712 4201 4432 4319 4088 4048 4210 4657 4296 4083 4536 4191 4660 4884 4513 4408 4642 4154 4314 4414 4640 4316 4070 4646 4228 4426 4147 4529 4523 4511 
4644 4410 4558 4053 4626 4269 4056 3936 3924 4568 4063 4209 4393 4489 4491 4681 4224 4210 4318 4004 3961 4403 4223 4195 4186 4697 4143 4224 4068 4488 4422 4302 
