2374 2514 2455 2065 2149 2249 2118 1979 2119 2433 2052 2134 2391 2043 2248 2584 2341 2430 2413 2199 2088 2235 2273 2219 2226 2584 2345 2431 2412 2340 2184 2353 
1834 1902 2022 1807 1930 1926 1698 1730 1908 1951 1701 1712 1702 1586 1749 2105 1886 2051 1977 1918 1703 1718 1874 1749 1837 1949 1973 1918 1915 1877 1805 1876 
2076 2197 2105 1934 2185 1921 1840 1945 2013 2315 1828 1873 2103 1736 2079 2418 2043 2370 2128 1980 2010 2079 2054 1941 2113 2331 2292 2031 2081 2231 1942 2038 
2053 2163 2239 1900 2032 1910 1852 1973 1918 2187 1786 1896 2036 1756 2245 2336 2131 2188 2195 2003 1912 1961 1902 1941 1932 2055 2240 1939 1976 2173 1891 2108 
1998 1735 1957 1681 1820 1937 1768 1641 1885 1992 1752 1671 1846 1500 1988 2105 1877 2033 1756 1757 1793 1646 1738 1780 1599 2015 1930 1754 1737 2054 1767 1860 
2244 2180 2188 1926 2053 1895 1865 1827 1999 2127 1880 1784 1929 1706 1988 2331 1993 2245 2170 1951 1897 2029 2112 1905 1906 2310 2174 2039 1989 2096 2061 2056 
1952 2072 1919 1776 1955 1853 1817 1689 1888 1972 1674 1733 1796 1517 1947 2049 1829 1930 1984 1804 1834 1774 1806 1865 1659 1924 2072 1912 1844 1870 1837 1828 
1944 2099 2057 1790 1876 1843 1741 1765 1955 2237 1675 1825 1980 1757 2079 2201 2045 2130 2068 1919 1852 1942 1828 1892 1935 2046 2098 1951 1902 2112 1886 1897 
1871 2032 1838 1763 1853 1883 1844 1573 1780 1963 1723 1795 1872 1546 1895 1954 1858 2048 1773 1782 1781 1656 1806 1724 1762 1894 1931 1821 1769 1742 1735 1917 
2256 2380 2267 2114 2154 2138 2026 1936 2093 2397 2018 1979 2056 1846 2235 2507 2284 2416 2331 2216 2169 1994 2206 1961 2172 2310 2430 2208 2213 2320 2074 2228 
2210 2254 2131 1818 1911 1849 1883 2084 1900 2300 1906 1815 1963 1791 2229 2236 2140 2159 2224 1916 1968 1963 2054 1834 1884 2206 2014 1899 1971 2223 1957 2085 
1968 2030 2100 1745 1827 1830 1766 1839 1904 2055 1657 1836 1939 1634 1966 2079 1904 2005 2130 1860 1904 1883 1900 1865 1738 2043 2016 1926 1914 2053 1831 2016 
2058 2220 2099 1915 2087 2039 1961 1806 2061 2206 1846 1806 1998 1747 2235 2321 2139 2129 2163 1977 2024 1816 2091 2005 1991 2125 2232 1984 2122 2111 1980 2197 
2083 2157 2240 1878 1928 1998 1832 1889 2003 2240 1779 1806 1888 1729 1980 2241 2129 2092 2077 1958 2072 1888 2065 1907 1877 2213 2182 2113 1971 2113 1901 2063 
1697 1593 2073 1485 1887 1633 1666 1607 1770 1871 1696 1524 1668 1557 1799 2127 1838 1971 1830 1767 1697 1633 1766 1648 1593 1850 1907 1711 1558 1775 1726 1706 
1874 2096 2111 1962 1908 1930 1838 1772 1837 2045 1731 1883 1740 1614 1979 2323 1950 2007 2054 1835 1776 1780 1860 1818 1752 2107 1986 2007 1984 2046 1778 1955 
2002 1927 2014 1766 1830 1778 1871 1653 1748 2081 1533 1683 1863 1438 1961 2253 1872 2026 1864 1690 2010 1798 1956 1768 1726 2026 2069 1862 1918 1886 1790 1874 
2017 2120 2094 1793 1949 1757 1819 2007 1946 2139 1785 1613 2045 1815 2086 2156 1984 2160 2123 1865 1889 1857 2044 1726 1804 2168 1974 1834 1818 2127 1886 2074 
2119 1898 1980 2020 2030 1835 1877 1822 1990 2108 1863 1814 1927 1533 2221 2425 2012 2238 2020 1871 1986 2019 2068 1796 1837 2143 2157 2052 1987 2064 1859 1953 
2219 2259 2282 2157 2088 2116 1985 2065 2099 2473 1925 2071 2107 1861 2274 2492 2376 2272 2225 2108 2101 2123 2124 2005 2062 2353 2336 2272 2128 2374 2133 2255 
1817 1970 2034 1712 1861 1799 1714 1805 1912 2134 1731 1704 1836 1714 2026 2047 2001 2123 2016 1901 1762 1839 1957 1648 1733 1980 2071 1938 1847 1924 1869 2020 
2040 1924 1942 1756 1764 1862 1747 1724 1826 2007 1850 1741 1954 1603 2124 2129 1808 2231 2043 1787 1783 1874 1961 1636 1792 1871 1976 1844 1776 1831 1749 1926 
1906 1882 2131 1702 1846 1906 1727 1795 1880 2028 1689 1641 1947 1827 2124 2177 1913 2128 2092 1961 1683 1862 1834 1682 1748 1999 2046 1914 1938 2092 1819 1898 
1926 2022 2123 1869 1881 1785 1615 1753 1685 2033 1711 1704 1800 1713 2100 2149 2056 2118 2145 1798 2014 1851 2078 1721 1852 1978 2089 1882 1678 1903 1857 1886 
2178 2155 2375 2075 2030 1950 1923 1898 2002 2235 1817 1938 1850 1665 2215 2458 2171 2254 2229 1958 2047 2020 2126 1980 1856 2288 2222 2327 2081 2271 1990 2092 
1958 1833 2117 1802 1796 1719 1707 1763 1693 1911 1640 1684 1854 1583 1728 2086 1789 1964 1934 1653 1800 1822 1864 1744 1645 1912 1829 1746 1656 1858 1670 1785 
1869 1983 2065 1878 1711 1745 1754 1874 1937 1943 1672 1759 1684 1336 2041 2272 1964 1887 2132 1824 1899 1658 1842 1774 1682 1901 1921 1911 1829 1954 1772 1926 
2022 2222 2321 1958 2115 2040 1899 1908 2039 2264 1672 1897 2074 1645 2280 2243 2163 2171 2068 2020 1980 1849 2007 1926 2044 2349 2290 2100 1941 2164 1975 2218 
2046 1999 2153 1726 1792 1923 1681 1854 1885 1965 1733 1852 1891 1585 2002 2259 2030 1980 2028 1864 1786 1753 1804 1795 1960 2153 2056 1886 1971 2075 1853 1882 
2073 1896 2385 1965 2008 1840 1719 1816 1802 2256 1707 1883 2036 1751 2209 2309 2140 2113 2082 2087 2005 2049 2022 1983 2093 2279 2127 1983 1982 2193 1974 2121 
1914 1862 2063 1710 1761 1820 1752 1652 1727 2041 1632 1630 1789 1522 1987 2131 1907 1953 2007 1714 1923 1769 1963 1647 1672 2051 1769 1805 1712 1854 1803 1904 
1723 1837 1816 1785 1686 1562 1526 1531 1585 1962 1605 1589 1621 1603 1774 2037 1864 1768 1767 1696 1673 1779 1730 1686 1709 1903 1712 1716 1730 1837 1668 1701 
