5765 5665 5842 5427 5691 5424 5625 5232 5631 6020 5434 5459 5780 5548 5736 6217 5590 5667 5784 5366 5181 5741 5598 5763 5338 6341 5534 5854 5859 5627 5839 5755 
5396 5095 5386 5038 5478 5209 5293 4757 5624 5443 4843 4829 5074 5262 5068 5585 5201 5387 5357 5378 4732 5285 5238 5224 5086 5463 4984 5328 5214 5244 5422 5215 
5335 5111 5093 5080 5419 4973 4992 4762 5041 5485 4961 4753 5085 4898 5139 5733 5169 5283 5013 4931 4919 5299 4909 5123 5066 5436 5049 5017 5153 5178 5147 5044 
5434 5094 5328 4914 5424 4858 5068 5144 5005 5448 4868 4902 5258 5062 5514 5653 5277 5370 5107 5138 4920 5128 4855 5252 4949 5169 5082 5215 5220 5319 5306 5171 
5367 4832 5423 4750 5351 5293 5057 4821 5396 5384 4891 4687 5071 5017 5258 5596 5237 5243 4906 5036 4873 5232 4999 5211 4928 5505 4891 5141 4987 5389 5199 5079 
5540 4957 5195 4594 5224 4948 4742 4691 4988 5174 4815 4561 4847 4686 5096 5601 4767 5254 4983 4912 4631 5041 4908 5112 4671 5325 4859 5161 4809 5110 5153 4929 
5316 5149 5184 4964 5284 5126 5028 4529 5223 5206 4757 4880 5279 4836 5311 5638 4738 5163 5124 4935 4833 5054 4862 5055 4738 5264 4991 5148 4926 5078 5363 4979 
5461 5312 5540 5278 5513 5277 5437 4937 5572 5794 5015 5103 5516 5400 5470 6066 5397 5561 5470 5351 5106 5571 5108 5473 5124 5791 5382 5678 5459 5714 5726 5451 
5437 5377 5394 5196 5519 5139 5279 4823 5444 5419 4953 5100 5331 5114 5451 5564 5228 5559 5164 5138 5097 5126 5011 5108 5087 5458 4963 5248 5112 5245 5534 5363 
5611 5316 5356 5210 5203 5135 5308 4854 5281 5770 5052 5060 5046 5033 5554 6007 5234 5621 5299 5371 5115 5094 5346 5084 5152 5545 5292 5421 5379 5330 5530 5520 
5580 5480 5309 4895 5299 4896 5395 5151 5254 5644 5126 4903 4996 5196 5504 5635 5401 5036 5172 5212 4936 5146 5284 5106 4820 5569 4824 5119 5089 5424 5282 5239 
5399 4894 5087 4640 4926 4708 4943 4789 5206 5498 4734 4900 5155 4853 5073 5377 4973 5111 4992 4967 4776 5129 5014 5058 4866 5299 4847 5201 4916 5161 5256 5112 
5483 5193 5125 4824 5349 5042 5183 4723 5261 5439 4898 4714 5229 4919 5405 5769 5199 5273 5188 5074 4746 5041 5093 5124 5034 5404 5184 5287 5207 5462 5248 5202 
5506 5282 5418 5004 5360 4943 5116 4918 5364 5562 4899 4940 5100 5183 5159 5673 5133 5073 5184 5081 5098 5115 5166 5276 4972 5415 5292 5446 5160 5249 5224 5200 
5030 4402 5006 4336 5148 4554 4685 4374 4973 4888 4670 4165 4753 4757 4847 5469 4878 4963 4864 4632 4380 4805 4590 4726 4457 5048 4720 4925 4449 4854 4770 4577 
5148 5340 5411 5353 5446 4913 5065 4765 5310 5473 4863 4939 5028 4899 5210 5818 4951 5378 5110 5194 4815 5158 4940 5191 4845 5348 4992 5235 5176 5129 5250 5090 
5387 5004 5351 4935 5226 4899 5116 4680 5284 5453 4592 4522 5055 4931 5206 5687 4944 5221 5053 5047 4949 5151 5059 5043 4938 5418 4969 5011 4963 5143 5053 4883 
5174 5197 5142 4606 5217 4729 4910 5028 5009 4984 4620 4568 5145 5129 4963 5413 5028 5180 5061 4633 4627 4897 4952 4715 4655 5340 4630 4934 4775 5123 4915 4926 
5422 4756 5005 4960 5320 4649 4982 4692 5115 5329 4709 4680 4902 4756 5280 5649 4769 5145 4675 4952 4558 5081 4902 4861 4850 5354 4908 5260 5090 5136 5074 4958 
5582 5358 5565 5272 5601 5099 5166 5026 5523 5784 5073 5055 5474 5501 5728 5972 5470 5325 5397 5331 5128 5384 5216 5318 5054 5682 5392 5621 5298 5594 5571 5232 
5097 5080 5311 4854 5200 4754 4808 4743 5329 5370 4867 4714 5073 5124 5191 5347 5120 5246 5008 5043 4600 5106 4972 4798 4723 5120 5084 4984 4788 5138 5036 5097 
5313 4894 5218 4816 4980 5016 4843 4528 5159 5464 5006 4677 5041 4809 5226 5511 4830 5121 5100 5055 4537 5087 5121 4741 4955 5076 4920 4837 4710 5011 5129 5260 
5321 5050 5470 4916 5286 4805 4963 4955 5199 5580 4857 4681 5171 5404 5458 5515 4947 5246 5138 5268 4672 5146 4631 4834 4869 5460 5109 5235 5082 5345 5046 5095 
5215 5364 5328 4993 5377 4903 4890 4705 5155 5416 4920 4777 4947 5207 5284 5597 5331 5580 5129 5024 4855 5201 5112 4934 4874 5436 5161 5178 4762 5034 5220 5022 
5918 5587 5953 5379 5834 5633 5655 5245 5667 6083 5403 5243 5602 5540 6008 6193 5656 5721 5728 5579 5457 5938 5757 5698 5296 5846 5616 5869 5693 5869 5701 5530 
5206 5052 5151 4931 5363 4788 4841 4794 5014 5139 4963 4796 5038 4986 4974 5537 4907 4997 4937 4909 4903 5036 5189 4973 4902 5208 4742 4953 4820 5013 4915 4858 
5410 5123 5414 5137 5031 4815 5195 5071 5486 5480 4926 4802 5078 4716 5293 5823 5339 5168 5105 5203 5045 5178 5153 5109 5105 5351 4822 5198 4979 5276 5207 5168 
5587 5216 5477 4974 5411 5214 5167 4780 5466 5474 4755 4797 5294 4934 5456 5660 5337 5160 5038 5166 5003 5179 5113 5382 5066 5707 5336 5414 5100 5265 5214 5408 
5449 5057 5314 4651 5255 5018 4797 4997 5178 5242 4831 5017 5111 5117 5324 5532 4885 5031 5017 5071 4562 5020 4847 5172 4924 5463 5026 5195 5094 5257 5290 5207 
5447 4773 5465 5024 5404 5107 4784 4788 4916 5745 4698 4888 5158 4928 5400 5582 5232 5154 5076 5145 4985 5442 5147 5150 5150 5531 5004 5276 5251 5547 5213 5293 
5296 4945 5236 4789 5026 4784 4714 4573 4899 5282 4796 4597 4969 4779 5163 5485 5077 5038 5130 4781 4906 4900 5150 4991 4622 5191 4686 5043 4847 5184 5081 5064 
5158 4943 5008 4518 5153 4767 4696 4420 4604 5096 4583 4721 4819 5027 4952 5167 4733 4872 4782 4640 4486 5008 4724 4842 4760 5271 4641 4778 4542 5000 4956 4909 
