4444 4316 4571 4118 4408 4389 4177 4005 4129 4671 4145 4155 4615 4325 4418 4875 4302 4424 4460 4072 3912 4393 4283 4322 4129 4968 4297 4599 4503 4291 4595 4528 
3935 3645 3860 3670 3986 4061 3708 3378 3937 3924 3491 3425 3807 3714 3641 4201 3802 3891 3980 3724 3344 3722 3756 3779 3655 4046 3718 3884 3792 3724 4041 3988 
4153 3869 4074 3936 4187 4142 3723 3642 3876 4142 3729 3633 4122 3669 3959 4468 3891 4119 3950 3650 3787 4137 3839 3849 3916 4332 4002 3881 3951 4000 4027 3977 
4050 3775 4117 3716 4006 3791 3748 3796 3670 3977 3527 3609 4069 3673 4162 4218 3907 3973 4004 3611 3572 3821 3663 3748 3554 4010 3885 3850 3853 3880 3978 4015 
3862 3467 4013 3508 3856 4143 3595 3365 3848 3815 3563 3502 3828 3473 3846 4178 3772 3749 3536 3482 3446 3731 3562 3638 3405 4087 3590 3733 3530 3814 3929 3785 
4184 3651 4046 3456 3941 3871 3516 3395 3682 3849 3574 3401 3681 3513 3778 4254 3571 3987 3889 3534 3408 3781 3684 3724 3421 4235 3665 3850 3584 3796 3877 3748 
4122 3862 4036 3778 3987 4044 3720 3327 3892 3945 3577 3592 4071 3518 4058 4342 3639 3942 4015 3617 3632 3866 3672 3754 3503 4126 3805 3865 3670 3755 4143 3776 
4175 3987 4200 3867 4078 4139 4035 3546 4108 4341 3787 3733 4242 4114 4162 4548 4095 4178 4219 3898 3683 4190 3832 3970 3869 4407 4059 4275 3987 4140 4439 4178 
4065 4014 4113 3916 4160 4103 3831 3551 3944 4087 3693 3823 4196 3696 3983 4206 3923 4273 3857 3707 3662 3818 3742 3693 3721 4141 3735 3839 3740 3851 4196 4133 
4308 4074 4198 4090 4006 4183 3948 3654 4004 4407 3829 3851 3989 3754 4284 4721 4011 4269 4200 4074 3886 3890 4088 3785 3864 4299 4254 4141 4022 4055 4274 4214 
4351 4139 4118 3678 3910 3888 3892 3853 3892 4220 3854 3576 3896 3793 4224 4326 4116 3813 3986 3749 3775 3864 4039 3668 3573 4267 3677 3787 3808 4024 3960 4077 
4086 3692 3884 3510 3656 3707 3593 3448 3861 4095 3523 3650 3890 3540 3798 4070 3732 3809 3889 3628 3525 3883 3754 3733 3494 4109 3751 3951 3625 3817 4075 3918 
4299 4055 4053 3705 4194 4218 4015 3679 4018 4287 3758 3663 4158 3758 4183 4532 4072 4095 4053 3929 3624 3895 4060 3952 3831 4308 4152 4127 3968 4128 4211 4221 
4173 3933 4175 3666 3942 3936 3717 3582 3889 4226 3510 3662 3883 3752 3808 4246 3938 3725 3922 3705 3765 3825 3977 3815 3728 4257 4023 4021 3840 3813 4006 4011 
3900 3361 4035 3249 3982 3742 3563 3333 3766 3849 3689 3296 3775 3648 3704 4331 3831 3852 3784 3553 3388 3730 3532 3599 3313 4075 3696 3697 3380 3738 3832 3624 
3934 4150 4294 4266 4202 4004 3861 3648 4000 4110 3752 3842 4042 3700 4114 4621 3941 4062 4069 3780 3720 3911 3815 3878 3660 4310 3870 4010 3980 3903 4138 4011 
3912 3644 3946 3569 3749 3779 3567 3341 3616 3938 3249 3217 3673 3407 3762 4264 3514 3746 3687 3475 3658 3657 3672 3522 3477 3933 3621 3512 3554 3525 3760 3698 
3888 3788 3846 3389 3775 3645 3532 3643 3652 3677 3424 3263 3961 3761 3752 4074 3778 3913 3934 3310 3372 3612 3741 3361 3427 4087 3541 3625 3472 3770 3784 3780 
4121 3488 3929 3896 4011 3712 3705 3436 3902 4074 3637 3508 3858 3360 4063 4416 3641 3965 3748 3676 3550 3955 3744 3567 3511 4224 3845 4009 3786 3837 3893 3801 
4224 4047 4230 4022 4150 4044 3849 3784 3998 4497 3792 3793 4145 3989 4377 4589 4186 4119 4210 3839 3929 4078 3945 3835 3592 4400 4044 4258 3948 4117 4316 4161 
3913 3859 4141 3708 3938 3780 3527 3546 3944 3980 3591 3523 3936 3734 3903 4032 3829 3909 3769 3602 3344 3710 3772 3436 3402 3949 3819 3749 3496 3749 3869 3953 
3991 3625 3920 3661 3713 4046 3529 3416 3806 4016 3733 3380 3922 3565 3914 4220 3693 3942 3937 3664 3404 3776 3791 3491 3646 3874 3679 3599 3499 3693 3925 4045 
3901 3594 4128 3624 3847 3779 3556 3602 3767 4096 3454 3407 3925 3993 4125 4089 3641 3954 3979 3768 3246 3742 3451 3425 3539 4153 3885 3949 3725 3967 3885 3827 
3920 3979 4013 3827 4004 3818 3468 3468 3692 3990 3601 3617 3886 3862 4065 4245 3973 4191 4028 3531 3641 3825 3973 3518 3544 4132 3970 3878 3520 3748 4090 3936 
4395 4080 4529 4149 4313 4334 4169 3773 4089 4361 3971 3815 4315 3931 4468 4688 4202 4256 4359 3894 3979 4328 4238 4160 3751 4523 4217 4468 4134 4336 4316 4144 
3691 3448 3771 3529 3726 3633 3338 3428 3456 3585 3428 3234 3756 3493 3497 3919 3468 3542 3631 3220 3466 3515 3680 3338 3296 3840 3410 3434 3407 3499 3496 3614 
3965 3774 4107 3850 3662 3743 3706 3822 3952 4115 3546 3548 3828 3245 3988 4380 3896 3769 3949 3763 3722 3750 3738 3645 3600 4024 3669 3917 3602 3885 3927 3941 
4357 3954 4229 3795 4210 4205 3874 3635 4086 4106 3593 3663 4184 3719 4231 4369 4198 3941 3896 3809 3830 3879 3890 4019 3867 4452 3980 4142 3775 4058 4092 4229 
4260 3793 4164 3566 3923 4056 3554 3830 3904 3931 3685 3758 4022 3784 4037 4409 3778 3910 3901 3714 3498 3709 3729 3778 3789 4330 3948 3944 3816 4050 4093 4043 
4115 3530 4296 3797 4092 3993 3471 3599 3657 4342 3527 3649 4039 3780 4086 4269 4034 3923 3908 3796 3725 4118 3893 3865 3903 4356 3928 3982 3930 4094 4114 4159 
4079 3604 3981 3648 3690 3779 3594 3423 3583 3982 3617 3394 3900 3532 3946 4196 3902 3817 3997 3479 3661 3725 3944 3662 3378 4075 3542 3828 3435 3729 3954 4003 
3977 3707 3882 3554 3933 3733 3475 3313 3389 3918 3369 3452 3877 3789 3755 3992 3648 3646 3741 3342 3297 3731 3635 3564 3541 4027 3560 3590 3449 3817 3856 3692 
