3775 3560 3747 3470 3792 3880 3559 3606 3672 3662 3437 3461 3459 3461 3421 3381 3757 3595 4020 3853 3076 3705 3733 3446 3720 3975 3735 3880 3800 3392 3415 3429 
3344 3538 3197 3078 3327 3683 3156 3108 3281 3386 3231 3101 3343 2915 3113 3026 3169 3135 3676 3436 2879 3292 3455 3112 3540 3560 3500 3378 3215 3009 2945 3210 
3467 3301 3301 3107 3412 3219 3243 3445 3405 3511 3094 3158 3119 3309 3259 2984 3230 3408 3504 3300 3138 3342 3301 3267 3404 3506 3477 3352 3391 3175 2954 3163 
3359 3208 3271 3052 3123 3481 3020 3321 3231 3330 3249 3142 3211 3179 3138 3048 3315 3249 3581 3244 2761 3256 3448 2952 3543 3632 3428 3302 3397 3120 3085 2968 
3450 3374 3373 2969 3104 3408 3385 3284 3295 3513 3363 3087 3245 3190 3142 3079 3127 3319 3549 3343 2901 3280 3289 3083 3283 3529 3434 3297 3404 3081 3111 3107 
3340 3180 3111 2973 3312 3173 3006 3299 3078 3362 3063 3102 3156 3119 3031 2940 3310 3058 3487 3321 2772 3228 3269 3189 3220 3351 3315 3242 3297 2940 3207 2933 
3538 3435 3441 3375 3430 3522 3276 3488 3441 3529 3185 3255 3224 3308 3157 3144 3253 3363 3718 3548 3119 3326 3732 3162 3593 3744 3604 3208 3569 3293 2989 3170 
3813 3627 3636 3060 3572 3689 3338 3579 3362 3742 3475 3318 3529 3521 3550 3251 3690 3625 3660 3608 3082 3479 3617 3369 3810 3895 3754 3796 3691 3522 3412 3467 
3347 3420 3348 3066 3509 3387 3105 3516 3375 3528 3322 3065 3257 3177 3231 3217 3385 3153 3790 3683 2947 3359 3653 3039 3505 3663 3535 3197 3309 3268 2752 3168 
3449 3388 3431 3161 3323 3523 3053 3465 3205 3414 3160 3305 3173 3281 3234 3192 3462 3359 3572 3697 3050 3406 3433 3016 3529 3705 3498 3424 3528 3219 3089 3199 
3419 3327 3339 3193 3477 3452 3220 3429 3545 3489 3498 3252 3353 3281 3238 3206 3392 3511 3842 3611 2889 3412 3605 3391 3343 3763 3706 3503 3580 3210 3108 3197 
3207 3405 3213 3047 3161 3473 3085 3260 3293 3338 3248 3151 3145 3235 3195 2986 3491 3006 3559 3415 2899 3098 3517 3130 3392 3528 3485 3267 3398 3039 2923 3163 
3354 3390 3539 3285 3313 3565 3289 3434 3407 3622 3592 3312 3367 3354 3370 3107 3539 3383 3776 3631 2985 3420 3702 3314 3619 3697 3464 3487 3614 3204 3129 3272 
3191 3410 3331 3038 3320 3450 3149 3260 3333 3322 3291 3071 3062 3143 2937 3002 3009 3254 3611 3428 2893 3227 3194 3185 3433 3358 3320 3299 3351 2981 2950 3057 
3249 3184 3024 2945 3253 2944 2998 3128 3326 3304 3115 2696 2906 3115 2932 2712 2964 3083 3343 3127 2780 2975 3319 3119 3342 3216 3025 3318 3254 2896 2612 3042 
3632 3439 3419 3159 3596 3553 3245 3256 3569 3724 3399 3138 3186 3214 3282 3224 3441 3437 3642 3660 2935 3443 3704 3049 3616 3592 3599 3408 3646 3253 2998 3243 
3339 3320 3037 3049 3185 3176 3205 3323 3018 3402 3165 2846 3078 3111 3169 2948 3275 3306 3751 3506 2814 3126 3397 3059 3538 3400 3480 3417 3255 3102 2867 3091 
3122 3249 3197 3090 3231 3369 2866 3199 3232 3263 3053 3094 2894 3087 3078 2862 3006 3244 3622 3147 2832 3090 3490 3086 3109 3194 3394 3240 3163 2925 2830 3084 
3350 3413 3261 3027 3439 3511 3287 3434 3231 3418 3041 3133 3245 3283 3117 3025 3469 3271 3563 3242 3032 3339 3475 3126 3478 3651 3422 3352 3368 2946 2849 3111 
3504 3343 3165 3212 3316 3628 3416 3080 3341 3541 3229 3221 3252 3251 3096 3266 3404 3319 3702 3426 2814 3290 3521 2994 3299 3659 3442 3494 3474 3080 3086 3152 
3180 2952 3083 3040 3318 3255 3021 3055 3102 3297 3103 3033 3100 3003 3030 3032 3230 3197 3320 3308 2773 3202 3269 2981 3259 3352 3234 3084 3401 2950 2856 2914 
3081 3524 3208 3002 3453 3392 3194 3164 3314 3397 3035 3076 3095 3177 3305 3044 3348 3199 3670 3215 2921 3220 3411 3277 3215 3359 3425 3384 3370 2926 3088 3255 
3411 3089 3279 2993 3272 3308 3217 3343 3226 3347 3149 3079 3097 3122 3075 2949 3243 3336 3636 3465 2758 2987 3310 3059 3120 3172 3318 3307 3282 2916 2904 3102 
3347 3174 3360 3005 3228 3362 3192 3186 3222 3434 3338 3156 3118 3147 3069 2974 3356 3185 3438 3312 2938 3134 3332 3030 3264 3210 3647 3267 3326 3161 2855 3076 
3769 3547 3486 3403 3896 3867 3468 3638 3664 3937 3556 3330 3410 3671 3517 3296 3521 3792 3934 3742 3268 3499 3780 3378 3834 4009 3762 3771 3934 3389 3474 3389 
3078 3076 2969 2633 3176 3162 2818 3010 3171 3077 2924 2877 2827 2686 2750 2908 2969 2813 3327 3106 2720 3041 3013 2792 3009 3127 3310 3155 2898 2799 2938 2790 
3434 3313 3269 2960 3267 3460 3097 3336 3380 3302 3356 2875 3170 3310 3109 3204 3259 3318 3680 3533 2676 3248 3322 2909 3439 3879 3442 3346 3575 3070 3077 3125 
3529 3574 3257 3184 3266 3600 2939 3557 3519 3799 3415 3202 3190 3542 3293 3158 3309 3309 3706 3519 3202 3484 3786 3280 3626 3742 3777 3517 3442 3020 3382 3346 
3681 3422 3502 3132 3521 3800 3190 3501 3306 3568 3294 3548 3408 3367 3399 3154 3455 3409 3708 3628 3228 3360 3591 3256 3651 3812 3816 3581 3679 3374 3317 3311 
3448 3324 3123 3144 3461 3505 3420 3538 3282 3353 3233 3143 3383 3043 3188 3080 3248 3423 3570 3462 2990 3203 3240 3246 3450 3586 3359 3556 3316 3186 3027 3193 
3263 3183 3235 2983 3265 3305 3224 3143 3356 3276 3156 2945 3047 3221 3002 2980 3199 3081 3588 3580 2891 3170 3465 3092 3232 3547 3336 3238 3364 2844 2867 3066 
3384 3167 3344 3064 3234 3585 3231 3262 3104 3290 3335 3061 2980 3083 3016 2924 3272 3324 3561 3570 2789 3166 3304 3080 3314 3331 3426 3295 3224 2955 3022 3201 
