1310 1521 1298 1331 1604 1474 1500 1435 1474 1450 1399 1409 1601 1526 1472 1448 1376 1449 1683 1647 1276 1494 1546 1439 1512 1718 1316 1502 1206 1174 1229 1459 
1049 1390 1066 1084 1285 1325 1299 1153 1257 1221 1286 1235 1404 1112 1254 1206 1116 1106 1497 1342 974 1304 1355 1219 1379 1524 1218 1294 1051 956 1022 1112 
1164 1463 1223 1255 1467 1356 1384 1368 1367 1392 1288 1440 1412 1508 1486 1331 1266 1502 1607 1355 1249 1488 1440 1386 1339 1457 1312 1366 1223 1197 1148 1351 
1132 1373 1241 1161 1382 1296 1252 1233 1311 1362 1333 1323 1609 1357 1384 1269 1247 1431 1600 1348 1156 1308 1518 1271 1475 1627 1287 1401 1213 1214 1199 1334 
1195 1434 1211 1084 1355 1351 1394 1250 1286 1349 1273 1252 1494 1398 1454 1309 1201 1382 1712 1424 1096 1378 1407 1260 1304 1468 1280 1310 1250 1045 1210 1251 
1253 1419 1213 1317 1529 1342 1352 1374 1279 1321 1383 1417 1578 1545 1412 1355 1449 1369 1574 1557 1200 1501 1433 1482 1402 1467 1272 1474 1226 1185 1284 1261 
1181 1436 1225 1359 1430 1230 1325 1327 1355 1394 1372 1323 1485 1376 1366 1284 1224 1458 1610 1501 1152 1312 1587 1319 1445 1597 1375 1341 1152 1216 1194 1322 
1154 1374 1125 1117 1461 1267 1352 1322 1115 1349 1390 1270 1405 1398 1418 1292 1254 1456 1411 1479 1022 1311 1388 1209 1339 1553 1230 1408 1212 1276 1231 1402 
846 1313 1107 1032 1246 1096 1070 1161 1093 1248 1192 1050 1300 1191 1316 1154 1189 1029 1516 1399 994 1242 1370 1089 1246 1396 1129 1170 904 1083 925 1147 
1053 1408 1258 1297 1426 1375 1313 1331 1252 1441 1313 1357 1510 1490 1534 1374 1398 1416 1592 1730 1365 1370 1478 1339 1365 1661 1425 1472 1139 1298 1153 1317 
1214 1464 1257 1347 1610 1387 1411 1389 1363 1436 1469 1349 1571 1610 1550 1514 1417 1507 1736 1671 1242 1387 1603 1424 1391 1640 1543 1396 1216 1299 1230 1470 
1085 1407 1088 1226 1338 1240 1312 1268 1256 1319 1375 1235 1459 1341 1392 1319 1279 1208 1535 1439 1121 1280 1470 1390 1421 1566 1340 1256 1199 1043 1082 1251 
1091 1393 1224 1272 1415 1237 1347 1310 1301 1400 1464 1307 1577 1399 1464 1325 1283 1347 1618 1491 1110 1411 1503 1384 1420 1600 1336 1385 1247 1199 1152 1295 
1101 1517 1158 1186 1465 1369 1304 1212 1255 1320 1227 1250 1416 1321 1260 1250 1025 1351 1612 1404 1186 1272 1312 1412 1374 1398 1371 1354 1165 1057 1113 1253 
906 1283 892 992 1137 989 1117 1095 1035 1123 1194 952 1143 1082 1061 1097 953 1010 1270 1176 838 1086 1180 1147 1222 1174 1121 1201 1037 1014 894 1104 
1131 1304 1117 1102 1369 1223 1210 1169 1335 1428 1269 1167 1410 1265 1413 1323 1223 1402 1544 1487 1079 1245 1491 1163 1395 1478 1226 1339 1134 1163 1004 1248 
1199 1582 1115 1192 1383 1294 1421 1345 1194 1408 1519 1263 1464 1421 1512 1266 1320 1384 1740 1579 1125 1304 1546 1384 1525 1587 1357 1368 1211 1249 1158 1378 
1044 1384 1231 1236 1563 1373 1286 1422 1310 1351 1251 1373 1482 1376 1392 1221 1235 1410 1641 1459 1208 1386 1490 1357 1351 1474 1407 1356 1220 1194 1183 1310 
1146 1519 1150 1312 1441 1422 1454 1479 1301 1492 1288 1355 1519 1500 1428 1288 1371 1405 1674 1437 1311 1446 1467 1479 1460 1503 1382 1414 1139 1100 1136 1354 
1144 1434 1162 1209 1429 1483 1423 1197 1242 1537 1291 1340 1505 1423 1487 1345 1357 1324 1655 1394 1173 1382 1452 1243 1392 1549 1289 1396 1200 1069 1149 1219 
1008 1239 1009 1198 1346 1255 1197 1079 1200 1298 1192 1185 1350 1208 1320 1202 1168 1301 1444 1295 1066 1209 1317 1195 1251 1376 1102 1208 1193 987 1083 1147 
990 1485 1101 1232 1362 1185 1281 1262 1348 1268 1259 1192 1332 1379 1390 1285 1227 1304 1567 1361 1097 1351 1395 1342 1292 1390 1331 1411 1162 942 1141 1306 
1022 1276 1047 1143 1264 1162 1252 1188 1182 1223 1157 1232 1336 1230 1225 1149 1189 1355 1401 1260 1130 1185 1340 1263 1169 1348 1246 1244 1148 996 959 1061 
970 1303 1113 1121 1341 1154 1287 1170 1184 1337 1322 1219 1348 1182 1336 1118 1175 1268 1389 1369 1089 1183 1223 1276 1217 1207 1368 1311 1217 1171 1005 1220 
1267 1480 1125 1370 1619 1520 1431 1433 1380 1516 1288 1326 1514 1512 1489 1350 1214 1575 1719 1617 1319 1376 1432 1309 1419 1701 1442 1558 1322 1219 1283 1330 
996 1307 1038 1028 1325 1187 1216 1230 1312 1230 1195 1165 1286 1177 1187 1218 1227 1233 1442 1352 1055 1214 1153 1210 1162 1264 1277 1301 976 1043 1121 1132 
1052 1411 1065 1155 1283 1201 1227 1137 1286 1322 1307 1127 1372 1325 1397 1326 1129 1315 1467 1384 994 1203 1218 1106 1259 1499 1303 1241 1144 1112 1068 1228 
1195 1589 1219 1339 1474 1443 1277 1389 1327 1517 1421 1373 1584 1504 1487 1438 1228 1430 1713 1549 1278 1445 1648 1444 1461 1653 1463 1434 1279 1225 1353 1307 
1212 1401 1238 1202 1421 1460 1337 1303 1284 1388 1263 1411 1527 1524 1434 1321 1253 1477 1605 1529 1313 1360 1462 1398 1432 1559 1460 1464 1304 1221 1204 1356 
1241 1496 1123 1177 1396 1308 1455 1399 1234 1286 1243 1167 1403 1250 1347 1254 1182 1366 1524 1455 1113 1341 1338 1401 1356 1564 1256 1359 1162 1232 1097 1292 
998 1475 1127 1158 1290 1149 1234 1182 1266 1248 1182 985 1241 1241 1302 1306 1116 1248 1503 1456 1049 1239 1311 1232 1125 1414 1183 1294 1070 968 1016 1212 
973 1334 1143 1101 1307 1357 1251 1157 1090 1081 1172 1067 1238 1206 1207 1204 1087 1242 1363 1461 1148 1203 1265 1171 1087 1344 1162 1337 971 1044 982 1194 
