2012 2131 2150 2145 2239 2236 2220 2321 2152 2223 1945 2182 2205 2217 2000 2287 2195 2178 2369 2368 1850 2309 2193 1995 2227 2472 2227 2482 2080 1835 1952 2120 
1604 2021 1792 1865 1882 2117 1959 1854 1881 2003 1831 1948 2001 1805 1731 1941 1743 1833 2135 1910 1669 1974 2040 1792 2033 2116 2025 2078 1692 1570 1595 1815 
1821 1946 1757 1894 1990 1872 1943 2050 1918 2107 1730 1962 1908 2057 1915 1970 1777 2065 2152 1819 1815 1972 2063 1848 1927 2011 1956 2066 1819 1652 1635 1900 
1711 1895 1818 1838 1892 1962 1850 1982 1877 2065 1787 1966 2107 1942 1861 2057 1883 2042 2223 1864 1595 1926 2155 1755 2076 2263 2026 2124 1842 1781 1862 1812 
1779 2008 1921 1811 1850 1971 2051 1994 1891 2056 1873 1835 2053 2002 1915 2012 1738 2081 2370 2029 1712 2045 1994 1804 1964 2079 1966 2043 1972 1669 1798 1851 
1808 1944 1729 1948 2037 1914 1947 2143 1742 2055 1804 1980 2086 2082 1870 2012 2084 1926 2218 2106 1735 2087 2091 1921 1980 2038 1999 2131 1837 1701 1914 1791 
1796 2027 1965 2132 2075 1946 2022 2146 1958 2209 1822 2005 2054 2143 1853 2071 1922 2103 2280 2154 1743 1929 2394 1874 2048 2198 2144 2041 1939 1899 1699 1927 
1831 1998 1884 1786 2031 1938 1957 2126 1754 2114 1884 1913 2005 2084 1927 1996 1942 2087 2070 1991 1702 1978 2063 1784 2021 2224 2032 2275 1963 1871 1842 2028 
1592 1983 1937 1898 2036 1890 1918 2055 1809 2065 1867 1857 2013 1922 1846 2007 1941 1842 2367 2181 1693 1972 2214 1807 2020 2140 1951 1997 1752 1797 1540 1864 
1790 2036 2093 2082 2072 2119 2017 2250 1829 2251 1787 2124 2119 2221 2077 2236 2204 2128 2243 2396 1947 2079 2211 1903 2052 2339 2295 2331 2016 1983 1821 1938 
1709 1965 1949 2044 2209 2072 2017 2120 2004 2089 1969 2006 2146 2210 2029 2274 2053 2270 2375 2245 1721 2024 2277 2064 1968 2316 2282 2189 1994 1841 1790 1982 
1508 1921 1721 1856 1857 1905 1841 1891 1755 1905 1798 1853 1914 1935 1808 1917 1882 1758 2139 1953 1620 1816 2088 1862 1967 2059 2028 1861 1839 1582 1584 1746 
1727 2020 2047 2062 2074 2032 2051 2177 2066 2188 2082 2072 2215 2143 2054 2140 2071 2117 2472 2239 1737 2104 2307 2045 2176 2325 2150 2247 2125 1896 1851 1953 
1758 2179 2076 1954 2153 2200 2111 2085 1983 2092 1839 1967 2101 2152 1774 2174 1838 2081 2407 2168 1811 2092 2055 1981 2082 2163 2187 2264 1970 1794 1805 1886 
1599 1802 1591 1723 1784 1621 1757 1818 1689 1914 1756 1521 1727 1776 1563 1738 1520 1739 1896 1748 1500 1737 1884 1782 1955 1845 1789 2012 1769 1575 1407 1766 
1730 1811 1844 1846 1965 1841 1854 1853 1919 2126 1762 1838 1923 1840 1806 1993 1876 2002 2135 2115 1571 1876 2133 1692 1969 2019 1941 2033 1881 1842 1508 1788 
1861 2077 1690 1886 1996 1885 2091 2101 1790 2116 1982 1828 1993 2016 1911 1980 2014 2098 2393 2184 1644 1977 2164 1893 2141 2288 2119 2178 1880 1783 1728 1945 
1714 2003 1896 2030 2125 2129 1927 2184 1995 2117 1825 2073 1978 2065 1977 1974 1926 2175 2342 2028 1836 2039 2141 1947 1971 2102 2255 2200 1944 1738 1858 1985 
1771 2117 1874 1975 2052 2004 2093 2254 1825 2191 1732 2020 2107 2098 1846 1921 2047 2126 2299 2021 1857 2020 2097 1992 2086 2131 2125 2141 1907 1692 1700 1982 
1809 2058 1821 2053 2036 2225 2068 1954 1939 2256 1850 2009 2139 2096 1957 2181 1996 1998 2380 2065 1708 2066 2181 1825 1982 2182 2010 2221 1896 1714 1757 1811 
1577 1716 1688 1846 1936 1863 1909 1785 1818 1960 1655 1784 1907 1846 1762 1997 1821 1882 2082 1936 1562 1764 1997 1698 1791 1988 1728 1896 1859 1586 1571 1662 
1469 2054 1803 1771 1993 1791 1906 1932 1826 1865 1708 1767 1836 1966 1889 1978 1835 1944 2193 1839 1671 1941 2011 1929 1763 1973 1943 2064 1842 1467 1687 1856 
1639 1910 1878 1896 1836 1903 2015 1995 1774 1946 1729 2015 1924 1984 1730 2008 1897 2060 2147 1991 1713 1860 2032 1898 1754 1949 2036 2041 1901 1629 1623 1812 
1462 1726 1688 1716 1804 1747 1863 1786 1685 1891 1823 1784 1827 1700 1699 1755 1711 1783 2052 1839 1669 1661 1807 1687 1714 1699 2022 1934 1824 1673 1522 1699 
1932 2083 1962 2196 2273 2244 2129 2231 2098 2396 1881 1994 2093 2274 2065 2116 1958 2345 2439 2244 1994 2090 2203 1944 2131 2361 2276 2420 2191 1924 1948 2046 
1565 1817 1704 1666 1888 1809 1847 1876 1892 1863 1629 1796 1817 1753 1571 1908 1795 1751 2022 1892 1598 1857 1767 1660 1752 1847 2082 2072 1592 1535 1665 1664 
1653 1914 1717 1832 1842 1838 1863 1918 1902 1963 1833 1714 1915 2014 1816 2112 1723 2019 2185 2058 1431 1881 1875 1664 1868 2219 1953 2029 1870 1669 1673 1710 
1822 2168 1809 2050 2039 2115 1872 2151 1959 2370 1849 1967 2079 2231 1988 2126 1900 2097 2350 2069 1929 2065 2358 2032 2121 2320 2332 2284 1924 1739 1980 1999 
2061 2104 2124 2006 2154 2263 2160 2215 2039 2326 1870 2246 2271 2315 1998 2153 2029 2276 2339 2251 1976 2129 2276 2029 2227 2326 2380 2354 2126 1935 1885 2075 
1919 2048 1883 2028 2051 2094 2236 2220 1893 2045 1917 1937 2098 1958 1870 2080 1858 2244 2289 2135 1854 1989 2075 2050 2072 2219 2061 2243 1930 1841 1780 2017 
1545 1906 1825 1824 1946 1836 1918 1873 1846 1879 1669 1641 1804 1903 1758 2053 1687 1813 2120 2098 1595 1817 2055 1763 1763 1951 1894 2018 1739 1462 1541 1717 
1646 1890 1961 1849 1956 2149 1990 1952 1783 1904 1823 1866 1857 1877 1763 1975 1833 1996 2120 2130 1691 1917 1982 1785 1800 1973 2014 2110 1733 1652 1669 1886 
