4377 4223 4447 3917 4366 4675 4218 4287 4377 4135 4146 4081 4163 4092 3992 3877 4577 4346 4596 4322 3659 4299 4427 4001 4433 4545 4286 4584 4442 3986 4051 4100 
3987 4263 3764 3599 3855 4514 3858 3680 4008 3917 3988 3805 3991 3638 3725 3563 3914 3817 4417 3945 3494 3936 4171 3811 4305 4310 4234 4072 3937 3605 3618 3832 
3961 3878 3896 3515 3859 3905 3792 4034 4085 3955 3722 3758 3662 3951 3748 3533 3852 4048 4084 3730 3751 3797 3909 3796 4097 4156 4010 4021 3892 3649 3569 3649 
4091 3949 3901 3561 3830 4328 3768 3945 4066 3958 4048 3834 3919 3755 3708 3567 4131 4026 4386 3753 3433 3939 4182 3695 4372 4383 4143 4030 4144 3779 3880 3613 
4151 4104 4031 3408 3667 4286 4146 3940 4039 4102 4199 3830 3934 3923 3758 3649 3935 4053 4300 3830 3562 3950 4137 3725 4045 4289 4187 4033 4103 3662 3821 3829 
3990 3827 3697 3384 3987 3944 3696 3919 3837 3862 3779 3729 3792 3639 3558 3366 4122 3816 4190 3760 3365 3815 3973 3802 3886 3999 3928 3936 3956 3515 3900 3507 
4066 4003 3964 3762 3999 4218 3937 4088 4099 3923 3828 3832 3831 3773 3649 3531 3885 3998 4289 3916 3625 3874 4343 3583 4122 4306 4146 3856 4183 3811 3605 3770 
4503 4399 4289 3584 4274 4666 4159 4288 4187 4315 4275 4052 4221 4250 4199 3717 4524 4399 4416 4112 3674 4194 4381 4048 4532 4657 4488 4515 4441 4190 4221 4203 
3934 3945 3876 3472 4101 4077 3730 4107 4002 4052 4030 3663 3897 3767 3782 3683 4100 3832 4468 4117 3463 3917 4357 3620 4086 4324 4176 3826 3913 3823 3408 3808 
3860 3930 3941 3624 3896 4279 3622 4042 3804 3769 3746 3859 3654 3792 3660 3549 4035 3899 4143 4097 3567 3913 4017 3582 4102 4280 4046 3951 4095 3716 3707 3681 
4010 3907 3922 3595 3881 4206 3697 4000 4279 3937 4185 3840 3941 3840 3879 3639 4043 4199 4449 3961 3456 3939 4179 3856 4016 4381 4261 4210 4218 3712 3745 3682 
3796 3970 3669 3526 3754 4180 3700 3850 4003 3843 3918 3685 3737 3792 3705 3379 4102 3593 4172 3864 3422 3630 4126 3625 3968 4158 4058 3860 3992 3552 3530 3717 
3941 3996 4137 3656 3889 4311 3923 4063 4021 4059 4236 3911 3958 3918 3862 3448 4311 4012 4349 4081 3505 3950 4458 3833 4236 4250 4103 4155 4180 3779 3789 3889 
3871 4141 3986 3466 3915 4305 3848 3888 4084 3820 4036 3719 3761 3790 3602 3459 3795 3998 4314 3934 3447 3863 3905 3778 4156 4014 3939 3957 4060 3588 3718 3733 
3916 3787 3653 3349 3838 3670 3623 3733 3997 3835 3748 3375 3568 3740 3500 3069 3767 3775 4037 3601 3308 3504 4078 3696 4062 3797 3625 3971 3840 3481 3321 3689 
4151 3901 3928 3513 4152 4233 3779 3819 4172 4165 3947 3613 3696 3683 3762 3528 4067 4028 4206 4096 3400 3946 4286 3480 4194 4125 4082 3917 4189 3724 3625 3831 
4064 4069 3716 3467 3820 4077 4064 4056 3780 4005 4002 3586 3794 3880 3888 3439 4142 4018 4515 3961 3478 3827 4262 3709 4295 4201 4338 4180 3984 3757 3692 3860 
3718 3950 3931 3562 3832 4155 3514 3840 3937 3729 3756 3693 3684 3700 3649 3372 3780 3998 4310 3614 3450 3653 4185 3661 3843 3761 3996 3916 3870 3512 3412 3723 
3817 3925 3739 3398 4031 4230 3890 4035 3850 3889 3618 3731 3712 3738 3592 3337 4101 3886 4146 3550 3546 3872 4106 3622 4103 4236 3977 3913 3900 3430 3502 3686 
4247 4084 3854 3725 4072 4506 4221 3778 4164 4191 3994 3979 3914 3885 3714 3758 4236 4122 4476 3992 3413 3981 4330 3636 4109 4349 4173 4257 4208 3677 3928 4037 
3815 3617 3667 3525 3877 4089 3639 3704 3834 3790 3802 3664 3741 3657 3638 3464 3986 3847 3974 3831 3373 3778 3989 3577 3915 4002 3863 3743 3987 3487 3597 3474 
3628 4224 3672 3536 3976 4144 3829 3753 4081 3878 3681 3748 3665 3860 3867 3491 3927 3833 4383 3689 3536 3727 4089 3830 3940 4102 4070 4082 4049 3414 3742 3847 
4102 3908 3963 3457 3974 4142 4005 4060 4004 4002 3948 3785 3794 3786 3710 3525 4042 4162 4347 3986 3356 3617 4103 3670 3948 3900 4043 4120 4017 3584 3657 3778 
4014 3871 4032 3397 3825 4073 3862 3767 3900 3950 3983 3708 3778 3706 3559 3480 4041 3851 4030 3760 3548 3609 3999 3572 4025 3828 4245 3886 3962 3644 3479 3612 
4465 4359 4233 4067 4669 4853 4282 4430 4513 4537 4423 4096 4181 4405 4166 3913 4447 4669 4743 4374 3969 4202 4662 4154 4721 4798 4515 4644 4698 4044 4372 4217 
3757 3798 3707 3264 3961 4066 3591 3797 4105 3765 3719 3679 3533 3351 3357 3485 3833 3616 4143 3697 3466 3723 3802 3516 3927 3844 4054 4045 3646 3514 3770 3551 
4116 4080 3939 3423 3936 4299 3828 4020 4132 3836 4111 3574 3836 3954 3652 3723 4014 4039 4375 4118 3300 3864 4135 3490 4194 4589 4178 4117 4229 3667 3837 3732 
4174 4250 3838 3558 3769 4241 3553 4068 4209 4298 4017 3794 3829 4182 3871 3622 3943 3892 4354 3951 3770 4023 4404 3864 4362 4452 4456 4126 4045 3458 4006 3921 
4154 3952 3967 3509 3991 4352 3685 3994 3835 3958 3829 4014 3996 3884 3898 3532 4028 3974 4271 4007 3671 3800 4141 3780 4275 4352 4329 4097 4230 3771 3832 3852 
4070 4046 3697 3653 4026 4395 4140 4179 4045 3951 4059 3829 4068 3755 3809 3601 4002 4186 4310 3915 3573 3832 4036 3883 4231 4412 4105 4384 3994 3822 3832 3902 
3873 3846 3830 3445 3903 4011 3898 3736 3970 3754 3798 3614 3676 3772 3464 3372 3907 3709 4263 4037 3447 3711 4228 3732 3963 4129 4087 3902 3961 3355 3573 3709 
3874 3824 3863 3469 3854 4358 3908 3978 3705 3740 4087 3712 3610 3750 3590 3389 3906 4041 4236 4022 3309 3733 4011 3751 3986 4001 4137 3919 3813 3546 3749 3800 
