731 883 515 649 803 778 732 698 683 770 691 680 746 677 870 562 626 687 891 745 677 791 809 658 799 889 474 703 584 671 559 748 
489 729 426 535 639 658 626 580 594 603 617 582 630 520 668 500 557 474 749 581 454 642 627 509 691 863 547 637 550 486 458 529 
619 908 555 626 730 770 712 719 717 770 708 710 725 687 836 563 678 733 856 633 681 814 763 707 760 825 546 677 614 710 515 720 
525 738 488 570 617 609 527 628 635 720 559 588 719 552 675 510 548 595 846 577 597 660 759 570 801 829 525 622 579 671 466 658 
556 802 504 520 637 640 645 622 660 640 572 502 640 606 761 546 522 628 868 606 472 689 684 541 627 747 553 625 665 533 542 597 
566 749 495 539 678 661 577 668 512 564 647 588 642 658 678 438 620 556 703 684 571 674 594 630 651 632 430 647 522 620 551 558 
654 821 601 675 762 622 694 721 692 801 727 691 720 618 754 509 552 729 868 696 614 661 813 611 775 844 610 634 579 771 519 742 
596 725 383 511 719 660 589 610 527 699 633 564 637 576 728 466 520 666 733 616 551 633 649 558 714 777 433 601 609 698 528 648 
511 795 520 515 673 552 582 688 562 730 613 521 656 635 727 516 585 560 888 637 549 664 776 530 723 841 510 566 518 650 438 632 
480 738 461 595 637 658 552 654 567 678 615 578 638 589 703 520 541 642 795 765 710 662 715 622 735 812 479 683 557 690 411 557 
609 835 501 633 779 646 678 722 657 764 694 563 703 664 779 632 618 685 891 765 599 696 757 626 724 812 643 606 605 727 491 650 
561 868 476 607 663 666 666 647 678 787 743 561 721 583 846 570 610 532 861 723 586 676 708 666 808 860 621 600 675 594 550 606 
545 775 502 630 708 679 672 677 658 774 728 605 745 607 790 567 547 700 850 729 602 689 764 606 736 904 608 646 694 641 513 680 
526 809 477 510 656 653 545 550 526 716 617 532 665 549 675 419 471 582 823 637 586 659 686 588 762 693 503 628 580 583 467 556 
515 742 431 492 565 525 600 650 550 584 669 434 546 576 587 499 510 545 725 607 442 575 671 530 680 736 601 575 630 658 449 631 
577 803 473 478 627 594 564 621 606 715 592 540 665 608 731 551 464 695 826 637 545 667 783 558 728 814 528 612 624 636 453 655 
594 873 415 564 674 674 705 646 535 751 725 540 693 599 828 450 599 618 902 785 590 641 753 666 828 840 597 664 614 649 508 648 
520 794 552 589 726 696 580 752 662 746 588 620 684 539 686 476 552 665 879 624 620 696 747 635 781 772 567 645 634 699 531 606 
649 929 524 648 764 838 761 803 702 806 692 622 818 660 817 532 678 733 901 693 718 791 762 767 791 828 613 747 609 643 595 716 
473 751 416 527 649 708 607 533 570 748 560 524 626 585 780 519 598 569 803 591 563 690 646 539 696 753 476 595 587 501 439 491 
545 785 459 639 664 722 632 575 621 776 669 556 678 563 833 510 587 638 792 643 586 630 669 577 690 780 470 550 606 610 527 623 
521 850 488 631 670 683 759 673 715 711 674 551 632 586 801 540 631 565 915 627 617 768 752 667 719 777 585 640 555 570 491 664 
483 804 474 634 651 703 632 653 637 694 605 570 620 558 694 496 579 634 797 608 617 665 708 621 648 758 601 648 614 598 453 535 
432 680 442 544 555 584 567 547 550 625 619 483 583 443 606 363 473 563 656 562 586 525 562 537 591 612 595 573 612 569 397 488 
678 896 541 690 807 819 692 770 661 807 705 628 798 685 797 594 546 767 929 801 717 780 810 647 792 940 619 852 746 742 598 688 
463 619 404 451 573 589 560 560 543 565 529 463 545 421 566 382 523 495 663 498 456 614 520 455 562 579 530 539 438 478 475 521 
579 809 481 646 697 695 634 609 703 777 697 571 737 681 827 657 555 655 891 713 588 714 728 552 736 845 641 587 707 626 525 624 
532 816 440 595 676 674 554 633 579 739 650 529 676 573 733 512 477 633 804 615 612 643 738 512 670 756 532 600 615 592 519 550 
498 656 407 506 581 605 499 584 509 580 535 571 638 563 670 409 542 553 669 637 587 610 625 563 646 702 483 621 599 635 395 537 
606 683 411 500 620 609 615 647 556 611 508 398 579 403 680 408 548 561 696 623 473 609 609 556 643 775 447 589 585 644 434 562 
540 767 472 545 573 572 612 569 614 688 499 374 540 489 716 521 459 589 784 671 549 677 706 531 539 767 454 576 538 465 407 512 
538 741 453 529 637 631 602 624 540 594 554 468 599 511 622 455 502 569 680 638 622 603 598 602 541 695 450 640 534 569 419 522 
