2863 2766 2873 2745 2976 2986 2900 3048 2845 2847 2665 2781 2797 2710 2646 2775 2865 2852 3217 3127 2444 2855 2824 2641 2892 3118 2914 3277 2808 2483 2751 2674 
2510 2807 2535 2461 2633 2920 2659 2620 2630 2719 2620 2564 2766 2417 2464 2504 2440 2564 2986 2779 2248 2668 2774 2506 2742 2882 2728 2881 2391 2289 2362 2514 
2650 2661 2433 2463 2775 2575 2666 2876 2655 2806 2408 2576 2556 2547 2619 2535 2457 2771 2897 2625 2504 2623 2603 2525 2681 2729 2683 2819 2550 2435 2371 2520 
2578 2641 2504 2464 2615 2797 2496 2732 2581 2600 2560 2582 2713 2483 2512 2630 2610 2704 3029 2702 2212 2640 2838 2409 2775 3026 2744 2874 2652 2488 2573 2393 
2691 2806 2641 2391 2602 2791 2780 2804 2650 2784 2693 2521 2737 2603 2628 2615 2451 2801 3065 2810 2385 2697 2653 2491 2647 2814 2749 2747 2699 2386 2560 2489 
2528 2553 2339 2404 2652 2531 2470 2769 2378 2630 2365 2482 2661 2564 2445 2476 2674 2500 2832 2667 2234 2552 2571 2486 2510 2669 2629 2749 2402 2275 2527 2299 
2795 2794 2746 2804 2890 2828 2752 2943 2749 2806 2548 2659 2696 2764 2601 2711 2625 2826 3084 2963 2483 2673 3141 2565 2851 3093 2889 2803 2714 2625 2423 2587 
2838 2812 2614 2420 2867 2871 2680 2978 2612 2850 2631 2632 2872 2747 2738 2689 2746 2896 2917 2871 2457 2681 2779 2537 2842 3100 2846 3127 2736 2687 2691 2681 
2462 2707 2607 2456 2783 2627 2554 2860 2535 2691 2576 2473 2643 2552 2473 2582 2612 2541 3079 3010 2253 2637 2886 2432 2684 2885 2684 2633 2459 2481 2115 2523 
2726 2734 2767 2701 2769 2964 2648 3018 2599 2849 2610 2787 2697 2788 2733 2775 2860 2845 3042 3165 2560 2803 2886 2497 2860 3102 2890 3016 2771 2637 2599 2598 
2664 2740 2656 2663 2881 2912 2721 2928 2838 2782 2795 2720 2835 2771 2691 2804 2781 2982 3215 3083 2342 2751 2933 2755 2703 3132 3006 3002 2760 2702 2596 2700 
2444 2647 2401 2397 2567 2720 2484 2731 2503 2513 2578 2445 2582 2597 2525 2465 2659 2448 2920 2764 2189 2510 2729 2400 2641 2805 2648 2591 2570 2232 2265 2421 
2596 2710 2682 2650 2755 2838 2706 2879 2664 2781 2858 2638 2796 2690 2659 2679 2707 2843 3203 3010 2333 2780 2993 2648 2807 3048 2782 2918 2794 2467 2489 2560 
2571 2792 2671 2498 2768 2906 2696 2759 2699 2674 2617 2534 2628 2572 2381 2652 2418 2702 2998 2899 2326 2657 2565 2510 2760 2787 2673 2847 2554 2398 2418 2473 
2493 2510 2286 2312 2528 2354 2438 2532 2513 2562 2428 2071 2401 2440 2211 2234 2212 2439 2640 2496 2146 2292 2541 2396 2617 2518 2353 2763 2359 2132 2039 2406 
2634 2583 2553 2405 2751 2663 2507 2606 2661 2774 2573 2476 2532 2488 2552 2588 2557 2718 2826 2891 2208 2639 2804 2302 2752 2697 2566 2699 2632 2418 2307 2459 
2637 2653 2270 2359 2560 2504 2682 2785 2365 2660 2534 2319 2494 2573 2464 2434 2603 2688 3117 2854 2200 2486 2702 2385 2710 2816 2659 2830 2458 2381 2318 2462 
2504 2642 2589 2563 2646 2734 2466 2714 2647 2663 2461 2524 2473 2550 2450 2421 2381 2754 3090 2689 2268 2520 2850 2533 2480 2676 2788 2794 2509 2267 2384 2504 
2521 2716 2424 2441 2721 2713 2603 2897 2453 2642 2330 2499 2662 2617 2424 2405 2608 2703 2926 2640 2424 2578 2628 2497 2701 2816 2639 2727 2497 2204 2230 2482 
2656 2665 2469 2589 2645 2930 2743 2613 2643 2825 2500 2682 2724 2673 2564 2690 2698 2649 3077 2829 2241 2723 2789 2415 2568 2867 2715 2897 2610 2349 2457 2436 
2362 2343 2308 2482 2669 2649 2536 2524 2414 2595 2335 2376 2520 2376 2397 2561 2512 2547 2734 2719 2166 2450 2574 2304 2529 2708 2503 2560 2587 2259 2250 2296 
2382 2833 2550 2414 2790 2627 2681 2718 2622 2697 2458 2522 2593 2626 2656 2600 2589 2718 3017 2628 2347 2639 2674 2650 2521 2709 2714 2866 2569 2229 2517 2577 
2746 2624 2730 2608 2696 2790 2795 2948 2682 2757 2657 2765 2721 2720 2518 2591 2703 2862 3123 2963 2420 2521 2771 2631 2586 2738 2803 2892 2684 2401 2475 2648 
2358 2405 2426 2308 2524 2532 2577 2567 2436 2592 2524 2446 2433 2371 2389 2394 2434 2523 2783 2611 2296 2328 2462 2265 2424 2386 2759 2618 2506 2315 2253 2343 
2799 2818 2648 2746 3045 3070 2831 3016 2803 3083 2711 2625 2826 2887 2765 2735 2693 3134 3169 3051 2662 2810 2898 2659 3007 3217 2967 3131 2957 2581 2742 2700 
2331 2474 2396 2174 2596 2498 2463 2576 2547 2476 2290 2313 2341 2223 2204 2446 2337 2364 2730 2623 2186 2480 2353 2242 2429 2493 2706 2714 2176 2221 2380 2223 
2601 2609 2476 2387 2616 2651 2494 2826 2597 2580 2617 2246 2620 2683 2485 2645 2486 2752 3060 2871 2083 2560 2554 2325 2650 3048 2667 2782 2720 2328 2379 2378 
2683 2806 2429 2534 2560 2759 2427 2802 2646 2946 2606 2442 2594 2754 2559 2599 2453 2766 3015 2808 2432 2723 2948 2556 2764 2932 2845 2905 2556 2254 2680 2656 
2857 2790 2750 2542 2858 3105 2720 2941 2659 2886 2585 2900 2940 2811 2664 2636 2723 2840 3039 2938 2550 2751 2867 2667 2899 3140 3130 3035 2849 2655 2661 2625 
2850 2786 2544 2666 2925 2898 2984 3103 2701 2790 2705 2664 2933 2526 2658 2689 2642 3051 3126 3043 2536 2638 2697 2797 2862 3027 2844 3141 2697 2617 2571 2727 
2414 2456 2392 2311 2526 2580 2555 2609 2554 2470 2370 2270 2505 2498 2327 2540 2365 2475 2807 2860 2176 2431 2653 2363 2429 2690 2515 2680 2385 2122 2189 2392 
2612 2600 2680 2544 2637 2949 2726 2728 2510 2588 2667 2592 2517 2503 2464 2514 2639 2740 2974 2964 2331 2588 2663 2465 2555 2791 2723 2880 2508 2330 2454 2608 
