4897 4812 5053 4545 4972 5222 4950 4994 5014 4726 4848 4775 4792 4864 4808 4582 5333 4976 5165 5037 4206 5056 5038 4652 5057 5142 4994 5247 4978 4665 4783 4738 
4685 4974 4634 4216 4553 5239 4735 4426 4692 4612 4790 4682 4775 4470 4606 4279 4766 4619 5192 4773 4093 4762 4765 4492 5045 5105 5066 4781 4592 4471 4551 4561 
4453 4373 4506 3981 4391 4402 4413 4645 4655 4569 4393 4400 4314 4607 4490 4125 4463 4636 4622 4424 4199 4450 4358 4315 4619 4700 4690 4580 4352 4244 4250 4149 
4700 4527 4587 4086 4440 4915 4451 4620 4633 4561 4708 4536 4522 4401 4526 4191 4874 4678 4992 4409 3986 4671 4690 4339 4929 4948 4803 4616 4684 4455 4527 4209 
4804 4781 4908 4057 4391 5014 4916 4579 4716 4759 4956 4636 4708 4680 4664 4427 4694 4791 5008 4612 4143 4805 4747 4422 4742 4962 5007 4728 4853 4390 4678 4556 
4505 4452 4292 3971 4647 4517 4373 4529 4400 4408 4426 4458 4402 4303 4307 3992 4817 4386 4704 4512 3834 4577 4432 4406 4502 4695 4595 4508 4525 4154 4576 4148 
4571 4584 4640 4362 4810 4860 4782 4823 4803 4590 4426 4551 4641 4567 4342 4241 4670 4712 4876 4702 4224 4683 4860 4192 4776 4936 4910 4615 4759 4497 4342 4487 
5060 5058 4964 4168 4900 5315 4874 5018 4843 4913 4921 4739 4849 4954 4969 4412 5348 5106 5011 4829 4176 4917 4964 4622 5169 5295 5213 5243 4976 4836 4891 4722 
4571 4602 4636 4167 4803 4704 4607 4881 4668 4741 4842 4565 4684 4594 4667 4535 4925 4525 5198 5025 4131 4763 4869 4411 4843 5067 5018 4559 4564 4633 4263 4569 
4551 4661 4673 4327 4599 4906 4270 4720 4546 4450 4552 4617 4428 4641 4557 4265 4872 4671 4839 4817 4146 4716 4578 4233 4793 4941 4832 4633 4673 4510 4556 4394 
4613 4566 4665 4267 4617 4896 4515 4715 4935 4626 4864 4689 4714 4616 4791 4373 4815 4935 5224 4693 4037 4795 4796 4503 4694 5151 5131 4959 4830 4501 4581 4478 
4368 4630 4458 4209 4406 4894 4408 4475 4608 4560 4671 4444 4412 4515 4581 4087 4919 4348 4890 4654 4030 4461 4739 4249 4581 4800 4791 4549 4667 4333 4275 4346 
4426 4520 4784 4135 4344 4835 4465 4626 4521 4546 4883 4547 4504 4458 4510 4066 4916 4549 4852 4655 3972 4536 4881 4373 4752 4717 4672 4677 4737 4289 4376 4356 
4334 4720 4692 3999 4575 4914 4619 4539 4716 4508 4715 4449 4493 4464 4337 4130 4503 4688 4905 4716 4036 4686 4461 4395 4690 4609 4684 4602 4680 4237 4393 4315 
4211 4177 4023 3730 4301 4027 4081 4182 4422 4260 4184 3844 4057 4275 3917 3440 4215 4228 4494 4043 3660 3993 4454 4110 4515 4264 4103 4391 4200 3945 3839 4199 
4707 4576 4615 4156 4864 4859 4531 4610 4818 4760 4634 4379 4377 4420 4562 4203 4799 4694 4863 4808 3872 4696 4833 4090 4859 4758 4847 4632 4805 4458 4374 4499 
4747 4678 4431 4070 4524 4732 4816 4748 4410 4688 4761 4379 4513 4649 4746 4086 4867 4736 5249 4663 4080 4659 4852 4450 4934 4947 5079 4809 4662 4544 4531 4620 
4263 4533 4633 4098 4501 4830 4224 4468 4572 4339 4347 4419 4332 4371 4371 4022 4464 4668 4886 4250 3974 4355 4746 4194 4364 4486 4691 4550 4472 4182 4157 4399 
4343 4524 4544 4028 4603 4917 4601 4718 4427 4504 4319 4489 4397 4490 4330 3963 4819 4619 4788 4256 4167 4641 4662 4176 4717 4880 4751 4598 4524 4089 4331 4358 
4786 4641 4486 4291 4699 5126 4889 4460 4738 4683 4618 4680 4552 4580 4354 4448 4958 4702 5002 4668 4005 4714 4767 4286 4748 4942 4776 4926 4834 4283 4552 4636 
4402 4205 4329 4142 4541 4672 4366 4350 4402 4438 4468 4360 4448 4361 4393 4087 4731 4543 4693 4580 3914 4515 4529 4227 4543 4707 4610 4372 4623 4160 4304 4141 
4239 4904 4385 4208 4622 4753 4556 4493 4759 4470 4379 4489 4386 4691 4617 4148 4687 4457 4992 4412 4048 4410 4580 4462 4573 4792 4765 4731 4593 4154 4574 4524 
4616 4525 4648 3977 4619 4745 4707 4671 4605 4668 4643 4496 4411 4481 4422 4224 4802 4817 4947 4746 3886 4366 4578 4254 4420 4499 4667 4773 4620 4249 4321 4259 
4690 4506 4642 3870 4590 4589 4606 4447 4548 4643 4697 4515 4429 4458 4422 4162 4791 4458 4641 4473 4094 4441 4545 4256 4619 4600 4989 4514 4573 4422 4299 4398 
5008 4962 5018 4724 5291 5464 5022 5079 5034 5184 5168 4862 4857 5154 4960 4605 5182 5331 5478 5181 4499 4957 5167 4805 5396 5462 5269 5308 5345 4744 5234 4888 
4343 4476 4577 3755 4643 4740 4412 4509 4824 4433 4406 4490 4295 4182 4182 4185 4638 4327 4747 4532 4041 4542 4393 4065 4537 4535 4898 4762 4248 4199 4692 4182 
4714 4697 4678 4022 4518 4949 4571 4759 4803 4514 4771 4315 4615 4701 4462 4384 4725 4754 5035 4835 3962 4668 4794 4136 4824 5255 5022 4816 4852 4363 4656 4405 
4729 4762 4448 4128 4382 4756 4234 4773 4791 5024 4679 4423 4472 4924 4625 4318 4693 4529 4903 4750 4342 4758 4925 4475 4963 5057 5171 4834 4589 4132 4777 4526 
4699 4601 4668 4203 4659 4964 4410 4743 4459 4634 4658 4847 4751 4680 4839 4179 4711 4648 4995 4835 4194 4581 4735 4423 4953 5179 5177 4704 4861 4494 4727 4634 
4496 4561 4322 4150 4551 4966 4757 4768 4560 4420 4621 4418 4639 4260 4447 4154 4690 4795 4799 4567 4066 4463 4452 4320 4744 4884 4703 4952 4436 4410 4432 4330 
4365 4383 4515 3958 4492 4620 4526 4342 4546 4308 4419 4347 4247 4331 4206 4070 4568 4274 4887 4660 3944 4439 4744 4310 4465 4677 4795 4565 4599 3866 4227 4255 
4349 4416 4468 3921 4445 4859 4545 4521 4315 4328 4634 4322 4181 4482 4259 3929 4528 4565 4729 4660 3738 4443 4585 4294 4475 4615 4800 4482 4356 4053 4480 4380 
