5715 5630 5764 5251 5823 6089 5761 5794 5785 5643 5633 5546 5725 5796 5586 5388 6118 5825 5990 6001 4903 5990 5787 5569 5786 5957 5597 6199 5801 5495 5525 5449 
5313 5529 5132 4765 5195 5976 5416 5086 5400 5372 5445 5344 5405 5083 5139 4951 5393 5342 5950 5562 4728 5466 5363 5199 5810 5697 5593 5488 5275 5164 5234 5094 
5211 5103 5134 4517 5086 5175 5140 5424 5365 5387 5093 5077 5059 5305 5149 4905 5122 5336 5298 5297 4846 5227 5086 5219 5360 5390 5337 5397 5121 4978 4944 4833 
5372 5174 5148 4640 5114 5638 5109 5355 5283 5306 5393 5206 5237 5115 5111 4882 5588 5337 5668 5306 4645 5412 5322 5189 5554 5615 5331 5325 5411 5156 5202 4773 
5393 5323 5378 4470 4954 5645 5487 5173 5260 5291 5593 5136 5183 5306 5120 5056 5288 5293 5606 5274 4699 5392 5263 5112 5193 5473 5426 5337 5399 5026 5160 5037 
5148 5108 4872 4532 5330 5158 4998 5177 5097 5175 5033 5095 5107 5027 4936 4669 5466 5121 5373 5268 4410 5301 5053 5166 5201 5284 5144 5310 5247 4837 5194 4709 
5068 5013 4965 4751 5241 5323 5214 5289 5348 5143 4880 5058 5190 5057 4728 4780 5261 5131 5391 5329 4789 5198 5267 4760 5261 5448 5291 5182 5238 4919 4745 4849 
5731 5686 5499 4672 5556 5934 5477 5698 5399 5633 5510 5317 5522 5564 5523 5095 5958 5743 5647 5620 4747 5668 5550 5412 5748 5854 5753 5952 5680 5444 5468 5181 
5224 5183 5253 4709 5520 5401 5235 5492 5335 5472 5440 5215 5298 5259 5261 5153 5535 5281 5824 5792 4684 5413 5454 5209 5529 5679 5442 5268 5246 5285 4902 5103 
5347 5309 5375 5013 5410 5723 5097 5487 5298 5315 5340 5344 5156 5488 5255 5054 5488 5515 5592 5699 4811 5576 5333 5130 5577 5668 5421 5557 5546 5289 5380 5110 
5293 5154 5101 4771 5236 5506 5133 5374 5587 5348 5419 5345 5325 5299 5368 5128 5384 5615 5873 5466 4651 5485 5375 5264 5320 5754 5553 5618 5484 5100 5167 4963 
4965 5204 4956 4682 4998 5589 5017 5104 5222 5303 5295 5035 5143 5092 5105 4763 5549 5011 5500 5427 4634 5168 5314 5058 5219 5402 5306 5249 5351 4954 4876 4871 
5217 5105 5358 4709 5043 5616 5249 5387 5205 5341 5497 5219 5133 5122 5023 4755 5607 5206 5634 5411 4582 5315 5482 5097 5393 5361 5233 5511 5420 4964 5011 4936 
5036 5355 5268 4554 5218 5723 5340 5266 5375 5225 5375 5067 5218 5194 4934 4876 5189 5281 5666 5517 4742 5484 5013 5157 5389 5391 5195 5404 5341 4927 5053 4910 
4948 4835 4635 4367 5116 4824 4797 4941 4997 4878 4974 4450 4639 5000 4588 4156 4766 5002 5148 4850 4260 4704 5147 4933 5160 4806 4582 5085 4929 4711 4606 4846 
5369 5271 5114 4747 5674 5557 5216 5223 5503 5493 5235 5001 5087 5184 5231 4972 5420 5435 5628 5537 4434 5432 5428 4861 5519 5464 5304 5338 5537 5147 5004 5063 
5246 5136 4847 4469 5045 5193 5263 5245 4904 5234 5235 4856 5043 5206 5144 4538 5404 5210 5674 5257 4513 5160 5299 5011 5409 5424 5465 5396 5169 5039 5009 5045 
4918 5146 5176 4640 5233 5477 4807 5199 5080 4971 5019 4993 4931 5014 4924 4700 4971 5247 5430 5045 4493 5063 5330 4968 5005 5013 5189 5256 5149 4911 4784 4883 
4965 5120 5085 4498 5366 5532 5228 5440 5062 5095 5016 5153 4934 5137 4945 4710 5485 5251 5439 4992 4703 5248 5171 4996 5277 5421 5135 5262 5264 4748 4940 4901 
5624 5391 5216 4960 5556 5957 5647 5324 5500 5531 5450 5526 5407 5544 5112 5271 5779 5546 5811 5612 4772 5609 5484 5218 5559 5791 5311 5826 5653 5117 5415 5339 
5101 4862 4959 4684 5200 5427 5032 5096 5052 5094 5165 5065 5063 4993 5037 4834 5338 5224 5388 5452 4566 5289 5114 5062 5245 5380 5060 5121 5354 4925 4943 4690 
4795 5491 4954 4768 5214 5420 5189 5135 5416 5087 5017 5127 4958 5379 5246 4780 5279 5080 5619 5214 4629 5092 5088 5221 5180 5346 5177 5459 5330 4796 5184 5100 
5417 5298 5282 4550 5360 5567 5454 5511 5280 5385 5412 5214 5071 5179 5082 5080 5501 5511 5735 5618 4599 5204 5283 5158 5063 5138 5279 5622 5322 5064 4953 4865 
5455 5137 5254 4469 5285 5317 5302 5229 5208 5388 5373 5203 5069 5234 5112 4858 5465 5149 5375 5306 4763 5212 5107 4996 5244 5313 5425 5300 5223 5083 4930 5022 
5659 5590 5571 5200 5993 6100 5652 5721 5697 5905 5855 5445 5554 5940 5595 5302 5824 6044 6121 5902 5060 5591 5781 5615 5957 6057 5740 5996 6070 5374 5824 5486 
5026 5163 5075 4308 5333 5490 5054 5248 5465 5148 4992 5067 4934 4833 4770 4880 5281 4862 5514 5311 4656 5269 4945 4799 5191 5223 5412 5449 4885 4890 5242 4736 
5280 5278 5135 4604 5149 5551 5168 5295 5484 5151 5285 4983 5243 5384 5032 5051 5385 5352 5715 5543 4517 5395 5303 4799 5469 5893 5446 5555 5543 5008 5281 5012 
5367 5369 4954 4644 5030 5477 4889 5393 5438 5736 5376 5086 5136 5581 5158 4981 5382 5210 5600 5544 4952 5465 5587 5252 5574 5661 5707 5525 5272 4812 5462 5168 
5270 5120 5123 4677 5188 5498 4958 5234 4962 5183 5118 5294 5262 5269 5298 4755 5287 5188 5616 5423 4714 5256 5216 5011 5388 5698 5616 5361 5417 5016 5224 5078 
5214 5297 4913 4686 5330 5792 5495 5599 5234 5215 5453 5083 5369 5005 5057 4953 5363 5553 5577 5440 4678 5264 5165 5201 5462 5562 5333 5742 5199 5299 5159 4937 
5037 4961 5026 4520 5191 5284 5134 5041 5111 4982 5081 4932 4869 5035 4831 4757 5174 4844 5540 5450 4531 5138 5279 5046 5019 5287 5200 5274 5243 4500 4809 4831 
4942 4926 4931 4442 5096 5465 5119 5177 4800 4996 5145 4817 4737 5064 4737 4548 4990 5186 5283 5281 4222 5106 5108 4942 5069 5130 5290 5144 4943 4656 5005 4755 
