768 682 884 900 599 798 571 613 911 646 794 565 948 799 717 626 733 558 659 795 740 598 551 873 687 754 849 802 798 832 737 795 
801 715 717 724 557 600 450 658 799 513 715 567 817 726 616 449 594 511 748 651 677 529 528 758 579 604 782 673 602 791 544 631 
715 728 716 786 581 706 451 624 731 679 787 645 761 792 686 556 623 524 622 787 655 543 467 799 663 659 806 762 703 700 728 637 
814 906 689 873 613 627 504 681 908 668 799 574 886 790 780 557 655 461 810 802 731 601 613 817 629 719 955 787 763 809 707 692 
791 741 782 837 545 695 467 734 891 643 755 661 833 823 719 593 636 568 753 780 748 563 482 799 682 727 818 768 738 804 683 698 
944 955 890 952 654 707 601 714 953 679 905 731 942 909 817 709 738 596 804 809 824 647 643 922 762 796 904 892 777 884 783 755 
840 821 799 829 602 627 541 609 827 515 759 628 851 790 709 572 599 463 696 776 708 614 604 821 682 637 751 761 646 790 650 660 
732 864 781 920 657 679 520 659 937 661 824 550 871 850 811 655 664 444 697 867 788 676 539 813 688 725 840 880 723 749 737 682 
661 569 725 640 478 475 391 475 685 422 550 492 685 619 507 476 539 446 599 587 577 472 415 612 485 539 591 607 529 685 482 593 
828 802 908 1033 605 713 566 645 949 720 849 654 897 853 788 763 795 617 732 864 705 669 580 905 674 785 854 934 768 888 876 840 
868 785 861 945 561 697 528 621 888 682 779 624 898 778 737 638 741 586 766 898 740 596 561 815 713 735 958 820 853 759 798 770 
719 674 664 821 477 562 517 462 795 519 642 534 703 625 605 535 537 457 659 684 633 470 521 689 590 578 839 680 623 630 658 679 
880 843 708 796 551 576 499 645 838 611 722 601 880 746 702 526 599 509 704 709 764 553 595 767 659 721 873 731 712 714 643 669 
781 723 803 793 540 712 567 630 834 625 789 608 868 816 617 534 660 571 656 862 627 570 544 893 651 654 815 852 763 754 745 748 
654 581 505 598 467 395 320 475 605 414 543 498 599 619 450 356 454 425 557 570 553 369 388 519 502 454 641 559 513 492 407 530 
763 731 735 793 604 620 405 623 881 549 758 485 811 758 675 546 618 523 681 698 743 531 521 765 598 601 764 668 679 756 677 625 
854 854 794 893 631 705 540 691 965 634 828 627 803 815 721 621 616 539 725 816 801 556 510 826 688 696 846 775 685 710 700 670 
755 764 755 865 533 621 491 564 824 602 711 548 805 747 605 570 680 529 707 792 651 539 532 766 620 666 854 777 715 735 705 687 
806 634 745 838 596 655 535 632 801 626 758 639 715 776 618 567 573 585 630 728 677 478 499 712 706 684 850 764 712 677 676 732 
855 874 858 927 696 765 534 733 902 698 862 653 923 845 709 630 754 592 799 870 716 562 523 815 686 761 855 825 810 869 688 724 
607 664 642 649 507 596 452 468 661 513 621 488 684 720 609 463 500 388 587 710 628 533 482 693 521 589 642 611 673 652 566 578 
703 717 698 794 571 546 485 521 668 584 712 588 693 759 651 504 565 440 531 843 688 522 563 687 679 635 749 696 694 595 595 616 
587 608 554 802 460 444 410 531 716 515 616 449 630 624 649 482 463 395 527 643 594 484 559 673 536 610 758 629 577 567 669 552 
745 768 691 814 504 606 452 649 888 648 751 549 794 842 669 549 637 589 660 786 767 582 527 850 632 678 822 770 700 689 737 732 
811 814 734 864 569 706 493 675 886 662 840 538 826 841 684 586 695 560 651 819 669 581 532 807 670 703 793 832 801 747 748 674 
799 777 788 855 531 582 427 624 820 621 734 630 757 791 677 616 636 476 619 792 669 573 456 785 594 639 773 786 648 704 707 692 
682 675 693 715 516 462 452 585 772 542 729 487 672 694 633 511 538 432 553 709 639 509 489 712 559 621 763 730 616 622 651 579 
1005 910 944 1037 676 768 601 696 898 769 867 762 932 932 731 663 799 645 820 957 740 714 614 954 738 742 938 903 777 901 803 878 
927 857 871 970 676 924 605 808 968 833 1004 736 1035 971 815 608 813 683 808 994 824 667 635 989 843 780 974 951 908 909 849 868 
909 853 752 996 628 688 618 664 995 644 859 712 761 857 731 650 681 613 835 837 739 624 503 873 681 712 918 894 686 718 780 807 
754 725 722 829 515 617 514 532 861 535 694 553 715 726 636 598 597 491 619 772 661 536 442 748 614 604 695 737 658 594 629 685 
728 664 767 712 587 665 489 601 772 519 715 545 768 699 661 542 598 442 763 760 601 598 390 686 640 529 681 771 663 708 581 623 
