3983 4163 4320 4202 4420 4193 4145 3816 4816 3792 4200 4306 4202 4277 4329 4179 3865 3983 3662 4107 3872 3896 3607 4168 4263 4154 4163 4623 4365 4043 4398 4253 
3974 4185 4297 4056 4196 4494 3961 3869 4428 3685 4179 4368 4076 4089 4278 4079 3731 4095 3960 3793 3727 3889 3549 4005 3905 4198 4072 4372 3954 4342 4175 3926 
3790 3880 3811 3755 3832 3943 3488 3411 4032 3421 3647 4001 3565 3811 3787 3864 3538 3823 3387 3631 3738 3318 3183 3533 3727 3688 3633 3988 3866 3690 3876 3637 
3822 4092 3869 4048 4122 4287 3730 3552 4414 3776 3817 4011 3978 3994 4154 3992 3419 3694 3613 3840 3780 3519 3349 3960 3713 3923 3890 4321 3816 4022 3737 3662 
3926 3960 4164 4030 4085 4235 3814 4006 4619 3587 3649 4508 4032 4210 4314 4259 3725 3924 3885 3913 4095 3639 3352 3918 3881 4070 3893 4218 3950 4052 4008 3876 
3805 3952 3777 3889 4074 3862 3581 3613 4262 3399 3792 3970 3745 3935 3882 3931 3474 3673 3531 3632 3720 3511 3214 3673 3871 3679 3630 3962 3768 3795 3870 3750 
4046 4179 4215 3797 4077 4137 3672 3830 4323 3509 3716 4018 4054 4029 3888 4002 3443 3962 3468 3811 3599 3689 3677 3914 3776 3950 3889 4354 3751 3873 3785 3858 
4164 4395 4506 4224 4490 4365 4028 3792 4801 3842 4283 4328 4110 4241 4585 4357 3902 4084 3901 4256 4171 4159 3740 4166 4288 4241 4134 4727 4154 4193 4358 4230 
3736 3913 4385 3939 4074 4089 3943 3930 4581 3711 3863 4401 4130 4103 4247 4038 3826 4052 3954 3785 3952 3758 3727 4148 3947 4145 4122 4254 3819 4269 4058 4078 
3770 3996 4263 3939 4198 4061 3788 3586 4449 3572 3788 4093 3910 3989 4047 3885 3602 3739 3658 3880 3731 3773 3424 3823 3800 4041 3846 4293 3736 4176 4034 4038 
3962 4000 4233 3977 3997 4152 3942 3631 4291 3749 3838 4187 3956 3937 4037 3961 3737 3997 3568 4027 3845 3668 3623 3787 3836 4139 4187 4417 4105 4193 4017 3877 
3668 3871 3745 3698 3949 4089 3627 3394 4251 3345 3534 3894 3532 3858 3951 3812 3452 3715 3505 3635 3584 3685 3370 3779 3835 3894 3901 4006 3625 3899 3745 3660 
3994 4114 3863 3762 3866 4046 3850 3504 4427 3647 3573 4115 3771 3955 3895 3995 3552 3496 3616 3712 3830 3551 3448 3869 3572 3913 3779 4067 3951 3854 3788 3646 
3981 4069 4085 3821 4024 4289 3888 3484 4323 3778 3775 4021 3805 4347 4054 3770 3623 3873 3474 3968 3673 3777 3524 4187 3783 4005 3830 4291 4103 3853 4146 3761 
3662 3545 3475 3482 3596 3517 3447 3451 3893 3287 3419 3869 3269 3621 3450 3496 3347 3562 3415 3407 3500 3330 3387 3164 3303 3497 3479 3627 3604 3622 3720 3559 
3841 3978 3896 3750 4109 4026 3911 3821 4552 3439 4021 3888 3845 4187 3921 3830 3626 3938 3749 3701 3814 3677 3534 3914 3691 3932 3816 4173 3894 3992 3974 3769 
3893 4125 4121 4020 4232 4100 3962 3792 4451 3605 3928 4317 3958 4091 3932 4093 3594 3816 3678 3916 3982 3582 3405 4049 3951 3820 3791 4281 4009 3855 4029 3896 
3662 4110 4026 3798 3779 4065 3425 3366 4161 3296 3455 3800 3575 3716 3750 3729 3394 3648 3285 3670 3657 3547 3457 3638 3556 3989 3455 4011 3774 3623 3846 3648 
3610 3787 3786 3581 3944 3876 3546 3517 4008 3380 3308 3972 3533 3874 3732 3814 3367 3739 3352 3500 3623 3487 3157 3653 3630 3878 3680 3890 3570 3726 3670 3666 
3911 3968 4228 4014 4323 4226 3837 3905 4574 3711 3899 4153 4059 4097 4097 4247 3732 3782 3803 4046 3646 3611 3335 3849 3712 4033 4128 4463 4051 3966 4055 3830 
3646 3932 3777 3592 3751 4007 3767 3604 4077 3405 3655 3982 3775 4075 3706 3665 3445 3621 3321 3663 3526 3485 3424 3636 3590 3718 3741 4009 3800 4035 3781 3697 
3665 3884 3828 3798 3838 3919 3789 3566 3998 3312 3800 4037 3487 3891 3891 3742 3364 3714 3270 3781 3579 3603 3381 3776 3768 4009 3725 4056 3651 3630 4081 3692 
3644 3848 3883 3681 4204 3987 3577 3497 4310 3598 3738 4099 3679 3923 4113 3948 3420 3718 3483 3985 3517 3573 3315 3826 3870 3940 3836 4166 4060 3766 4062 3643 
3773 4120 3958 3789 4196 4041 3733 3772 4519 3552 3708 4157 4057 4032 3878 4065 3733 3760 3579 3752 4045 3403 3298 3920 3737 3713 3956 4251 4029 3782 3954 3908 
4385 4365 4552 4349 4581 4452 4143 4126 4943 4185 4282 4513 4235 4536 4355 4355 3915 4350 4091 4185 4145 4122 3735 4346 4349 4540 4243 4631 4446 4440 4582 4154 
3696 4075 4116 3866 3969 3937 3671 3595 4319 3471 3798 4153 3793 3936 4113 3772 3530 3906 3320 3915 3863 3669 3309 3783 3610 3790 4055 4354 3780 3812 4135 3750 
3720 4028 4378 3742 4103 4079 3971 3819 4412 3485 3920 4066 3970 3994 4083 4014 3781 3935 3338 3752 4078 3658 3451 3846 3877 4117 4104 4145 3956 3875 3891 3827 
4180 4239 4192 4074 4245 4318 4103 3778 4543 3771 3994 4086 3933 4199 4002 3916 3724 3922 3545 3955 3736 3569 3512 4020 4069 4263 3920 4197 4120 3994 4133 4055 
4002 3879 4264 4219 4074 4265 3851 3828 4466 3816 4144 4422 4200 4059 4017 3860 3858 4057 3756 4037 3946 3714 3670 4082 3933 4110 4238 4356 4119 4171 4215 4107 
4092 3984 3979 4143 4181 4051 3723 3368 4453 3558 4131 4203 3669 3938 4266 4201 3634 4077 3705 4006 3728 3566 3322 3879 3708 3810 3924 4287 3793 3941 4153 3848 
3890 3982 3986 3802 3931 4126 3643 3348 4367 3287 3485 3825 3825 3891 3901 3849 3480 3588 3245 3919 3711 3440 3368 3766 3621 3792 3896 4194 3750 3777 3729 3875 
3498 3721 3943 3742 4124 4046 3747 3562 4016 3536 3862 4033 4125 3856 3798 3882 3347 3708 3535 3917 3680 3592 3189 3605 3717 3795 3595 4038 3744 3842 3706 3783 
