5579 5675 5863 5660 5834 5696 5755 5579 6401 5367 5667 5499 5646 5716 5895 5914 5651 5277 5422 5604 5429 5611 5019 5948 5763 5669 5789 6050 5883 5549 5942 5733 
5271 5413 5598 5190 5270 5763 5128 5330 5718 5044 5299 5332 5153 5387 5492 5345 5157 5192 5212 5085 4979 5163 4827 5246 5098 5527 5389 5719 5095 5502 5278 5028 
5224 5434 5409 5119 5233 5360 4919 5095 5408 4933 5090 5252 4897 5084 5187 5533 5040 5277 4909 5066 5174 4828 4588 5023 5057 5101 5100 5299 5224 5106 5244 4834 
5119 5376 5304 5348 5262 5589 5041 5073 5801 5126 5104 5118 5234 5326 5643 5352 5004 4916 5065 5186 5092 5028 4588 5271 5031 5184 5241 5588 4991 5326 5049 4906 
5162 5214 5448 5087 5185 5365 4910 5308 5847 4726 4762 5398 5129 5469 5617 5425 5120 4936 5176 5032 5259 4798 4479 5237 4791 5169 5118 5346 4998 5176 5120 4877 
5067 5243 5119 5059 5293 5148 4841 5156 5512 4739 4989 4946 4831 5057 5137 5379 4885 4864 4957 4980 4961 4771 4436 5114 4995 4956 4960 5115 4988 5050 5114 4881 
5225 5396 5473 4902 5192 5351 4926 5250 5408 4696 4847 5052 5160 5243 5263 5233 4862 5006 4750 5033 4841 5000 4957 5047 4871 5099 5089 5519 4730 4981 4941 5029 
5399 5701 5836 5409 5645 5705 5224 5363 6067 5185 5436 5482 5228 5365 5876 5702 5312 5221 5174 5360 5310 5493 4936 5427 5532 5542 5416 5942 5357 5440 5550 5318 
4996 5321 5904 5181 5145 5412 5270 5461 5844 5024 5093 5363 5254 5365 5627 5386 5251 5169 5398 5035 5263 5324 4809 5625 5242 5468 5515 5444 4991 5590 5384 5276 
5228 5530 5842 5209 5410 5540 5123 5308 5762 5100 5184 5229 5227 5306 5453 5624 5161 5110 5275 5316 5019 5170 4807 5462 5165 5490 5384 5657 5146 5607 5468 5323 
5342 5419 5707 5213 5155 5544 5152 5202 5511 5149 5081 5310 4991 5186 5504 5283 5166 5303 4956 5366 5122 5033 4940 5116 5129 5398 5595 5761 5342 5455 5367 5050 
5082 5231 5135 4962 5093 5387 4834 4892 5624 4702 4769 4946 4618 5244 5241 5114 4988 4955 4840 4900 4889 5082 4696 5110 5061 5232 5235 5308 4758 5179 5022 4801 
5462 5611 5385 4922 4988 5396 5185 5150 5776 5126 4858 5240 4941 5273 5408 5570 5152 4797 5117 4924 5172 4959 4750 5356 4919 5343 5194 5417 5210 5316 5110 4830 
5275 5316 5608 5088 5216 5539 5231 5058 5579 5101 5030 5090 5110 5739 5393 5237 5167 5156 4809 5399 5022 5089 4797 5564 4956 5360 5303 5646 5286 5243 5375 5008 
5017 4886 4777 4678 4869 4858 4620 4808 5178 4560 4598 4921 4302 4843 4596 4901 4708 4668 4742 4566 4748 4561 4724 4575 4456 4846 4816 4807 4735 4730 4982 4720 
5141 5340 5303 4923 5281 5319 5188 5295 5730 4783 5285 4942 5012 5423 5370 5151 5022 5033 5131 4928 5112 5157 4883 5425 5021 5233 5301 5512 5158 5328 5191 5009 
5054 5426 5459 5130 5245 5275 5031 5209 5663 4851 5085 5180 5021 5224 5075 5422 5001 4890 5029 5035 5119 4869 4582 5462 5007 5082 4994 5311 5061 4995 5265 5039 
4953 5496 5511 5039 5020 5421 4674 4876 5521 4599 4677 4924 4765 4870 5175 5032 4778 4844 4540 4939 4941 4870 4683 4995 4692 5368 4822 5256 4946 4972 5116 4845 
4974 5287 5362 4763 5246 5145 4767 5081 5260 4860 4763 5033 4683 5005 5106 5294 4978 5024 4811 4792 4982 4902 4531 5184 4792 5166 5064 5100 4800 5055 5045 5002 
5426 5460 5807 5321 5606 5531 5200 5567 6049 5351 5274 5280 5352 5392 5485 5774 5447 5144 5385 5517 5146 5207 4720 5353 5117 5560 5591 5879 5446 5395 5429 5229 
5102 5286 5189 4946 5031 5301 5143 5161 5370 4785 4907 5145 5035 5326 4902 5049 4934 4809 4702 5062 4877 4863 4683 4931 4863 5118 5169 5282 4948 5377 5102 4982 
5119 5196 5215 4953 4968 5114 5005 4973 5317 4631 4949 5047 4549 5175 5111 5197 4804 4882 4726 5067 4899 4875 4565 5250 4839 5271 5044 5174 4820 4772 5371 4719 
5165 5259 5353 4913 5408 5313 4895 4983 5682 5019 5065 5188 4911 5144 5468 5386 4966 4975 4888 5392 4891 4824 4631 5227 5035 5274 5284 5503 5230 5115 5386 4781 
5154 5332 5344 5008 5314 5193 5045 5279 5740 4834 4820 5152 5143 5213 5070 5463 5123 4939 4919 5121 5458 4622 4418 5123 4898 5042 5355 5433 5224 5030 5215 5051 
5758 5826 6048 5671 5864 5870 5417 5759 6241 5595 5649 5726 5470 5852 5858 5893 5476 5662 5575 5501 5499 5556 5268 5892 5722 5952 5657 5954 5775 5769 5951 5534 
4904 5303 5421 5047 5013 5124 4875 4823 5566 4695 4741 5156 4800 5026 5401 5016 4796 5101 4541 5146 5009 4860 4416 5003 4654 4984 5259 5488 4915 4887 5146 4702 
5106 5306 5716 4918 5297 5215 5175 5256 5600 4915 5235 5181 4959 5235 5514 5346 5118 5103 4750 5026 5436 5156 4820 5204 5096 5409 5410 5473 5194 5219 5049 5053 
5531 5552 5537 5257 5311 5507 5349 5311 5797 5086 5354 5164 4981 5338 5414 5236 5054 5122 4902 5249 5008 5019 4823 5354 5319 5495 5253 5476 5163 5360 5400 5193 
5124 4950 5460 5188 5131 5438 4935 5212 5592 5048 5218 5305 5203 5094 5113 5076 5100 4954 5000 5114 5058 4895 4717 5278 4980 5190 5491 5517 5110 5333 5230 5139 
5460 5373 5461 5430 5441 5301 5042 4781 5865 4828 5356 5310 4913 5059 5572 5504 5163 5333 4986 5272 4926 4918 4620 5278 4905 5135 5185 5641 4982 5288 5277 5050 
5132 5117 5244 4989 5084 5303 4879 4681 5598 4558 4683 4787 4862 5010 5154 5303 4872 4682 4635 4977 4933 4699 4575 5094 4770 5071 5163 5266 4917 5010 4940 5100 
4730 4898 5236 4789 5072 5206 4875 4894 5074 4559 4866 4922 5154 4928 4982 5162 4692 4838 4783 5032 4750 4656 4222 4909 4751 4963 4836 5145 4872 5055 4752 4873 
