3462 3592 3682 3604 3712 3536 3401 3179 4231 3370 3536 3593 3497 3674 3596 3546 3282 3253 3069 3561 3305 3353 3003 3557 3548 3523 3515 4042 4003 3483 3762 3540 
3312 3482 3517 3357 3397 3639 3047 3118 3906 3167 3443 3550 3351 3405 3509 3380 3048 3360 3185 3141 3088 3182 2908 3261 3164 3456 3369 3665 3419 3662 3422 3149 
3284 3315 3171 3182 3259 3295 2808 2917 3513 3109 3092 3476 3086 3239 3149 3361 2971 3234 2898 3074 3192 2775 2704 2991 3147 3134 3086 3490 3428 3234 3297 3092 
3263 3518 3290 3419 3397 3560 3058 2947 3816 3403 3312 3489 3298 3478 3455 3398 2844 3125 3012 3249 3248 3019 2818 3290 3186 3390 3378 3677 3443 3417 3232 3041 
3236 3278 3411 3400 3286 3364 3016 3237 4016 3091 3098 3706 3272 3495 3548 3577 3033 3302 3213 3267 3441 2990 2631 3216 3146 3321 3186 3555 3515 3356 3376 3108 
3238 3424 3209 3291 3357 3170 2875 2970 3729 2981 3237 3321 3136 3349 3191 3359 2969 3045 2936 3204 3233 2883 2644 3099 3230 3117 3048 3414 3429 3285 3236 3076 
3444 3596 3413 3175 3425 3329 2885 3130 3693 3091 3083 3354 3373 3389 3160 3297 2852 3187 2976 3233 3036 3193 2995 3362 3225 3228 3251 3644 3336 3336 3123 3190 
3591 3842 3811 3565 3803 3599 3314 3206 4214 3530 3580 3705 3509 3652 3834 3710 3293 3358 3309 3627 3623 3587 3194 3584 3679 3623 3525 4070 3810 3651 3765 3608 
3071 3225 3640 3165 3263 3274 3060 3192 3915 3177 3166 3559 3353 3371 3399 3343 3071 3339 3263 3173 3356 3090 2949 3347 3131 3425 3320 3560 3332 3544 3226 3247 
3211 3360 3486 3301 3362 3273 2930 2859 3856 3078 3131 3330 3191 3340 3278 3282 2968 3019 2935 3251 3096 3200 2788 3177 3106 3323 3133 3624 3345 3511 3378 3282 
3323 3350 3466 3287 3267 3354 3160 2953 3722 3228 3180 3449 3158 3287 3274 3220 3067 3228 2943 3430 3121 2993 2834 3107 3136 3370 3370 3666 3606 3525 3363 3160 
3037 3242 3093 3071 3148 3228 2921 2718 3653 2863 2933 3170 2847 3176 3135 3141 2828 3005 2802 3016 2957 3020 2728 3106 3074 3186 3249 3371 3148 3223 3137 2961 
3481 3547 3361 3295 3297 3333 3289 2982 3928 3292 3190 3536 3249 3410 3284 3435 2969 3049 3047 3192 3354 3147 2979 3306 3072 3273 3294 3576 3578 3360 3303 3095 
3383 3424 3437 3199 3346 3444 3228 2905 3736 3354 3204 3403 3179 3651 3285 3089 2995 3172 2926 3392 3069 3197 2892 3554 3115 3290 3216 3716 3632 3307 3543 3108 
3259 3229 3068 3025 3176 3050 2858 2939 3541 3019 2989 3405 2874 3255 3063 3055 2991 3056 3036 3099 3125 3006 2946 2838 2963 3049 3027 3225 3364 3299 3249 3031 
3308 3420 3272 3173 3399 3296 3134 3160 3990 3028 3361 3189 3230 3611 3211 3136 2980 3231 3153 3102 3248 3108 2952 3287 3079 3316 3144 3463 3520 3439 3368 3081 
3274 3481 3429 3387 3452 3324 3114 3052 3917 3118 3317 3686 3200 3496 3247 3399 2993 3134 2998 3301 3346 2944 2798 3337 3292 3116 3140 3686 3591 3199 3351 3085 
3028 3482 3346 3246 3167 3239 2825 2839 3662 2974 2983 3145 2897 3185 3106 3055 2795 2934 2714 3079 2994 3036 2850 3050 3037 3318 2848 3415 3370 3113 3243 2998 
3012 3165 3091 2978 3301 3085 2919 2917 3500 2872 2788 3337 2912 3291 2964 3168 2780 3071 2753 2903 2991 2939 2579 2975 3077 3087 3094 3187 3109 3145 3083 3033 
3378 3496 3626 3487 3661 3481 3140 3221 4020 3297 3332 3562 3456 3571 3456 3576 3173 3257 3277 3514 3223 3164 2827 3282 3217 3348 3575 3821 3718 3437 3436 3200 
3030 3342 3134 2929 3056 3240 2956 2867 3489 2984 3064 3348 3124 3446 3037 3040 2870 3016 2754 3072 3020 2931 2810 3024 2966 3088 3119 3366 3410 3406 3154 2956 
3165 3294 3179 3204 3167 3225 2947 2857 3504 2896 3116 3342 2796 3377 3233 3140 2848 3041 2670 3159 3103 3058 2888 3124 3137 3376 3141 3398 3281 3096 3393 3038 
3094 3274 3252 3146 3500 3187 2914 2905 3787 3231 3166 3470 3019 3288 3427 3313 2843 3064 2945 3388 3014 3013 2825 3152 3221 3287 3279 3605 3644 3232 3484 3043 
3190 3540 3290 3245 3406 3295 2907 3084 3940 3146 3147 3388 3272 3497 3268 3392 3108 3139 2977 3204 3443 2837 2710 3252 3114 3102 3244 3573 3578 3228 3268 3102 
3785 3777 3898 3707 3877 3744 3321 3364 4386 3672 3701 3764 3605 3876 3631 3763 3358 3739 3477 3597 3659 3459 3131 3620 3631 3852 3637 3969 3974 3811 3913 3480 
3088 3429 3361 3197 3265 3154 2869 2951 3800 3106 3146 3427 3170 3331 3377 3187 2955 3244 2812 3266 3256 3032 2748 3156 3004 3199 3423 3626 3315 3301 3456 3109 
3118 3381 3698 3075 3445 3294 3222 3127 3874 3086 3223 3419 3242 3428 3363 3303 3108 3290 2834 3127 3421 3097 2822 3219 3188 3410 3344 3527 3538 3286 3267 3053 
3635 3686 3488 3515 3568 3618 3343 3095 3886 3451 3381 3417 3309 3606 3315 3317 3138 3280 3093 3341 3271 3058 3032 3405 3369 3651 3334 3624 3681 3508 3468 3377 
3313 3241 3619 3477 3321 3548 3054 3154 3880 3381 3514 3707 3533 3423 3291 3223 3233 3314 3125 3459 3264 3075 2981 3387 3271 3451 3550 3679 3638 3604 3526 3359 
3602 3519 3395 3621 3645 3456 3174 2894 4018 3272 3528 3677 3221 3492 3597 3713 3128 3473 3213 3525 3272 3042 2838 3344 3171 3326 3415 3807 3463 3438 3683 3310 
3307 3419 3393 3254 3333 3381 3057 2865 3843 2969 3058 3233 3214 3329 3234 3224 2890 3028 2778 3271 3135 2899 2754 3132 3067 3148 3260 3587 3386 3225 3192 3269 
3019 3206 3365 3218 3448 3440 3039 2971 3580 3186 3329 3425 3452 3345 3235 3376 2958 3154 3125 3387 3192 3105 2724 3097 3188 3252 3087 3464 3460 3443 3145 3169 
