2197 2026 2221 2201 2058 2209 1874 1769 2481 2107 2132 2152 2342 2090 2206 1936 2005 1961 1899 2256 1899 1919 1695 2104 2000 2098 2146 2348 2469 2132 2216 2224 
2266 2157 2110 2061 1896 2175 1585 1820 2270 1918 2117 2148 2242 1985 2132 1942 1962 2087 2092 1970 1701 1896 1764 1889 1862 1986 2062 2111 2106 2234 1962 1909 
2147 1951 1908 1949 1829 1902 1458 1741 2091 1948 1984 2215 2045 1848 1963 1917 1764 1946 1882 1996 1784 1615 1673 1895 1822 1978 1924 2035 2000 1958 2020 1844 
2125 2113 2015 2089 1904 2070 1666 1753 2283 2042 2063 2066 2188 1984 2118 1936 1786 1843 2019 1949 1835 1779 1727 1959 1840 1975 2119 2230 2124 2086 1901 1737 
2189 1984 2127 2078 1793 1986 1607 1864 2425 1940 1967 2273 2142 1956 2217 2050 1816 2042 2105 2118 2040 1797 1658 2065 1834 2113 1952 2109 2241 2067 2084 1993 
2100 2067 1888 2011 1801 1849 1529 1710 2260 1844 2047 2024 2116 1937 1979 1877 1768 1793 1909 1898 1872 1629 1599 1932 1845 1942 1883 2023 2070 1930 1885 1894 
2357 2377 2162 2060 2064 2112 1661 2027 2428 1922 2024 2184 2309 2114 1951 1954 1865 1981 2060 2073 1766 2042 1991 2176 1935 2121 2017 2224 2140 2250 1943 2005 
2260 2275 2225 2149 2060 2085 1753 1868 2489 2138 2222 2142 2277 2073 2204 1967 2000 2042 2086 2188 2066 2083 1924 2125 2131 2159 2094 2360 2265 2157 2125 2167 
2032 2035 2194 1936 1901 1934 1615 1800 2417 1838 1925 2242 2173 1999 1965 1909 1870 2045 2034 2029 1862 1795 1759 2079 1742 2055 1946 2095 2091 2182 1884 2010 
2280 2174 2252 2276 2090 2129 1786 1884 2621 2094 2131 2233 2254 2253 2120 2069 2058 2008 2091 2261 1927 2022 1840 2164 1973 2204 2080 2356 2247 2313 2223 2173 
2225 2013 2246 2231 1984 2121 1829 1727 2440 2079 2078 2269 2186 1957 2127 2001 2093 2081 2060 2321 1975 1974 1777 2027 1861 2260 2213 2245 2385 2229 2181 2109 
1940 1944 1848 1837 1748 1945 1514 1466 2202 1789 1780 1940 1833 1816 1865 1738 1727 1771 1920 1914 1661 1723 1650 1794 1745 1817 1962 1960 1980 1930 1702 1883 
2245 2179 2121 1998 1900 2096 1848 1758 2394 2059 2007 2202 2231 2035 2084 1946 1860 1919 1972 1985 1939 1941 1835 2065 1806 2153 2031 2136 2255 2171 1861 1967 
2219 2138 2078 2010 2016 2157 1855 1689 2348 2088 1945 2119 2186 2167 1986 1748 1859 1951 1854 2203 1708 1922 1748 2306 1817 2027 1967 2186 2252 2111 2105 1930 
2095 1949 1804 1775 1780 1769 1486 1588 2038 1799 1786 2046 1893 1820 1722 1640 1714 1817 1849 1864 1682 1658 1711 1639 1643 1841 1785 1865 1933 1938 1783 1839 
2127 2046 1998 2018 1927 1919 1547 1744 2482 1902 2069 1985 2092 2124 1957 1700 1869 1922 2083 1909 1885 1768 1718 1992 1833 1993 1877 1985 2131 2083 1967 1867 
2039 2039 2045 2061 1868 1878 1637 1659 2342 1874 2053 2122 1936 1935 1826 1765 1787 1810 1859 1952 1875 1602 1615 1887 1875 1941 1887 2025 2094 1867 1895 1825 
2131 2153 2054 2021 1840 2047 1525 1611 2241 1836 1875 1883 1985 1848 1911 1813 1727 1836 1778 1925 1654 1828 1700 1884 1764 1981 1781 2101 2120 1929 1991 1867 
1986 1816 1920 1799 1795 1820 1553 1715 2111 1881 1740 2016 1882 1976 1705 1753 1705 1856 1871 1766 1688 1647 1583 1816 1823 1944 1903 1939 1931 1931 1801 1862 
2128 2202 2264 2209 2139 2054 1760 1943 2450 2023 2025 2099 2262 2016 2078 1938 2005 1996 2155 2196 1822 1718 1738 2026 1862 2076 2190 2223 2359 2218 1948 2021 
1922 1977 1879 1795 1746 1841 1587 1566 2035 1774 1815 2005 2020 1964 1719 1674 1681 1757 1734 1877 1647 1659 1637 1847 1599 1838 1790 1897 2055 1961 1829 1749 
2067 1946 1996 1965 1830 1854 1533 1691 2123 1875 2028 2214 1835 2053 2029 1801 1811 1796 1778 2075 1859 1815 1807 1825 1870 2040 1951 1887 2075 1844 1941 1932 
2058 2163 2025 2027 2041 1955 1687 1794 2432 2080 2101 2139 2069 2068 2207 1942 1873 1932 1872 2215 1846 1886 1900 1985 1903 2135 2187 2235 2318 2058 2165 2063 
2008 2046 1908 1953 1767 1888 1429 1802 2347 1826 1926 1968 2139 1921 1900 1839 1845 1888 1961 1986 1936 1578 1617 1992 1690 1751 1930 2011 2057 1901 1872 1898 
2378 2181 2226 2165 2063 2128 1775 1959 2584 2156 2192 2212 2310 2181 2060 1974 2027 2173 2136 2113 2001 2014 1840 2135 2067 2240 2037 2184 2399 2253 2204 2080 
2024 2033 1972 1967 1773 1790 1499 1751 2245 1864 1938 2093 2083 1901 1944 1802 1889 1869 1818 1962 1771 1681 1521 1898 1686 1847 1993 2081 2017 1914 1946 1886 
1991 1978 2183 1788 1902 1807 1710 1731 2314 1977 1944 2033 1993 1892 2008 1890 1863 1933 1848 1977 1947 1719 1739 1922 1761 2054 1984 2060 2123 1978 1822 1840 
2433 2282 2077 2194 2058 2089 1849 1752 2367 2049 2039 2080 2187 2099 1938 1853 1968 1942 2095 2114 1785 1915 1848 2073 2002 2189 1938 2183 2259 2200 2035 2029 
2378 2125 2369 2289 2067 2388 1854 2041 2551 2265 2412 2431 2591 2206 2114 2054 2107 2237 2179 2383 2032 1953 1909 2186 2139 2195 2374 2405 2507 2390 2275 2250 
2528 2281 2193 2374 2279 2236 1849 1791 2551 2126 2356 2385 2249 2174 2332 2285 2129 2266 2230 2359 1988 1881 1831 2144 1974 2119 2137 2434 2256 2237 2296 2258 
2015 1949 1975 1925 1844 1938 1711 1582 2351 1712 1912 1915 1940 1870 1908 1791 1745 1801 1776 2032 1764 1595 1619 1854 1714 1902 1906 2033 2027 1938 1754 1969 
2089 2100 2139 2079 2030 2211 1767 1824 2317 2065 2196 2198 2338 2047 2026 1970 1912 1969 2107 2178 1905 1951 1684 1972 1947 2024 1967 2177 2242 2144 1918 1956 
