4859 5018 5233 5070 5161 4963 5002 4701 5702 4583 4954 4868 4893 5082 5207 5043 4740 4587 4587 4999 4643 4737 4295 5042 5099 5053 5062 5410 5159 4823 5252 4983 
4639 4869 5062 4713 4739 5109 4583 4623 5023 4339 4754 4871 4637 4779 4988 4718 4431 4648 4640 4569 4328 4527 4152 4612 4546 4843 4805 5083 4489 4922 4718 4476 
4472 4715 4756 4579 4607 4700 4194 4197 4711 4164 4407 4604 4187 4505 4535 4682 4219 4515 4104 4371 4380 3971 3856 4204 4419 4452 4423 4637 4568 4316 4552 4208 
4457 4820 4662 4792 4762 4932 4376 4300 5156 4409 4468 4486 4569 4762 4908 4709 4254 4214 4407 4588 4400 4176 3933 4613 4364 4605 4616 4965 4418 4612 4437 4227 
4528 4635 4832 4576 4603 4780 4326 4599 5204 4125 4222 4852 4556 4815 4946 4825 4385 4298 4563 4510 4534 4165 3859 4515 4314 4552 4473 4810 4404 4539 4596 4296 
4495 4676 4572 4584 4707 4485 4251 4380 4883 4046 4454 4475 4251 4536 4584 4651 4114 4193 4233 4348 4288 4209 3820 4348 4516 4394 4363 4565 4432 4419 4522 4343 
4512 4694 4767 4360 4508 4610 4079 4389 4729 3959 4198 4396 4404 4590 4426 4474 4011 4351 4017 4384 4056 4173 4160 4272 4228 4428 4395 4822 4127 4294 4257 4275 
4778 5022 5250 4939 5073 5027 4628 4538 5424 4478 4858 4824 4633 4845 5251 5046 4602 4554 4531 4875 4703 4725 4273 4693 4875 4950 4802 5307 4801 4736 4982 4791 
4358 4676 5217 4644 4602 4674 4584 4673 5172 4322 4463 4794 4691 4781 4956 4723 4529 4468 4712 4489 4587 4485 4201 4849 4547 4826 4907 4884 4433 4919 4708 4624 
4553 4929 5263 4699 4912 4865 4525 4505 5185 4367 4571 4684 4593 4746 4859 4763 4368 4406 4503 4685 4323 4473 4136 4676 4563 4856 4742 5089 4505 4902 4871 4722 
4599 4702 5007 4653 4519 4842 4476 4345 4786 4406 4431 4671 4441 4609 4745 4599 4385 4541 4271 4755 4373 4230 4214 4329 4506 4734 4928 5083 4730 4669 4720 4405 
4298 4545 4486 4385 4508 4690 4179 4089 4857 3870 4130 4368 4056 4612 4604 4431 4202 4244 4162 4302 4076 4280 3944 4400 4455 4528 4575 4631 4103 4429 4352 4175 
4714 4952 4735 4405 4388 4710 4499 4304 5092 4389 4253 4575 4357 4697 4672 4848 4308 4128 4427 4465 4435 4180 4011 4513 4272 4651 4554 4733 4582 4545 4513 4225 
4677 4808 4942 4547 4696 4982 4592 4234 4999 4455 4420 4571 4439 5109 4783 4511 4450 4508 4218 4753 4341 4385 4159 4835 4442 4754 4634 5049 4691 4530 4775 4326 
4409 4287 4250 4158 4324 4202 4067 4171 4553 4015 4110 4293 3807 4254 4126 4258 3975 4103 4134 4075 4077 3944 4104 3905 3959 4204 4279 4291 4184 4230 4396 4206 
4528 4755 4690 4377 4709 4701 4555 4484 5113 4137 4641 4303 4349 4827 4717 4448 4236 4381 4454 4454 4415 4379 4171 4658 4378 4614 4621 4861 4571 4605 4570 4339 
4340 4744 4744 4571 4663 4550 4375 4371 4940 4080 4427 4630 4328 4615 4481 4614 4113 4182 4278 4456 4441 4115 3853 4578 4419 4365 4309 4707 4418 4312 4589 4341 
4295 4817 4780 4514 4436 4725 4003 4080 4813 3947 4050 4280 4145 4250 4417 4437 4066 4147 3950 4281 4166 4111 4012 4271 4087 4727 4087 4624 4430 4204 4445 4254 
4173 4592 4564 4201 4668 4404 4054 4214 4540 4137 4013 4356 3954 4483 4362 4483 4057 4228 4005 4168 4213 4116 3767 4270 4214 4507 4357 4462 4108 4278 4372 4270 
4756 4864 5197 4841 5149 4952 4636 4849 5439 4613 4682 4750 4756 4898 4973 5069 4731 4454 4749 4981 4510 4462 4086 4624 4487 4945 5037 5277 4841 4748 4910 4658 
4370 4559 4592 4385 4475 4674 4427 4372 4727 4013 4241 4515 4404 4775 4284 4297 4222 4096 3982 4392 4207 4067 4022 4254 4198 4437 4502 4715 4424 4678 4441 4299 
4295 4569 4572 4442 4450 4521 4395 4257 4655 3946 4386 4504 3996 4596 4494 4442 4004 4184 3998 4445 4161 4176 3955 4445 4404 4665 4457 4686 4208 4136 4773 4174 
4485 4658 4723 4444 4930 4699 4299 4238 5041 4389 4426 4637 4330 4643 4864 4711 4234 4338 4239 4770 4152 4152 3950 4522 4493 4645 4618 4917 4717 4399 4769 4225 
4505 4780 4740 4567 4864 4662 4446 4585 5215 4288 4325 4632 4626 4721 4533 4830 4506 4355 4377 4506 4810 4037 3859 4519 4492 4474 4778 4908 4711 4448 4744 4534 
4974 5161 5334 5011 5247 5069 4714 4842 5546 4858 4957 4975 4719 5179 5065 5030 4574 4904 4769 4864 4688 4795 4420 5028 5008 5188 4910 5229 5071 4976 5314 4756 
4295 4786 4887 4575 4561 4626 4337 4226 4956 4157 4301 4617 4354 4589 4887 4458 4188 4460 4026 4575 4481 4293 3880 4416 4230 4507 4797 4998 4428 4408 4687 4222 
4328 4721 5133 4314 4750 4641 4587 4466 4968 4151 4576 4521 4370 4622 4779 4653 4342 4380 4042 4449 4648 4367 4070 4503 4481 4763 4786 4782 4517 4455 4464 4377 
4830 4973 4936 4715 4852 4918 4748 4478 5187 4457 4703 4529 4428 4848 4754 4595 4414 4423 4240 4672 4311 4282 4112 4658 4692 4874 4612 4827 4649 4582 4741 4584 
4566 4389 4913 4724 4571 4779 4400 4434 4993 4342 4632 4786 4637 4603 4589 4405 4401 4358 4336 4564 4386 4210 4160 4606 4372 4655 4831 4920 4587 4670 4728 4565 
4867 4734 4827 4911 4947 4692 4464 4165 5204 4229 4808 4706 4371 4571 5041 4906 4434 4616 4368 4775 4389 4268 3987 4598 4357 4573 4641 5023 4460 4673 4757 4530 
4523 4616 4675 4500 4606 4743 4265 4055 5025 3989 4084 4256 4336 4450 4560 4582 4158 4100 3976 4517 4263 4057 3936 4365 4244 4505 4582 4786 4365 4401 4412 4473 
4126 4349 4650 4322 4605 4561 4276 4190 4534 4028 4328 4417 4650 4452 4405 4505 4003 4216 4150 4518 4114 4037 3652 4210 4275 4412 4236 4648 4331 4387 4226 4334 
