2892 2962 2939 2823 2912 2906 2752 2636 3415 2745 2912 2862 2909 2878 2918 2804 2802 2686 2521 2882 2649 2776 2423 2835 2926 2813 2899 3206 3377 2775 3000 2946 
2787 2872 2793 2592 2651 2855 2365 2488 2997 2458 2805 2721 2761 2613 2723 2636 2561 2736 2591 2494 2443 2602 2366 2532 2527 2631 2724 2796 2878 2849 2652 2489 
2875 2721 2561 2592 2563 2618 2185 2426 2770 2571 2640 2792 2599 2579 2549 2673 2494 2620 2408 2552 2500 2262 2284 2462 2579 2576 2605 2828 2860 2610 2721 2530 
2735 2809 2590 2630 2569 2695 2314 2337 2926 2691 2693 2643 2670 2591 2700 2597 2350 2461 2503 2542 2515 2293 2267 2547 2493 2555 2748 2827 2801 2599 2417 2358 
2744 2659 2682 2593 2428 2478 2294 2506 3068 2480 2482 2850 2565 2628 2737 2714 2473 2651 2577 2592 2664 2394 2155 2538 2486 2653 2586 2731 2851 2604 2686 2470 
2783 2815 2557 2563 2574 2425 2236 2397 3002 2405 2717 2615 2557 2587 2522 2614 2494 2435 2447 2530 2537 2248 2174 2464 2571 2443 2501 2714 2844 2570 2562 2526 
2976 3042 2817 2546 2747 2695 2303 2653 3081 2591 2653 2735 2807 2749 2611 2635 2434 2635 2521 2605 2408 2656 2502 2816 2696 2677 2714 2935 2802 2741 2488 2699 
2940 3173 3027 2790 2944 2789 2622 2601 3377 2828 2928 2857 2906 2884 3026 2797 2795 2725 2730 2833 2894 2837 2612 2832 3001 2833 2886 3211 3152 2857 2895 2892 
2651 2781 2995 2477 2646 2551 2415 2598 3153 2580 2609 2893 2724 2701 2672 2689 2616 2785 2657 2588 2673 2517 2496 2791 2573 2762 2684 2837 2831 2847 2593 2663 
2786 2805 2904 2725 2740 2646 2397 2417 3250 2565 2753 2707 2685 2820 2691 2650 2629 2507 2545 2745 2528 2624 2362 2654 2588 2679 2650 2964 2908 2829 2782 2645 
2890 2747 2887 2641 2598 2702 2522 2387 3021 2707 2683 2817 2692 2581 2706 2590 2619 2664 2529 2805 2603 2489 2379 2519 2496 2791 2835 2958 3087 2810 2752 2620 
2603 2736 2531 2426 2484 2565 2366 2246 2930 2369 2392 2544 2334 2552 2470 2475 2446 2455 2380 2395 2383 2465 2276 2431 2485 2522 2661 2660 2670 2532 2453 2483 
2953 3015 2776 2660 2646 2734 2680 2430 3211 2732 2675 2883 2674 2662 2642 2701 2521 2505 2518 2555 2699 2549 2464 2657 2528 2772 2726 2837 2959 2706 2577 2579 
2796 2766 2714 2453 2599 2673 2512 2313 2963 2680 2563 2653 2635 2786 2537 2349 2424 2500 2337 2724 2364 2530 2321 2799 2478 2555 2583 2915 2956 2587 2711 2473 
2739 2750 2484 2380 2488 2347 2234 2371 2812 2444 2446 2751 2326 2528 2275 2395 2449 2472 2457 2442 2396 2367 2403 2182 2415 2472 2409 2591 2741 2592 2563 2419 
2931 2967 2763 2616 2815 2688 2560 2661 3319 2610 2861 2638 2710 2934 2626 2578 2611 2746 2715 2572 2704 2596 2495 2737 2688 2745 2620 2817 3015 2811 2770 2530 
2685 2817 2717 2564 2557 2466 2360 2380 2968 2434 2677 2750 2498 2569 2384 2464 2477 2435 2370 2475 2536 2274 2255 2530 2632 2496 2467 2780 2859 2405 2499 2442 
2561 2812 2566 2455 2350 2512 2162 2247 2871 2340 2455 2413 2360 2459 2429 2337 2303 2395 2202 2456 2307 2437 2287 2412 2374 2553 2344 2712 2748 2401 2561 2318 
2655 2693 2578 2412 2591 2434 2375 2451 2908 2459 2390 2679 2375 2679 2385 2500 2436 2541 2378 2294 2407 2351 2187 2471 2591 2545 2566 2602 2639 2523 2545 2484 
2755 2857 2845 2746 2875 2645 2453 2605 3138 2612 2660 2742 2748 2671 2660 2720 2625 2587 2637 2710 2491 2477 2233 2576 2591 2629 2836 2925 3037 2746 2629 2518 
2531 2729 2466 2286 2402 2470 2316 2253 2736 2411 2498 2651 2558 2707 2304 2301 2336 2350 2221 2451 2356 2265 2303 2354 2347 2458 2454 2621 2817 2647 2414 2326 
2699 2715 2580 2551 2506 2510 2288 2371 2798 2343 2605 2654 2345 2690 2570 2444 2415 2398 2236 2528 2505 2488 2359 2473 2546 2658 2541 2627 2799 2327 2664 2453 
2543 2685 2464 2412 2648 2387 2199 2269 2922 2528 2547 2557 2428 2461 2642 2533 2296 2367 2386 2659 2357 2309 2341 2464 2470 2502 2570 2779 2908 2492 2659 2438 
2688 2894 2584 2560 2609 2557 2313 2602 3177 2510 2681 2619 2693 2720 2634 2667 2629 2580 2530 2588 2769 2308 2330 2633 2464 2479 2705 2812 2919 2624 2618 2500 
3127 3037 2948 2809 3004 2890 2590 2709 3398 2870 2988 2829 2824 2909 2788 2848 2764 2956 2815 2813 2859 2697 2495 2804 2890 2956 2816 2931 3306 2962 3025 2739 
2505 2653 2581 2393 2385 2320 2122 2350 2882 2394 2533 2565 2487 2471 2568 2390 2438 2435 2253 2398 2444 2264 2050 2437 2301 2421 2669 2699 2641 2418 2560 2347 
2611 2750 2970 2369 2638 2507 2580 2442 3046 2481 2673 2602 2603 2628 2644 2512 2576 2591 2322 2477 2715 2467 2348 2605 2474 2738 2705 2767 2839 2569 2514 2447 
3172 3117 2886 2892 2854 2917 2789 2564 3129 2823 2853 2652 2802 2897 2661 2620 2724 2752 2687 2693 2689 2613 2598 2826 2772 2998 2742 2935 3132 2882 2828 2742 
2942 2818 3038 2872 2753 3004 2553 2713 3254 2839 3028 3104 3080 2793 2704 2699 2851 2856 2725 2953 2784 2654 2548 2837 2804 2789 2996 3060 3236 3014 2968 2821 
2994 2951 2702 2879 2895 2732 2457 2294 3154 2620 2919 2828 2588 2675 2835 2852 2645 2841 2662 2786 2611 2350 2270 2636 2552 2634 2719 2934 2863 2649 2846 2710 
2803 2837 2705 2553 2621 2726 2548 2320 3130 2346 2576 2491 2559 2588 2554 2475 2475 2486 2327 2617 2490 2333 2268 2541 2465 2573 2642 2890 2846 2591 2537 2677 
2617 2662 2643 2512 2729 2769 2375 2406 2911 2594 2800 2678 2861 2677 2525 2612 2470 2530 2627 2802 2524 2500 2200 2518 2596 2547 2455 2815 2941 2725 2459 2503 
