1461 1415 1630 1700 1372 1474 1379 1253 1843 1427 1456 1327 1760 1522 1441 1143 1451 1382 1282 1596 1339 1326 1067 1591 1379 1411 1552 1633 1751 1570 1564 1582 
1495 1380 1414 1537 1264 1331 1099 1280 1597 1183 1344 1312 1545 1309 1288 1100 1240 1344 1396 1422 1091 1248 1012 1414 1166 1209 1396 1334 1386 1499 1321 1236 
1341 1321 1330 1403 1243 1186 1031 1230 1455 1242 1308 1295 1403 1312 1186 1053 1103 1209 1159 1423 1089 1037 938 1322 1206 1176 1366 1321 1351 1333 1395 1190 
1384 1479 1360 1530 1226 1283 1164 1223 1648 1299 1358 1241 1484 1386 1415 1157 1143 1150 1316 1388 1164 1155 1029 1375 1162 1255 1464 1440 1459 1393 1333 1213 
1407 1310 1493 1499 1185 1222 1089 1375 1653 1324 1319 1334 1467 1419 1437 1217 1247 1323 1314 1481 1265 1264 899 1494 1229 1314 1376 1394 1464 1397 1439 1321 
1558 1511 1419 1590 1327 1307 1143 1264 1683 1332 1544 1313 1593 1472 1380 1209 1260 1212 1304 1381 1293 1152 1036 1509 1320 1316 1429 1456 1459 1400 1383 1289 
1600 1575 1499 1544 1372 1312 1162 1375 1748 1147 1395 1335 1543 1506 1166 1098 1119 1227 1302 1478 1084 1345 1201 1547 1264 1274 1467 1401 1464 1532 1345 1338 
1418 1556 1477 1591 1361 1269 1158 1378 1778 1326 1434 1209 1544 1455 1411 1173 1294 1203 1307 1559 1354 1371 1120 1493 1378 1366 1478 1521 1490 1459 1479 1410 
1444 1363 1518 1457 1337 1230 1174 1260 1629 1173 1316 1372 1496 1393 1234 1101 1207 1348 1313 1492 1170 1259 1040 1492 1152 1331 1342 1365 1393 1506 1353 1381 
1579 1510 1633 1728 1397 1389 1208 1380 1891 1414 1515 1407 1609 1621 1410 1314 1354 1385 1289 1607 1254 1385 1174 1615 1349 1418 1519 1637 1606 1608 1641 1612 
1448 1360 1580 1643 1261 1359 1217 1228 1692 1343 1387 1335 1530 1387 1347 1111 1354 1392 1325 1556 1214 1334 1067 1501 1218 1420 1517 1427 1636 1465 1476 1396 
1303 1271 1208 1379 1111 1192 1020 1013 1477 1052 1146 1108 1226 1179 1116 989 997 1075 1180 1247 1016 1104 963 1311 1138 1141 1343 1201 1273 1242 1198 1241 
1592 1569 1531 1517 1270 1421 1309 1317 1734 1382 1395 1408 1648 1443 1408 1190 1224 1297 1281 1425 1284 1352 1194 1559 1258 1494 1509 1472 1593 1485 1361 1402 
1517 1515 1593 1517 1350 1458 1393 1338 1767 1425 1420 1399 1638 1629 1347 1158 1319 1404 1261 1654 1180 1394 1137 1768 1368 1386 1541 1537 1696 1505 1546 1507 
1391 1230 1200 1297 1184 988 1011 1154 1394 1059 1165 1257 1326 1188 1005 930 1042 1190 1160 1287 1052 1029 1027 1183 1049 1156 1211 1192 1293 1277 1158 1215 
1425 1333 1382 1455 1292 1192 994 1233 1736 1224 1401 1126 1442 1398 1218 976 1193 1227 1263 1364 1218 1186 979 1455 1155 1214 1342 1307 1457 1386 1382 1284 
1507 1499 1503 1630 1369 1295 1198 1268 1767 1292 1426 1369 1466 1422 1251 1096 1181 1242 1286 1465 1303 1126 992 1472 1303 1306 1379 1419 1523 1363 1430 1271 
1529 1407 1530 1640 1311 1330 1092 1126 1654 1277 1345 1283 1422 1315 1256 1145 1234 1333 1311 1475 1188 1256 1064 1394 1289 1302 1351 1502 1572 1441 1433 1362 
1417 1271 1384 1398 1302 1220 1120 1338 1575 1266 1224 1340 1357 1438 1147 1110 1122 1250 1225 1298 1127 1130 1035 1346 1329 1357 1437 1323 1401 1338 1375 1350 
1525 1598 1654 1712 1491 1397 1259 1389 1767 1396 1452 1332 1619 1453 1356 1178 1405 1440 1496 1595 1218 1213 1074 1503 1271 1417 1563 1505 1626 1594 1380 1379 
1204 1319 1299 1294 1139 1209 1140 1060 1466 1087 1181 1170 1337 1377 1105 935 1000 1073 1053 1402 980 1165 984 1334 1003 1145 1256 1264 1422 1325 1262 1203 
1313 1225 1307 1354 1212 1126 964 1136 1407 1123 1250 1214 1144 1385 1229 918 1050 1075 989 1434 1145 1197 1049 1353 1178 1218 1276 1199 1312 1091 1254 1165 
1272 1328 1241 1447 1270 1096 1092 1260 1547 1213 1258 1101 1359 1304 1359 1037 1065 1197 1093 1380 1154 1221 1115 1415 1198 1273 1450 1421 1370 1300 1401 1328 
1340 1352 1269 1488 1132 1184 916 1190 1613 1144 1321 1047 1406 1332 1157 1018 1147 1265 1162 1401 1222 1009 894 1467 1100 1051 1336 1327 1309 1231 1291 1218 
1652 1529 1501 1604 1416 1394 1174 1438 1823 1453 1495 1312 1578 1564 1326 1200 1306 1404 1321 1550 1223 1390 1118 1622 1381 1442 1405 1509 1722 1521 1550 1416 
1380 1422 1423 1534 1229 1134 1078 1246 1627 1237 1306 1233 1432 1331 1269 992 1225 1234 1168 1469 1182 1114 867 1428 1144 1104 1455 1426 1379 1298 1376 1308 
1271 1309 1461 1312 1266 1073 1201 1174 1557 1224 1296 1168 1331 1327 1260 1037 1127 1175 1045 1301 1176 1097 1050 1409 1083 1307 1365 1318 1401 1291 1274 1170 
1755 1575 1633 1771 1454 1423 1317 1320 1707 1490 1509 1440 1660 1475 1273 1211 1355 1363 1421 1587 1186 1371 1180 1579 1450 1456 1531 1567 1637 1636 1476 1509 
1730 1624 1694 1757 1470 1730 1406 1584 1961 1675 1758 1623 1903 1742 1475 1285 1471 1589 1451 1773 1386 1442 1330 1773 1504 1534 1705 1683 1802 1697 1722 1669 
1674 1554 1502 1838 1543 1426 1329 1298 1851 1341 1546 1465 1584 1500 1450 1379 1420 1500 1484 1668 1331 1254 1112 1538 1288 1376 1485 1614 1480 1531 1587 1500 
1406 1341 1311 1422 1267 1263 1202 1152 1658 1127 1320 1183 1365 1312 1225 1061 1092 1172 1092 1446 1145 1135 960 1413 1108 1174 1286 1357 1353 1286 1208 1342 
1472 1365 1442 1451 1337 1475 1229 1263 1584 1340 1436 1331 1613 1398 1316 1178 1129 1302 1327 1508 1194 1313 948 1479 1217 1212 1275 1479 1485 1403 1289 1369 
