3883 4165 4229 4068 4597 4354 4081 3718 4396 4063 4211 4260 3975 4503 4111 4267 4359 3909 3971 4190 4217 4675 3953 4088 4313 4253 4264 3796 4049 4206 4153 3784 
3354 3940 3900 4115 4466 4416 3931 3453 4263 3748 4263 3988 3607 4198 4151 4032 4255 3845 3870 4339 3938 4450 3935 3843 4027 4253 3930 3729 4269 4033 4206 3707 
3182 3786 3850 3688 3979 3915 3687 3410 3990 3694 3831 3710 3647 4152 3575 3836 3887 3497 3609 3936 3542 4156 3746 3656 3742 4029 3808 3327 3612 3715 3858 3261 
3378 3685 3746 3833 4186 3808 3831 3220 3918 3733 3911 3678 3742 4098 3996 3996 3812 3639 3516 3961 3769 4048 3817 3736 3969 3842 3896 3443 3848 3673 4102 3345 
3431 3834 3916 4041 3961 4167 3854 3406 4240 3677 3797 3641 3668 4186 4013 3872 4027 3757 3984 3873 3870 4016 3652 3830 4155 3888 3683 3550 3879 3893 4019 3552 
3203 3633 3515 3531 3992 3714 3638 3095 3776 3657 3626 3358 3427 3956 3550 3639 3765 3601 3617 3561 3531 4003 3432 3437 3586 3696 3429 3335 3584 3484 3824 3238 
3036 3492 3568 3561 3908 3915 3511 3121 3889 3686 3885 3449 3443 3835 3701 3723 3528 3414 3339 3900 3463 4283 3604 3504 3714 3628 3681 3266 3817 3819 3940 3362 
3712 4079 4052 3965 4496 4539 3983 3709 4312 3794 4121 3942 3846 4280 3874 4168 4339 3788 3904 4380 3956 4658 3945 3942 4134 4298 3929 3891 4079 4053 4198 3694 
3515 3913 3944 3902 4366 4357 3952 3283 4395 4026 4268 3962 3933 4487 4212 4181 4051 4126 3749 4303 4058 4576 3895 4098 4148 4208 4005 3537 4275 4191 4322 3796 
3410 3844 4091 4059 4199 4022 3839 3344 4135 3835 4060 3896 3678 4295 3727 4022 3841 3708 3792 4000 3780 4440 3912 3889 4138 4004 4112 3501 3967 3819 4049 3636 
3366 3733 3564 3931 4024 3846 3877 3310 4039 3735 3963 3655 3779 4216 3931 3928 3809 3670 3758 3912 3781 4266 3591 3822 4114 3789 3757 3595 4179 3854 3984 3526 
3275 3756 3503 3806 3838 3981 3666 3247 3883 3518 3829 3594 3601 3939 3878 3937 3785 3706 3548 3879 3576 4247 3760 3782 3989 3636 3659 3317 3888 3855 3864 3276 
3338 3642 3983 3927 4226 3986 3780 3182 3938 3831 4033 3577 3804 4034 3862 4012 3894 3655 3678 3786 3639 4132 3545 3934 3855 3847 3743 3459 3768 3734 3868 3464 
3339 3767 3971 3698 4011 4259 3799 3584 4082 3630 4043 3662 3924 4016 3828 3912 4066 3730 3710 4045 3852 4176 3753 3993 3801 3552 3939 3335 3990 3863 3974 3439 
3005 3433 3746 3617 4095 3909 3597 3389 4015 3517 3890 3697 3587 3878 3746 3759 3879 3682 3692 3493 3641 4240 3464 3593 3873 3668 3808 3211 3885 3697 3814 3204 
3441 3957 3843 3934 4050 4068 3737 3472 4234 3722 3963 3907 3602 4238 3832 4039 4080 3970 3680 4211 3916 4486 3842 3867 3892 4000 3796 3682 4246 4040 4042 3581 
3173 3682 3684 3747 3951 3930 3663 3258 3900 3478 3944 3578 3655 4021 4056 3775 3751 3554 3826 3950 3712 4071 3584 3581 3774 3595 3699 3823 3794 3802 4021 3581 
2945 3616 3650 3411 3923 3790 3528 3003 3541 3489 3795 3473 3386 3778 3823 3534 3830 3385 3616 3739 3544 4020 3389 3543 3749 3489 3282 3419 3535 3544 3591 3281 
3009 3580 3622 3646 4027 3986 3490 3075 3740 3471 3833 3605 3461 3766 3761 3802 3617 3603 3359 3794 3532 4099 3491 3583 3934 3624 3665 3344 3726 3670 3916 3396 
3273 3917 3958 4096 4287 4285 4150 3588 4216 3814 4184 3821 4009 4202 4083 4018 4081 3872 4034 4331 4037 4238 4078 3809 4042 4097 3950 3557 4342 4232 4471 3791 
3317 3634 3838 3842 3930 3915 3837 3168 4111 3547 3982 3547 3903 4037 3687 3816 3828 3598 3806 3920 3648 4399 3497 3966 3864 3946 3937 3336 3860 3883 3974 3238 
3045 3745 3825 3836 4168 3984 3571 3313 3958 3774 3814 3641 3387 3981 3827 3873 3887 3707 3665 3861 3624 4371 3840 3715 3722 3814 3840 3636 3870 3811 3974 3634 
3511 3732 4054 3793 4229 4214 3839 3373 4301 3808 3848 3710 3793 4150 4132 3996 4174 4055 3915 4112 3949 4395 3850 3946 3845 3895 3943 3564 4227 3934 4007 3510 
3300 3951 4034 3794 4225 3891 3850 3475 3856 3658 4032 3451 3764 4141 4033 3934 4160 3732 3827 3880 3848 4370 3649 3806 3941 4150 3778 3529 3964 4054 4175 3624 
3845 4147 4216 4293 4480 4591 4214 3639 4606 4267 4282 4096 4061 4566 4537 4174 4404 4277 4059 4353 4039 4730 4191 4287 4323 4342 4338 3671 4369 4195 4433 3986 
3213 3959 3915 3647 3937 4061 3815 3324 3904 3671 3909 3710 3671 4297 3790 3725 3892 3815 3645 3982 3504 4181 3884 3731 3694 3868 3654 3334 3853 3930 4076 3506 
3269 3824 4132 3890 4175 4081 3953 3566 4117 3873 3941 3803 3928 4315 4023 3975 3925 3705 3738 4122 3677 4301 3748 3890 4089 4081 3898 3438 3986 3912 4193 3622 
3241 3792 3815 3761 4041 4095 3598 3344 4126 3643 4027 3486 3434 4009 4010 4042 3853 3824 3761 4017 3692 4395 3633 3755 4034 3788 3943 3259 4042 3870 4149 3568 
3250 3638 3642 3791 3971 3807 3533 3236 3811 3925 3654 3744 3618 3922 3774 3788 3624 3794 3576 3808 3653 4219 3446 3595 3710 3544 3797 3251 3823 3770 3845 3440 
3235 3908 3771 3781 4210 4302 3729 3355 4284 3728 3754 3815 3584 4078 4007 3996 4168 3775 3872 4070 3731 4175 3756 3662 3943 4117 3966 3446 3904 3875 3914 3451 
3173 3651 3655 3952 3994 3878 3743 3437 3986 3711 3732 3518 3591 4078 3741 3944 3904 3708 3710 3697 3710 4142 3474 3600 3908 3751 3986 3417 3836 3768 3844 3452 
3227 3720 3703 3687 3862 3678 3527 3203 3931 3609 3776 3605 3733 3954 3783 3691 3587 3578 3640 3660 3363 4066 3661 3653 3687 3599 3524 3414 3902 3869 4021 3364 
