685 710 807 637 854 836 788 596 770 678 539 630 708 848 852 859 847 769 639 881 690 674 698 800 868 690 741 679 775 794 633 725 
543 638 726 583 763 825 715 532 699 628 552 595 550 701 789 763 835 746 520 848 582 642 658 691 695 613 631 610 791 772 694 638 
458 443 622 422 680 655 589 524 591 633 515 454 494 623 592 612 643 619 401 691 513 679 513 569 631 578 611 447 576 630 515 503 
492 576 598 575 710 563 719 480 506 676 497 563 567 619 648 702 589 650 576 676 603 567 585 640 693 591 557 631 638 682 560 545 
552 556 779 540 718 723 698 551 717 622 474 523 546 763 731 726 767 755 508 717 605 638 622 717 743 599 619 541 761 726 565 585 
566 529 523 569 737 679 637 525 553 641 505 557 459 609 634 615 665 714 487 629 541 705 684 615 658 582 637 566 556 550 587 618 
605 498 737 607 775 833 623 550 850 673 647 625 603 681 772 802 736 739 493 817 551 810 728 813 667 666 715 545 823 692 668 665 
553 523 760 501 835 854 676 541 676 601 603 542 612 679 717 781 764 697 469 812 630 758 612 691 737 589 697 548 660 707 586 640 
718 695 863 678 913 837 751 647 889 778 629 725 702 844 892 924 872 909 526 902 700 908 813 864 847 797 804 680 903 868 756 702 
655 597 772 652 834 770 689 595 776 737 583 663 672 746 766 876 779 772 535 812 643 823 766 835 856 675 753 637 757 731 608 681 
633 559 692 601 708 736 699 477 718 597 476 513 708 675 780 794 667 630 501 733 498 666 609 746 777 565 711 586 790 681 643 691 
519 439 527 495 665 656 537 412 603 506 454 538 526 513 672 739 628 606 436 668 464 627 601 686 603 522 539 529 668 585 505 555 
677 672 842 727 910 843 804 551 764 754 629 627 700 683 802 883 773 766 601 825 654 797 680 854 791 643 672 700 876 766 681 683 
611 660 937 630 896 883 781 675 865 666 688 692 683 795 902 819 899 833 595 898 661 747 755 895 824 637 735 640 850 778 692 693 
538 508 804 519 754 818 692 582 776 687 538 531 552 714 736 750 797 709 440 785 555 766 602 712 722 605 711 483 692 736 612 612 
628 611 690 556 638 708 604 540 738 611 505 569 587 740 710 744 699 786 494 726 559 668 673 716 667 648 613 541 761 705 564 603 
586 639 669 574 629 719 701 546 682 599 537 586 594 721 753 714 691 681 521 684 563 703 627 695 718 587 690 620 613 758 653 641 
588 534 679 593 752 779 778 541 627 671 561 635 613 631 804 775 762 657 593 803 617 712 669 766 733 582 652 712 737 713 605 683 
605 551 679 525 690 776 573 486 675 663 475 567 610 625 745 824 672 722 469 712 544 791 617 766 752 606 682 588 664 709 578 633 
522 594 782 616 770 821 801 566 740 658 646 628 648 709 782 719 711 705 599 842 635 689 640 691 727 705 682 634 851 778 648 600 
506 556 770 570 700 664 647 506 726 613 591 519 560 644 647 636 650 641 490 720 521 619 541 667 604 591 608 506 677 645 583 529 
542 467 708 497 744 677 583 499 620 656 479 509 473 540 642 674 648 626 419 628 513 717 644 708 608 489 652 507 668 566 495 575 
653 589 798 625 812 824 693 544 720 733 589 631 644 652 816 783 790 766 580 870 680 732 654 858 784 715 695 620 811 711 582 620 
444 597 574 453 698 630 634 441 540 495 549 464 507 628 578 598 622 637 477 663 471 601 501 545 563 575 525 502 615 660 567 467 
668 578 805 543 822 889 726 675 855 731 626 625 678 806 859 827 877 829 577 839 581 800 770 893 786 649 738 572 852 761 636 729 
574 588 697 480 662 726 644 519 633 582 559 476 543 673 690 681 664 634 476 758 560 601 520 623 644 621 687 492 692 719 562 549 
560 542 783 602 716 738 755 534 686 697 516 566 621 653 753 730 660 665 541 756 569 737 580 801 799 632 676 586 742 714 572 600 
643 494 637 556 739 858 667 560 664 710 574 559 541 623 793 726 772 702 564 807 589 742 634 765 691 587 726 561 663 666 647 720 
684 697 915 684 879 891 795 675 809 816 696 720 688 796 886 877 841 890 535 918 693 888 770 833 840 726 805 687 815 833 785 743 
584 714 834 650 834 865 883 562 777 753 567 635 666 783 830 810 918 827 617 907 619 822 640 777 903 766 786 689 745 825 723 678 
597 508 743 593 713 706 645 532 729 673 571 474 547 587 681 731 715 665 444 735 535 712 557 721 699 598 734 473 740 606 564 551 
669 661 707 570 854 683 695 617 729 685 604 691 695 735 871 767 782 826 510 791 605 709 771 804 766 655 681 608 783 706 719 645 
