5452 5500 5970 5444 5951 5832 5650 5117 5707 5498 5574 5870 5464 6049 5494 5435 5756 5466 5440 5532 5659 6007 5074 5890 5786 5485 5622 5183 5357 5634 5383 5387 
4735 5111 5247 5193 5727 5485 5314 4721 5485 5007 5420 5235 4995 5367 5394 5033 5390 5117 5131 5411 5139 5540 4885 5172 5220 5367 5020 4864 5360 5327 5291 4889 
4665 5057 5348 4987 5210 5319 5154 4774 5180 5028 4977 5078 4994 5573 4952 4924 5174 5023 4928 5257 4954 5434 4881 5354 5121 5151 5074 4702 4984 5211 5080 4707 
4781 4869 5302 4905 5455 5114 5249 4533 5172 4909 5039 5034 5241 5363 5364 5058 5118 5110 4903 5148 5021 5214 5007 5227 5239 4954 5127 4792 5170 5001 5271 4783 
4876 5107 5420 5279 5257 5339 5334 4779 5475 5056 5021 5027 5106 5554 5265 5025 5232 5178 5357 5066 5116 5217 4631 5237 5516 5129 4937 4843 5138 5205 5187 4832 
4623 4862 5047 4889 5311 5067 5138 4556 5131 5063 4954 4929 4866 5448 4790 4870 5026 5134 4960 4824 4909 5247 4700 5072 5065 4917 4734 4776 4899 4823 5051 4660 
4456 4811 5246 4975 5176 5248 5093 4485 5169 4966 5155 4911 4963 5297 5131 4843 4886 5018 4776 5234 4909 5553 4832 5053 5041 4865 5043 4689 5055 5300 5129 4760 
5080 5409 5548 5268 5695 5830 5440 5028 5396 5093 5342 5356 5296 5641 5265 5339 5607 5233 5333 5672 5337 5974 5046 5482 5442 5499 5135 5372 5353 5443 5363 5167 
4848 4983 5402 4934 5533 5484 5285 4532 5402 5210 5465 5304 5151 5628 5393 5154 5059 5335 4959 5371 5335 5626 4992 5570 5471 5321 5092 4497 5413 5501 5392 4973 
4903 5178 5782 5320 5500 5455 5315 4854 5369 5138 5348 5492 5193 5730 5091 5254 5040 5293 5201 5353 5228 5842 5186 5500 5608 5233 5427 4853 5285 5170 5297 5065 
4884 5021 5130 5278 5332 5288 5450 4691 5344 5058 5257 5220 5306 5664 5252 5101 5177 5336 5223 5265 5259 5511 4743 5527 5605 5032 4952 4956 5575 5256 5311 5007 
4462 4933 4894 5063 5074 5231 5102 4563 5000 4763 5057 4965 5004 5255 5048 5007 4941 5108 4857 5019 4786 5416 4619 5333 5328 4774 4841 4565 5134 5068 5082 4676 
4838 4995 5581 5172 5460 5336 5274 4582 5223 5125 5248 5010 5258 5379 5148 5273 5295 5205 5012 5071 5082 5336 4630 5525 5195 4995 4942 4862 5083 5165 5034 4894 
4715 5031 5429 4867 5268 5631 5218 4905 5301 4884 5167 5080 5298 5399 5081 4926 5148 5146 5074 5158 5183 5459 4755 5399 4948 4727 5231 4642 5202 5236 5123 4781 
4118 4406 4963 4609 5159 4842 4704 4513 5104 4631 4861 4833 4707 4891 4818 4733 5009 4825 4729 4437 4679 5153 4345 4817 4917 4734 4832 4346 4839 4873 4894 4170 
4762 5165 5318 5034 5189 5237 5085 4731 5379 5009 5078 5271 4983 5469 5104 5035 5266 5466 4838 5409 5223 5564 4882 5293 5286 5124 5027 4941 5501 5353 5174 4905 
4568 5019 5182 4974 5232 5237 5151 4642 5069 4972 5312 5006 5160 5332 5411 4972 5006 5058 5187 5217 5095 5455 4618 5126 5251 4786 4988 5263 5159 5300 5203 4970 
4342 4780 5255 4621 5141 5113 5032 4395 4807 4807 4952 4865 4881 5122 5081 4674 5058 4929 5079 4970 4893 5219 4540 5141 5094 4658 4449 4640 4807 4928 4859 4699 
4470 4910 5201 4991 5407 5444 4907 4445 4994 4782 5063 5064 4822 5228 4977 4974 4859 5197 4663 5071 5021 5512 4451 5207 5411 4841 5038 4784 4993 5020 5143 4915 
4708 5155 5354 5194 5560 5691 5607 4955 5467 5159 5468 5299 5534 5580 5311 5296 5267 5246 5363 5521 5440 5458 5179 5317 5441 5355 5225 4903 5724 5625 5684 5200 
4445 4806 5216 4986 5013 5201 5106 4477 5200 4775 5125 4844 5265 5287 4793 4791 4850 4813 5097 4902 4895 5487 4464 5330 5079 4986 5023 4659 5037 5254 5030 4519 
4272 4877 5340 5128 5424 5349 4817 4591 5055 5070 5027 4906 4683 5434 5060 4934 5104 5175 4954 4936 4883 5697 4815 5207 5036 4979 4944 4997 5059 5094 5091 4914 
4651 4817 5383 4947 5389 5458 5147 4592 5388 4920 4923 4963 5138 5311 5165 5046 5237 5503 5126 5233 5115 5446 4760 5239 5056 4871 5091 4800 5198 5004 5118 4690 
4491 5123 5485 4904 5430 5019 5154 4702 4890 4892 5122 4679 5128 5343 5172 4956 5211 5008 5028 5029 5073 5632 4620 5147 5123 5206 4839 4800 5226 5407 5334 4836 
5399 5497 5801 5644 5784 6037 5691 5039 6073 5680 5467 5639 5614 6023 5878 5478 5572 5960 5541 5673 5490 6090 5359 5796 5733 5657 5740 5202 5752 5619 5658 5447 
4416 5061 5196 4711 5017 5265 5052 4528 5050 4950 5038 5006 4931 5530 4944 4728 4856 5058 4706 5104 4695 5262 4842 5079 4816 4953 4714 4509 5025 5171 5250 4682 
4542 5018 5586 4966 5454 5366 5218 4765 5174 5125 5016 5037 5281 5670 5292 5061 5133 5153 5008 5200 4901 5487 4654 5281 5331 5220 5034 4752 5254 5148 5318 4907 
4750 5088 5405 5016 5559 5540 5143 4747 5555 4985 5237 4993 4976 5433 5462 5253 5083 5355 5193 5258 5216 5639 4759 5408 5435 4999 5187 4710 5376 5336 5426 5116 
4770 4853 5209 4956 5401 5086 5067 4640 5117 5197 4822 5160 5131 5332 5218 4988 4941 5300 4937 5057 5056 5567 4541 5154 5071 4774 5011 4785 5047 5269 4991 4940 
4575 5253 5176 4862 5325 5558 5130 4672 5577 5003 4869 5260 5017 5291 5335 5119 5419 5211 5170 5278 5047 5516 4744 5189 5157 5239 5173 4791 5175 5297 5140 4826 
4396 4864 5053 5094 5079 5142 4985 4669 5081 4994 4906 4789 4850 5358 4915 5000 4965 5052 4868 4758 4938 5394 4340 4992 5144 4799 5041 4535 5034 4975 4946 4722 
4662 4909 5110 4823 5025 4782 4734 4348 5030 4808 4732 4940 4974 5165 4991 4668 4651 4871 4784 4779 4615 5273 4620 5087 5012 4693 4577 4580 4981 5104 5164 4649 
