1365 1226 1550 1146 1683 1481 1465 1174 1528 1210 1160 1367 1425 1674 1474 1648 1245 1247 1159 1500 1348 1388 1343 1471 1441 1488 1432 1090 1446 1437 1300 1279 
1181 1249 1397 1227 1623 1593 1479 1172 1530 1245 1251 1347 1178 1452 1501 1608 1422 1269 1092 1506 1202 1413 1317 1353 1322 1546 1402 1177 1590 1455 1319 1295 
1108 1042 1256 1035 1492 1336 1327 1141 1443 1213 1142 1124 1295 1451 1263 1446 1177 1141 1087 1388 1237 1439 1251 1194 1225 1554 1267 1005 1275 1312 1140 1123 
1131 1096 1333 1174 1525 1303 1414 1017 1312 1248 1145 1290 1322 1456 1254 1461 1091 1114 1101 1405 1300 1362 1190 1400 1306 1449 1358 1117 1369 1326 1215 1179 
1203 1179 1518 1173 1557 1480 1349 1182 1524 1313 1137 1191 1282 1587 1466 1487 1326 1367 1258 1353 1380 1330 1292 1368 1346 1438 1278 1103 1493 1376 1224 1231 
1021 1026 1046 1069 1410 1261 1229 985 1198 1143 1016 1057 1094 1185 1244 1265 1091 1192 1034 1167 1072 1229 1213 1074 1104 1251 1066 1026 1161 1056 1104 1095 
1166 1072 1407 1257 1720 1590 1361 1164 1644 1335 1368 1332 1450 1546 1498 1633 1314 1289 1172 1578 1326 1631 1401 1535 1307 1577 1521 1086 1655 1361 1377 1311 
1164 1183 1470 1161 1753 1672 1510 1199 1641 1253 1311 1336 1424 1532 1509 1629 1385 1262 1166 1625 1375 1574 1288 1365 1362 1531 1472 1155 1429 1415 1260 1381 
1333 1231 1537 1281 1696 1525 1364 1248 1630 1425 1255 1267 1452 1587 1672 1611 1424 1465 1194 1609 1373 1629 1425 1517 1399 1581 1487 1163 1626 1557 1434 1380 
1280 1207 1545 1248 1711 1476 1457 1269 1569 1334 1259 1339 1423 1617 1427 1672 1302 1305 1164 1495 1324 1621 1384 1517 1524 1469 1543 1182 1522 1390 1325 1403 
1283 1163 1468 1236 1561 1473 1500 1191 1622 1260 1139 1351 1454 1539 1503 1604 1225 1231 1219 1459 1245 1456 1282 1402 1480 1459 1456 1162 1615 1390 1396 1403 
1089 1022 1287 1114 1491 1269 1273 1077 1412 1084 1140 1194 1261 1281 1416 1475 1161 1127 1081 1324 1089 1367 1199 1352 1249 1245 1259 1045 1469 1249 1187 1221 
1242 1169 1629 1230 1797 1537 1507 1079 1481 1317 1355 1286 1338 1483 1511 1544 1272 1256 1178 1420 1240 1508 1195 1482 1463 1447 1413 1189 1569 1376 1338 1345 
1156 1188 1639 1076 1682 1580 1343 1294 1582 1091 1216 1262 1269 1489 1489 1452 1322 1287 1195 1479 1264 1379 1289 1523 1337 1306 1437 1071 1581 1361 1285 1220 
1021 994 1461 1027 1597 1484 1332 1149 1563 1163 1177 1283 1264 1476 1542 1464 1428 1339 1059 1397 1216 1483 1274 1313 1259 1363 1383 1009 1591 1335 1299 1215 
1178 1212 1391 1155 1487 1462 1261 1190 1526 1189 1159 1165 1352 1563 1402 1564 1246 1406 1152 1418 1246 1382 1372 1445 1218 1408 1342 1177 1606 1438 1209 1345 
1061 1088 1276 1008 1273 1258 1290 1060 1370 1005 1067 1173 1279 1522 1373 1361 1077 1206 1065 1297 1139 1363 1157 1208 1234 1288 1222 1110 1288 1378 1312 1336 
1060 991 1297 1018 1524 1402 1272 1037 1232 1148 1173 1155 1114 1263 1442 1344 1192 1092 1081 1343 1199 1288 1154 1322 1262 1296 1224 1082 1357 1237 1201 1134 
1001 973 1238 976 1450 1374 1156 904 1289 1073 1009 1171 1235 1253 1321 1403 1168 1172 917 1292 1093 1410 1090 1343 1231 1243 1287 1023 1365 1227 1125 1170 
996 1134 1381 1185 1486 1438 1418 1206 1450 1279 1234 1202 1357 1400 1451 1421 1162 1221 1218 1498 1293 1342 1250 1357 1273 1428 1359 1081 1547 1447 1278 1194 
1050 1046 1419 1134 1407 1413 1333 1023 1495 1167 1132 1078 1272 1412 1265 1399 1098 1112 1141 1410 1112 1345 1110 1322 1127 1400 1348 988 1375 1245 1148 1147 
1111 1074 1395 1160 1596 1485 1401 1193 1515 1326 1157 1244 1257 1393 1434 1558 1260 1299 1187 1347 1223 1479 1412 1323 1250 1476 1345 1199 1507 1313 1207 1323 
1367 1143 1688 1213 1766 1674 1482 1318 1636 1387 1316 1484 1464 1609 1699 1658 1349 1495 1386 1670 1415 1640 1408 1624 1408 1604 1554 1171 1792 1523 1424 1358 
1015 1174 1299 1075 1516 1339 1342 1074 1277 1144 1248 1055 1295 1481 1365 1381 1195 1219 1187 1354 1159 1349 1178 1205 1190 1390 1186 1055 1362 1322 1324 1181 
1310 1226 1545 1263 1626 1665 1504 1283 1652 1396 1290 1325 1384 1615 1591 1676 1468 1451 1212 1536 1182 1512 1435 1589 1383 1485 1533 1176 1619 1419 1341 1468 
1177 1083 1332 998 1436 1404 1289 1031 1289 1104 1168 1132 1217 1415 1277 1397 1178 1146 1007 1392 1168 1306 1142 1286 1185 1451 1249 990 1413 1400 1191 1157 
1225 1080 1561 1276 1601 1378 1575 1115 1510 1329 1221 1285 1433 1533 1518 1553 1179 1168 1176 1497 1174 1557 1209 1445 1478 1448 1459 1097 1471 1286 1283 1275 
1112 1104 1316 1018 1512 1490 1318 1156 1369 1177 1254 1054 1102 1337 1446 1435 1222 1201 1162 1368 1133 1383 1164 1369 1262 1282 1346 1079 1365 1242 1235 1330 
1295 1178 1523 1324 1571 1561 1488 1219 1517 1487 1183 1488 1372 1520 1413 1631 1292 1358 1060 1569 1294 1609 1307 1425 1377 1441 1503 1095 1459 1438 1345 1357 
1255 1330 1564 1261 1728 1641 1627 1274 1677 1377 1234 1451 1402 1612 1604 1705 1461 1412 1284 1622 1340 1597 1372 1435 1485 1699 1605 1201 1552 1599 1413 1357 
1068 1071 1307 1180 1379 1330 1318 1163 1464 1253 1094 1124 1170 1261 1303 1389 1202 1231 1077 1356 1127 1363 1099 1335 1217 1298 1442 976 1504 1197 1153 1185 
1278 1269 1475 1246 1625 1441 1492 1304 1553 1374 1291 1358 1481 1619 1614 1661 1255 1479 1241 1504 1242 1517 1418 1443 1409 1547 1491 1161 1596 1446 1499 1372 
