1977 2192 2352 1828 2383 2174 2093 1927 2184 1954 1963 2158 2072 2366 2138 2179 2035 1933 1898 2291 2118 2399 2000 2117 2211 2163 2239 1927 2074 2276 2092 1979 
1709 1979 1957 1919 2238 2160 2025 1752 2061 1914 2022 2005 1685 2068 2129 2123 1970 1869 1701 2247 1820 2296 1944 1917 1936 2164 2008 1870 2273 2102 1988 1912 
1743 1936 1938 1686 2057 1891 1870 1900 2106 1788 1885 1795 1945 2194 1854 2064 1898 1702 1680 1997 1904 2276 1827 1810 1960 2323 2097 1692 1934 2026 1888 1630 
1678 1796 1953 1714 2134 1738 1849 1608 1849 1823 1818 1886 1926 1986 1912 1986 1659 1671 1620 1953 1845 2080 1714 1943 1973 2081 1982 1762 1947 1950 1881 1604 
1747 1948 2102 1768 1988 2096 1829 1867 2006 1861 1684 1779 1828 2124 1933 1980 1981 1897 1787 1893 1863 2013 1783 1932 2051 2086 1802 1736 1999 2049 1902 1774 
1616 1826 1623 1704 1961 1732 1714 1648 1736 1728 1669 1574 1708 1856 1773 1724 1712 1725 1659 1765 1671 2029 1752 1610 1688 1915 1721 1692 1805 1738 1847 1637 
1632 1820 1953 1842 2204 2130 1874 1756 2120 1920 2078 1884 1997 2093 2029 2110 1866 1782 1683 2217 1937 2356 1914 2010 1978 2118 2090 1738 2236 2045 2038 1791 
1948 2154 2277 1867 2435 2406 2083 2055 2310 1947 2160 2048 2105 2280 2130 2275 2208 1893 1854 2367 2074 2557 2015 2121 2213 2323 2193 2057 2159 2270 2134 2073 
1938 2065 2198 1981 2302 2204 1960 1904 2225 2157 2071 1993 2045 2230 2317 2182 2092 2175 1758 2339 2052 2523 1995 2121 2201 2235 2142 1893 2260 2338 2241 2008 
1751 1863 2063 1746 2162 1905 1861 1791 1992 1812 1882 1856 1886 2221 1953 2113 1805 1752 1667 1996 1860 2350 1878 1978 2031 2030 2151 1718 2047 1934 1890 1859 
1798 1809 1959 1882 2072 1944 2025 1739 2120 1806 1867 1907 2075 2148 1967 2079 1819 1758 1812 2120 1831 2194 1762 1972 2116 1978 2122 1838 2173 2056 2094 1841 
1638 1946 1951 1808 2057 1969 1820 1787 1923 1754 1849 1806 1838 1951 1902 2049 1855 1826 1715 2020 1648 2197 1822 2079 1988 1876 1922 1761 2095 2015 1948 1865 
1831 1946 2322 1896 2339 2149 1958 1755 1988 2013 2036 1864 2019 2162 2114 2178 1878 1934 1788 2073 1744 2373 1795 2198 2134 2101 2066 1939 2160 2128 2094 1950 
1669 1878 2216 1603 2052 2075 1832 1905 1989 1573 1839 1771 1919 2084 1954 1937 1879 1822 1748 2128 1830 2108 1785 2147 1989 1763 2050 1661 2075 1995 1943 1758 
1612 1801 2110 1701 2198 2016 1878 1806 2103 1795 1938 1956 1911 2110 2129 2012 2094 1988 1688 2058 1904 2387 1812 1942 1981 1977 2138 1713 2111 2089 2031 1797 
1844 2161 2120 1993 2201 2151 1937 1937 2163 1977 1981 2001 2050 2327 2109 2182 2110 2215 1849 2320 2022 2424 2065 2196 2008 2198 2128 2010 2349 2327 2071 2118 
1598 1888 1908 1677 1911 1868 1771 1660 1909 1654 1825 1781 1841 2074 1955 1914 1733 1768 1701 1918 1720 2152 1742 1852 1859 1848 1802 1921 1928 2016 1985 1953 
1452 1713 1888 1466 1971 1901 1728 1504 1615 1642 1755 1696 1634 1720 1982 1758 1704 1664 1605 1960 1747 2057 1612 1913 1877 1711 1769 1635 1797 1852 1730 1658 
1572 1867 1945 1666 2138 1995 1681 1594 1852 1805 1802 1849 1799 1870 1882 1902 1837 1818 1475 2000 1725 2297 1628 1926 1910 1913 1990 1766 1952 1986 1907 1799 
1586 1906 2039 1855 1999 2031 1957 1849 1943 1931 1861 1873 1992 1983 2013 1820 1802 1810 1812 2182 1814 2095 1822 1894 1956 2027 1931 1757 2166 2113 2046 1847 
1662 1804 2079 1779 1973 1913 1838 1548 2096 1739 1888 1732 1917 2019 1839 1932 1731 1698 1794 2108 1687 2193 1604 2028 1868 2024 2022 1761 1983 1990 1887 1605 
1536 1883 1970 1817 2156 2116 1900 1829 2005 1955 1803 1844 1713 2050 2007 2101 1875 1867 1797 1971 1768 2323 1938 1912 1813 2015 1975 1921 2077 1964 1846 1934 
1867 1716 2149 1667 2234 2044 1848 1736 2054 1897 1772 1902 1903 2063 2145 1998 1909 1930 1769 2174 1894 2347 1808 1974 1775 2100 1965 1713 2256 2086 1921 1864 
1708 2115 2123 1762 2161 1979 1951 1803 1940 1829 2004 1863 1963 2156 2018 1984 1975 1882 1839 2135 1854 2312 1833 1942 2050 2137 1957 1796 2086 2186 2115 1793 
2014 2123 2295 1933 2310 2195 2113 2011 2386 2121 2108 2006 2083 2379 2293 2175 2217 2179 1864 2347 1903 2476 2079 2163 2081 2292 2335 1916 2353 2246 2233 2103 
1600 1787 1858 1477 1830 1916 1804 1535 1756 1643 1790 1639 1741 2005 1751 1758 1654 1725 1551 2040 1668 2035 1628 1765 1764 1888 1838 1515 1933 1962 1805 1646 
1807 1920 2196 1973 2141 2032 2051 1854 2003 1981 1937 1921 1991 2239 2125 2114 1771 1808 1843 2115 1736 2364 1768 2074 2141 2134 2137 1794 2085 1984 2086 1900 
1737 2048 2035 1742 2101 2121 1897 1849 2085 1885 2149 1730 1794 2125 2197 2125 1885 2011 1780 2185 1855 2333 1774 2134 2078 2005 2183 1767 2089 2068 2116 1890 
1874 1975 2153 1942 2138 2106 1933 1812 2000 2147 1889 2073 2014 2104 2045 2122 1819 1991 1730 2199 1873 2396 1860 2014 2014 1970 2144 1756 2079 2060 2036 1925 
1612 1984 2067 1753 2165 2075 2013 1788 2156 1912 1841 1892 1817 2136 2127 2122 1923 1917 1699 2145 1798 2306 1790 1837 1955 2261 2145 1714 2002 2153 1969 1787 
1651 1883 1943 1984 1955 1978 1877 1956 2020 1891 1924 1901 1812 2044 1913 2032 1893 1847 1795 2106 1830 2213 1737 1996 1972 1985 2268 1820 2154 1977 1986 1784 
1901 1936 2032 1809 2189 1856 1937 1785 2069 1854 1887 1957 2021 2125 2189 2150 1895 1981 1728 2141 1814 2299 1931 2030 2016 2175 1961 1849 2207 2125 2152 1908 
