4670 4881 5127 4729 5330 5081 4796 4344 5121 4766 4882 5065 4643 5462 4847 4878 5034 4743 4737 4895 5010 5373 4463 4984 5092 4967 4967 4487 4658 4979 4697 4618 
3974 4495 4558 4688 5121 4974 4538 4027 4857 4361 4852 4501 4254 4832 4752 4499 4767 4474 4543 4902 4543 4995 4348 4476 4620 4893 4439 4198 4799 4638 4742 4251 
3928 4425 4682 4386 4646 4648 4365 4078 4617 4317 4483 4449 4294 5038 4326 4399 4540 4355 4380 4641 4336 4841 4297 4586 4459 4780 4484 4037 4330 4513 4417 4081 
4019 4271 4531 4319 4830 4494 4396 3839 4534 4252 4446 4308 4366 4742 4658 4509 4400 4440 4235 4523 4406 4576 4400 4491 4616 4473 4542 4012 4426 4348 4631 4053 
4055 4470 4675 4671 4603 4681 4480 4021 4812 4359 4381 4299 4302 4988 4630 4412 4584 4513 4674 4426 4465 4622 4001 4543 4806 4604 4275 4113 4471 4550 4532 4149 
3832 4146 4194 4140 4647 4287 4212 3722 4416 4278 4201 4065 4004 4767 4143 4169 4297 4309 4246 4127 4166 4587 3952 4183 4253 4351 3962 3957 4134 4070 4348 3861 
3763 4163 4477 4285 4568 4595 4296 3786 4529 4307 4527 4147 4196 4634 4439 4296 4221 4278 4173 4651 4235 4909 4231 4355 4407 4350 4405 3906 4458 4635 4583 4054 
4346 4731 4782 4540 5049 5176 4584 4320 4893 4357 4700 4636 4411 5029 4562 4728 4926 4564 4649 4975 4675 5232 4406 4789 4797 5001 4498 4589 4652 4757 4646 4459 
4227 4475 4693 4471 5006 4991 4667 3895 4922 4594 4942 4666 4521 5152 4876 4741 4548 4876 4473 4897 4766 5123 4433 4980 4900 4889 4630 4038 4880 4947 4841 4452 
4085 4460 4842 4623 4801 4692 4403 4025 4770 4390 4653 4607 4259 4967 4399 4636 4380 4557 4455 4642 4434 5058 4471 4685 4830 4663 4699 4152 4542 4500 4539 4264 
4106 4386 4367 4632 4694 4536 4554 3960 4626 4345 4653 4396 4418 4980 4619 4532 4405 4583 4526 4643 4599 4901 4085 4790 4849 4519 4319 4257 4813 4599 4641 4257 
3908 4360 4268 4466 4581 4619 4306 3953 4440 4269 4500 4265 4295 4710 4526 4490 4341 4448 4267 4456 4259 4900 4166 4714 4783 4419 4292 3946 4559 4547 4515 4030 
4121 4378 4850 4536 4861 4700 4448 3866 4571 4436 4587 4222 4453 4853 4537 4664 4529 4552 4415 4452 4470 4779 4029 4787 4577 4550 4339 4158 4406 4515 4401 4231 
3974 4357 4727 4264 4667 4903 4378 4174 4616 4222 4580 4336 4567 4742 4451 4416 4520 4466 4421 4589 4500 4773 4203 4663 4392 4189 4589 3920 4620 4511 4496 4079 
3597 3979 4456 4148 4629 4373 4110 3997 4555 4142 4448 4311 4126 4465 4368 4284 4503 4392 4312 4030 4178 4680 3934 4346 4463 4367 4361 3788 4379 4320 4373 3754 
4078 4621 4604 4488 4657 4675 4312 4106 4808 4262 4522 4559 4164 4991 4542 4518 4697 4786 4350 4789 4627 5034 4335 4627 4532 4713 4446 4281 4832 4729 4551 4315 
3854 4361 4513 4347 4639 4559 4308 3963 4466 4206 4627 4327 4354 4770 4705 4355 4294 4308 4543 4536 4437 4798 4055 4414 4581 4321 4404 4497 4452 4599 4556 4268 
3630 4150 4499 4023 4600 4440 4200 3702 4167 4147 4388 4127 4090 4486 4501 4134 4436 4268 4408 4365 4277 4606 3885 4417 4458 4187 3858 4032 4109 4261 4204 3987 
3781 4296 4502 4347 4792 4710 4111 3764 4441 4171 4487 4370 4086 4670 4393 4368 4194 4499 4065 4468 4367 4892 3966 4500 4775 4406 4387 4082 4404 4427 4477 4239 
3858 4508 4637 4584 4875 4941 4696 4187 4752 4416 4791 4509 4613 4964 4658 4568 4582 4569 4625 4828 4674 4834 4482 4519 4699 4733 4525 4096 4982 4904 4962 4443 
3926 4258 4615 4446 4538 4604 4458 3816 4686 4200 4640 4274 4670 4812 4315 4413 4376 4307 4573 4449 4345 5023 3916 4748 4536 4570 4553 4012 4504 4673 4512 3963 
3736 4336 4654 4478 4824 4655 4160 3954 4516 4459 4462 4336 4007 4772 4412 4470 4445 4542 4338 4493 4258 5081 4262 4598 4458 4483 4443 4247 4485 4501 4530 4254 
4160 4270 4845 4389 4909 4856 4398 4001 4915 4411 4385 4294 4447 4801 4726 4571 4729 4852 4584 4683 4636 5021 4291 4716 4512 4504 4475 4159 4761 4568 4610 4133 
3835 4467 4725 4351 4806 4406 4366 3988 4329 4194 4519 4019 4372 4743 4591 4446 4611 4399 4449 4463 4407 4930 4040 4458 4466 4760 4298 4126 4525 4694 4698 4181 
4649 4890 5096 4984 5239 5371 4871 4378 5383 4970 4918 4893 4780 5418 5277 4904 4997 5250 4886 5025 4812 5398 4781 5140 5064 5132 5045 4438 5054 4929 5039 4737 
3732 4445 4476 4102 4474 4626 4246 3820 4390 4219 4452 4319 4177 4959 4307 4187 4304 4434 4152 4482 4092 4707 4279 4394 4166 4445 4089 3834 4411 4480 4561 4092 
3949 4503 4963 4492 4903 4793 4544 4222 4731 4527 4509 4447 4610 5128 4681 4602 4529 4539 4496 4725 4339 4885 4199 4711 4802 4773 4519 4118 4702 4601 4756 4356 
3893 4329 4561 4323 4759 4820 4153 3932 4741 4209 4559 4129 4053 4683 4670 4632 4357 4626 4494 4554 4417 4940 4077 4597 4718 4406 4474 3902 4662 4471 4700 4321 
3810 4117 4312 4261 4588 4341 4068 3813 4358 4427 4187 4332 4169 4587 4400 4328 4125 4494 4207 4388 4244 4729 3942 4283 4309 4170 4304 3857 4302 4429 4290 4082 
3839 4503 4415 4217 4667 4827 4268 3911 4884 4279 4247 4472 4179 4629 4601 4515 4731 4488 4473 4599 4335 4747 4171 4448 4493 4723 4457 4043 4479 4498 4405 4109 
3812 4285 4347 4489 4549 4472 4321 3996 4529 4312 4275 4152 4162 4761 4305 4532 4349 4458 4250 4210 4328 4727 3806 4317 4530 4314 4523 3903 4366 4352 4341 4055 
3894 4293 4365 4321 4456 4222 4068 3680 4503 4123 4289 4254 4231 4606 4356 4201 4035 4327 4243 4255 4038 4661 4049 4429 4310 4193 4023 4000 4370 4433 4539 4003 
