2446 2777 2917 2576 3086 2884 2724 2546 2815 2614 2510 2743 2843 3086 2826 2829 2826 2513 2540 2802 2744 2900 2545 2715 2742 2808 2733 2616 2561 2731 2778 2384 
2206 2682 2584 2680 2996 2962 2750 2368 2787 2554 2653 2643 2426 2765 2880 2731 2722 2477 2413 2841 2528 2826 2619 2582 2527 2815 2606 2494 2953 2674 2810 2465 
2056 2587 2576 2310 2617 2531 2555 2397 2630 2377 2353 2298 2607 2812 2511 2539 2517 2264 2224 2543 2348 2661 2421 2426 2530 2852 2603 2210 2386 2500 2632 2100 
2110 2501 2625 2435 2818 2572 2687 2204 2545 2517 2348 2471 2683 2755 2708 2778 2492 2333 2266 2504 2533 2614 2445 2608 2589 2741 2511 2421 2684 2441 2720 2137 
2228 2648 2784 2528 2694 2895 2653 2502 2804 2431 2323 2462 2668 2935 2704 2686 2667 2547 2637 2539 2540 2493 2408 2619 2694 2761 2386 2492 2677 2631 2788 2287 
2014 2383 2223 2319 2525 2464 2471 2160 2347 2378 2134 2082 2421 2569 2488 2444 2352 2363 2254 2247 2341 2493 2352 2244 2266 2516 2191 2265 2408 2163 2595 2076 
1987 2366 2437 2377 2690 2739 2463 2132 2639 2517 2478 2403 2646 2757 2659 2667 2423 2378 2200 2579 2406 2792 2385 2536 2503 2675 2541 2280 2691 2489 2724 2119 
2459 2834 2921 2668 3169 3310 2850 2723 3014 2622 2718 2697 2892 2988 2800 3019 3018 2557 2613 3016 2826 3107 2756 2839 2793 3013 2803 2802 2859 2764 2974 2541 
2314 2601 2692 2541 2818 2906 2690 2339 2904 2721 2618 2633 2746 2880 2982 2754 2609 2826 2316 2826 2676 2958 2535 2727 2711 2804 2617 2405 2820 2758 3020 2437 
2135 2501 2671 2345 2701 2590 2501 2237 2534 2343 2270 2358 2535 2819 2467 2613 2344 2272 2110 2441 2329 2773 2439 2554 2526 2513 2626 2202 2462 2353 2554 2296 
2083 2392 2439 2507 2660 2485 2626 2268 2741 2396 2363 2412 2740 2779 2648 2664 2463 2332 2303 2516 2439 2600 2239 2478 2618 2474 2517 2375 2732 2494 2709 2274 
1967 2510 2418 2376 2584 2560 2434 2223 2475 2239 2282 2344 2455 2612 2586 2668 2459 2407 2238 2460 2287 2710 2413 2607 2503 2420 2281 2268 2673 2459 2566 2250 
2323 2563 2946 2553 2969 2821 2617 2305 2574 2639 2545 2385 2767 2835 2774 2796 2554 2455 2451 2560 2344 2860 2347 2827 2654 2690 2620 2542 2646 2582 2739 2332 
2133 2505 2759 2286 2719 2801 2523 2512 2640 2338 2397 2350 2703 2718 2679 2593 2625 2422 2407 2665 2510 2614 2379 2780 2488 2393 2630 2284 2728 2477 2661 2191 
2056 2400 2654 2314 2903 2720 2531 2457 2762 2442 2528 2444 2647 2790 2727 2738 2757 2607 2398 2553 2541 2912 2376 2560 2537 2494 2657 2361 2689 2547 2708 2157 
2181 2655 2602 2551 2666 2715 2534 2425 2746 2420 2413 2529 2690 2882 2633 2814 2688 2659 2352 2809 2591 2842 2570 2676 2402 2651 2477 2564 2916 2727 2662 2389 
2163 2632 2636 2439 2656 2746 2579 2280 2663 2290 2448 2458 2736 2884 2814 2741 2508 2454 2607 2561 2512 2725 2412 2596 2544 2547 2448 2684 2678 2574 2841 2457 
1849 2293 2486 2098 2594 2574 2412 2036 2256 2259 2258 2297 2369 2448 2580 2380 2440 2247 2185 2424 2304 2577 2121 2445 2426 2285 2209 2314 2340 2305 2467 2069 
1864 2361 2495 2257 2632 2663 2298 2072 2448 2212 2217 2302 2420 2500 2435 2617 2331 2416 1995 2469 2276 2667 2139 2495 2381 2330 2372 2327 2479 2351 2592 2179 
2003 2558 2710 2633 2698 2861 2783 2476 2673 2527 2430 2529 2826 2767 2829 2635 2548 2571 2610 2854 2565 2609 2598 2661 2516 2735 2549 2504 2934 2668 2966 2374 
2080 2479 2687 2426 2576 2604 2585 2126 2749 2421 2441 2327 2735 2670 2563 2560 2414 2299 2395 2610 2313 2721 2226 2664 2461 2610 2617 2263 2558 2510 2619 2081 
1905 2585 2546 2477 2829 2740 2514 2310 2567 2567 2316 2368 2364 2682 2753 2656 2543 2489 2374 2443 2390 2826 2602 2547 2338 2535 2460 2489 2722 2571 2599 2455 
2301 2405 2837 2318 2944 2866 2603 2363 2782 2519 2296 2429 2646 2834 2950 2719 2742 2734 2425 2800 2570 2814 2499 2741 2367 2668 2510 2407 2962 2599 2744 2348 
2088 2766 2822 2367 2814 2666 2641 2360 2502 2431 2446 2308 2691 2886 2737 2618 2692 2491 2429 2614 2371 2746 2392 2520 2627 2768 2432 2390 2669 2627 2821 2304 
2514 2882 3041 2805 3091 3129 3004 2702 3194 2923 2692 2714 3052 3207 3234 2950 3090 2973 2606 2993 2702 3073 2874 2997 2745 3097 3015 2608 3021 2845 3207 2753 
2001 2619 2640 2252 2600 2734 2692 2126 2478 2350 2378 2357 2661 2888 2602 2559 2482 2567 2249 2615 2362 2594 2441 2553 2442 2556 2458 2247 2627 2546 2724 2235 
2249 2645 2922 2651 2809 2782 2812 2450 2692 2631 2411 2474 2794 3036 2891 2784 2503 2491 2494 2651 2335 2872 2432 2781 2775 2757 2706 2420 2685 2558 2878 2371 
2086 2651 2618 2389 2758 2793 2490 2391 2677 2410 2609 2184 2425 2785 2870 2777 2594 2627 2408 2624 2420 2814 2337 2678 2645 2593 2637 2343 2732 2545 2804 2377 
2189 2449 2573 2472 2686 2655 2424 2268 2551 2656 2315 2502 2599 2625 2609 2660 2389 2499 2212 2538 2391 2809 2266 2458 2415 2442 2504 2256 2584 2450 2604 2296 
2059 2654 2642 2510 2852 2902 2726 2433 2913 2557 2358 2478 2534 2823 2877 2819 2806 2593 2426 2705 2500 2807 2468 2531 2525 2882 2679 2437 2665 2662 2777 2242 
2077 2497 2606 2659 2657 2705 2556 2514 2658 2492 2386 2393 2591 2794 2596 2748 2517 2464 2468 2485 2423 2704 2298 2608 2533 2590 2808 2430 2682 2467 2731 2288 
2291 2559 2599 2453 2780 2592 2587 2299 2693 2505 2419 2591 2785 2730 2828 2727 2412 2558 2271 2593 2325 2717 2453 2611 2487 2646 2500 2487 2717 2612 2935 2295 
