3048 3370 3515 3176 3752 3484 3276 3027 3484 3296 3186 3397 3304 3687 3437 3484 3454 3128 3178 3533 3301 3790 3100 3411 3537 3471 3451 3412 3306 3373 3453 3077 
2790 3358 3271 3449 3788 3685 3362 2988 3512 3200 3512 3302 3016 3455 3664 3388 3550 3197 3194 3798 3283 3794 3311 3279 3333 3614 3328 3352 3668 3388 3608 3160 
2496 3100 3125 2907 3208 3043 3078 2862 3207 2961 2972 2885 3082 3378 2990 3168 3124 2870 2833 3261 2875 3412 2964 2952 3086 3329 3190 2799 2906 3038 3217 2657 
2685 3050 3142 3067 3521 3052 3231 2675 3189 3129 3107 2981 3107 3341 3380 3381 3112 2989 2905 3305 3100 3336 3059 3184 3328 3303 3182 3072 3276 2971 3428 2752 
2889 3320 3425 3303 3442 3590 3312 3003 3554 3186 3131 3040 3254 3655 3442 3409 3452 3214 3374 3426 3251 3452 3041 3397 3556 3439 3059 3237 3378 3335 3519 3048 
2603 2968 2823 2865 3212 3004 3022 2618 3001 3040 2817 2628 2938 3250 3023 3041 2980 2952 2920 2976 2823 3356 2824 2887 2932 3064 2856 2925 2984 2807 3288 2669 
2543 3091 3113 3054 3384 3366 3051 2752 3342 3218 3307 3012 3078 3350 3263 3312 3037 2984 2966 3444 2993 3776 3124 3169 3285 3243 3207 2934 3453 3237 3471 2924 
3062 3438 3510 3309 3807 3846 3404 3280 3682 3211 3415 3334 3339 3574 3375 3592 3667 3183 3281 3835 3341 3999 3305 3380 3516 3717 3400 3539 3499 3410 3685 3163 
2883 3276 3350 3195 3697 3624 3360 2841 3694 3441 3420 3315 3397 3719 3639 3594 3368 3565 3061 3745 3381 3962 3242 3566 3565 3532 3396 3151 3648 3532 3792 3243 
2725 3097 3359 3144 3413 3161 3132 2782 3266 3113 3067 3013 3014 3426 3120 3324 3040 2946 2899 3346 2984 3641 3122 3246 3394 3307 3403 3016 3165 3058 3373 3029 
2691 3098 3027 3210 3438 3124 3290 2903 3354 3137 3165 3040 3283 3515 3423 3348 3214 3027 3131 3383 3162 3530 2925 3211 3528 3171 3227 3167 3569 3208 3417 3079 
2679 3211 2999 3100 3281 3267 3067 2717 3202 2961 3062 2970 3064 3300 3371 3332 3190 3135 3020 3312 2973 3557 3052 3244 3382 3165 3026 3025 3330 3142 3264 2821 
2755 3008 3398 3099 3525 3305 3144 2659 3138 3164 3184 2857 3222 3332 3309 3368 3182 3024 2905 3240 2927 3502 2806 3381 3231 3171 3130 3076 3098 3059 3296 2838 
2681 3158 3357 2902 3367 3483 3158 3011 3301 3016 3171 2979 3292 3342 3276 3261 3333 3110 3071 3467 3136 3463 3002 3400 3188 2945 3276 2947 3353 3143 3259 2819 
2385 2835 3039 2817 3332 3158 2871 2832 3189 2890 3107 2866 2990 3118 3159 3097 3155 2985 2895 3023 2925 3524 2782 3015 3051 2979 3099 2804 3159 3035 3211 2618 
2776 3282 3207 3227 3350 3330 3074 2920 3479 3068 3101 3107 3106 3487 3262 3465 3357 3268 3003 3660 3203 3719 3156 3279 3198 3342 3221 3329 3586 3405 3434 3068 
2666 3242 3226 3194 3418 3375 3177 2831 3364 2986 3297 3034 3271 3503 3577 3347 3272 3153 3354 3432 3242 3604 3056 3284 3362 3189 3204 3496 3371 3237 3595 3123 
2335 2960 3015 2749 3186 3116 2914 2569 2806 2897 3022 2829 2817 3002 3300 2923 3108 2814 2850 3209 2923 3409 2695 3041 3074 2897 2705 3003 2918 2948 3104 2712 
2362 3010 3026 2936 3316 3299 2896 2585 3041 2908 3038 2902 2898 3132 3194 3195 2977 3069 2710 3252 2916 3423 2881 3096 3183 2987 3019 2953 3135 3063 3265 2850 
2446 3135 3201 3207 3414 3381 3349 2975 3350 3092 3140 2991 3246 3349 3398 3174 3188 3133 3181 3605 3150 3391 3227 3195 3239 3298 3134 3038 3572 3373 3685 2997 
2609 3056 3204 3121 3278 3190 3186 2623 3452 3000 3188 2882 3282 3336 3202 3187 3045 2996 3171 3412 2933 3645 2848 3321 3244 3242 3258 2904 3249 3177 3374 2674 
2427 3172 3219 3134 3534 3279 2995 2806 3234 3246 3023 2966 2795 3302 3312 3279 3207 3083 3103 3346 2949 3705 3242 3162 3078 3202 3174 3271 3384 3241 3369 3144 
2796 3015 3400 2902 3514 3430 3151 2852 3436 3115 2959 2976 3177 3437 3553 3306 3378 3378 3104 3590 3215 3626 3097 3240 3058 3215 3199 3122 3516 3259 3304 2881 
2591 3368 3397 3040 3471 3183 3202 2918 3155 3059 3210 2780 3136 3499 3485 3221 3410 3072 3148 3374 3085 3617 2998 3187 3353 3383 3069 3099 3328 3318 3544 2980 
3151 3514 3656 3522 3824 3821 3584 3134 3892 3633 3452 3316 3632 3950 3927 3590 3770 3636 3409 3808 3371 3987 3512 3696 3611 3734 3755 3318 3747 3514 3888 3418 
2551 3342 3291 2952 3297 3372 3192 2756 3175 3007 3107 2945 3187 3599 3261 3156 3181 3159 3025 3425 2931 3472 3204 3130 3136 3215 3076 2945 3258 3305 3462 2940 
2694 3272 3427 3311 3544 3437 3380 3009 3362 3246 3150 3095 3360 3677 3549 3432 3220 3133 3176 3499 2967 3688 3122 3471 3495 3459 3308 3057 3412 3260 3576 3085 
2621 3252 3227 3065 3398 3377 3013 2835 3391 3034 3286 2774 2873 3380 3459 3430 3193 3214 3111 3413 3012 3713 2962 3272 3329 3192 3254 2920 3420 3203 3488 3025 
2744 3132 3127 3179 3456 3241 3050 2830 3232 3413 3070 3183 3202 3405 3324 3385 3053 3261 3061 3327 3034 3730 2935 3196 3211 3090 3297 2971 3297 3184 3376 2929 
2552 3233 3100 3006 3433 3470 3118 2836 3496 3079 2956 3036 2949 3342 3396 3284 3312 3098 3004 3434 2945 3451 2991 3017 3100 3453 3237 3056 3193 3187 3298 2751 
2550 3095 3027 3267 3259 3258 3097 2912 3248 3120 2994 2843 3063 3438 3221 3335 3195 3056 3076 3180 3034 3465 2845 3154 3282 3109 3309 3053 3245 3099 3256 2874 
2749 3087 3181 3030 3280 3056 3029 2828 3263 3073 3022 3072 3205 3268 3335 3165 2995 3025 2939 3191 2783 3548 3020 3132 3134 3182 3053 3117 3302 3289 3570 2860 
