2258 2130 1826 1911 1912 2143 2049 2044 1976 2004 2200 2274 2059 2126 1927 2076 1948 1831 1872 1983 2085 2118 1812 2044 2424 2065 2197 2157 1833 2065 2051 2131 
2297 2000 1683 1854 2021 2016 2128 1863 1930 2058 2038 2344 2001 2227 1877 2111 1891 1767 1901 1975 1955 2159 1808 2105 2363 1774 2100 1945 1925 2035 1934 2186 
2241 2008 1599 1768 1927 2021 1659 1852 1654 1983 2125 1996 2020 2113 1921 2016 1763 1671 1918 1993 1847 1969 1805 1948 2166 1762 2038 1920 1739 1954 1807 2134 
2299 1920 1761 1716 2023 1930 1999 2004 1896 1838 2013 2134 2101 2072 1893 2086 1825 1825 1871 2067 1945 1943 1866 2056 2286 1786 1988 1943 1860 1979 1910 2065 
2381 1830 1800 1961 1881 1899 1866 1838 1712 1887 2236 2015 2106 2084 1959 2101 1882 1791 1945 1875 1883 1986 1811 2123 2238 1752 2205 1990 1769 1983 1918 2207 
2112 1759 1350 1738 1737 1871 1586 1691 1736 1683 2013 1832 1800 1921 1784 2001 1620 1440 1719 1729 1702 1748 1634 1732 2062 1647 1821 1848 1603 1824 1769 1769 
2192 2036 1571 1691 1862 1787 1843 1876 1684 1821 2073 1985 1916 1999 1867 2054 1705 1535 1807 1893 1696 1860 1639 1980 2209 1814 1904 1920 1712 1847 1948 1762 
2528 2163 1914 2103 2179 2200 2260 2104 2179 2146 2325 2397 2282 2403 2192 2277 2023 2094 2157 2208 2149 2081 1962 2367 2481 2056 2241 2164 2333 2165 2203 2254 
2346 2047 1773 1837 1847 1805 1939 1811 1728 1890 2002 1950 2050 1929 2055 2187 1949 1806 1875 1912 1918 2000 1895 2123 2189 1972 2003 1926 1896 1894 2032 2149 
2060 1867 1493 1610 1856 1823 1737 1545 1688 1748 1749 1942 1763 1927 1728 1781 1519 1524 1788 1841 1730 1785 1667 1807 2081 1660 1685 1771 1786 1839 1832 1745 
2215 1808 1624 1796 1768 2024 1795 1810 1581 1687 2088 1951 1862 1922 1758 2124 1721 1585 1848 1873 1822 1909 1761 1836 2206 1912 2065 1850 1689 1880 1838 2036 
2386 1968 1675 1748 1861 1833 1897 1816 1840 1769 1869 2127 1892 1984 1800 2022 1703 1695 1778 1868 2014 2001 1850 1860 2160 1826 1965 1916 1938 1882 1856 1936 
2170 1784 1801 1720 1788 1715 1822 1796 1923 1763 2142 2014 1840 2158 1848 1932 1810 1700 1806 1967 1898 1771 1723 1916 2129 1604 1847 1894 1892 1865 1773 1964 
2117 1759 1558 1726 1802 1788 1728 1714 1701 1777 1896 1893 1849 1874 1709 1980 1598 1753 1733 1910 1819 1654 1719 1889 2123 1749 1778 1833 1769 1782 1851 1918 
2174 1942 1569 1717 1883 1962 1780 1836 1943 1971 2197 1990 1975 2097 1964 2098 1803 1830 1859 1811 1940 1929 1834 1980 2316 1780 2009 2034 1923 1977 1880 1911 
2361 1939 1776 1813 1978 2032 2131 1890 1771 1868 2035 2061 1984 2172 1932 2141 2003 1846 1982 1921 1999 2115 1814 1958 2247 1829 2241 1997 1953 2036 2069 2264 
2227 2001 1761 1766 1891 1882 1794 1799 1873 1922 2201 2055 1953 1970 1790 2198 1864 1762 1969 1977 1748 1950 1772 2170 2097 1715 2072 1868 1892 1797 1943 2077 
1780 1748 1505 1472 1546 1665 1740 1674 1578 1702 1849 1993 1837 1791 1610 1792 1769 1469 1654 1776 1674 1751 1536 1773 2004 1520 1748 1801 1719 1708 1520 1772 
2024 1858 1553 1626 1745 1850 1728 1850 1663 1598 1887 1857 1856 1930 1820 1898 1699 1473 1693 1683 1714 1808 1621 1866 1962 1625 1696 1829 1813 1748 1869 1705 
2371 1934 1623 1830 1800 1977 1919 1957 1777 1958 2013 2139 1895 2068 2034 2101 1850 1836 1944 1793 2055 1892 1892 2046 2173 1766 2201 2023 1854 1919 1986 2051 
2301 1881 1677 1687 2030 1715 1777 1816 1642 2016 2039 1912 1980 2098 1758 2032 1782 1801 1886 2010 1914 1836 1882 1953 2214 1946 1923 1856 1805 1926 2044 2251 
2260 1937 1629 1634 1987 1942 1814 1804 1834 1952 2039 2173 1898 2116 1956 2124 1814 1668 1866 1877 1975 2102 1805 1951 2120 1741 2087 1873 1957 1813 1880 2006 
2330 1871 1571 1862 1856 2107 1902 1825 1808 1889 2038 2029 1900 2014 1783 2140 2073 1780 1792 1914 1879 2164 1825 1918 2270 1781 1901 1994 1968 1951 1910 2082 
2399 2047 1665 1820 2041 2054 1980 2021 1841 1901 2168 2161 2099 2276 2088 2159 1787 1716 2042 2110 1908 2105 2002 1997 2343 1717 2136 2183 1953 2042 2015 2216 
2572 2098 1837 2042 2363 2274 2163 2053 2062 2142 2315 2389 2176 2420 2315 2340 2107 2024 2176 2225 2257 2238 2042 2192 2545 2089 2210 2362 2122 2198 2208 2353 
2066 1983 1655 1717 1985 1991 1750 1867 1664 1963 2030 2101 1856 2017 1878 2116 1874 1721 1918 2089 1999 2051 1749 1990 2224 1732 2061 1891 1755 1756 1879 1837 
2421 2142 1828 1904 2035 1993 1897 1912 1800 2010 2215 2194 2015 2220 1810 2271 1869 1764 1868 2146 2132 2065 1967 2041 2362 2067 2071 1985 2049 2086 2131 2170 
2246 1899 1602 1608 2048 2124 1829 1744 1735 1893 1896 2097 1949 2160 1803 2175 1780 1690 2070 1913 1832 1936 1896 1939 2082 1713 2002 2007 1902 1952 1923 2151 
1880 1670 1460 1577 1791 1753 1785 1669 1577 1803 1777 1895 1934 1891 1677 1834 1621 1517 1714 1730 1900 1778 1778 1754 2178 1789 1795 1866 1551 1743 1723 1791 
2256 1870 1660 1718 1942 1902 1981 1836 1783 1937 2129 2034 2084 2102 1803 2114 1967 1768 1814 1928 1989 1953 1753 1953 2221 1840 2006 1920 1893 1929 1821 1898 
2256 1893 1648 1767 2106 2003 1759 1899 1781 2115 1958 2039 1861 2059 1909 2051 1743 1618 2024 1872 1918 1939 1973 2088 2200 1748 1983 2062 1950 2007 1931 2059 
2336 1816 1588 1800 2071 1869 1717 1668 1735 1966 1964 1907 1944 2121 1883 1867 2000 1550 1880 1684 1880 1961 1798 1944 2258 1704 1947 1943 1948 1890 1814 2197 
