827 616 492 651 575 714 763 682 692 699 713 675 742 526 650 704 689 608 477 637 799 819 596 637 750 663 689 597 485 705 653 637 
900 668 399 643 621 726 819 675 717 735 733 763 736 749 681 661 697 610 532 684 789 856 516 578 780 559 651 657 643 728 564 689 
880 680 474 649 646 703 756 666 608 809 840 598 820 630 740 758 609 651 567 797 712 778 577 635 732 623 691 595 595 665 638 676 
890 706 573 609 625 661 821 723 670 660 710 738 760 622 719 734 636 676 551 710 784 699 667 685 774 630 607 630 571 727 652 660 
931 670 476 758 677 754 751 674 634 669 805 586 806 699 730 757 640 675 593 714 724 770 609 633 789 570 741 691 559 727 621 739 
700 538 290 544 461 623 549 529 483 528 656 448 640 560 624 630 550 511 428 466 601 594 470 450 565 469 537 548 500 580 485 533 
917 795 493 630 689 685 870 757 648 776 846 725 817 727 840 822 691 695 606 771 772 804 674 718 777 641 649 738 677 814 710 670 
969 762 493 749 700 764 867 719 700 757 868 748 839 773 815 752 710 769 612 781 899 832 640 701 822 705 690 722 743 771 745 684 
870 703 481 647 564 643 667 628 568 643 702 589 792 622 769 738 642 637 553 679 674 688 679 594 683 529 603 656 670 657 616 665 
943 754 502 686 649 780 798 624 671 661 766 733 733 703 768 731 607 733 614 710 764 825 639 617 773 627 588 729 662 742 690 708 
940 763 501 753 607 829 765 684 653 743 846 744 786 716 716 800 679 645 604 751 813 867 680 634 813 663 705 731 660 756 633 750 
979 739 421 699 616 724 740 642 677 612 662 666 695 690 698 674 622 634 530 592 792 792 619 547 801 609 569 724 685 764 619 685 
835 651 529 694 556 616 728 612 671 574 749 655 635 685 684 637 597 565 494 683 666 756 544 575 749 491 536 585 603 672 624 665 
834 622 431 602 570 665 683 545 488 649 686 549 642 563 582 636 548 593 513 663 651 722 556 570 722 483 453 651 576 633 602 609 
803 719 333 555 652 719 709 608 638 691 754 633 693 675 723 761 590 613 544 628 686 798 570 596 822 592 629 685 632 717 597 550 
971 736 495 594 704 746 772 633 655 732 701 668 755 704 824 743 628 779 640 694 758 799 646 657 732 543 611 717 630 699 699 744 
739 641 394 524 523 617 545 560 593 632 634 630 571 500 650 586 537 552 560 619 615 677 472 593 538 462 571 497 566 466 573 574 
631 568 360 521 384 597 612 562 549 556 617 597 593 517 530 593 617 426 439 483 549 657 451 478 564 401 469 548 516 599 440 507 
726 635 390 479 534 577 610 564 509 515 616 574 614 577 651 654 527 570 453 575 589 625 566 533 668 515 431 558 556 639 570 447 
870 664 410 573 534 625 682 646 557 632 612 606 691 590 644 711 598 603 514 561 727 639 678 592 602 573 641 673 549 720 565 689 
824 632 440 519 625 589 727 622 511 772 738 537 690 657 648 674 572 648 599 729 669 684 593 631 723 591 560 619 619 623 675 710 
935 723 400 691 654 774 756 675 694 789 852 673 753 772 852 788 670 682 641 785 783 875 604 643 738 593 756 705 684 692 661 767 
1063 789 461 804 724 921 793 748 701 853 873 750 882 698 757 856 845 746 634 804 856 1006 736 764 941 765 705 837 755 809 761 777 
931 763 392 707 671 698 727 706 631 606 784 649 683 673 749 761 586 705 600 706 676 767 606 653 717 590 689 715 652 707 637 706 
931 671 486 660 724 732 786 650 632 702 823 729 755 745 785 771 650 767 585 786 773 784 614 674 771 645 676 673 710 697 642 765 
779 665 434 627 581 685 652 662 541 647 724 658 682 547 639 655 621 611 495 707 600 803 531 627 655 497 552 561 514 594 552 583 
954 704 476 688 635 749 785 676 675 682 811 700 801 705 709 802 661 677 502 685 776 783 625 582 851 749 636 689 708 730 636 687 
862 660 370 574 568 716 662 550 591 598 682 619 582 645 529 595 559 612 565 529 598 712 423 490 664 472 479 631 598 678 554 684 
828 585 436 628 596 679 706 557 528 619 667 614 769 665 622 626 592 591 474 606 773 715 629 574 751 633 624 654 474 633 535 583 
953 711 490 684 692 754 826 667 698 858 825 677 897 730 765 750 723 642 581 787 860 866 675 710 873 730 689 688 694 806 721 666 
889 617 328 541 587 688 672 590 539 672 586 654 643 634 612 635 591 632 559 632 693 692 600 543 645 590 597 685 626 689 571 689 
976 706 438 694 655 777 739 613 681 735 817 678 759 743 804 726 672 647 624 686 781 768 595 683 725 594 655 728 718 689 624 804 
