5267 5190 4676 4657 4401 4897 5417 4992 5173 5142 5053 4901 4973 5168 4695 5229 4582 4832 4709 5109 4967 4922 4740 4715 5202 5036 5235 5056 4550 4962 4787 5164 
5000 4591 4261 4147 4353 4423 5061 4570 4709 4636 4557 4683 4914 4698 4230 4820 4506 4236 4481 4825 4809 4627 4515 4753 4842 4375 4881 4658 4635 4817 4545 4833 
5095 4656 4328 4343 4162 4580 4669 4556 4524 4632 4817 4404 4722 4763 4262 4904 4234 4038 4677 4845 4535 4741 4398 4400 4829 4350 4945 4587 4193 4583 4419 4950 
5152 4487 4389 4120 4282 4353 5089 4673 4778 4456 4523 4570 4753 4475 4205 4746 4282 4342 4446 4718 4543 4537 4710 4596 4739 4548 4683 4437 4434 4497 4452 4713 
5054 4510 4552 4477 4230 4377 5003 4399 4551 4407 4729 4412 4972 4706 4330 4769 4399 4316 4345 4782 4381 4599 4714 4525 4714 4413 4985 4539 4286 4625 4602 4802 
4752 4517 3978 4160 4109 4258 4656 4625 4633 4192 4456 4339 4717 4677 4344 4732 4165 3950 4158 4462 4300 4513 4350 4255 4727 4343 4597 4483 4061 4437 4390 4346 
5062 4756 4002 3990 4066 4058 4747 4534 4351 4370 4590 4177 4566 4497 4051 4674 4115 3911 4258 4534 4201 4366 4336 4520 4532 4420 4615 4361 4051 4380 4196 4205 
5359 4826 4532 4483 4404 4468 5217 4771 4850 4850 4769 4749 4859 4877 4642 4881 4620 4368 4675 4760 4782 4591 4548 4965 4940 4809 5010 4821 4670 4697 4608 5032 
5144 4690 4261 4058 3973 4191 4940 4398 4565 4481 4594 4362 4752 4447 4508 4868 4500 4480 4381 4687 4670 4390 4398 4623 4773 4612 4880 4357 4410 4488 4608 4739 
5008 4766 4459 4333 4329 4526 4935 4647 4664 4660 4586 4725 4742 4705 4382 4991 4110 4298 4640 4928 4609 4770 4567 4729 4811 4619 4668 4595 4402 4773 4666 4824 
5272 4663 4414 4329 4254 4607 4874 4575 4447 4476 4841 4413 4745 4617 4204 4963 4318 4208 4618 4887 4751 4631 4730 4502 4745 4786 5091 4481 4358 4756 4547 4864 
5195 4651 4334 4232 4166 4255 4896 4500 4630 4494 4507 4464 4710 4489 4065 4662 4216 4231 4379 4647 4704 4456 4600 4460 4693 4531 4848 4490 4401 4558 4361 4561 
4895 4208 4410 4142 4008 4077 4829 4483 4695 4447 4650 4471 4511 4677 4106 4522 4404 4098 4197 4728 4543 4324 4354 4374 4627 4430 4541 4396 4385 4317 4280 4544 
4916 4437 4329 4252 4068 4304 4871 4262 4579 4634 4437 4289 4535 4588 3993 4618 4161 4216 4361 4685 4386 4179 4439 4378 4662 4447 4658 4407 4432 4608 4435 4694 
4530 4094 3701 3476 3828 3885 4180 3963 4401 4104 4231 4044 4341 4114 3858 4377 3707 3907 3929 4172 4363 4073 4199 4042 4411 3977 4393 4178 4088 4154 4020 4278 
5101 4469 4429 4094 4229 4402 5157 4630 4684 4605 4493 4407 4636 4673 4194 4713 4509 4303 4479 4777 4727 4657 4447 4422 4619 4627 4962 4436 4240 4657 4549 4913 
4808 4592 4501 4075 4170 4211 4826 4407 4617 4489 4442 4539 4799 4413 4079 4864 4427 4398 4549 4677 4336 4367 4416 4598 4405 4442 4930 4425 4322 4326 4500 4718 
4626 4394 4285 3789 3735 4200 4752 4287 4392 4324 4380 4405 4405 4247 3945 4434 3995 3879 4199 4462 4306 4372 4101 4284 4474 4247 4450 4387 4175 4542 4063 4426 
4906 4527 4366 4034 4073 4368 4813 4510 4539 4296 4451 4448 4526 4438 4282 4688 4436 3840 4390 4466 4496 4416 4533 4396 4702 4213 4647 4553 4323 4423 4321 4333 
5203 4824 4601 4279 4108 4573 5248 4713 4844 4736 4489 4808 4729 4831 4641 4891 4587 4395 4675 4654 4709 4683 4811 4569 4846 4549 4959 4913 4590 4623 4690 4910 
5115 4553 4103 4088 4185 4009 4739 4331 4422 4644 4561 4260 4567 4541 4202 4571 4148 4155 4312 4433 4455 4265 4624 4377 4732 4439 4608 4400 4210 4367 4452 4954 
5076 4320 3921 3921 4145 4364 4749 4333 4489 4574 4604 4477 4622 4547 4241 4910 4191 4153 4345 4682 4501 4604 4528 4256 4549 4355 4858 4374 4477 4234 4135 4490 
5014 4350 3992 4287 3997 4513 4687 4460 4471 4458 4702 4203 4505 4505 3891 4678 4403 4137 4310 4479 4483 4678 4567 4298 4801 4352 4552 4537 4280 4570 4381 4887 
5021 4624 4087 4335 4115 4375 5065 4668 4703 4400 4544 4603 4884 4750 4410 4747 4048 4237 4653 4697 4376 4676 4761 4419 4782 4574 4802 4787 4499 4699 4657 5097 
5328 4824 4594 4615 4815 4840 5369 4928 5081 4947 4984 4906 5021 5095 4884 5135 4690 4494 4745 5111 5074 4981 4995 4898 5124 4891 5120 4984 4694 4972 4893 5192 
4925 4403 4083 4074 4150 4286 4608 4348 4459 4585 4435 4298 4574 4629 4011 4667 4152 3966 4317 4724 4458 4381 4350 4443 4729 4359 4820 4331 4242 4376 4213 4466 
5054 4732 4466 4312 4062 4368 4845 4400 4311 4604 4827 4403 4708 4717 3915 4885 4217 4068 4307 4845 4845 4743 4620 4349 4723 4752 4765 4435 4473 4635 4619 4739 
5093 4633 4275 4213 4299 4607 4978 4482 4557 4519 4589 4580 4764 4811 4192 5134 4316 4390 4699 4758 4568 4634 4594 4511 4747 4486 4991 4683 4476 4554 4515 5051 
4592 4302 4177 3987 4008 4106 4683 4379 4182 4396 4149 4349 4689 4529 3990 4411 3952 3863 4353 4404 4666 4419 4542 4076 4537 4293 4634 4525 4222 4455 4390 4558 
4996 4536 4319 4129 4209 4310 4697 4469 4543 4653 4548 4423 4774 4533 4128 4736 4299 4163 4251 4571 4724 4321 4523 4539 4734 4369 4826 4559 4327 4675 4336 4713 
4720 4381 3975 4048 4130 4303 4656 4120 4222 4742 4455 4271 4446 4630 4054 4476 3871 3957 4360 4365 4284 4157 4571 4385 4537 4273 4575 4455 4255 4533 4198 4543 
4549 4089 3932 3839 4240 3972 4348 4119 4219 4333 4125 4095 4342 4559 4103 4311 4160 3667 4114 4063 4262 4011 4171 4108 4367 4048 4372 4266 4203 4280 3995 4653 
