4479 4517 3956 3853 3675 4265 4596 4234 4290 4437 4461 4278 4165 4388 4037 4443 3775 4125 4063 4478 4373 4298 3941 4149 4498 4268 4621 4327 3775 4174 4206 4483 
4352 4020 3659 3480 3572 3856 4294 3888 3974 4117 4093 4188 4160 4009 3583 4173 3884 3564 3823 4230 4223 4041 3863 4276 4282 3743 4270 4052 3916 4079 3916 4197 
4390 4053 3546 3687 3480 4002 3863 3895 3766 4042 4354 3801 3981 4045 3635 4128 3567 3448 4072 4228 3953 4099 3679 3850 4193 3715 4294 3962 3502 3997 3853 4268 
4409 3870 3634 3376 3428 3826 4210 3873 4008 3888 3977 3993 3946 3771 3588 4035 3567 3650 3835 4141 3886 3792 3913 4084 4093 3820 4077 3853 3695 3853 3831 4016 
4360 3872 3823 3678 3413 3775 4122 3598 3758 3834 4290 3799 4177 3913 3580 4071 3661 3588 3679 4067 3845 3895 3921 3928 4049 3692 4320 3845 3506 3892 3925 4069 
3909 3796 3171 3338 3218 3629 3704 3704 3674 3530 3949 3595 3790 3848 3616 3890 3415 3197 3455 3730 3691 3730 3496 3616 3932 3487 3915 3819 3247 3595 3717 3616 
4329 4111 3383 3315 3261 3501 3931 3747 3644 3792 4083 3591 3788 3819 3457 3934 3447 3290 3586 3933 3592 3752 3642 3963 3957 3707 3974 3766 3355 3724 3655 3635 
4649 4221 3771 3785 3660 3872 4351 3936 4165 4234 4210 4147 4034 4180 4047 4141 3757 3762 3985 4206 4150 3950 3818 4369 4304 3989 4432 4184 3991 4025 4062 4259 
4522 4258 3791 3483 3386 3735 4303 3735 3963 4009 4159 3887 4113 3865 4011 4222 3913 3891 3860 4153 4235 3857 3880 4158 4278 3978 4329 3866 3841 3937 4189 4232 
4158 4069 3636 3477 3531 3829 4018 3711 3845 3970 3974 4050 3881 3899 3700 4099 3327 3541 3926 4243 3971 4004 3722 4057 4062 3753 3962 3908 3693 3954 4056 4014 
4452 3925 3598 3502 3474 3957 3925 3729 3641 3789 4302 3804 3879 3932 3534 4141 3633 3433 3945 4202 4117 3960 3935 3875 4074 3927 4371 3868 3546 4001 3935 4228 
4530 4081 3672 3540 3509 3719 4193 3824 3926 3887 3999 3969 4015 3908 3538 4017 3618 3587 3786 4169 4146 3932 3968 3960 4069 3807 4319 3936 3782 3844 3851 4044 
4147 3654 3771 3450 3190 3557 3975 3676 3951 3827 4145 3886 3652 4023 3548 3828 3683 3454 3639 4114 3955 3657 3693 3822 3968 3620 3944 3852 3702 3606 3702 3980 
4204 3766 3605 3495 3313 3606 4059 3622 3877 3955 3983 3757 3775 3836 3366 3916 3592 3592 3701 4027 3812 3559 3625 3757 4009 3748 3974 3710 3617 3821 3813 3987 
3950 3719 3260 3021 3240 3526 3589 3415 3882 3660 3851 3616 3753 3558 3411 3816 3234 3406 3487 3635 3940 3615 3655 3713 3913 3418 3893 3682 3454 3652 3631 3764 
4435 3909 3832 3431 3523 3948 4320 3759 3864 4113 3985 3834 3958 4015 3629 4060 3881 3679 3890 4216 4216 4091 3798 3904 4075 3877 4381 3881 3644 3954 4043 4260 
4125 3970 3772 3339 3401 3628 3944 3596 3886 3887 4012 3958 3964 3694 3398 4121 3686 3706 3851 4051 3736 3761 3686 4007 3755 3661 4288 3774 3594 3574 3877 4031 
3873 3778 3492 3036 3031 3557 3922 3539 3613 3638 3906 3851 3610 3569 3282 3654 3414 3170 3556 3807 3748 3679 3366 3666 3827 3507 3819 3814 3463 3855 3463 3753 
4141 3971 3624 3362 3399 3759 4046 3770 3821 3714 3953 3873 3799 3706 3671 3932 3713 3235 3782 3870 3867 3833 3846 3918 3969 3553 4016 3833 3596 3708 3797 3733 
4444 4148 3751 3578 3327 3920 4282 3800 4009 4205 4044 4198 3888 4046 3895 4064 3790 3647 3944 3917 4104 3924 4015 3995 4157 3811 4342 4229 3721 3849 3959 4165 
4472 3997 3514 3534 3558 3554 4025 3693 3735 4162 4122 3775 3985 3924 3677 4014 3567 3631 3786 3953 4015 3739 3996 3862 4218 3796 4069 3873 3624 3847 4040 4411 
4261 3768 3294 3303 3505 3871 4038 3702 3897 3958 4087 3929 3932 3927 3682 4184 3631 3583 3835 4059 3966 4069 3823 3785 4019 3682 4226 3802 3768 3724 3741 3940 
4393 3811 3377 3654 3383 4021 4023 3847 3789 3929 4211 3720 3894 3985 3382 4148 3882 3590 3778 4005 3948 4130 3933 3803 4260 3687 4060 4063 3768 3941 3941 4303 
4294 4006 3382 3552 3290 3827 4190 3884 4024 3774 4103 4057 4088 4009 3795 4089 3501 3574 4000 4070 3843 4066 4011 3795 4123 3730 4144 4183 3837 3931 4108 4318 
4603 4185 3830 3891 4070 4215 4467 4077 4291 4339 4503 4317 4285 4325 4240 4422 4058 3931 4134 4479 4519 4357 4208 4328 4489 4195 4492 4328 3988 4264 4329 4449 
4172 3857 3475 3422 3472 3750 3812 3635 3670 3973 3970 3719 3840 3893 3424 3951 3592 3275 3723 4049 3976 3792 3637 3860 4098 3597 4200 3769 3567 3699 3701 3720 
4440 4227 3906 3687 3436 3872 4143 3782 3753 4122 4397 3902 4029 4162 3463 4257 3647 3588 3790 4362 4284 4170 3987 3939 4184 4125 4251 3944 3855 4022 4165 4153 
4220 3955 3447 3424 3435 3921 4046 3572 3725 3860 4019 3865 3823 3963 3481 4194 3556 3578 3927 4004 3813 3915 3735 3854 3995 3624 4192 3996 3603 3779 3829 4235 
3737 3509 3276 3104 3046 3402 3667 3483 3382 3724 3575 3645 3832 3629 3226 3565 3165 3119 3581 3657 3897 3718 3611 3479 3810 3508 3814 3659 3296 3606 3629 3717 
4261 3883 3557 3347 3384 3638 3881 3713 3770 3909 3991 3803 3907 3704 3422 3904 3601 3445 3522 3923 4041 3651 3685 3928 3966 3572 4118 3848 3549 3829 3722 3891 
4035 3805 3392 3361 3445 3775 3925 3430 3612 4072 3998 3771 3713 3943 3479 3812 3304 3314 3806 3767 3825 3659 3864 3809 3926 3512 3968 3871 3581 3854 3767 3913 
3968 3519 3285 3246 3576 3378 3622 3414 3644 3817 3652 3594 3683 3916 3539 3673 3516 3093 3508 3548 3707 3491 3587 3566 3856 3424 3748 3708 3516 3660 3504 4063 
