3682 3668 3153 3120 2978 3490 3750 3487 3667 3578 3678 3594 3443 3693 3292 3580 3021 3415 3389 3709 3591 3558 3203 3469 3762 3534 3765 3623 3123 3468 3573 3630 
3721 3367 3028 3007 3087 3226 3686 3305 3370 3468 3430 3636 3427 3540 3016 3486 3238 3064 3312 3666 3525 3484 3265 3602 3730 3079 3575 3451 3348 3430 3367 3581 
3616 3251 2826 2949 2931 3238 3044 3158 3048 3315 3542 3118 3177 3419 2973 3396 2808 2875 3346 3518 3195 3336 3009 3273 3379 2952 3418 3259 2916 3266 3181 3528 
3675 3201 2983 2788 2968 3156 3530 3174 3371 3202 3277 3448 3325 3326 3029 3484 2952 3120 3264 3544 3162 3169 3313 3448 3482 3112 3383 3291 3101 3144 3167 3403 
3715 3177 3189 3102 2813 3062 3342 3006 3036 3155 3589 3278 3455 3347 2992 3502 2980 2990 3186 3375 3151 3339 3253 3345 3424 3007 3582 3298 3015 3204 3283 3471 
3276 3001 2550 2749 2688 3032 3021 3038 3109 2933 3245 2979 3059 3248 3009 3233 2693 2712 2946 3097 3063 3099 2893 3008 3225 2889 3193 3122 2763 3003 3098 2926 
3543 3293 2717 2642 2686 2737 3121 3022 2883 3037 3283 3019 3082 3271 2849 3291 2686 2572 3014 3163 2819 3041 2955 3283 3258 2903 3171 3051 2736 2947 3020 2867 
3904 3520 3051 3134 3199 3305 3678 3339 3568 3548 3557 3459 3404 3680 3383 3472 3067 3265 3457 3585 3435 3340 3274 3724 3659 3281 3659 3550 3389 3368 3420 3530 
3786 3516 3095 2963 2834 3053 3558 3143 3187 3300 3453 3275 3458 3379 3443 3687 3127 3314 3228 3510 3450 3354 3300 3526 3630 3317 3548 3292 3239 3247 3585 3595 
3529 3379 3005 2865 3078 3192 3389 3018 3235 3288 3233 3387 3128 3317 3113 3400 2685 3011 3304 3657 3305 3335 3102 3441 3447 3083 3208 3246 3134 3281 3377 3268 
3690 3182 2924 2845 2877 3204 3198 3091 2872 3086 3468 3219 3128 3312 2914 3482 2872 2834 3377 3467 3248 3368 3274 3276 3350 3162 3499 3225 2889 3284 3254 3426 
3746 3324 2948 2903 2945 2983 3448 3141 3202 3174 3219 3374 3205 3299 2940 3358 2791 2954 3127 3444 3361 3298 3350 3285 3376 3075 3447 3219 3191 3172 3198 3271 
3398 2988 3028 2789 2632 2851 3232 2971 3249 3049 3344 3262 2984 3416 2881 3145 2908 2819 3058 3411 3184 2985 3035 3132 3306 2835 3053 3186 3036 2956 3008 3257 
3515 3118 2938 2943 2769 2943 3245 2990 3146 3277 3303 3168 3102 3316 2801 3374 2833 2955 3107 3453 3192 2969 3120 3203 3352 3043 3235 3153 3078 3174 3232 3308 
3347 3071 2680 2553 2719 2989 2999 2822 3203 3092 3236 3066 3011 3075 2953 3268 2614 2865 3020 3004 3241 2997 3005 3095 3377 2711 3194 3103 2991 3082 3086 3136 
3753 3262 3140 2846 2960 3302 3596 3141 3206 3398 3284 3277 3280 3519 3080 3459 3178 3065 3333 3550 3495 3443 3185 3335 3428 3164 3631 3323 3068 3268 3434 3592 
3422 3178 3019 2710 2779 2935 3179 2920 3112 3038 3347 3241 3155 3116 2776 3467 2806 2960 3229 3362 2987 3150 3045 3337 3138 2937 3355 3040 2980 2936 3243 3243 
3081 3098 2796 2424 2490 2823 3173 2852 2910 3017 3125 3239 2934 3029 2700 3083 2703 2573 2950 3138 2968 3006 2759 3032 3141 2782 3061 3151 2865 3079 2775 3001 
3425 3147 2882 2553 2707 3011 3160 2998 3019 2916 3179 3163 2983 3058 2907 3202 2820 2496 3127 3113 3038 3135 3092 3257 3197 2795 3068 3105 2951 3003 3071 2945 
3766 3450 3045 2920 2793 3233 3606 3199 3411 3505 3388 3582 3222 3487 3343 3467 3130 3147 3375 3347 3418 3337 3434 3413 3507 3142 3607 3593 3170 3206 3328 3512 
3678 3194 2818 2814 3068 2899 3241 2995 3065 3411 3350 3134 3327 3370 3037 3415 2887 3037 3203 3349 3274 3098 3405 3256 3519 3099 3316 3226 3097 3217 3452 3636 
3611 3073 2715 2702 2939 3064 3273 3029 3195 3302 3334 3335 3153 3258 3075 3483 2901 2984 3178 3373 3254 3398 3148 3258 3353 2961 3396 3128 3249 3038 3088 3269 
3752 3168 2808 3031 2878 3307 3349 3139 3173 3319 3442 3126 3192 3402 2846 3485 3250 3052 3190 3397 3213 3419 3284 3241 3611 3003 3328 3379 3217 3275 3311 3561 
3704 3421 2898 2979 2919 3243 3551 3259 3323 3249 3497 3514 3412 3537 3330 3585 2937 3048 3475 3530 3251 3453 3467 3285 3556 3109 3483 3611 3357 3358 3540 3663 
3827 3381 3061 3129 3446 3485 3610 3285 3510 3559 3669 3569 3485 3678 3487 3656 3236 3265 3555 3786 3672 3638 3459 3483 3780 3322 3656 3640 3326 3466 3488 3620 
3613 3287 2955 2880 3009 3163 3217 3089 3076 3463 3448 3283 3188 3381 2938 3486 3073 2837 3342 3549 3349 3340 3094 3361 3500 3036 3567 3279 3122 3163 3151 3205 
3716 3532 3203 2977 2874 3108 3377 3102 3047 3376 3573 3406 3324 3538 2862 3614 2910 2976 3217 3672 3513 3518 3345 3312 3505 3279 3427 3354 3270 3383 3440 3449 
3515 3318 2810 2766 2959 3280 3344 2927 3114 3246 3263 3219 3235 3417 2896 3543 2800 3038 3359 3425 3063 3247 3196 3263 3313 2894 3440 3379 2977 3170 3158 3484 
3059 2850 2660 2543 2654 2814 3080 2838 2832 3086 2946 3076 3177 3167 2675 2957 2624 2691 3012 3087 3260 3058 3057 2890 3253 2953 3191 3049 2753 2981 3034 3006 
3568 3208 2856 2744 2899 3079 3425 3068 3186 3257 3428 3142 3244 3296 2907 3370 3086 2954 3038 3364 3297 3137 3009 3333 3438 2922 3432 3313 3022 3215 3090 3198 
3450 3204 2803 2782 2810 3089 3198 2839 3005 3397 3250 3280 3110 3299 2940 3248 2736 2714 3286 3138 3160 3173 3183 3268 3314 2940 3303 3365 3130 3260 3228 3233 
3385 2893 2737 2665 3077 2817 2968 2787 3023 3253 2981 2958 3007 3381 2936 3004 2911 2586 2958 2961 2995 2966 2964 2998 3259 2856 3063 3186 3022 3039 2920 3356 
