2982 2905 2461 2462 2385 2642 2781 2697 2708 2666 2855 2819 2796 2824 2608 2734 2343 2478 2493 2832 2786 2816 2467 2705 3038 2677 2934 2804 2339 2676 2775 2729 
3123 2773 2430 2506 2606 2551 2959 2654 2602 2788 2810 2986 2799 2870 2510 2847 2582 2395 2656 2991 2831 2992 2619 2853 3086 2475 2916 2730 2686 2842 2768 2881 
2937 2608 2177 2299 2302 2468 2319 2471 2165 2574 2785 2433 2661 2648 2375 2607 2254 2202 2560 2693 2433 2653 2350 2531 2685 2299 2701 2534 2281 2600 2449 2631 
2990 2514 2385 2201 2413 2465 2669 2541 2522 2493 2587 2682 2791 2649 2501 2771 2334 2392 2556 2833 2563 2611 2551 2712 2869 2414 2639 2584 2418 2560 2529 2637 
3126 2615 2594 2627 2404 2476 2682 2573 2391 2540 2994 2681 2990 2778 2578 2849 2473 2370 2605 2796 2652 2810 2586 2781 2854 2438 2935 2739 2474 2680 2701 2830 
2751 2419 1941 2255 2222 2340 2293 2356 2375 2258 2570 2367 2505 2558 2427 2538 2133 2020 2283 2419 2364 2454 2303 2303 2604 2221 2540 2396 2110 2404 2443 2279 
3071 2820 2246 2238 2343 2261 2559 2557 2320 2530 2744 2502 2633 2741 2533 2793 2238 2095 2494 2714 2371 2617 2407 2752 2802 2374 2690 2548 2245 2571 2526 2413 
3352 2916 2516 2660 2614 2665 2990 2734 2820 2866 2977 2900 2931 3029 2816 2873 2546 2670 2839 2982 2849 2801 2666 3060 3098 2647 3027 2894 2849 2830 2850 2869 
3157 2942 2463 2494 2347 2358 2757 2596 2458 2638 2819 2554 2966 2726 2857 2936 2532 2552 2588 2849 2742 2865 2649 2811 2970 2628 2863 2631 2586 2640 2914 2878 
2867 2650 2210 2234 2431 2418 2511 2322 2392 2432 2453 2512 2474 2503 2418 2568 2051 2180 2546 2784 2498 2593 2419 2576 2716 2337 2425 2485 2380 2451 2620 2385 
3088 2656 2318 2330 2280 2544 2517 2502 2197 2377 2830 2550 2595 2696 2431 2857 2278 2247 2670 2807 2628 2773 2603 2606 2824 2505 2920 2552 2263 2698 2661 2765 
3163 2666 2383 2352 2420 2364 2730 2481 2513 2467 2580 2723 2636 2608 2424 2748 2252 2276 2478 2742 2760 2769 2700 2570 2840 2456 2744 2677 2598 2599 2660 2537 
2689 2356 2409 2205 2072 2144 2478 2334 2426 2322 2677 2542 2393 2659 2318 2432 2253 2096 2344 2664 2487 2417 2303 2395 2583 2122 2375 2477 2391 2310 2336 2439 
2866 2474 2261 2333 2236 2272 2468 2378 2248 2436 2543 2414 2558 2580 2298 2631 2123 2266 2384 2675 2530 2391 2462 2531 2712 2334 2539 2464 2355 2471 2567 2513 
2701 2434 2012 2028 2197 2263 2240 2326 2420 2370 2587 2329 2401 2444 2436 2565 2085 2205 2305 2291 2489 2396 2350 2423 2699 2141 2534 2385 2305 2377 2326 2295 
3151 2696 2455 2323 2427 2598 2861 2541 2410 2570 2621 2610 2731 2784 2565 2796 2576 2397 2590 2757 2736 2783 2554 2671 2859 2452 2945 2620 2497 2637 2791 2889 
2918 2690 2495 2319 2428 2411 2569 2459 2543 2541 2817 2671 2747 2594 2368 2938 2424 2387 2714 2883 2520 2701 2534 2822 2677 2409 2811 2546 2497 2471 2716 2700 
2489 2481 2164 1987 1919 2118 2428 2334 2122 2329 2473 2592 2456 2363 2104 2392 2208 1946 2348 2546 2390 2469 2207 2369 2466 2164 2458 2424 2288 2404 2121 2313 
2748 2542 2290 2063 2215 2327 2442 2489 2278 2273 2488 2444 2467 2561 2339 2560 2228 1891 2462 2535 2399 2532 2370 2586 2531 2165 2439 2463 2398 2436 2476 2308 
3039 2619 2238 2309 2192 2365 2609 2449 2369 2584 2530 2665 2562 2702 2636 2667 2327 2273 2569 2542 2634 2614 2624 2605 2734 2263 2833 2652 2332 2450 2527 2680 
2984 2553 2263 2284 2535 2197 2504 2375 2300 2711 2660 2460 2727 2715 2445 2679 2290 2375 2515 2777 2660 2560 2666 2546 2848 2488 2685 2573 2381 2543 2749 2894 
2964 2572 2184 2169 2512 2424 2538 2458 2500 2689 2654 2631 2586 2713 2571 2792 2307 2258 2507 2760 2661 2811 2513 2602 2749 2359 2751 2535 2496 2414 2550 2574 
3029 2526 2143 2460 2269 2561 2568 2421 2329 2543 2674 2481 2581 2672 2322 2715 2583 2317 2378 2661 2494 2780 2536 2502 2866 2353 2647 2645 2528 2596 2575 2696 
3058 2832 2407 2397 2440 2561 2729 2695 2465 2529 2812 2779 2832 2896 2756 2874 2308 2365 2713 2928 2591 2881 2751 2595 2920 2395 2854 2840 2561 2707 2773 2907 
3252 2723 2442 2594 2904 2790 2904 2693 2759 2812 3022 2932 2976 3076 2931 3015 2694 2620 2805 3088 2991 2950 2789 2864 3239 2634 2974 3033 2755 2884 2914 2933 
2914 2728 2365 2321 2479 2495 2481 2559 2239 2734 2788 2656 2641 2639 2468 2794 2445 2226 2582 2896 2679 2802 2450 2656 2866 2349 2851 2623 2490 2560 2514 2441 
3191 2983 2592 2459 2515 2411 2686 2537 2380 2758 2901 2721 2733 2867 2409 2985 2307 2313 2534 2962 2829 2893 2733 2660 2950 2646 2822 2737 2660 2786 2922 2846 
2951 2635 2210 2187 2501 2569 2601 2357 2397 2612 2612 2561 2665 2763 2381 2886 2217 2326 2653 2672 2379 2660 2537 2571 2709 2307 2706 2724 2459 2618 2569 2736 
2651 2381 2125 2144 2304 2309 2516 2354 2255 2513 2477 2568 2732 2599 2325 2457 2134 2143 2495 2516 2711 2567 2514 2375 2854 2434 2645 2543 2225 2510 2550 2452 
2947 2464 2223 2184 2348 2275 2638 2378 2261 2497 2732 2481 2690 2571 2247 2619 2436 2202 2308 2594 2581 2523 2306 2623 2764 2291 2689 2464 2410 2537 2368 2360 
2907 2600 2268 2255 2377 2457 2429 2390 2281 2719 2576 2581 2557 2673 2407 2601 2175 2071 2637 2561 2552 2570 2609 2601 2701 2277 2668 2675 2459 2624 2567 2589 
2905 2396 2176 2295 2549 2271 2296 2212 2290 2568 2468 2369 2556 2738 2449 2450 2391 2025 2416 2332 2419 2537 2428 2359 2772 2259 2562 2560 2431 2465 2369 2715 
