1619 1488 1134 1343 1357 1583 1480 1486 1420 1426 1548 1512 1495 1384 1417 1386 1347 1166 1276 1328 1491 1575 1309 1325 1722 1498 1547 1406 1124 1489 1477 1493 
1534 1408 938 1248 1325 1499 1485 1379 1316 1366 1402 1497 1338 1513 1289 1342 1314 1030 1282 1340 1392 1549 1146 1226 1646 1161 1420 1246 1186 1380 1266 1444 
1575 1391 1013 1265 1393 1522 1244 1363 1268 1461 1462 1287 1473 1396 1416 1362 1139 1139 1326 1460 1269 1389 1268 1277 1569 1334 1461 1290 1171 1391 1265 1476 
1528 1272 1025 1079 1283 1351 1355 1357 1218 1137 1341 1332 1416 1323 1355 1236 1226 1149 1223 1283 1300 1279 1192 1244 1519 1248 1244 1237 1052 1367 1247 1386 
1580 1174 995 1274 1227 1412 1264 1234 1162 1230 1415 1198 1375 1358 1365 1227 1124 1124 1230 1226 1296 1331 1176 1171 1578 1176 1433 1233 1115 1313 1214 1375 
1354 1134 705 1134 1165 1350 1087 1120 1110 1096 1346 1107 1234 1301 1259 1216 1067 865 1143 1008 1129 1114 1113 996 1422 1138 1214 1198 929 1279 1150 1189 
1558 1449 989 1207 1394 1408 1407 1393 1156 1293 1459 1320 1435 1350 1461 1413 1189 1078 1237 1331 1250 1365 1202 1342 1574 1314 1404 1330 1112 1365 1399 1270 
1701 1546 1165 1443 1546 1645 1573 1545 1479 1483 1646 1540 1606 1628 1628 1424 1332 1328 1469 1485 1568 1546 1376 1476 1783 1496 1502 1466 1439 1575 1536 1535 
1635 1459 1140 1272 1254 1448 1421 1303 1176 1252 1378 1252 1447 1348 1473 1459 1332 1183 1302 1362 1364 1420 1348 1321 1589 1375 1430 1338 1298 1333 1462 1495 
1504 1428 893 1129 1293 1429 1277 1172 1166 1158 1319 1365 1233 1320 1322 1261 1022 1084 1256 1288 1261 1347 1176 1104 1495 1244 1186 1241 1071 1371 1291 1271 
1565 1307 956 1341 1266 1515 1350 1227 1158 1235 1473 1297 1355 1372 1303 1397 1202 1045 1248 1283 1333 1363 1234 1144 1569 1320 1421 1261 1067 1354 1317 1455 
1688 1387 1044 1235 1316 1414 1333 1285 1283 1232 1336 1432 1361 1424 1404 1304 1201 1114 1275 1267 1535 1442 1281 1208 1604 1289 1337 1374 1302 1387 1287 1396 
1548 1232 1110 1138 1243 1294 1319 1289 1371 1165 1433 1421 1314 1479 1408 1191 1220 1088 1240 1308 1328 1330 1206 1208 1534 1116 1203 1220 1217 1311 1210 1346 
1396 1126 853 1135 1176 1295 1181 1094 1063 1193 1254 1151 1232 1118 1192 1183 1040 1080 1153 1257 1202 1160 1144 1122 1453 1111 1153 1163 1002 1158 1175 1208 
1536 1387 862 1166 1328 1464 1360 1287 1354 1295 1475 1340 1357 1389 1455 1347 1189 1143 1273 1243 1321 1381 1282 1217 1702 1295 1331 1380 1205 1339 1307 1302 
1854 1483 1168 1302 1496 1666 1580 1354 1324 1427 1517 1506 1442 1623 1590 1501 1423 1350 1524 1379 1521 1674 1402 1375 1719 1378 1565 1443 1335 1581 1545 1735 
1384 1313 971 1061 1193 1332 1161 1172 1245 1240 1355 1269 1216 1155 1196 1203 1133 1039 1243 1239 1143 1343 1105 1227 1418 1120 1258 1126 1091 1095 1230 1261 
1159 1116 847 961 945 1137 1200 1138 1080 1101 1226 1233 1234 1127 1105 1148 1200 887 1068 1087 1117 1221 964 975 1286 994 1081 1112 977 1133 967 1125 
1453 1396 980 1104 1261 1374 1292 1321 1135 1109 1394 1263 1280 1388 1387 1251 1107 1053 1146 1152 1239 1306 1217 1222 1470 1266 1131 1257 1164 1333 1359 1224 
1573 1267 873 1163 1116 1392 1238 1277 1073 1252 1265 1264 1239 1267 1346 1202 1147 1110 1192 1091 1381 1251 1280 1182 1467 1250 1421 1274 1058 1330 1257 1350 
1550 1331 940 1094 1349 1264 1295 1248 1086 1399 1385 1238 1422 1403 1290 1267 1188 1138 1288 1369 1320 1286 1265 1182 1575 1331 1287 1229 1099 1283 1381 1539 
1529 1369 958 1163 1353 1458 1263 1280 1274 1346 1455 1380 1318 1449 1465 1396 1290 1105 1313 1338 1411 1505 1162 1221 1451 1191 1427 1265 1223 1235 1234 1386 
1554 1184 856 1189 1179 1528 1293 1144 1165 1251 1347 1188 1260 1213 1184 1280 1369 1091 1154 1139 1187 1528 1146 1108 1549 1236 1203 1323 1189 1322 1250 1305 
1751 1492 1017 1335 1447 1528 1449 1461 1343 1322 1538 1482 1508 1570 1565 1411 1270 1225 1451 1433 1342 1527 1347 1307 1707 1353 1526 1517 1313 1495 1402 1599 
1703 1353 982 1314 1532 1654 1444 1361 1312 1348 1579 1429 1474 1535 1608 1480 1391 1267 1448 1430 1451 1458 1348 1268 1682 1422 1500 1494 1249 1479 1423 1584 
1266 1257 855 1090 1168 1312 1184 1219 987 1153 1258 1271 1231 1152 1241 1264 1147 980 1128 1293 1224 1290 1018 1105 1344 1142 1230 1091 889 1129 1189 1144 
1671 1487 1055 1265 1363 1507 1327 1282 1211 1323 1494 1421 1417 1428 1325 1467 1220 1174 1254 1386 1527 1439 1285 1221 1654 1547 1411 1268 1306 1429 1411 1437 
1615 1381 978 1174 1442 1567 1293 1224 1249 1260 1323 1333 1357 1458 1280 1453 1314 1114 1462 1344 1393 1404 1224 1222 1474 1329 1369 1386 1200 1414 1347 1555 
1387 1222 900 1178 1225 1335 1321 1216 1129 1258 1342 1267 1428 1345 1234 1310 1198 1032 1250 1277 1418 1293 1256 1174 1585 1348 1280 1302 960 1276 1249 1303 
1482 1266 880 1076 1273 1411 1306 1209 1195 1292 1376 1217 1401 1335 1289 1258 1212 1034 1144 1292 1347 1358 1156 1150 1465 1269 1232 1226 1112 1298 1240 1180 
1631 1378 935 1244 1418 1495 1252 1371 1183 1343 1314 1363 1296 1398 1358 1365 1222 1105 1405 1237 1348 1332 1322 1287 1502 1345 1394 1355 1223 1419 1317 1521 
1635 1224 891 1215 1334 1443 1212 1124 1202 1253 1355 1234 1353 1419 1367 1235 1306 1040 1278 1160 1267 1401 1194 1182 1516 1139 1335 1255 1201 1308 1219 1529 
