5915 5792 5392 5476 5152 5588 6150 5812 5848 5837 5841 5724 5793 6001 5508 5710 5296 5397 5421 5868 5810 5611 5235 5414 5772 5771 5923 5892 5216 5867 5473 5780 
5635 5227 4808 4792 5066 5113 5774 5257 5289 5435 5315 5438 5685 5490 4894 5341 5127 4730 5142 5556 5566 5294 5023 5543 5488 5152 5478 5477 5289 5699 5093 5381 
5602 5154 4745 4939 4765 5181 5312 5222 4941 5222 5344 5063 5335 5435 4822 5294 4774 4506 5237 5345 5119 5328 4893 4981 5314 4946 5448 5128 4647 5285 4932 5439 
5681 4919 4847 4752 4871 4917 5712 5377 5253 5102 5108 5281 5354 5154 4888 5115 4899 4828 5082 5345 5247 5223 5210 5211 5307 5144 5218 5063 4941 5282 4956 5277 
5670 5058 5104 5201 4847 5045 5665 5100 5033 5094 5405 5250 5707 5439 4961 5264 4939 4882 4957 5399 5117 5238 5183 5112 5267 5115 5612 5252 4944 5450 5175 5288 
5237 4969 4482 4852 4649 4852 5198 5172 5097 4889 5097 4954 5305 5346 4966 5164 4784 4447 4752 5046 4958 5168 4851 4868 5217 4945 5125 5097 4626 5150 4872 4848 
5625 5366 4503 4650 4779 4788 5529 5193 4984 5123 5247 4941 5367 5434 4711 5186 4775 4467 4912 5236 4915 5116 4934 5266 5109 5264 5180 5114 4689 5320 4802 4803 
5909 5400 5086 5147 5096 5115 5941 5508 5420 5480 5420 5440 5564 5592 5236 5342 5281 4964 5275 5378 5513 5229 5017 5658 5551 5538 5651 5538 5257 5490 5186 5623 
5894 5373 4947 4830 4744 4983 5772 5178 5259 5393 5413 5291 5554 5403 5350 5427 5245 5126 5146 5467 5519 5189 4979 5356 5411 5466 5667 5198 5164 5546 5314 5366 
5668 5311 5017 5078 5065 5233 5722 5412 5295 5393 5265 5531 5489 5569 5094 5423 4831 4928 5371 5640 5389 5528 5133 5387 5400 5456 5290 5367 5053 5752 5326 5542 
5795 5173 4908 4980 4827 5156 5614 5241 5038 5151 5491 5160 5466 5388 4819 5412 4938 4714 5203 5541 5467 5293 5212 5104 5249 5431 5787 5227 4964 5637 5123 5367 
5684 5158 4779 4758 4741 4823 5455 5015 5147 5112 5058 5100 5317 5203 4638 5033 4818 4691 4888 5251 5274 5045 5002 5090 5233 5176 5356 5134 4922 5320 4799 5059 
5562 4830 5123 4877 4661 4776 5656 5266 5344 5224 5351 5332 5300 5554 4907 5091 5155 4726 4848 5556 5417 5186 4889 5128 5272 5207 5307 5245 5113 5216 4932 5186 
5585 5103 4980 5026 4786 5036 5660 4987 5230 5445 5196 5129 5432 5508 4735 5200 4886 4867 5101 5494 5237 4958 4942 5177 5322 5305 5309 5240 5237 5588 5159 5294 
5060 4710 4274 4167 4495 4569 4933 4703 4967 4753 4910 4744 5064 4909 4509 4913 4312 4487 4503 4818 5071 4719 4712 4730 4962 4736 5019 4881 4672 4948 4631 4798 
5643 5056 4973 4728 4906 5042 5804 5289 5306 5261 5133 5183 5303 5471 4828 5165 5076 4786 5154 5381 5339 5342 4902 4974 5116 5309 5557 5186 4819 5522 5154 5442 
5332 5094 5059 4756 4755 4750 5498 5069 5164 5131 5083 5171 5404 5123 4733 5307 4976 4867 5160 5310 5013 4959 4934 5148 4869 5141 5461 5154 4903 5127 5103 5226 
5165 4968 4823 4460 4375 4851 5413 4993 4982 4971 4982 5123 5096 4983 4622 4888 4641 4427 4819 5210 5048 5018 4652 5032 5132 5009 5026 5124 4695 5390 4570 5098 
5529 5057 4935 4699 4665 5029 5482 5196 5016 4894 5018 5205 5136 5269 4945 5102 5043 4357 4932 5064 5154 5093 4987 4990 5199 4958 5234 5230 4932 5281 4915 4865 
5758 5431 5131 4959 4857 5191 5976 5531 5459 5395 5139 5587 5527 5623 5327 5411 5218 4954 5316 5369 5478 5382 5324 5320 5530 5224 5587 5636 5217 5441 5300 5471 
5627 5053 4630 4676 4750 4579 5466 4976 4975 5308 5159 4968 5271 5296 4840 5052 4673 4626 4936 5083 5150 4933 5069 4979 5169 5120 5173 5057 4797 5168 5048 5463 
5614 4793 4394 4534 4596 4958 5328 4880 4959 5244 5139 5195 5225 5209 4802 5354 4739 4709 4916 5324 5179 5176 4948 4822 5014 5070 5436 4967 5006 5089 4614 4975 
5645 4908 4615 4993 4629 5147 5328 5200 5133 5146 5331 5065 5281 5381 4623 5195 4993 4698 4944 5119 5235 5451 5037 5034 5379 5130 5203 5260 4985 5445 4922 5450 
5522 5045 4546 4901 4677 4881 5657 5287 5165 4990 5088 5195 5489 5326 5007 5182 4535 4672 5156 5259 4999 5245 5222 5037 5274 5175 5287 5422 4977 5320 5120 5568 
5922 5530 5151 5351 5522 5618 6112 5663 5708 5684 5665 5790 5872 6061 5554 5708 5360 5095 5460 5804 5762 5792 5564 5679 5736 5731 5755 5831 5351 5953 5529 5759 
5494 4942 4610 4700 4828 4778 5262 5078 5004 5205 5079 4970 5253 5273 4602 5117 4740 4444 4884 5253 5149 4944 4856 5023 5223 4976 5392 5022 4801 5130 4721 4934 
5603 5221 5017 5068 4642 4927 5549 5130 4840 5245 5393 5120 5429 5492 4600 5347 4829 4639 4825 5490 5607 5448 5139 4965 5296 5426 5378 5043 5119 5397 5257 5276 
5558 5253 4815 4939 4952 5305 5642 5132 5162 5199 5253 5232 5431 5576 4824 5615 5001 4884 5300 5399 5226 5317 5176 5254 5328 5197 5523 5367 5021 5364 4984 5560 
5324 4989 4867 4756 4798 4888 5589 5245 4843 5222 4945 5168 5479 5469 4769 4996 4737 4536 5096 5194 5584 5286 5193 4869 5225 5201 5388 5379 4976 5467 5143 5292 
5635 5101 4934 4930 4930 4995 5495 5289 5160 5390 5323 5203 5577 5331 4940 5275 4968 4748 4868 5333 5536 5060 5106 5372 5395 5180 5503 5368 4985 5551 4962 5385 
5253 4907 4485 4694 4761 4838 5359 4774 4821 5400 5087 4980 5162 5356 4691 4958 4552 4531 4943 4962 4935 4839 5107 4992 5029 4923 5171 5131 4857 5356 4697 5071 
5202 4692 4540 4490 4895 4639 5059 4820 4865 5083 4875 4857 5059 5440 4875 4850 4878 4222 4808 4747 5046 4828 4758 4886 4962 4808 5057 5107 4873 5174 4572 5226 
