1184 1437 1414 1249 1357 1322 1200 1429 1312 1354 1241 1410 1336 1213 1445 1335 1243 1159 1142 1503 1158 1336 1306 1261 1264 1472 1228 1267 1320 1379 1214 1225 
1343 1400 1284 1261 1372 1418 1208 1382 1295 1233 1272 1526 1425 1314 1515 1151 1217 1113 1170 1352 1255 1174 1332 1227 1205 1402 1330 1404 1385 1278 1245 1209 
1246 1438 1288 1320 1261 1508 1323 1396 1340 1247 1295 1549 1434 1260 1440 1227 1238 1085 1149 1525 1194 1286 1445 1254 1141 1222 1231 1296 1294 1279 1304 1188 
1204 1355 1347 1254 1309 1341 1194 1297 1408 1184 1191 1463 1286 1369 1433 1099 1217 1050 1202 1367 1158 1210 1222 1213 1158 1175 1302 1118 1281 1283 1198 1286 
1535 1465 1558 1484 1613 1487 1529 1453 1545 1412 1494 1625 1691 1392 1662 1455 1458 1302 1147 1707 1438 1402 1530 1489 1449 1569 1456 1368 1467 1461 1383 1397 
1205 1329 1313 1158 1321 1372 1256 1211 1212 1181 1123 1422 1213 1208 1347 1361 1207 1071 1094 1295 1204 1202 1379 1157 1213 1199 1196 1152 1154 1259 1127 1287 
1383 1551 1363 1331 1419 1487 1365 1438 1291 1292 1423 1620 1453 1405 1493 1279 1342 1223 1242 1524 1320 1236 1476 1209 1454 1437 1314 1452 1394 1425 1334 1422 
1384 1478 1422 1403 1446 1450 1384 1500 1460 1403 1355 1600 1508 1433 1670 1436 1303 1133 1260 1594 1360 1386 1559 1387 1318 1506 1212 1445 1351 1444 1214 1386 
1506 1512 1451 1432 1447 1566 1275 1501 1364 1377 1320 1686 1393 1373 1598 1339 1270 1217 1232 1524 1303 1315 1527 1290 1289 1456 1462 1330 1445 1565 1345 1339 
1298 1344 1389 1316 1396 1298 1363 1327 1449 1254 1268 1489 1389 1396 1329 1241 1286 943 1153 1358 1289 1293 1442 1227 1312 1355 1204 1199 1246 1345 1297 1236 
1389 1439 1388 1415 1391 1368 1365 1284 1412 1283 1302 1715 1389 1472 1546 1307 1237 1133 1197 1362 1341 1315 1483 1202 1320 1281 1320 1282 1270 1438 1272 1523 
1163 1153 1151 1168 1266 1251 1114 1242 1153 1046 1136 1336 1126 1094 1260 1155 1170 943 893 1242 1091 1247 1310 1038 1168 1058 1238 1101 1152 1174 1135 1023 
1393 1464 1408 1396 1418 1434 1382 1409 1424 1346 1382 1539 1374 1300 1572 1320 1352 1276 1261 1492 1264 1379 1456 1292 1319 1502 1345 1313 1279 1410 1291 1419 
1065 1175 1220 1197 1214 1264 1256 1149 1158 949 1207 1248 1105 1219 1174 1026 1110 963 1035 1296 1047 1251 1292 1137 1172 1162 1115 930 1156 1184 1071 1114 
1403 1445 1449 1312 1443 1545 1412 1412 1495 1277 1343 1706 1404 1402 1622 1325 1354 1208 1241 1474 1434 1292 1630 1375 1283 1420 1391 1272 1505 1425 1333 1402 
1193 1310 1121 1195 1223 1172 1029 1178 1134 1085 1167 1214 1120 1203 1111 1031 1122 946 998 1282 1014 1177 1281 1094 1156 1099 1159 1056 1051 1207 1111 1119 
1013 1139 1256 1100 1101 1193 1055 1071 1140 990 1125 1256 1122 1042 1155 1067 1090 891 982 1191 1078 1115 1227 1117 1018 1208 1021 1069 1137 1211 1128 1096 
1391 1527 1355 1414 1458 1468 1344 1439 1349 1327 1343 1649 1466 1389 1536 1285 1449 1101 1316 1545 1264 1365 1511 1236 1346 1320 1406 1303 1459 1468 1336 1364 
1345 1479 1387 1365 1424 1434 1375 1375 1348 1311 1390 1579 1301 1407 1315 1452 1467 1298 1195 1518 1244 1356 1531 1381 1346 1463 1338 1261 1182 1331 1401 1354 
1211 1155 1125 1098 1068 1184 1202 1139 1180 1200 1181 1300 1283 1225 1300 1183 1233 1057 1052 1300 1196 1090 1254 1170 1238 1204 1266 1078 1103 1296 1218 1180 
1444 1583 1428 1492 1552 1562 1446 1461 1464 1344 1463 1627 1366 1553 1539 1353 1242 1144 1309 1533 1377 1296 1567 1351 1390 1461 1394 1262 1368 1426 1373 1382 
1176 1277 1204 1166 1409 1416 1117 1309 1267 1224 1235 1437 1328 1314 1365 1192 1301 1156 1004 1405 1210 1255 1294 1240 1215 1292 1250 1230 1293 1263 1211 1188 
1321 1397 1185 1254 1398 1404 1153 1256 1202 1263 1262 1520 1351 1206 1312 1333 1348 1088 1167 1329 1238 1163 1320 1286 1112 1357 1254 1282 1366 1210 1292 1292 
1203 1301 1205 1316 1220 1289 1080 1342 1184 1127 1164 1341 1213 1237 1318 1177 1209 1132 1005 1410 1091 1186 1265 1151 1128 1220 1154 1218 1106 1187 1112 1131 
1126 1338 1273 1089 1234 1279 1106 1034 1098 1134 1052 1440 1261 1176 1286 1143 1018 1075 1095 1352 1124 1073 1311 1160 1017 1201 1223 935 1098 1129 1007 1102 
1047 1248 1203 1114 1172 1249 1142 1081 1133 1084 1095 1420 1202 1108 1189 1013 1058 1003 987 1260 928 1120 1289 989 1091 1083 1145 933 1062 1145 1128 1032 
1367 1432 1361 1304 1394 1330 1274 1445 1453 1358 1143 1509 1408 1271 1500 1304 1337 1115 1082 1512 1183 1343 1342 1160 1329 1382 1400 1385 1196 1239 1257 1116 
1324 1501 1524 1249 1326 1376 1316 1456 1542 1458 1148 1591 1408 1284 1350 1370 1329 1167 1292 1383 1377 1486 1395 1309 1239 1445 1374 1120 1193 1347 1344 1249 
1358 1483 1400 1297 1308 1270 1304 1438 1387 1294 1201 1496 1402 1266 1520 1340 1312 1135 1262 1428 1205 1292 1260 1225 1232 1462 1257 1319 1227 1321 1261 1361 
1359 1325 1273 1323 1292 1334 1277 1237 1314 1138 1295 1554 1298 1305 1383 1222 1262 1056 1156 1241 1350 1230 1393 1194 1409 1395 1319 1291 1236 1463 1361 1285 
1435 1534 1513 1327 1496 1630 1501 1383 1667 1308 1365 1765 1564 1453 1624 1455 1447 1269 1181 1595 1393 1423 1634 1485 1432 1451 1517 1366 1531 1414 1408 1401 
1357 1421 1524 1319 1447 1477 1338 1438 1507 1292 1266 1701 1460 1497 1606 1378 1354 1237 1225 1495 1347 1443 1564 1384 1393 1433 1404 1276 1411 1488 1361 1371 
