663 755 755 660 703 512 661 711 604 785 595 710 696 556 739 719 662 562 498 790 617 700 580 571 672 716 602 667 483 841 519 702 
684 588 574 577 568 476 657 593 531 582 531 634 595 554 691 564 629 538 442 594 586 586 524 471 559 612 643 581 456 710 500 668 
578 551 471 501 492 542 629 497 507 578 530 582 609 412 586 567 551 459 427 641 495 572 455 463 466 503 492 520 383 583 444 524 
632 597 642 585 561 389 569 526 647 590 527 603 545 510 625 568 661 422 504 566 509 613 439 536 489 479 617 514 348 675 518 621 
846 651 783 710 787 586 839 663 760 734 776 796 809 626 815 725 819 698 478 862 825 762 677 727 768 764 715 644 590 822 590 793 
704 551 595 560 608 505 631 531 513 562 551 694 472 515 592 675 610 566 500 576 587 586 585 481 580 566 518 542 385 685 503 642 
728 670 668 611 678 510 687 659 585 637 617 729 654 546 674 653 679 621 466 676 653 609 582 491 663 662 541 712 451 772 522 731 
754 810 809 781 771 645 809 755 777 840 718 827 764 631 884 817 783 637 641 844 694 790 646 689 668 747 675 786 515 906 619 819 
828 786 753 724 701 649 664 740 670 679 601 853 587 630 800 767 739 638 564 781 656 764 748 575 644 744 692 714 544 885 575 778 
731 600 596 657 674 433 701 538 624 602 616 682 584 612 543 592 709 370 492 541 641 644 564 497 624 566 575 537 402 727 599 639 
827 709 742 709 736 570 772 651 794 719 686 898 648 701 816 743 733 654 580 584 745 777 713 644 724 664 664 717 484 855 642 875 
726 608 573 615 659 513 659 587 604 526 594 749 540 560 667 645 673 519 373 615 592 698 663 477 668 512 662 585 494 711 556 622 
878 749 781 750 781 659 875 688 736 799 780 824 733 609 874 795 857 692 693 783 746 792 730 686 715 817 744 748 557 930 678 829 
537 448 484 502 598 408 594 387 421 440 575 528 444 477 513 445 599 399 404 477 447 552 495 485 497 444 450 396 355 581 406 509 
720 544 639 607 646 543 688 573 593 579 625 721 577 578 717 656 692 545 440 647 711 635 678 560 543 614 577 592 541 769 572 685 
610 630 567 550 598 399 547 546 501 564 564 544 501 485 528 504 640 427 428 558 461 623 499 493 583 516 595 467 386 675 451 601 
435 413 540 439 468 356 470 393 459 447 444 485 459 386 499 430 484 348 341 427 500 424 457 422 420 492 325 438 298 610 394 544 
803 686 645 709 739 524 731 684 626 692 653 810 649 584 679 699 852 533 549 699 603 725 632 524 659 632 705 644 507 855 632 683 
840 706 680 713 731 596 834 652 633 797 719 820 721 717 738 826 855 648 570 724 761 691 678 672 761 730 742 691 522 831 664 791 
796 638 595 572 537 507 741 585 602 714 609 702 749 655 724 733 790 645 511 653 723 618 607 649 711 701 701 639 483 769 584 772 
831 808 736 809 764 630 831 621 702 723 712 803 609 723 754 748 735 530 659 723 755 704 707 662 699 673 724 620 513 869 635 794 
632 485 519 536 577 494 593 576 557 532 612 698 626 526 633 587 740 550 331 627 584 632 532 561 584 559 597 604 463 687 517 595 
730 624 532 624 638 555 639 562 553 681 636 752 557 587 539 668 726 488 517 584 631 554 633 518 569 636 586 586 448 703 580 668 
770 711 685 740 674 602 682 702 650 714 655 796 657 577 712 748 776 584 519 847 673 715 630 619 665 671 662 646 479 792 536 650 
590 567 555 475 552 454 548 462 456 563 466 577 524 512 632 584 569 547 463 645 548 556 532 510 482 537 551 446 363 581 349 555 
547 499 447 447 539 398 470 479 427 542 444 604 475 430 436 438 519 407 352 486 442 558 458 348 465 468 441 417 313 576 442 466 
806 757 724 699 662 563 712 731 730 713 537 793 714 650 812 792 810 589 504 811 685 801 624 579 713 690 759 762 497 775 634 678 
782 728 653 632 631 502 709 645 721 796 590 816 736 684 668 710 668 541 590 645 769 730 589 578 650 650 678 587 413 801 651 746 
835 819 735 730 735 595 801 720 741 746 629 786 724 641 772 774 781 590 709 807 688 758 614 586 713 754 707 738 394 819 600 796 
740 587 661 609 666 529 734 536 616 580 594 802 610 630 692 636 712 542 525 524 761 648 640 549 701 708 616 659 482 862 671 729 
715 568 556 583 581 544 681 571 666 564 579 759 651 650 729 695 730 532 410 607 714 631 665 615 635 587 680 658 499 695 571 741 
798 662 723 668 732 552 692 659 679 675 585 912 700 708 757 721 773 602 555 673 727 741 674 583 728 659 757 689 496 880 629 791 
