2407 2796 2867 2661 2561 2772 2494 2521 2679 2490 2269 2762 2496 2402 2881 2536 2429 2284 2193 2713 2481 2598 2755 2516 2508 2685 2468 2524 2721 2712 2442 2336 
2509 2878 2771 2752 2678 2868 2570 2596 2686 2437 2491 2999 2615 2509 2987 2410 2502 2262 2220 2640 2526 2561 2714 2650 2553 2678 2603 2806 2896 2634 2630 2344 
2388 2509 2671 2585 2449 3028 2578 2461 2699 2428 2393 2789 2694 2433 2878 2404 2390 2170 2287 2731 2473 2597 2691 2668 2360 2444 2510 2540 2747 2544 2691 2309 
2605 2805 2859 2565 2810 2951 2644 2676 2795 2485 2425 2840 2666 2681 3104 2500 2599 2240 2359 2651 2549 2513 2752 2659 2386 2489 2697 2548 2936 2740 2706 2566 
2805 2767 3050 2788 2908 2937 2784 2674 2813 2722 2830 2947 3049 2616 3179 2624 2644 2366 2261 3090 2622 2830 2978 2899 2776 2858 2790 2651 2956 2760 2729 2597 
2476 2808 2908 2466 2810 3015 2640 2421 2723 2499 2419 2911 2509 2676 3045 2776 2519 2353 2329 2633 2597 2590 2845 2533 2601 2679 2633 2662 2778 2614 2671 2609 
2519 2869 2779 2836 2751 2921 2641 2708 2575 2508 2619 3110 2872 2513 3033 2546 2672 2461 2444 2702 2579 2511 2789 2638 2623 2719 2573 2810 2948 2724 2823 2548 
2559 2800 2820 2705 2674 2728 2677 2664 2566 2551 2594 2945 2693 2712 3069 2513 2546 2301 2207 2804 2539 2603 2991 2642 2412 2751 2323 2645 2821 2797 2600 2590 
2653 2874 2843 2774 2720 3040 2400 2727 2625 2590 2495 3111 2633 2606 3123 2596 2517 2338 2363 2704 2441 2590 2939 2641 2488 2706 2759 2516 2775 2866 2625 2480 
2531 2795 2828 2802 2789 2828 2716 2598 2875 2587 2358 2897 2751 2620 2898 2581 2667 2008 2343 2432 2721 2724 2902 2635 2598 2663 2460 2633 2843 2796 2759 2406 
2556 2562 2636 2696 2622 2714 2600 2422 2540 2425 2399 2824 2558 2559 2879 2493 2410 2187 2290 2380 2415 2582 2703 2422 2546 2349 2316 2513 2709 2670 2507 2620 
2416 2562 2499 2607 2597 2761 2396 2582 2537 2242 2445 2713 2499 2361 2856 2492 2529 2123 2233 2587 2423 2681 2725 2591 2503 2325 2517 2476 2788 2498 2678 2203 
2605 2980 2832 2884 2825 2975 2778 2720 2814 2474 2704 2810 2660 2723 3126 2619 2615 2434 2621 2772 2539 2792 2894 2801 2633 2842 2717 2715 2827 2773 2778 2706 
2277 2558 2775 2536 2682 2820 2610 2481 2556 2190 2477 2752 2424 2494 2718 2317 2467 2108 2184 2668 2302 2619 2754 2664 2529 2613 2548 2247 2625 2538 2567 2440 
2607 2843 2898 2601 2858 3056 2706 2766 2815 2609 2699 3010 2713 2782 3204 2688 2534 2363 2389 2730 2608 2680 3036 2770 2556 2775 2877 2653 3022 2735 2749 2531 
2456 2628 2512 2519 2479 2704 2204 2265 2517 2243 2407 2593 2381 2420 2617 2375 2328 2059 2200 2588 2273 2518 2800 2448 2291 2312 2438 2374 2565 2463 2506 2247 
2282 2669 2938 2543 2505 3013 2579 2385 2715 2361 2543 2729 2641 2494 2882 2628 2393 2343 2292 2560 2545 2638 2689 2639 2422 2746 2586 2567 2957 2919 2724 2422 
2514 2896 2713 2765 2716 3054 2653 2608 2752 2574 2532 3011 2740 2770 3043 2546 2636 2379 2470 2827 2467 2706 2968 2553 2543 2515 2689 2598 2942 2712 2662 2544 
2554 2945 2902 2911 2916 3013 2671 2689 2770 2483 2654 3216 2803 2659 3043 2884 2830 2586 2563 2844 2608 2822 2974 2884 2710 2904 2780 2779 2777 2727 2901 2796 
2435 2534 2506 2376 2385 2759 2443 2301 2434 2328 2410 2835 2429 2553 2820 2350 2463 2237 2214 2506 2444 2392 2669 2381 2354 2464 2405 2370 2555 2416 2520 2364 
2728 3153 3055 2994 2940 3175 2867 2711 2942 2661 2868 3169 2884 2853 3331 2805 2661 2497 2599 2941 2766 2834 3115 2889 2834 2974 2935 2802 3030 2877 2899 2774 
2382 2650 2689 2557 2765 3185 2509 2577 2720 2481 2575 2789 2711 2684 3021 2647 2633 2563 2308 2703 2596 2757 2822 2736 2408 2707 2630 2717 2997 2730 2642 2434 
2485 2693 2520 2397 2726 2763 2415 2264 2525 2491 2457 2775 2573 2392 2663 2581 2444 2237 2296 2517 2381 2461 2596 2540 2276 2555 2524 2521 2930 2489 2643 2396 
2359 2640 2555 2602 2547 2876 2375 2528 2509 2327 2281 2529 2369 2501 2812 2444 2386 2309 2107 2545 2380 2447 2566 2470 2418 2519 2526 2457 2600 2506 2431 2284 
2128 2615 2500 2189 2416 2680 2344 2037 2362 2262 2140 2583 2440 2315 2622 2312 2149 2195 2186 2451 2217 2282 2527 2394 2153 2433 2364 2151 2471 2241 2221 2234 
2149 2645 2611 2442 2360 2688 2513 2127 2378 2144 2445 2816 2403 2261 2532 2158 2323 2195 2053 2469 2082 2632 2665 2301 2358 2346 2340 2163 2473 2313 2354 2073 
2704 2891 3010 2745 2951 2995 2758 2839 2821 2717 2393 3024 2765 2702 3163 2726 2620 2378 2256 2895 2454 2770 2952 2651 2673 2834 2755 2849 2922 2732 2744 2323 
2388 2806 2906 2585 2523 2770 2481 2504 2762 2610 2292 2963 2732 2416 2919 2627 2530 2337 2371 2487 2625 2811 2805 2586 2398 2701 2676 2429 2657 2652 2623 2269 
2576 2828 2899 2695 2594 2877 2598 2678 2909 2554 2485 2959 2751 2536 3126 2780 2655 2413 2440 2606 2635 2758 2776 2570 2423 2735 2589 2722 2833 2584 2740 2531 
2342 2370 2610 2567 2414 2631 2267 2270 2435 2245 2384 2858 2503 2410 2699 2336 2350 2162 2305 2399 2408 2479 2727 2543 2459 2434 2567 2523 2520 2616 2487 2318 
2662 2715 2960 2542 2757 3117 2746 2597 3050 2429 2658 2995 2782 2601 3085 2739 2678 2467 2318 2824 2619 2694 3026 2690 2565 2679 2803 2705 2913 2527 2615 2478 
2613 2885 3061 2748 2803 3089 2694 2723 2920 2556 2624 3121 2788 2856 3188 2850 2775 2507 2489 2853 2790 2877 3132 2824 2819 2810 2760 2813 3065 2829 2839 2706 
