5187 5234 5531 5215 5237 5610 4762 5303 4995 4902 4823 5296 4787 5315 5249 4940 4953 4786 4773 5367 4876 4905 5211 4998 5213 5126 4925 5230 5143 5138 4870 5120 
5108 5231 5412 5014 5089 5407 4978 5125 4961 4923 4851 5353 4777 5205 5263 4783 4883 4673 4607 5114 4770 4814 5211 4941 5075 5054 4872 5514 5005 5010 4904 4991 
5304 5227 5652 5443 5283 6072 5209 5268 5543 5123 5213 5495 5159 5421 5423 5188 5238 4796 4877 5736 5124 5202 5435 5207 5179 5181 5246 5665 5434 5198 5221 5174 
5548 5528 5993 5328 5748 5949 5429 5569 5532 5155 5244 5625 5196 5685 5760 5457 5429 4926 4984 5521 5283 5284 5610 5307 5299 5166 5346 5420 5679 5405 5235 5624 
5871 5472 6043 5382 5873 6020 5600 5533 5364 5524 5527 5641 5718 5851 5712 5498 5527 5209 5181 6138 5146 5470 5768 5571 5683 5574 5495 5639 5496 5422 5440 5476 
5328 5654 5862 5261 5730 6120 5387 5353 5718 5384 5305 5557 5132 5900 5622 5428 5467 5131 5165 5540 5214 5210 5709 5394 5682 5431 5463 5953 5551 5296 5429 5475 
4996 5048 5223 5108 5023 5336 4977 5189 4805 4791 5077 5421 5117 5110 5149 5027 5020 4674 4856 5155 4787 4563 5110 4926 5208 5003 4801 5386 5203 4960 5044 4887 
5236 5301 5583 5335 5134 5517 5207 5259 4803 5030 5037 5417 5181 5373 5292 5054 5033 4772 4732 5446 4948 5067 5644 5046 5294 5242 4922 5414 5174 5141 5018 5284 
5406 5551 5493 5301 5368 5875 5036 5380 5175 5153 5257 5606 5091 5634 5465 5308 5210 4822 4951 5580 4935 4897 5626 5085 5294 5200 5380 5453 5258 5452 5158 5177 
5472 5517 5788 5397 5580 5811 5535 5452 5451 5363 5117 5663 5281 5472 5383 5328 5560 4493 5071 5138 5393 5276 5557 5320 5355 5274 5199 5616 5472 5207 5267 5296 
5307 5024 5453 5373 5326 5471 5133 5047 5082 5199 4969 5413 5115 5391 5221 4965 5083 4799 4970 5095 4958 4906 5248 4861 5321 5012 4693 5536 5242 5156 4841 5456 
5305 5525 5344 5318 5595 5726 5023 5328 5222 4937 5137 5400 5219 5606 5369 5278 5351 4894 4994 5371 4984 5070 5597 5200 5463 4871 5192 5615 5435 5134 5317 4952 
5736 5903 5913 5887 5885 6138 5643 5785 5615 5421 5661 5762 5454 6062 5667 5445 5537 5216 5438 5786 5091 5544 5728 5680 5835 5672 5389 5956 5530 5491 5502 5832 
5124 5264 5702 5134 5491 5646 5175 5381 5267 4947 5056 5363 4698 5557 5132 4868 5081 4915 4777 5448 4796 4956 5239 5461 5245 5175 4934 5176 5209 5031 5161 5426 
5223 5364 5647 5203 5431 5787 5154 5468 5331 5125 5359 5600 5319 5795 5562 5514 5069 4897 4868 5179 5046 5081 5837 5263 5285 5276 5260 5562 5602 5368 5010 5283 
5580 5340 5759 5261 5508 5852 4978 5216 5357 5120 5416 5475 5116 5596 5303 5244 5329 4877 5100 5561 4851 5157 5691 5138 5314 5200 5293 5632 5228 5272 5265 5116 
5082 5375 5800 5180 5430 5887 5162 5084 5341 5096 5270 5321 5205 5535 5391 5406 5345 5066 5010 5294 5053 5117 5308 5324 5540 5502 5232 5518 5631 5593 5500 5269 
5515 5464 5690 5383 5442 5944 5311 5458 5402 5327 5248 5663 5431 5592 5601 5295 5570 5110 5171 5644 5066 5104 5674 5122 5516 5424 5273 5781 5595 5283 5414 5386 
5312 5360 5682 5422 5529 5862 5227 5415 5419 5109 5177 5448 5186 5581 5492 5517 5493 5158 5054 5584 5023 5335 5447 5368 5292 5363 5342 5634 5230 5119 5380 5501 
4922 4958 5190 4796 4948 5376 4887 4876 4685 5000 4917 5101 4744 5389 5273 4910 4900 4681 4559 5149 4696 4706 4936 4821 5103 4797 4692 5182 4876 4915 4854 4967 
5450 5544 5805 5307 5586 5788 5395 5265 5264 5129 5386 5550 5056 5567 5605 5245 5249 4983 5031 5524 4926 5170 5586 5481 5668 5337 5456 5632 5350 5177 5185 5592 
5159 5108 5391 5039 5474 6043 5040 5257 5370 5083 5165 5346 5009 5625 5481 5105 5190 4884 4875 5403 4936 4868 5383 5240 5137 5319 5032 5484 5427 5060 5093 5002 
5144 5116 5082 4919 5268 5604 4895 4768 4951 4945 4938 5143 4822 5251 4981 5144 5219 4687 4775 5065 4644 4745 5143 4881 5059 5099 4949 5395 5322 4897 5052 5067 
4965 4942 5093 4999 5153 5613 4921 5098 4869 4879 4929 4958 4636 5374 5154 4997 5152 4784 4631 5143 4782 4741 5117 4816 5083 5029 5087 5332 4931 5012 4767 4772 
5120 5378 5469 4955 5242 5648 5177 4945 4888 5225 5017 5301 5021 5421 5372 5251 5130 4944 5032 5261 5065 4769 5435 5103 4979 5330 5060 5231 5158 4951 5039 5208 
5349 5280 5664 5200 5372 5624 5418 4995 5063 4992 5341 5631 5116 5632 5163 5111 5321 4914 4900 5394 4911 5178 5533 4941 5458 5268 5070 5470 5311 4983 4994 4787 
5779 5533 6031 5597 5813 5967 5608 5497 5588 5482 5318 5737 5289 5772 5785 5642 5613 5175 4938 5741 5000 5284 5827 5293 5624 5577 5463 6081 5663 5319 5417 5131 
5096 5395 5625 5200 5234 5478 5035 5238 5333 5204 4889 5546 5135 5284 5316 5314 5142 4773 4886 5125 5096 5083 5614 5240 5199 5140 4939 5285 5209 5255 5134 4953 
5447 5490 5810 5220 5375 5731 5313 5225 5645 5138 5172 5425 5263 5572 6001 5464 5498 5054 4960 5306 5021 5157 5559 5152 5316 5337 5129 5829 5361 5084 5354 5330 
5385 5146 5704 5308 5289 5527 5191 5177 5124 5024 5042 5498 4930 5524 5524 5150 5305 4782 4856 5366 4966 5143 5526 5115 5274 5083 5273 5611 5151 5317 5106 5308 
5580 5338 5860 5282 5700 5968 5524 5339 5675 5079 5397 5672 5336 5631 5576 5388 5343 4967 5087 5617 5059 5144 5842 5262 5415 5388 5349 5590 5381 5130 5101 5313 
5696 5869 6153 5616 5986 6086 5424 5748 5884 5628 5521 5905 5536 6050 5894 5797 5705 5408 5307 5932 5576 5468 6039 5725 6027 5770 5448 6037 5758 5798 5717 5775 
