1884 2121 2085 2053 1978 1981 1811 2008 2060 1885 1788 2174 1906 1765 2214 1938 1939 1704 1735 2063 1885 1991 2047 1880 1913 1997 1889 2007 1978 2014 1811 1798 
1985 2110 1933 2025 2133 2099 1868 1975 1997 1726 1869 2283 1981 1841 2296 1748 1880 1661 1739 1905 1952 1827 1959 1942 1852 1874 2032 2165 2108 1955 1857 1754 
1917 1997 1957 2007 1926 2256 2025 1965 2047 1846 1833 2190 2026 1828 2137 1838 1832 1635 1739 2098 1846 1942 2083 1991 1755 1805 1900 2115 1998 1928 1884 1769 
1991 2055 2097 1975 2083 2136 2002 2036 2243 1880 1866 2202 2047 1968 2330 1804 1982 1666 1785 1999 1870 1898 2034 1964 1804 1759 2082 1919 2104 2057 1908 1906 
2262 2082 2283 2127 2287 2176 2100 2034 2221 1982 2165 2354 2275 1953 2420 1990 2081 1745 1676 2364 1991 2111 2300 2233 2097 2158 2160 2118 2102 2081 1934 2029 
1854 1947 1992 1728 2080 2075 1852 1740 1876 1733 1721 2145 1784 1786 2102 1940 1818 1646 1624 1864 1788 1770 1995 1781 1904 1839 1878 1943 1848 1791 1779 1917 
2119 2353 2212 2255 2263 2300 2207 2161 2141 1952 2150 2541 2283 2076 2389 2038 2146 2008 1962 2176 2154 1986 2299 2069 2178 2178 2076 2394 2273 2267 2137 2108 
1943 2073 2106 2063 2017 1969 1958 2045 2060 1910 1904 2346 2094 1970 2333 1890 1936 1621 1701 2076 1926 1943 2268 1950 1824 2054 1777 2044 1907 2075 1781 1970 
2048 2066 2004 2089 1997 2135 1770 2030 1983 1877 1835 2377 1918 1882 2241 1906 1875 1725 1739 1989 1813 1887 2172 1920 1878 1909 2041 1928 1980 2129 1812 1894 
1963 2006 2096 2148 2087 2060 2040 2004 2203 1860 1838 2266 2052 1997 2117 1910 2019 1490 1779 1837 2075 2024 2148 1962 1979 1962 1867 2041 2015 2094 1981 1890 
2150 2086 2071 2191 2166 2163 2050 2011 2166 1894 1984 2416 2000 2054 2383 1991 1956 1727 1898 1905 2022 2056 2229 1956 1987 1815 1965 2080 2066 2134 1882 2175 
1824 1829 1735 1929 1968 1923 1709 1888 1878 1590 1709 1997 1765 1601 2011 1806 1863 1476 1551 1830 1752 1885 2026 1853 1829 1576 1899 1923 1882 1852 1817 1586 
2026 2200 2018 2219 2138 2122 2104 2042 2149 1866 2040 2161 2003 1930 2349 1972 2032 1828 1966 2084 1944 2033 2138 2021 1984 2054 2044 2149 1967 2059 1982 2112 
1674 1772 1861 1884 1930 1913 1909 1795 1817 1478 1829 2003 1615 1819 1908 1626 1777 1482 1568 1891 1633 1871 1943 1799 1797 1772 1754 1645 1811 1734 1722 1723 
2070 2104 2131 1954 2204 2252 2064 2080 2176 1924 2039 2448 2081 2080 2384 2022 1953 1745 1774 2049 1958 1954 2291 2139 1929 2036 2180 2051 2202 2058 2049 2032 
1936 1913 1833 1928 1866 1895 1647 1741 1876 1649 1841 1910 1770 1777 1918 1734 1730 1494 1638 1938 1652 1839 2084 1777 1738 1658 1806 1898 1788 1847 1770 1676 
1747 1880 2012 1880 1890 2063 1862 1707 1953 1677 1823 2044 1926 1704 2069 1892 1772 1629 1730 1798 1839 1906 1924 1856 1751 1890 1798 2008 2081 2015 1925 1782 
2036 2233 1994 2156 2172 2176 2059 2027 1962 1889 1944 2344 2032 2080 2286 1890 2055 1748 1908 2139 1926 1973 2297 1858 1980 1847 2039 2090 2150 2086 1945 1913 
2039 2181 2158 2262 2277 2240 2093 2047 2185 1924 2121 2497 2125 2084 2272 2242 2263 2052 1946 2202 1944 2171 2329 2249 2074 2218 2133 2244 2019 2124 2214 2200 
1884 1833 1830 1847 1809 1968 1921 1745 1853 1728 1834 2125 1866 1875 2138 1779 1970 1719 1635 1875 1870 1725 1977 1783 1877 1823 1916 1897 1806 1901 1848 1839 
2142 2321 2197 2336 2292 2323 2130 2061 2238 1866 2105 2442 2051 2162 2394 2044 1941 1781 1999 2181 2112 1978 2354 2096 2126 2173 2121 2217 2164 2087 2053 2101 
1867 1901 1865 1959 2107 2265 1924 1959 2031 1779 1859 2112 2036 1889 2221 1875 2043 1839 1678 2026 1919 1992 2041 2026 1816 1933 1878 2160 2104 1998 1867 1813 
1948 2010 1863 1955 2188 2038 1771 1833 1934 1829 1864 2261 1989 1713 2078 2039 1947 1665 1813 1901 1849 1784 1906 1970 1736 1930 1972 2019 2187 1851 2035 1840 
1885 2002 1825 2009 2007 2114 1799 1979 1897 1713 1768 2023 1785 1891 2134 1787 1923 1708 1620 1969 1772 1823 1917 1839 1787 1768 1882 1986 1854 1803 1822 1777 
1611 1896 1732 1579 1784 1876 1645 1474 1677 1506 1501 1990 1701 1673 1930 1642 1520 1545 1558 1817 1622 1558 1859 1655 1502 1710 1707 1564 1645 1571 1478 1580 
1659 1917 1922 1911 1882 1963 1881 1640 1752 1517 1731 2180 1755 1629 1979 1569 1699 1596 1523 1823 1588 1863 1980 1632 1712 1662 1796 1685 1748 1775 1664 1565 
2068 2067 2052 2006 2179 2106 2004 2123 2166 1991 1760 2289 2048 1911 2281 1996 2005 1757 1679 2105 1754 2008 2067 1907 1959 1980 2117 2182 1958 1941 1878 1704 
2001 2220 2297 2088 2060 2172 1994 2054 2262 2064 1767 2478 2186 1920 2241 2041 2074 1855 1924 1981 2088 2249 2234 2026 1915 2071 2131 1985 2007 2107 2056 1902 
2031 2083 2138 2035 1941 2030 1999 2045 2181 1875 1800 2198 2118 1789 2342 2064 1999 1737 1848 1913 1935 1995 1974 1848 1819 2035 1906 2089 2013 1973 1915 1896 
1959 1842 1956 2084 1945 1958 1791 1781 1898 1709 1819 2288 1958 1832 2025 1800 1868 1656 1789 1836 1906 1879 2138 1974 2029 1862 1981 2099 1906 2140 1861 1866 
2131 2057 2226 2014 2139 2296 2200 2027 2422 1810 2023 2376 2219 1940 2377 2152 2084 1885 1735 2169 2075 2031 2312 2062 2025 2005 2129 2208 2197 1929 1974 1941 
2109 2226 2276 2235 2212 2311 2030 2139 2306 1902 1959 2520 2158 2174 2473 2154 2186 1928 1997 2125 2182 2200 2378 2177 2250 2070 2187 2267 2259 2154 2112 2090 
