3228 3584 3885 3468 3342 3680 3256 3376 3424 3237 3097 3452 3146 3281 3569 3403 3342 3090 2910 3444 3091 3351 3518 3272 3388 3440 3295 3399 3452 3334 3249 3114 
3109 3429 3533 3300 3236 3402 3146 3123 3266 3066 3173 3464 3060 3111 3453 3012 3171 2852 2727 3164 3001 3104 3268 3084 3128 3210 3200 3467 3417 3132 3154 2834 
2999 3215 3606 3299 3196 3774 3229 3194 3465 3141 3170 3384 3318 3136 3476 3145 3155 2858 2888 3474 3031 3328 3314 3223 3102 3051 3270 3322 3447 3192 3247 2961 
3305 3519 3802 3263 3558 3716 3389 3452 3534 3146 3277 3468 3239 3469 3760 3250 3406 3020 2980 3327 3068 3314 3473 3139 3081 3109 3422 3265 3654 3327 3279 3247 
3530 3433 3987 3437 3670 3628 3541 3318 3391 3513 3559 3630 3657 3478 3753 3384 3504 3104 3028 3847 3152 3523 3665 3433 3561 3543 3514 3331 3533 3380 3356 3209 
3081 3456 3703 3105 3521 3600 3246 3072 3329 3163 3086 3458 3007 3344 3562 3385 3206 3062 2978 3275 3126 3225 3393 3146 3302 3321 3363 3432 3391 3188 3279 3197 
3222 3552 3682 3586 3435 3626 3399 3479 3195 3239 3450 3717 3589 3258 3650 3368 3514 3136 3219 3460 3252 3157 3574 3259 3397 3408 3380 3674 3650 3353 3504 3140 
3171 3396 3495 3282 3231 3322 3195 3277 3011 3060 3214 3382 3202 3360 3551 3205 3187 2945 2807 3334 2985 3221 3548 3155 3061 3282 3009 3297 3321 3254 3116 3061 
3361 3689 3858 3523 3566 3847 3223 3473 3367 3426 3422 3859 3328 3518 3837 3437 3383 3121 3102 3541 3097 3317 3763 3277 3338 3409 3626 3374 3545 3512 3330 3222 
3272 3556 3838 3524 3540 3723 3461 3408 3639 3336 3209 3556 3366 3474 3549 3359 3577 2762 3005 3221 3367 3468 3627 3311 3411 3413 3244 3459 3623 3385 3508 3163 
3327 3259 3710 3517 3463 3539 3334 3174 3338 3276 3272 3499 3237 3429 3534 3235 3314 3049 3028 3217 3076 3387 3329 3059 3417 3084 3143 3385 3335 3360 3216 3332 
3176 3388 3497 3344 3432 3552 3133 3330 3249 2952 3301 3440 3182 3241 3564 3305 3373 2965 2927 3379 3101 3436 3517 3222 3282 2961 3394 3320 3515 3143 3378 2863 
3243 3641 3726 3538 3486 3717 3361 3412 3454 3084 3386 3346 3226 3505 3616 3304 3410 3051 3194 3448 3064 3480 3515 3358 3465 3493 3412 3421 3362 3279 3376 3318 
2882 3134 3504 3089 3232 3407 3068 3048 3178 2673 3036 3230 2737 3083 3223 2732 3052 2776 2624 3188 2758 3181 3214 3164 3022 3094 3065 2806 3102 2977 3151 2927 
3276 3578 3832 3266 3536 3834 3437 3533 3471 3215 3476 3702 3381 3647 3837 3545 3295 3065 3020 3414 3168 3354 3810 3361 3273 3315 3583 3367 3722 3315 3327 3171 
3264 3427 3611 3283 3389 3575 3035 3099 3324 3124 3357 3356 3068 3308 3333 3168 3273 2903 3006 3464 2949 3365 3592 3066 3142 3140 3337 3314 3340 3082 3297 3005 
3016 3445 3784 3231 3219 3725 3209 3033 3408 3025 3332 3355 3274 3263 3450 3346 3151 3066 2991 3290 3107 3392 3290 3260 3253 3445 3363 3367 3588 3587 3350 3100 
3239 3549 3501 3344 3373 3662 3267 3340 3286 3160 3195 3539 3312 3365 3576 3239 3416 3035 3174 3430 2979 3343 3565 3087 3229 3207 3440 3359 3563 3244 3300 3138 
3375 3730 3897 3734 3743 3852 3451 3530 3570 3279 3579 3908 3468 3504 3755 3671 3714 3462 3331 3605 3280 3605 3767 3571 3516 3625 3662 3724 3532 3391 3692 3535 
3063 3125 3311 3020 2986 3401 3021 2910 2969 2965 3104 3350 2928 3265 3406 2935 3128 2879 2750 3117 2979 3038 3189 2853 2966 2993 3061 2997 3024 2917 3041 2894 
3400 3832 3852 3645 3651 3857 3520 3415 3524 3274 3623 3754 3415 3558 3895 3481 3423 3192 3240 3542 3216 3528 3782 3451 3592 3646 3701 3558 3613 3432 3493 3485 
3075 3400 3599 3208 3477 3949 3184 3214 3451 3171 3368 3342 3273 3505 3632 3325 3430 3239 2895 3463 3164 3432 3520 3290 3186 3314 3363 3425 3601 3294 3349 3075 
3145 3334 3335 3067 3396 3501 2979 2936 3209 3129 3172 3299 3103 3128 3169 3212 3224 2969 2911 3195 2878 3165 3152 3120 3049 3171 3207 3246 3505 3042 3278 3077 
3051 3302 3457 3283 3350 3575 3126 3132 3124 3144 3080 3159 3017 3296 3404 3153 3225 3071 2849 3377 2946 3112 3217 3044 3223 3163 3335 3242 3217 3147 3107 2916 
2820 3281 3410 2885 3073 3448 3067 2765 3011 3028 2921 3138 3021 3105 3240 3043 2955 2820 2827 3199 2836 2932 3183 2987 2859 3068 3076 2891 3127 2731 2973 2841 
2787 3340 3463 3102 3033 3392 3249 2775 3007 2837 3208 3512 3082 3034 3142 2889 3143 2842 2714 3221 2690 3319 3321 2775 3123 2991 3112 2918 3177 2890 2851 2564 
3480 3588 3920 3514 3684 3747 3562 3582 3513 3446 3281 3697 3430 3471 3798 3509 3461 3093 3008 3646 3037 3530 3701 3235 3443 3567 3580 3723 3610 3367 3378 2929 
2988 3346 3733 3290 3207 3456 3148 3223 3391 3254 3031 3423 3250 3172 3446 3317 3210 3004 2943 3066 3165 3438 3457 3174 3089 3229 3336 3153 3253 3139 3259 2836 
3209 3490 3791 3331 3263 3530 3315 3355 3496 3147 3211 3564 3341 3231 3813 3493 3420 3123 2950 3209 3170 3413 3424 3038 3088 3281 3352 3514 3417 3111 3409 3128 
3066 3176 3569 3356 3212 3436 3073 3113 3117 2974 3235 3539 3174 3302 3457 3129 3238 2940 3003 3164 3027 3233 3501 3100 3245 3073 3431 3276 3255 3210 3235 3062 
3330 3394 3838 3218 3451 3733 3444 3305 3620 3066 3371 3594 3371 3373 3665 3434 3379 3107 3048 3493 3093 3321 3704 3195 3293 3315 3472 3334 3433 3073 3248 3112 
3469 3794 4085 3575 3625 3887 3447 3531 3840 3447 3560 3808 3487 3813 3913 3684 3690 3343 3359 3674 3476 3719 3897 3557 3758 3637 3666 3727 3783 3599 3635 3489 
