4410 4614 4898 4628 4522 4961 4251 4600 4307 4367 4131 4645 4229 4651 4558 4335 4256 4160 4173 4730 4247 4326 4452 4527 4593 4477 4202 4563 4420 4339 4356 4422 
4392 4515 4783 4560 4416 4806 4369 4423 4322 4377 4242 4753 4231 4504 4510 4158 4242 3964 3981 4563 4210 4210 4371 4364 4474 4425 4239 4811 4384 4242 4298 4258 
4562 4535 5025 4879 4557 5449 4604 4662 4905 4631 4552 4834 4663 4736 4703 4598 4574 4117 4327 5177 4532 4578 4746 4704 4556 4482 4569 4930 4742 4571 4582 4516 
4763 4743 5289 4650 5050 5177 4809 4863 4744 4529 4439 4945 4555 4954 4904 4706 4621 4196 4398 4817 4598 4597 4774 4687 4607 4456 4546 4665 4881 4584 4583 4901 
4953 4712 5296 4758 5046 5172 4964 4801 4563 4831 4749 4990 5025 5048 4920 4759 4630 4402 4459 5322 4535 4722 4862 4919 4985 4790 4703 4838 4692 4566 4686 4715 
4434 4769 5053 4585 4902 5289 4607 4580 4787 4641 4412 4866 4415 5007 4714 4559 4548 4281 4449 4745 4541 4434 4758 4735 4901 4692 4550 5080 4673 4331 4703 4706 
4521 4485 4762 4709 4540 4793 4528 4738 4193 4355 4547 5041 4671 4601 4603 4533 4458 4185 4445 4665 4423 4145 4582 4498 4680 4531 4334 4896 4616 4374 4559 4414 
4421 4577 4828 4745 4451 4754 4576 4530 4045 4374 4324 4651 4594 4740 4473 4433 4304 4139 4089 4826 4272 4405 4792 4516 4618 4532 4168 4667 4476 4339 4475 4465 
4617 4777 4897 4774 4681 5185 4374 4693 4373 4579 4484 5074 4403 4940 4755 4568 4398 4093 4335 4835 4367 4297 4813 4521 4575 4572 4617 4768 4502 4584 4487 4609 
4723 4818 5199 4838 4841 5129 4853 4809 4718 4712 4493 4987 4694 4794 4668 4728 4789 3825 4409 4540 4806 4654 4772 4787 4768 4676 4426 4828 4747 4371 4710 4568 
4619 4464 4921 4856 4752 4877 4558 4518 4513 4641 4449 4865 4636 4827 4588 4400 4455 4241 4335 4612 4422 4460 4523 4359 4812 4388 4109 4924 4616 4519 4364 4864 
4618 4818 4825 4765 4882 5130 4425 4762 4608 4429 4529 4864 4602 4913 4736 4653 4603 4241 4408 4733 4471 4545 4872 4675 4789 4262 4530 4899 4798 4309 4707 4419 
4988 5194 5323 5332 5188 5542 5038 5152 4942 4883 5003 5157 4893 5451 4979 4842 4852 4555 4896 5193 4619 5049 5006 5095 5184 5081 4822 5274 4777 4758 4883 5142 
4332 4561 5052 4575 4769 5002 4599 4633 4548 4325 4370 4771 4136 4851 4522 4134 4266 4213 4123 4826 4204 4390 4416 4874 4565 4505 4258 4483 4435 4212 4500 4728 
4513 4647 5109 4638 4735 5151 4623 4761 4636 4557 4680 5001 4704 5057 4918 4836 4330 4209 4291 4576 4396 4525 4999 4697 4635 4566 4643 4906 4898 4536 4356 4674 
4685 4499 5008 4632 4670 5071 4286 4432 4515 4483 4643 4777 4383 4825 4481 4497 4492 4097 4412 4812 4239 4482 4744 4432 4543 4429 4500 4757 4439 4356 4523 4401 
4325 4694 5170 4638 4688 5203 4459 4324 4553 4450 4470 4765 4646 4785 4702 4656 4444 4350 4393 4605 4473 4506 4509 4661 4786 4707 4539 4804 4796 4675 4802 4623 
4599 4666 4970 4760 4574 5144 4608 4640 4479 4656 4497 4922 4666 4814 4786 4573 4734 4315 4492 4852 4370 4442 4803 4438 4688 4593 4567 4896 4707 4404 4640 4667 
4741 4883 5195 5010 4942 5342 4711 4864 4799 4611 4652 5078 4712 4894 4964 4942 4846 4558 4514 5028 4572 4795 4925 4946 4833 4813 4709 5049 4617 4450 4885 4981 
4307 4267 4712 4318 4282 4809 4350 4264 3959 4483 4329 4582 4189 4730 4676 4299 4224 4091 4027 4579 4208 4198 4259 4335 4449 4270 4045 4516 4169 4103 4301 4379 
4649 4837 5142 4744 4847 5094 4743 4489 4490 4516 4659 4939 4480 4899 4875 4575 4490 4282 4458 4793 4335 4480 4751 4861 4932 4720 4810 4781 4548 4343 4636 4875 
4451 4456 4802 4491 4796 5424 4417 4617 4640 4491 4617 4785 4435 5044 4787 4507 4595 4316 4281 4874 4443 4408 4643 4710 4564 4718 4365 4795 4721 4380 4596 4417 
4342 4394 4504 4387 4568 4877 4224 4108 4241 4311 4256 4563 4245 4548 4275 4417 4397 3995 4139 4429 4114 4152 4301 4370 4335 4467 4252 4634 4514 4095 4371 4441 
4201 4214 4546 4420 4419 4899 4239 4346 4150 4296 4181 4278 4172 4613 4319 4255 4386 4071 3989 4560 4076 4101 4291 4240 4506 4302 4321 4545 4166 4183 4217 4111 
4199 4554 4747 4298 4390 4854 4453 4084 4112 4534 4204 4510 4316 4531 4457 4454 4226 4057 4199 4506 4264 4071 4429 4387 4226 4438 4243 4407 4266 3943 4267 4346 
4321 4565 4907 4507 4482 4833 4705 4141 4249 4263 4500 4923 4454 4693 4341 4245 4387 4054 4145 4618 4097 4427 4580 4331 4672 4414 4171 4580 4454 4074 4206 4037 
4942 4779 5259 5005 5025 5123 4922 4781 4771 4844 4548 5003 4618 5063 4995 4870 4776 4417 4269 5067 4321 4632 4978 4699 4913 4839 4674 5305 4870 4518 4704 4433 
4387 4584 5002 4619 4518 4819 4419 4588 4582 4631 4196 4907 4529 4682 4585 4658 4442 4144 4286 4454 4516 4588 4714 4547 4451 4499 4330 4511 4436 4349 4582 4275 
4631 4734 5148 4679 4627 5001 4626 4527 4751 4467 4444 4819 4632 4810 5175 4803 4694 4339 4324 4626 4437 4477 4671 4528 4599 4576 4467 5042 4621 4233 4652 4646 
4467 4375 4931 4785 4410 4695 4430 4325 4211 4325 4278 4788 4288 4693 4627 4346 4459 4002 4094 4610 4284 4357 4588 4462 4534 4274 4386 4681 4342 4342 4430 4497 
4823 4574 5191 4661 4871 5257 4896 4611 4806 4463 4627 5022 4676 4930 4817 4727 4584 4295 4501 4939 4411 4528 5006 4627 4745 4656 4645 4874 4573 4267 4476 4627 
4850 5051 5469 5015 5137 5333 4759 4968 5003 4977 4736 5194 4846 5324 5077 5064 4896 4678 4645 5214 4894 4823 5075 5007 5304 4970 4704 5263 4990 4888 5037 5108 
