3675 4040 4335 3946 3958 4157 3706 3960 3719 3774 3551 4025 3673 3886 3962 3740 3717 3641 3479 3989 3647 3718 3826 3880 4022 3937 3723 3904 3911 3820 3830 3751 
3773 3956 4192 3828 3948 4012 3818 3811 3744 3735 3644 4198 3700 3801 3970 3553 3648 3460 3415 3801 3729 3578 3700 3782 3891 3811 3765 4136 3910 3780 3830 3638 
3695 3770 4389 3979 3946 4432 3983 3865 3992 3883 3700 4105 3990 3851 3958 3835 3773 3466 3563 4247 3820 3818 3903 4008 3915 3786 3901 4114 4096 3890 3933 3805 
3990 4140 4625 3920 4483 4340 4088 4137 4058 3898 3842 4293 3957 4190 4245 3931 3955 3741 3748 4039 3914 3834 4074 3970 3896 3808 4047 3967 4329 4085 4010 4158 
4279 4083 4769 4027 4478 4308 4361 4098 3937 4300 4185 4440 4379 4281 4293 4103 4001 3845 3797 4499 3913 4106 4191 4267 4384 4243 4147 4145 4137 4057 4090 4076 
3669 4083 4312 3662 4334 4260 3926 3885 3939 3902 3684 4174 3732 4179 4068 3835 3813 3695 3625 3935 3856 3702 3904 3912 4134 4057 3926 4192 4026 3799 4052 3988 
3851 4043 4249 4014 4055 4095 3929 4101 3602 3805 3918 4409 4212 3932 4051 3908 3869 3702 3862 4002 3893 3523 3955 3904 4170 3956 3855 4220 4170 3924 4143 3827 
3800 4050 4255 3952 4035 3986 3946 3964 3427 3780 3810 4185 3984 4121 4055 3892 3773 3653 3568 4080 3682 3710 4127 3972 4010 4000 3640 3989 3910 3923 3923 3891 
3964 4254 4411 4093 4223 4440 3874 4154 3870 4059 3992 4524 3934 4358 4285 3957 3820 3720 3711 4113 3799 3763 4220 3986 4108 4015 4174 4172 4063 4126 4062 4014 
3932 4197 4378 4011 4220 4262 4083 4079 3993 4020 3766 4257 4007 4073 4016 3928 3989 3347 3645 3806 4059 3906 3978 4024 4057 3975 3781 4054 4135 3895 4025 3904 
3907 3771 4257 4016 4141 4080 3904 3808 3836 3896 3774 4204 3943 4095 3977 3709 3848 3660 3668 3837 3789 3765 3811 3691 4186 3736 3603 4046 3963 3908 3874 4050 
3908 4149 4236 4018 4308 4261 3934 4130 3863 3770 3848 4229 4002 4102 4128 4006 3959 3694 3694 4002 3922 3907 4114 3954 4071 3697 3997 4163 4190 3819 4162 3708 
3981 4385 4500 4217 4406 4427 4179 4233 3982 3968 4111 4240 4042 4426 4203 4006 4030 3822 4023 4182 3860 4112 4009 4284 4390 4252 4106 4245 4010 4030 4191 4262 
3669 3891 4411 3787 4203 4225 3984 4015 3794 3673 3746 4148 3577 4040 3878 3456 3680 3664 3465 4067 3646 3769 3787 4108 3949 3955 3745 3761 3851 3761 3998 3900 
3831 4024 4399 3732 4126 4281 3952 4119 3874 3888 3955 4306 3992 4322 4269 4152 3702 3557 3590 3913 3750 3847 4260 4027 3943 3923 4036 4003 4314 3916 3858 3944 
3866 3935 4280 3889 4119 4207 3693 3761 3806 3883 3944 4102 3816 4077 3855 3762 3829 3587 3757 4098 3632 3825 4111 3786 3990 3849 3885 4028 3887 3826 3968 3795 
3663 4168 4524 3899 4119 4402 3863 3785 3858 3835 3897 4196 4105 4093 4066 3992 3747 3774 3704 3944 3825 3959 3829 3974 4169 4131 3943 4100 4188 4252 4190 3968 
3887 4111 4230 3911 4050 4280 3964 4135 3749 3945 3830 4262 4106 4101 4150 3850 3961 3724 3860 4138 3701 3846 4022 3690 4009 3954 3912 4136 4093 3949 3998 4013 
3964 4213 4524 4215 4403 4389 4046 4126 4009 3841 4025 4477 4022 4091 4244 4173 4132 3967 3843 4151 3869 4053 4174 4243 4179 4210 4111 4280 4052 3872 4256 4212 
3753 3715 4072 3628 3833 4063 3771 3657 3337 3819 3708 4073 3688 4092 4066 3630 3641 3596 3441 3850 3650 3612 3651 3666 3875 3671 3593 3836 3686 3639 3822 3744 
4114 4377 4638 4255 4467 4531 4340 4177 4009 4140 4261 4553 4119 4359 4446 4096 3973 3937 3998 4249 3899 4079 4293 4353 4501 4328 4316 4360 4181 4128 4198 4394 
3702 3903 4186 3729 4179 4610 3782 3973 3967 3820 3859 4069 3929 4272 4109 3812 3910 3809 3534 4150 3832 3819 3954 3984 4015 4008 3854 4095 4191 3915 4046 3828 
3618 3879 3844 3588 3988 4068 3560 3488 3630 3684 3619 3872 3716 3819 3628 3689 3691 3466 3476 3709 3424 3498 3565 3719 3678 3688 3690 3867 3936 3605 3801 3778 
3512 3738 4018 3730 3950 4096 3693 3726 3545 3760 3578 3735 3654 3996 3791 3606 3747 3606 3367 3905 3484 3502 3655 3680 4006 3743 3803 3870 3718 3721 3749 3563 
3651 3967 4148 3555 3960 4096 3924 3531 3532 3908 3581 3940 3773 3928 3852 3819 3496 3579 3611 3861 3664 3502 3758 3822 3735 3777 3667 3784 3772 3432 3795 3738 
3480 3988 4139 3700 3830 3966 4009 3453 3516 3585 3849 4176 3860 3903 3659 3538 3685 3521 3341 3884 3421 3726 3816 3563 3992 3730 3588 3770 3857 3596 3612 3365 
4171 4140 4639 4153 4427 4248 4268 4173 4014 4167 3841 4344 4013 4199 4294 4136 4033 3716 3625 4213 3674 3974 4188 3939 4206 4211 4029 4506 4222 3997 4068 3712 
3702 4083 4486 3934 4068 4059 3820 4008 3950 4066 3647 4261 4045 4020 4018 4049 3777 3715 3674 3775 3949 3980 4010 3939 3909 4010 3861 3925 3970 3905 4040 3759 
3755 4014 4359 3803 3903 4001 3956 3819 3882 3675 3677 4079 3953 3875 4326 3952 3943 3645 3495 3732 3719 3736 3850 3655 3846 3857 3769 4140 3917 3665 4043 3745 
3785 3769 4278 3975 3977 3907 3737 3682 3538 3700 3718 4159 3742 3973 4002 3703 3794 3511 3552 3815 3713 3661 3922 3834 3996 3681 3879 4034 3832 3845 3879 3929 
4016 3976 4515 3777 4251 4354 4213 3943 4091 3786 3884 4310 4043 4092 4187 4061 3895 3678 3749 4133 3756 3812 4222 3914 4055 3980 3995 4132 3997 3751 3893 3956 
4320 4544 4998 4392 4674 4618 4295 4370 4458 4395 4204 4718 4309 4724 4557 4474 4384 4177 4168 4522 4393 4302 4498 4483 4741 4460 4298 4622 4540 4398 4565 4491 
