510 542 658 557 631 674 681 701 646 562 550 686 462 658 732 692 603 738 648 784 792 615 676 625 614 716 614 671 580 740 773 666 
537 736 704 607 630 827 806 862 781 781 718 727 601 698 832 751 681 852 764 816 847 668 669 701 777 699 673 714 684 778 819 759 
581 739 790 687 712 823 895 896 890 824 766 777 658 846 794 859 779 890 848 971 879 767 816 709 671 726 698 783 766 866 935 849 
598 696 726 635 562 725 755 852 749 684 724 842 515 726 767 690 711 736 755 845 763 739 730 674 676 750 681 702 627 840 882 603 
586 610 752 700 732 791 773 771 722 724 675 758 599 797 770 761 632 869 831 932 913 656 804 777 713 794 788 775 704 870 869 900 
473 618 696 666 534 644 786 786 635 679 648 678 561 664 719 648 601 776 723 832 842 755 727 523 652 720 654 678 635 794 812 631 
552 767 685 709 683 838 883 830 793 799 700 815 646 847 767 779 768 805 849 932 893 761 869 708 755 805 592 727 730 793 948 747 
498 587 649 520 590 655 793 784 634 633 641 632 525 636 801 642 711 734 697 738 775 667 613 587 657 612 680 615 698 747 819 790 
587 651 742 646 668 845 792 798 749 713 625 815 517 788 729 718 697 795 788 861 866 649 776 694 709 701 651 665 668 807 836 731 
526 622 780 648 601 659 754 838 698 648 610 708 555 710 759 681 712 869 790 854 847 682 697 629 596 667 779 611 679 758 837 738 
567 617 663 620 559 642 811 717 623 657 687 678 538 730 757 655 635 620 643 776 724 678 653 575 625 710 654 659 649 775 755 710 
414 475 564 497 464 570 617 648 563 502 509 644 409 579 581 584 526 694 558 650 663 520 547 497 478 572 504 576 520 604 679 546 
572 527 624 590 558 602 713 717 571 588 625 691 448 627 677 593 592 654 637 709 743 612 638 582 535 677 647 671 618 783 770 674 
472 573 682 615 573 662 704 739 682 585 588 732 499 695 686 716 733 787 729 740 778 676 682 660 512 686 697 596 701 677 858 690 
628 751 768 748 659 857 850 903 833 801 737 786 614 775 875 806 756 887 823 924 909 800 797 722 761 865 766 779 738 869 938 813 
547 509 564 564 588 616 786 688 590 623 610 630 479 581 621 592 556 664 662 706 735 527 610 580 570 628 583 554 622 776 805 749 
480 631 705 510 662 724 804 776 693 624 532 716 564 716 694 745 658 754 658 759 785 652 698 634 662 670 595 679 670 719 825 704 
537 662 692 738 608 772 792 763 768 736 703 767 541 782 756 738 708 836 787 872 837 754 698 626 640 842 643 730 623 845 902 684 
588 508 650 649 633 629 795 788 654 555 597 632 507 698 682 672 593 659 648 808 809 634 760 649 640 667 695 686 660 820 790 802 
456 448 551 559 414 598 607 555 554 568 443 621 409 655 566 587 529 597 603 686 642 466 584 550 412 578 485 446 483 592 607 556 
575 667 704 666 567 731 808 846 673 693 721 750 520 746 852 719 721 786 758 825 868 701 720 764 709 717 759 724 704 798 874 800 
504 573 714 678 575 658 777 800 665 666 744 741 540 654 774 653 639 831 789 834 855 740 738 613 629 721 702 736 604 849 843 708 
475 631 693 665 638 717 728 662 701 635 617 769 544 714 588 649 479 754 807 809 754 674 747 657 673 794 575 805 624 790 813 626 
378 481 488 454 496 493 564 598 573 492 572 586 384 487 515 556 491 605 601 612 609 506 548 574 435 510 496 556 511 590 739 542 
497 625 700 666 479 643 753 683 657 564 615 629 539 706 716 604 603 666 645 717 695 651 597 566 612 686 702 659 565 707 726 734 
610 601 654 699 532 715 718 766 641 685 566 688 517 729 680 719 579 664 705 804 723 600 736 697 591 730 724 610 611 789 742 720 
520 569 660 490 595 566 652 802 574 628 582 652 495 537 669 626 588 829 661 695 768 510 603 569 535 604 659 652 611 662 745 684 
579 569 718 666 596 756 724 799 699 516 608 689 576 700 698 700 622 785 695 847 744 613 742 613 522 759 656 645 577 779 768 763 
402 565 629 563 580 682 589 581 628 518 510 599 451 681 617 627 538 680 679 775 648 620 642 643 535 624 557 647 529 641 712 621 
533 543 561 625 616 780 761 599 620 659 611 760 495 711 694 565 620 711 704 773 808 595 712 581 627 771 570 672 603 741 832 779 
654 828 943 757 750 910 921 1048 809 821 743 848 680 780 894 837 730 1000 928 979 944 847 894 781 842 847 891 843 748 980 982 857 
595 591 748 700 562 784 732 813 705 638 602 763 517 786 772 769 700 809 773 889 834 683 710 745 633 767 772 661 616 893 864 738 
