1057 981 1223 1179 1324 1289 1461 1192 1253 1051 1183 1280 1140 1218 1516 1241 1100 1455 1347 1367 1505 1263 1419 1276 1192 1381 1243 1195 1228 1373 1395 1342 
1083 1210 1371 1180 1254 1441 1485 1376 1400 1367 1284 1259 1189 1191 1593 1329 1124 1576 1386 1505 1553 1387 1345 1409 1287 1334 1344 1258 1289 1386 1435 1443 
1060 1299 1504 1359 1305 1501 1587 1396 1401 1362 1405 1408 1279 1499 1483 1367 1203 1635 1508 1595 1687 1378 1459 1396 1196 1339 1337 1412 1404 1426 1461 1458 
1270 1293 1466 1326 1281 1408 1662 1428 1346 1288 1478 1577 1224 1369 1630 1231 1348 1484 1514 1507 1592 1446 1531 1403 1222 1409 1488 1329 1299 1510 1498 1325 
1161 1077 1365 1295 1308 1399 1469 1331 1337 1169 1405 1417 1211 1367 1475 1380 1144 1554 1566 1492 1695 1236 1422 1469 1238 1467 1480 1278 1312 1511 1382 1568 
990 1148 1373 1310 1122 1313 1391 1254 1257 1129 1271 1215 1080 1206 1333 1201 1044 1510 1333 1469 1604 1365 1337 1227 1205 1379 1380 1192 1264 1345 1458 1242 
1275 1375 1535 1459 1450 1668 1752 1477 1473 1511 1485 1506 1327 1492 1740 1411 1332 1632 1619 1799 1741 1515 1717 1596 1481 1633 1466 1425 1488 1495 1730 1519 
1071 963 1180 1003 1171 1214 1544 1312 1193 1063 1258 1180 1055 1147 1499 1137 1159 1318 1333 1241 1375 1224 1295 1270 1214 1242 1380 1063 1251 1343 1398 1400 
1072 1066 1299 1153 1319 1391 1393 1231 1287 1138 1200 1322 1100 1217 1464 1309 1062 1387 1339 1403 1488 1180 1396 1310 1159 1346 1236 1143 1154 1331 1319 1366 
1094 1225 1487 1376 1209 1360 1552 1362 1304 1196 1297 1363 1207 1355 1487 1250 1152 1643 1495 1517 1652 1381 1370 1391 1083 1386 1522 1246 1378 1373 1518 1435 
1205 1161 1410 1381 1180 1359 1539 1222 1318 1189 1400 1360 1105 1314 1451 1242 1088 1351 1274 1542 1513 1404 1396 1402 1196 1448 1430 1311 1313 1516 1460 1395 
1004 1048 1216 1154 1122 1224 1335 1090 1113 1065 1135 1329 1042 1089 1336 1125 1048 1410 1224 1312 1435 1177 1182 1177 1016 1189 1164 1214 1173 1173 1250 1216 
1226 1120 1355 1259 1231 1340 1414 1289 1256 1163 1372 1420 1119 1192 1461 1213 1006 1320 1250 1383 1588 1251 1358 1289 1139 1333 1414 1351 1266 1448 1396 1247 
1107 1126 1365 1209 1227 1267 1349 1214 1320 1031 1232 1288 1064 1226 1362 1273 1130 1515 1332 1375 1501 1262 1309 1325 1067 1399 1375 1147 1281 1257 1456 1243 
1262 1316 1503 1335 1290 1579 1456 1421 1471 1304 1445 1379 1242 1349 1644 1479 1204 1584 1508 1650 1791 1432 1445 1442 1276 1564 1476 1362 1419 1446 1461 1447 
1121 1006 1218 1222 1208 1267 1509 1175 1143 1194 1268 1300 1115 1146 1397 1110 1117 1378 1407 1361 1532 1142 1244 1261 1198 1268 1246 1104 1291 1339 1409 1387 
1134 1265 1509 1348 1309 1592 1589 1401 1410 1272 1357 1417 1155 1340 1491 1425 1228 1528 1372 1509 1658 1378 1513 1379 1329 1415 1457 1353 1432 1451 1609 1423 
1109 1156 1327 1372 1315 1484 1492 1266 1369 1233 1355 1374 1124 1326 1505 1291 1251 1460 1385 1563 1554 1345 1475 1321 1296 1509 1394 1370 1280 1483 1518 1355 
1248 1165 1501 1469 1418 1498 1564 1416 1411 1171 1450 1371 1131 1322 1567 1477 1067 1500 1394 1595 1724 1345 1575 1563 1347 1543 1597 1410 1409 1586 1574 1544 
1042 1001 1290 1202 1072 1251 1361 1108 1271 1066 1155 1204 1024 1275 1251 1155 949 1398 1225 1410 1430 1189 1312 1322 1015 1308 1194 1031 1149 1247 1356 1221 
1203 1255 1484 1433 1267 1478 1596 1448 1388 1289 1455 1432 1204 1354 1720 1319 1197 1601 1465 1538 1754 1402 1462 1517 1380 1431 1527 1382 1455 1455 1585 1481 
1106 1167 1501 1453 1217 1398 1546 1353 1249 1247 1545 1440 1119 1293 1534 1196 1136 1600 1473 1570 1625 1407 1497 1410 1253 1455 1425 1378 1247 1546 1546 1328 
1065 1148 1351 1355 1262 1416 1374 1118 1306 1171 1207 1285 1077 1168 1303 1197 959 1408 1397 1512 1496 1315 1432 1307 1310 1442 1273 1413 1274 1364 1454 1234 
1005 1045 1177 1097 1088 1134 1265 1120 1253 1040 1292 1157 966 1079 1143 1136 900 1357 1222 1342 1421 1170 1226 1288 925 1238 1190 1097 1105 1218 1372 1104 
995 1045 1278 1149 954 1138 1340 1104 1218 973 1165 1029 991 1197 1260 1017 1000 1228 1024 1291 1254 1107 1151 1170 1033 1219 1194 1081 1075 1239 1301 1141 
1171 1077 1413 1321 1188 1398 1409 1366 1302 1176 1298 1270 1076 1256 1495 1300 948 1320 1359 1475 1466 1266 1519 1420 1220 1494 1440 1199 1199 1484 1361 1386 
1125 1112 1404 1157 1266 1248 1399 1335 1216 1158 1293 1222 1137 1104 1450 1184 1108 1536 1309 1437 1544 1197 1366 1294 1151 1295 1356 1261 1259 1296 1351 1396 
1193 1125 1367 1401 1270 1502 1587 1429 1384 1071 1441 1338 1233 1262 1500 1371 1195 1518 1459 1518 1573 1321 1545 1350 1166 1551 1425 1269 1292 1468 1444 1568 
1013 1080 1338 1271 1182 1380 1371 1097 1199 1077 1223 1187 1088 1281 1406 1130 1012 1404 1368 1459 1435 1280 1348 1399 1086 1358 1210 1202 1197 1240 1358 1250 
983 1034 1119 1264 1209 1419 1414 1128 1135 1171 1256 1381 1109 1161 1411 1160 1095 1347 1348 1313 1543 1167 1287 1235 1183 1392 1237 1297 1225 1275 1301 1539 
1234 1354 1649 1453 1359 1614 1581 1529 1386 1337 1447 1536 1296 1325 1671 1301 1204 1747 1607 1520 1737 1479 1517 1469 1445 1474 1599 1454 1386 1531 1560 1489 
1285 1169 1496 1519 1325 1605 1462 1367 1471 1200 1395 1459 1266 1403 1654 1493 1169 1704 1525 1668 1776 1456 1465 1592 1316 1627 1543 1313 1431 1605 1642 1493 
