4689 4336 5181 4800 5063 5400 5210 4964 4847 4924 5001 4899 5053 4871 5577 5017 4935 5034 4966 5462 5087 4598 5457 4615 5050 5019 4799 5050 4624 4808 5198 5024 
4829 4503 4866 4614 4806 5251 4849 4991 4886 4749 4740 4646 4907 4620 5881 4904 4735 4857 4880 5634 4922 4770 5076 4922 4968 4973 4771 4839 4548 4673 5001 4837 
4925 4934 5415 5065 4943 5620 5388 5166 4843 5286 5374 4995 5220 5002 5771 5204 5126 5383 5596 5693 5325 4949 5268 4948 5126 5193 5054 5297 4923 4860 5439 5488 
5050 4950 5381 5348 4955 5816 5365 5158 5105 5302 5394 5276 5030 5218 5990 5325 5364 5262 5725 5856 5197 5034 5517 5021 5182 5276 5450 5316 4970 5256 5410 5288 
5516 4801 5753 5563 5605 6130 5370 5416 5186 5321 5513 5397 5626 5158 6070 5420 5317 5517 5719 6216 5953 5129 5683 5256 5554 5780 5485 5403 5235 5486 5537 5669 
5157 5016 5397 5424 5407 5932 5229 5603 5297 5639 5442 5159 5297 5416 5767 5589 5350 5534 5522 6103 5810 5145 5568 5054 5421 5337 5352 5198 5081 5313 5660 5005 
4805 4775 4989 4816 4789 5521 5007 4709 4723 4892 4940 4724 4831 4765 5549 4944 4864 5093 4947 5513 5015 4702 5135 4607 5186 5089 4692 4904 4894 4735 4995 4834 
5017 4635 5271 4719 4989 5578 5324 5139 4966 5190 5244 5067 5171 5140 5710 4857 4967 4932 5221 5831 5044 4701 5035 5065 5253 5114 5259 4889 4881 4946 5189 5484 
5063 4869 5295 5034 5405 5805 5012 4951 4978 5204 5203 4980 5119 5125 5673 5477 5164 5254 5162 5693 5262 4708 5455 4950 5277 5231 4999 5274 4891 5156 5120 5263 
5105 5107 5241 5140 5334 5729 5270 5117 4890 5349 5201 4991 4985 5098 5786 5192 5286 5420 5361 5898 5492 4858 5537 4859 5223 5232 5426 5258 5037 4970 5165 5305 
4911 4754 5211 5376 4872 5482 5053 5113 4682 5110 5071 5134 4944 4977 5663 5191 5126 5021 5115 5847 5155 4983 5314 4695 5049 5148 5355 5223 4837 5062 5159 5087 
4972 4790 5094 5148 5329 5730 5101 5159 4632 5353 5212 5102 5080 4927 5562 5145 5169 5221 5321 5686 5468 4868 5343 4922 5058 5203 4961 5246 5022 4906 5370 5132 
5346 5291 5817 5540 5530 6151 5571 5393 5296 5472 5727 5630 5657 5272 6406 5373 5396 5299 5570 6363 5838 5344 5669 5059 5635 5673 5586 5730 5215 5531 5587 5347 
4940 4784 5390 5099 5240 5506 5030 5108 4800 5022 5076 4919 5000 4901 5699 5063 5179 4935 5340 5715 5259 4826 5357 4719 4945 5192 5096 5117 4715 4815 5272 4986 
5053 4933 5224 4893 5133 5627 4908 5118 5139 5215 5297 4819 5146 5074 5664 4997 5014 5385 5527 5730 5440 4897 5365 4890 5347 5242 5198 5006 4795 5106 5157 5380 
5211 4937 5111 5076 5358 5741 5442 5133 5037 5193 5276 5115 5225 4882 5784 5161 5202 5152 5341 5707 5564 4808 5596 4741 5274 5240 5150 5314 5151 5241 5255 5444 
4939 4872 5400 5185 5190 5756 5207 5202 5002 5438 5336 5048 4848 5050 5495 5073 5084 5396 5350 5713 5179 5114 5373 4904 5359 5138 5083 5352 5125 5087 5524 5253 
5249 5051 5434 5117 5311 6066 5383 5070 5193 5246 5177 5170 5264 5134 5836 5134 5150 5371 5500 6164 5599 4961 5919 5054 5619 5363 5395 5470 4911 5289 5276 5191 
5317 4797 5552 5267 5047 5710 5280 5221 4958 5368 5224 5003 5174 5099 5784 5386 4965 5329 5547 5991 5594 4745 5845 4972 5185 5282 5573 5111 4960 5233 5501 5113 
5114 4479 5108 4980 4709 5266 4702 4831 4736 4978 4554 4786 4900 4917 5296 4804 4750 4993 4880 5654 5076 4523 5227 4730 4921 4964 4958 4745 4530 4841 4852 4801 
5141 4968 5412 5330 5222 5819 5306 5346 4984 5291 5310 5131 5180 5266 5883 5296 5147 5265 5304 5906 5525 4737 5604 4961 5373 5282 5385 5307 5069 5359 5278 5426 
4973 4746 5189 5307 5064 5602 5409 5233 4803 4981 5536 5138 5043 4843 5739 5063 5135 5464 5468 5866 5298 5041 5244 4960 5121 5319 5122 5462 4739 5185 5447 4968 
4858 4859 4786 4961 4784 5534 4738 4709 4799 5143 4692 4968 4873 4635 5169 4759 4700 5026 5078 5718 5192 4841 5079 4527 5253 4999 4817 5105 4687 4909 4897 4702 
4918 4441 4894 4835 4857 5120 4927 4814 4644 5057 5165 4631 4982 4825 5150 5030 4617 4999 4787 5716 4855 4614 5006 4804 4686 4882 4819 4874 4635 4843 5017 4827 
5152 4813 5281 4860 4915 5658 5098 4999 4798 5103 5147 4693 4939 4917 5376 4874 5258 5050 4861 5600 5156 5014 5148 4731 5446 5049 5063 5075 4879 5037 5032 5008 
5469 4732 5380 5074 5230 5695 5011 5246 4957 5141 5059 5039 5162 4870 5621 5195 5151 5053 5290 5949 5270 4760 5527 5185 5279 5297 5419 5003 4795 5325 5199 5131 
5242 5192 5703 5385 5353 5942 5203 5493 5039 5361 5439 5191 5355 5166 6029 5271 5241 5552 5531 6213 5685 5222 5737 5030 5422 5442 5475 5486 5138 5306 5644 5450 
4899 4771 5104 5132 5006 5694 5099 4826 4890 4813 4995 5111 5008 4934 5574 4960 4929 5201 5146 5834 5086 4726 5392 4669 5273 5228 5262 5163 4894 5210 5119 5140 
5245 5094 5313 5232 5055 5952 5140 5065 5016 5279 5311 4964 5248 5221 5727 5140 5158 5273 5568 6114 5289 4971 5586 5206 5308 5458 5161 5133 4894 5110 5357 5297 
4954 4883 5080 4967 5076 5793 5069 4986 4914 5271 5198 5156 5135 4891 5783 5193 5064 5181 5366 5715 5445 4990 5320 5009 5315 5062 5218 4991 4704 5077 5074 5474 
5141 5225 5542 5393 5164 6009 5285 5422 5140 5268 5153 5215 5344 5174 5824 5168 5072 5666 5633 5968 5612 4884 5532 5136 5534 5229 5416 5594 5026 5233 5352 5468 
5530 4954 5801 5812 5416 6259 5701 5414 5403 5553 5339 5561 5574 5236 6414 5804 5290 5586 6032 6530 5959 5432 5744 5401 5651 5998 5734 5558 5363 5577 5714 5622 
