2753 2506 3370 2960 3405 3231 3303 3147 2831 3201 3264 2959 2982 3069 3567 3005 2983 3074 3163 3278 3277 2980 3412 3002 3064 3219 2927 3285 3046 2894 3279 3162 
2935 2795 3254 2929 3209 3333 3133 3282 2929 3144 3088 2925 2957 2945 3779 3067 2929 3249 3180 3541 3277 3089 3150 3324 3051 3270 2934 3179 3175 3057 3338 3318 
3067 2988 3544 3272 3358 3509 3412 3399 2942 3583 3581 3180 3126 3214 3740 3339 3308 3472 3591 3595 3619 3173 3328 3231 3187 3263 3331 3569 3437 2995 3330 3520 
3153 3012 3546 3350 3287 3577 3587 3485 3008 3637 3610 3341 2998 3354 3797 3196 3487 3248 3719 3524 3447 3364 3379 3242 3148 3409 3378 3424 3338 3374 3413 3474 
3214 2872 3605 3480 3616 3802 3284 3345 3052 3451 3610 3433 3173 3279 3703 3294 3263 3392 3588 3784 3821 3133 3477 3417 3370 3554 3333 3514 3340 3309 3408 3610 
2935 2946 3564 3408 3413 3569 3339 3552 2968 3516 3482 3167 2984 3319 3530 3381 3171 3276 3358 3583 3721 3180 3374 3096 3141 3385 3253 3328 3256 3165 3485 3112 
3066 2949 3390 3308 3348 3693 3378 3118 2828 3344 3349 3175 2910 3196 3633 3218 3079 3277 3326 3578 3469 3088 3375 3184 3294 3425 3110 3360 3361 2968 3414 3266 
2872 2626 3263 2867 3149 3235 3368 3216 2805 3315 3308 3043 2990 2972 3574 2824 3101 2907 3267 3284 3154 2991 3096 3158 3113 3137 3222 2996 3236 3065 3220 3377 
3137 2986 3479 3194 3528 3728 3169 3248 2937 3499 3505 3177 3012 3242 3676 3387 3269 3358 3334 3436 3557 3086 3413 3259 3210 3438 3075 3462 3271 3182 3311 3368 
3002 3015 3513 3304 3481 3484 3401 3344 2773 3429 3409 3127 2886 3192 3673 3105 3308 3365 3476 3484 3611 3145 3301 3004 3188 3438 3354 3437 3374 2942 3212 3390 
2942 2747 3226 3344 3116 3373 3162 3169 2750 3307 3269 3121 2848 3103 3482 3142 3091 3004 3060 3532 3332 3161 3154 3001 2959 3167 3217 3378 3184 3079 3252 3262 
3078 3018 3425 3295 3496 3658 3362 3203 2733 3528 3475 3327 3045 3158 3546 3230 3321 3293 3442 3539 3632 3205 3204 3177 3178 3327 3152 3545 3371 3073 3402 3349 
3110 2973 3649 3382 3480 3725 3297 3384 2873 3339 3574 3473 3109 3159 3773 3242 3098 3078 3325 3591 3661 3199 3267 3099 3196 3540 3319 3576 3307 3274 3375 3149 
3161 3043 3606 3306 3514 3533 3302 3365 2893 3415 3502 3244 3059 3270 3654 3299 3234 3219 3523 3589 3465 3138 3355 3197 3048 3437 3311 3395 3275 3090 3452 3203 
2933 2965 3488 3113 3254 3558 3031 3233 3029 3392 3515 3041 2948 3180 3542 3115 3228 3290 3465 3579 3605 3086 3279 3160 3242 3407 3170 3261 3270 3136 3224 3371 
3264 2887 3507 3278 3432 3689 3465 3264 2900 3447 3492 3327 3129 3100 3653 3108 3238 3174 3481 3524 3705 3063 3404 3046 3299 3352 3245 3380 3474 3243 3293 3449 
3101 3023 3744 3463 3613 3870 3594 3492 3112 3878 3712 3363 3079 3370 3671 3385 3326 3513 3675 3705 3536 3491 3561 3403 3407 3589 3352 3604 3610 3268 3675 3456 
3074 2983 3553 3212 3388 3715 3321 3116 2978 3345 3309 3283 2908 3225 3638 3049 3109 3212 3417 3534 3544 3026 3518 3102 3283 3414 3256 3489 3128 3185 3204 3159 
3263 3002 3622 3343 3405 3515 3407 3386 2980 3465 3480 3082 2876 3211 3749 3338 2977 3303 3372 3632 3650 3017 3574 3273 3153 3393 3576 3416 3280 3324 3571 3333 
3074 2624 3311 3264 3101 3292 3073 3034 2807 3257 3037 2944 2850 3128 3313 2853 2871 3160 3040 3583 3245 2862 3157 3149 2841 3134 3052 2977 3024 2982 3135 3217 
3223 3101 3736 3514 3532 3827 3468 3614 3101 3598 3667 3479 3196 3359 3974 3468 3330 3389 3587 3678 3758 3283 3541 3413 3390 3483 3534 3488 3520 3474 3599 3492 
3066 2824 3517 3554 3392 3628 3512 3328 2869 3389 3848 3353 2994 3215 3656 3189 3173 3542 3588 3710 3536 3272 3286 3319 3231 3513 3365 3662 3150 3400 3596 3279 
2862 2707 3142 3050 3076 3389 2957 2972 2671 3330 3004 3086 2769 2805 3130 2910 2860 2995 3274 3407 3302 2973 3101 2815 3067 3223 2889 3236 3126 2967 3004 2990 
2849 2490 3136 3009 3101 3115 2941 2998 2707 3247 3323 2832 2719 3000 3149 2924 2772 3079 2989 3404 3111 2799 3093 3038 2734 3007 2854 3020 2957 2909 3250 2882 
3144 2878 3428 3084 3235 3547 3162 3229 2776 3354 3342 2968 2832 3129 3396 2983 3261 3126 3030 3452 3394 3079 3129 3003 3241 3242 3098 3322 3252 3018 3257 3210 
3305 2839 3643 3242 3286 3577 3109 3402 2854 3295 3245 3177 2961 3099 3541 3182 3170 3053 3369 3691 3534 3099 3391 3450 3271 3461 3310 3272 3192 3279 3250 3340 
3137 3014 3620 3273 3411 3520 3281 3408 2885 3511 3418 3071 3039 3312 3587 3173 3089 3319 3380 3627 3544 3234 3356 3089 3127 3495 3234 3470 3381 3304 3466 3483 
2968 2677 3364 3242 3274 3564 3306 3131 2775 3138 3402 3220 3003 3114 3517 3086 3063 3295 3368 3474 3415 3042 3386 3031 3091 3347 3308 3273 3120 3241 3210 3251 
2882 2836 3372 3152 3098 3431 2998 3089 2741 3222 3294 2851 2846 3130 3367 2851 2990 3071 3263 3419 3256 3034 3237 3294 2881 3159 3065 3061 3045 2965 3280 3149 
2868 2781 3223 3139 3291 3629 3107 3028 2610 3378 3420 3216 2985 2995 3437 2952 3047 3184 3328 3232 3423 3094 3239 3114 3056 3189 3129 3247 3054 3071 3120 3452 
3047 3079 3684 3509 3294 3819 3186 3510 2916 3380 3417 3297 3074 3267 3633 3148 3056 3470 3603 3553 3729 3129 3375 3289 3276 3266 3417 3554 3274 3242 3314 3411 
3439 3085 3878 3887 3666 4061 3659 3637 3382 3809 3669 3667 3448 3538 4143 3675 3327 3748 3848 4203 4103 3698 3659 3674 3460 3950 3704 3670 3773 3687 3803 3762 
