3425 3167 3902 3502 3946 4073 3938 3665 3481 3755 3820 3524 3647 3521 4274 3693 3657 3637 3763 3871 3905 3498 4112 3469 3743 3751 3490 3823 3474 3571 3936 3619 
3583 3395 3753 3417 3670 4075 3763 3788 3658 3677 3615 3356 3582 3411 4504 3626 3528 3776 3716 4203 3877 3662 3821 3844 3705 3797 3549 3615 3654 3677 3915 3770 
3808 3791 4208 3873 3961 4436 4264 3993 3624 4296 4290 3833 3899 3705 4564 4024 4054 4158 4360 4338 4313 3894 4130 3836 4039 3981 3978 4220 3937 3840 4125 4256 
3839 3730 4145 3979 3855 4527 4178 3992 3760 4203 4115 3990 3718 3934 4567 3906 4114 3881 4388 4289 4027 3968 4134 3794 3827 3961 4062 3979 3845 4138 4108 4041 
3921 3521 4153 4057 4172 4660 3981 3865 3696 4035 4080 3979 3842 3762 4407 3949 3814 3930 4270 4452 4508 3710 4055 3981 4039 4207 3963 4090 3837 3996 4015 4136 
3811 3706 4109 3931 4171 4521 4020 4258 3752 4248 4135 3803 3815 3999 4291 4092 3852 3963 4098 4360 4484 3888 4143 3784 3941 4022 3931 3969 3836 4002 4269 3742 
3711 3682 3811 3779 3860 4407 4017 3626 3476 3868 3861 3621 3551 3642 4305 3793 3646 3778 3841 4131 3973 3689 3991 3640 3955 3928 3668 3883 3815 3658 4005 3765 
3579 3174 3796 3250 3755 4040 3900 3732 3470 3897 3815 3594 3668 3558 4175 3318 3575 3402 3872 3984 3764 3453 3649 3821 3735 3619 3828 3415 3654 3683 3821 3929 
3699 3567 3956 3681 3996 4446 3759 3665 3542 3976 4017 3652 3659 3653 4216 3923 3848 3780 3860 4055 4063 3585 4043 3721 3796 3900 3597 3948 3714 3814 3854 3952 
3797 3819 4084 3916 4144 4476 4096 3870 3498 4086 4002 3678 3669 3892 4405 3774 3942 4020 4150 4221 4268 3766 4071 3639 3817 3904 4116 4071 3922 3824 3924 4089 
3622 3442 3862 4026 3655 4227 3822 3822 3400 3892 3843 3826 3642 3651 4308 3774 3829 3669 3799 4229 4032 3833 4008 3560 3692 3749 3982 3911 3692 3811 3927 3846 
3680 3705 4011 3891 4044 4474 3981 3809 3359 4190 4051 3898 3736 3679 4255 3873 3940 3947 4076 4205 4291 3837 3948 3732 3861 3921 3758 4140 3918 3787 4085 3896 
4022 3898 4392 4071 4201 4807 4279 4051 3806 4155 4365 4234 4078 3892 4834 4014 3934 3900 4237 4533 4475 3990 4201 3857 4173 4304 4217 4244 3987 4211 4304 4017 
3787 3674 4188 3944 4111 4333 3893 3962 3524 3981 3943 3825 3725 3817 4451 3896 3911 3771 4223 4294 4141 3784 4144 3799 3758 3995 4018 3910 3782 3750 4129 3801 
3670 3716 3979 3737 3909 4365 3739 3820 3769 4042 4138 3652 3727 3724 4383 3734 3910 4021 4243 4287 4289 3795 4070 3780 4028 3964 3931 3852 3765 3929 3946 4021 
3862 3658 3916 3793 4037 4432 4146 3759 3560 4066 4041 3788 3817 3662 4402 3758 3907 3849 3990 4138 4276 3692 4113 3501 3911 3809 3857 3992 3984 4035 3912 4122 
3782 3688 4224 3961 4173 4696 4212 4037 3667 4440 4222 3898 3709 3909 4316 3939 3894 4095 4321 4378 4188 4004 4265 3916 4091 4060 3994 4222 4091 3938 4329 4026 
3720 3688 4062 3710 3964 4597 3980 3649 3700 3950 3883 3784 3626 3788 4314 3576 3704 3845 4040 4270 4206 3642 4248 3707 4065 3867 3960 4045 3708 3967 3874 3840 
4057 3637 4269 3953 3973 4498 4131 3958 3614 4120 4066 3769 3710 3721 4451 4019 3656 3866 4207 4457 4316 3605 4342 3838 3872 4078 4306 3977 3797 4044 4279 3970 
3785 3229 3794 3760 3627 4071 3616 3585 3433 3750 3527 3469 3447 3569 4005 3440 3536 3645 3633 4162 3834 3433 3855 3629 3544 3642 3638 3444 3388 3629 3713 3591 
3727 3573 4032 3876 3937 4376 3963 3928 3530 4092 4057 3817 3700 3739 4396 3850 3746 3762 3959 4192 4208 3556 4065 3790 3855 3876 4015 3919 3924 4008 3935 3984 
3718 3596 4045 4135 3949 4458 4218 3909 3566 3892 4383 3851 3653 3712 4400 3807 3828 4155 4186 4304 4084 3951 3929 3839 3888 4032 3968 4261 3613 4160 4266 3872 
3517 3522 3691 3601 3619 4246 3632 3488 3435 3900 3582 3621 3488 3307 3881 3527 3482 3641 3873 4117 3871 3603 3807 3330 3788 3725 3554 3902 3615 3731 3708 3567 
3516 3145 3511 3488 3620 3828 3629 3529 3291 3766 3871 3297 3416 3460 3697 3515 3273 3601 3545 4040 3609 3384 3618 3498 3288 3552 3406 3612 3470 3609 3788 3517 
3721 3548 3943 3560 3686 4274 3860 3657 3370 3908 3886 3408 3499 3556 3995 3565 3844 3667 3604 4025 3969 3698 3803 3528 3975 3752 3666 3818 3755 3775 3821 3722 
4072 3625 4113 3774 3912 4498 3808 3975 3615 3949 3885 3778 3743 3748 4318 3856 3854 3709 3995 4455 4149 3664 4158 3971 3983 4013 3986 3911 3717 4101 3969 3978 
3854 3791 4241 3883 3977 4424 3940 4044 3625 4113 3981 3633 3711 3808 4400 3737 3736 3969 4080 4344 4310 3920 4146 3707 3953 4087 3965 4060 3933 4046 4170 4062 
3592 3326 3878 3671 3781 4361 3886 3569 3394 3660 3895 3683 3626 3611 4087 3631 3553 3772 3921 4074 3940 3570 3977 3504 3717 3801 3836 3745 3580 3891 3846 3807 
3691 3662 3953 3838 3765 4414 3816 3764 3491 4013 4031 3535 3723 3734 4223 3597 3797 3766 4053 4248 3940 3720 4115 3882 3740 3908 3838 3809 3669 3852 4047 3849 
3495 3419 3777 3590 3836 4420 3719 3500 3366 3884 3862 3711 3637 3566 4184 3514 3609 3708 3913 3938 4021 3713 3856 3675 3756 3700 3762 3647 3528 3747 3734 4046 
3779 3868 4192 4090 3936 4685 4002 4112 3669 4060 4032 3876 3851 3834 4350 3815 3675 4108 4188 4294 4388 3696 4075 3941 4062 3835 4138 4165 3843 4058 3994 4112 
4046 3610 4416 4395 4080 4824 4274 4016 3925 4273 4132 4162 4040 3853 4789 4225 3898 4199 4520 4760 4648 4208 4232 4082 4132 4452 4262 4143 4163 4207 4345 4197 
