2370 2138 2848 2455 2918 2735 2753 2625 2435 2630 2707 2485 2453 2686 3005 2439 2467 2685 2647 2800 2836 2503 2950 2522 2514 2784 2498 2686 2520 2612 2764 2623 
2315 2292 2724 2332 2639 2620 2544 2659 2421 2477 2449 2215 2300 2537 3042 2465 2334 2665 2580 2833 2689 2500 2583 2648 2465 2646 2460 2490 2497 2572 2703 2654 
2296 2305 2927 2619 2837 2850 2766 2777 2411 2738 2791 2509 2328 2725 2957 2708 2703 2857 2881 2924 3004 2469 2765 2487 2460 2578 2647 2891 2641 2536 2692 2729 
2468 2433 2918 2657 2701 2791 2869 2827 2416 2721 2871 2639 2270 2844 3091 2466 2793 2638 2980 2798 2772 2705 2833 2468 2533 2682 2775 2698 2571 2911 2679 2717 
2485 2239 2856 2772 2950 2951 2586 2727 2444 2615 2895 2705 2451 2755 2943 2617 2574 2803 2914 2979 3065 2429 2894 2737 2663 2784 2688 2772 2589 2823 2687 2926 
2389 2368 2965 2710 2823 2886 2726 2860 2419 2747 2795 2543 2309 2770 2834 2584 2535 2779 2757 2911 3112 2506 2775 2444 2524 2664 2814 2659 2576 2602 2828 2483 
2517 2510 2885 2738 2869 3028 2762 2620 2385 2694 2712 2547 2379 2792 3028 2677 2562 2778 2787 2951 2956 2562 2990 2592 2737 2840 2621 2790 2757 2583 2843 2678 
2184 2034 2501 2157 2547 2537 2629 2603 2143 2424 2582 2280 2142 2437 2795 2205 2372 2331 2532 2558 2491 2307 2428 2348 2390 2432 2600 2319 2473 2598 2483 2634 
2512 2454 2843 2623 3063 2978 2662 2665 2400 2678 2772 2572 2403 2805 2983 2730 2546 2797 2738 2820 2952 2475 2892 2597 2503 2827 2643 2813 2570 2766 2723 2732 
2480 2565 3012 2747 2898 2887 2788 2783 2379 2727 2821 2540 2365 2793 3019 2570 2735 2912 2926 2964 3076 2535 2846 2508 2598 2807 2795 2831 2762 2671 2777 2856 
2377 2237 2739 2732 2544 2733 2621 2556 2314 2645 2656 2500 2265 2658 2798 2466 2490 2479 2520 2917 2787 2541 2661 2323 2384 2572 2680 2733 2496 2675 2638 2611 
2408 2401 2824 2629 2844 2829 2630 2509 2177 2654 2789 2566 2350 2567 2851 2508 2634 2667 2705 2767 2901 2476 2614 2505 2457 2655 2578 2770 2551 2531 2704 2584 
2430 2280 2895 2565 2764 2895 2525 2634 2251 2466 2788 2639 2379 2630 2938 2438 2336 2498 2642 2771 2883 2463 2695 2478 2433 2665 2733 2792 2485 2836 2653 2463 
2320 2280 2796 2472 2710 2630 2428 2555 2248 2505 2705 2401 2185 2637 2748 2427 2492 2535 2705 2699 2705 2316 2650 2436 2247 2595 2540 2501 2407 2476 2634 2410 
2396 2509 2918 2608 2808 2965 2495 2729 2522 2669 2865 2482 2380 2747 2982 2699 2665 2857 2835 2975 3073 2611 2817 2652 2670 2943 2630 2788 2666 2731 2767 2788 
2595 2302 2828 2592 2825 2929 2793 2666 2297 2670 2815 2615 2376 2594 2978 2481 2606 2642 2854 2803 2975 2411 2813 2435 2620 2684 2718 2703 2696 2783 2630 2771 
2491 2327 3045 2710 3014 3098 2880 2881 2535 2931 2968 2629 2403 2823 2914 2698 2634 2802 3009 2997 2922 2745 2954 2673 2717 2951 2842 2841 2843 2757 3004 2724 
2289 2305 2814 2520 2771 2954 2672 2529 2471 2542 2699 2529 2229 2676 2889 2526 2548 2605 2737 2753 2844 2392 2892 2448 2530 2800 2593 2742 2445 2687 2582 2528 
2690 2467 2990 2809 2959 2955 2838 2876 2479 2762 2882 2563 2335 2834 3183 2884 2458 2805 2810 3037 3133 2541 3106 2710 2615 2860 2984 2859 2801 2929 2952 2769 
2294 1947 2552 2509 2470 2560 2433 2325 2214 2427 2356 2203 2117 2571 2501 2227 2162 2489 2367 2795 2600 2160 2507 2427 2125 2531 2392 2226 2277 2425 2474 2523 
2512 2448 2999 2816 2885 3007 2742 2890 2418 2806 2930 2779 2411 2819 3254 2686 2636 2861 2924 2927 3083 2549 2900 2755 2718 2743 2913 2780 2747 2926 2855 2741 
2456 2250 2923 2904 2831 2952 2786 2753 2397 2727 3125 2718 2331 2710 2993 2486 2639 2979 2936 3040 2978 2678 2789 2702 2606 2867 2778 2943 2487 2907 2908 2594 
2338 2193 2641 2506 2621 2772 2434 2458 2239 2641 2428 2521 2163 2371 2598 2369 2272 2516 2714 2895 2715 2489 2615 2273 2496 2622 2504 2651 2522 2573 2492 2429 
2289 1945 2564 2408 2631 2549 2433 2452 2263 2562 2695 2277 2119 2527 2530 2329 2205 2632 2518 2777 2623 2282 2571 2462 2151 2441 2422 2510 2310 2457 2698 2287 
2354 2262 2709 2403 2613 2655 2479 2554 2112 2428 2644 2256 2172 2634 2631 2290 2497 2496 2370 2712 2644 2240 2504 2298 2475 2550 2447 2558 2429 2512 2593 2503 
2480 2193 2878 2595 2714 2783 2504 2714 2289 2417 2557 2415 2296 2533 2811 2535 2398 2483 2696 2872 2816 2471 2821 2739 2500 2776 2670 2634 2405 2784 2514 2674 
2492 2299 3024 2627 2860 2745 2709 2809 2353 2715 2743 2446 2406 2770 2973 2509 2521 2781 2714 2972 2862 2497 2835 2513 2539 2849 2628 2797 2663 2821 2790 2842 
2276 2011 2657 2570 2628 2710 2526 2563 2228 2212 2643 2441 2262 2549 2758 2451 2402 2685 2552 2712 2699 2353 2775 2310 2355 2631 2643 2529 2335 2713 2526 2577 
2288 2292 2796 2574 2605 2862 2557 2493 2289 2528 2715 2245 2266 2654 2760 2428 2381 2526 2685 2773 2696 2535 2691 2651 2318 2663 2567 2495 2468 2549 2629 2522 
2193 2129 2615 2603 2754 2904 2558 2399 2115 2555 2729 2573 2312 2473 2714 2407 2443 2585 2590 2564 2876 2418 2593 2421 2468 2649 2495 2606 2357 2552 2480 2754 
2366 2448 3044 2833 2746 3076 2576 2904 2384 2664 2800 2647 2425 2702 3027 2483 2474 2915 2928 2819 3021 2477 2884 2669 2673 2572 2875 2836 2553 2755 2629 2744 
2593 2300 3068 3092 2959 3109 2778 2887 2671 2812 2872 2818 2606 2976 3250 2811 2587 3051 3066 3330 3319 2811 2950 2862 2681 3104 2946 2808 2861 3071 2946 2978 
