1685 1454 1975 1662 2188 1976 2026 1900 1852 1685 1866 1752 1698 2001 2131 1731 1723 1909 1863 1949 2007 1698 2120 1956 1770 2040 1667 1768 1777 2011 2117 1947 
1790 1813 2158 1785 2202 2111 2037 2180 1934 1936 1980 1736 1805 1986 2351 1973 1800 2013 2017 2299 2125 1830 2041 2156 1919 2107 1865 1829 1889 2092 2138 2133 
1702 1793 2213 2000 2161 2288 2175 2105 1905 1980 2192 1846 1701 2069 2217 2039 1929 2134 2204 2187 2259 1777 2149 2028 1746 1972 1857 2012 1942 1994 2085 2049 
1914 1892 2155 2001 2054 2087 2291 2151 1891 2001 2256 1975 1680 2191 2359 1830 2039 1927 2187 2154 2145 1888 2156 1971 1697 2013 2005 1930 1877 2245 2127 1959 
1907 1639 2064 1980 2234 2191 2016 2102 1953 1821 2157 2017 1780 2066 2289 2003 1947 2091 2226 2201 2319 1701 2182 2126 1948 2158 2015 1902 1935 2213 2097 2318 
1846 1852 2198 2094 2149 2240 2128 2258 1883 1963 2233 1829 1712 2067 2173 2014 1921 2180 2127 2245 2357 1915 2116 2028 1950 2175 2073 1903 1973 2106 2285 1957 
1842 1876 2121 2032 2241 2234 2187 2031 1835 1961 2108 1858 1722 2088 2348 1969 1879 2030 2103 2282 2190 1804 2274 2065 1976 2226 1906 1919 1959 2025 2221 2077 
1735 1545 1874 1623 2055 1945 2075 2058 1721 1769 2039 1707 1651 1923 2252 1696 1888 1772 1986 1961 1906 1670 1912 1888 1831 1931 1959 1703 1862 2101 2054 2111 
1791 1760 2045 1840 2247 2172 1970 1986 1844 1811 2010 1798 1673 2087 2195 2008 1771 1945 1982 2058 2099 1660 2128 1976 1769 2111 1777 1854 1806 2140 1991 2061 
1800 1929 2159 2030 2112 2034 2140 2142 1765 1913 2039 1807 1697 2108 2214 1909 1926 2139 2124 2182 2248 1782 2074 1991 1733 2095 2052 1923 2070 2089 2144 2138 
1728 1693 1912 1894 1839 1929 1995 1785 1719 1715 1920 1730 1544 1846 1983 1747 1738 1697 1738 2017 1970 1761 1871 1807 1670 1953 1805 1831 1774 1999 1966 1912 
1738 1749 2016 1928 2100 2125 1923 1839 1683 1733 1977 1848 1616 1839 2102 1838 1876 1952 1957 2029 2109 1665 1940 1890 1714 1964 1800 1861 1799 1938 1967 1952 
1915 1816 2162 1877 2180 2218 1963 2033 1801 1789 2184 1989 1766 2013 2233 1841 1745 1847 1927 2042 2187 1766 2042 1975 1758 2131 2053 2062 1854 2219 2121 1916 
1858 1853 2188 1915 2184 2089 1922 2039 1824 1777 2109 1807 1659 2067 2170 1997 1901 2085 2137 2113 2167 1751 2080 2086 1723 2112 2018 1902 1918 2103 2155 1947 
1873 1886 2163 1990 2151 2300 1957 2109 2062 1905 2165 1906 1767 2119 2350 2060 1908 2134 2181 2309 2424 1870 2180 2104 1924 2270 1956 1938 1980 2188 2136 2147 
1818 1596 1925 1830 2055 2022 2059 1905 1705 1789 2031 1784 1606 1784 2113 1741 1792 1835 2047 2011 2094 1564 1952 1936 1726 2005 1839 1696 1892 2099 1960 2027 
1912 1809 2277 2008 2320 2444 2251 2207 2035 2043 2286 1988 1825 2164 2251 2100 1993 2158 2236 2267 2240 1936 2312 2164 2030 2230 2078 2103 2105 2213 2405 2063 
1716 1790 2103 1958 2216 2269 2041 1991 1911 1849 2137 1936 1631 2019 2164 1955 1965 2039 2092 2156 2162 1767 2183 1972 1857 2283 1883 2026 1796 2147 2123 1971 
1920 1767 2162 2070 2290 2179 2097 2131 1910 1835 2156 1798 1613 2100 2249 2128 1680 1966 2049 2236 2293 1706 2311 2215 1921 2201 2133 1947 1988 2282 2245 2106 
1772 1497 1993 1852 1882 1932 1928 1764 1785 1685 1766 1650 1549 2001 1898 1770 1545 1867 1737 2110 2002 1530 1947 1974 1545 1967 1744 1586 1669 1913 1951 1896 
2020 1926 2276 2177 2307 2304 2115 2279 1923 2001 2308 2101 1804 2224 2515 2053 2059 2268 2230 2275 2423 1883 2206 2328 2162 2212 2159 2088 2088 2320 2321 2189 
1878 1704 2223 2180 2153 2262 2173 2097 1899 1978 2395 2021 1742 2066 2262 1888 1939 2260 2224 2271 2247 1956 2236 2112 1905 2210 2079 2085 1841 2321 2258 1991 
1716 1680 1962 1840 2002 2088 1832 1816 1791 1848 1845 1808 1569 1804 1900 1732 1663 1852 2028 2146 1995 1737 1964 1895 1904 2042 1806 1984 1839 2015 1977 1838 
1679 1438 1786 1651 1925 1821 1811 1774 1792 1707 1994 1578 1485 1777 1846 1654 1589 1897 1839 1983 1886 1587 1910 1907 1546 1834 1651 1682 1672 1779 2084 1684 
1670 1691 2003 1705 1932 1910 1873 1913 1676 1674 1961 1590 1551 1947 1950 1660 1797 1726 1723 1913 1883 1540 1852 1805 1734 1866 1761 1741 1721 1885 1986 1833 
1841 1686 2154 1897 2052 2141 1893 2103 1870 1693 1940 1790 1693 1899 2118 1932 1742 1733 2012 2162 2067 1748 2200 2156 1818 2169 2018 1781 1781 2194 1941 2090 
1870 1768 2254 1921 2246 2028 2082 2098 1878 1863 2077 1738 1777 2063 2289 1814 1859 2091 1943 2210 2165 1709 2147 2010 1807 2142 1878 1969 1857 2143 2173 2151 
1734 1514 1919 1944 2044 2123 1977 1954 1789 1559 2090 1761 1691 1901 2085 1834 1820 2010 1920 2020 2020 1691 2158 1903 1716 2086 1886 1779 1735 2088 2035 2052 
1707 1710 2120 1947 2078 2193 1929 1888 1821 1740 2026 1643 1619 2006 2095 1846 1770 1928 2073 2183 2071 1821 2059 2118 1705 2079 1850 1780 1824 2016 1991 1941 
1517 1479 1803 1803 1950 2130 1855 1668 1664 1601 1904 1797 1566 1794 1920 1682 1674 1827 1820 1762 2050 1628 1860 1823 1700 1988 1684 1748 1629 1872 1869 2044 
1907 1869 2317 2068 2138 2330 2091 2266 1864 1928 2174 2027 1828 2019 2380 1899 1805 2258 2264 2156 2383 1839 2169 2129 2007 2071 2128 2040 1923 2196 2111 2145 
1908 1672 2198 2243 2106 2301 2061 1992 2043 1773 2129 1935 1811 2166 2406 2010 1834 2232 2202 2432 2426 1867 2162 2252 1878 2332 1998 1888 1899 2397 2236 2203 
