4102 3760 4483 4133 4515 4745 4513 4315 4179 4371 4330 4184 4225 4009 4935 4302 4321 4374 4351 4627 4490 4084 4712 4069 4496 4293 4223 4451 4007 4186 4635 4266 
4303 4029 4354 4094 4323 4751 4318 4451 4398 4218 4232 3993 4177 3916 5254 4262 4136 4336 4280 4917 4417 4255 4401 4458 4434 4370 4269 4219 4102 4229 4548 4290 
4471 4386 4841 4529 4458 5056 4840 4702 4349 4836 4919 4457 4500 4250 5233 4672 4668 4830 5026 5032 4905 4541 4645 4511 4690 4549 4614 4840 4378 4369 4972 4838 
4548 4343 4803 4715 4495 5239 4822 4709 4590 4872 4835 4727 4405 4550 5414 4696 4854 4706 5148 5083 4703 4621 4772 4561 4630 4677 4831 4666 4450 4787 4917 4705 
4743 4123 4940 4885 4959 5517 4674 4621 4523 4687 4752 4675 4579 4320 5274 4619 4549 4678 4971 5300 5251 4488 4809 4694 4890 4911 4766 4768 4456 4819 4934 4768 
4643 4412 4861 4871 4914 5373 4695 5086 4717 4994 4891 4690 4587 4703 5219 4962 4734 4890 4919 5343 5274 4623 4918 4578 4822 4783 4828 4670 4567 4756 5231 4409 
4130 4114 4300 4304 4252 4941 4411 4070 4080 4275 4293 4142 4005 4022 4876 4271 4181 4377 4311 4717 4444 4128 4449 4119 4520 4363 4171 4394 4316 4096 4571 4141 
4352 3906 4437 3915 4395 4777 4553 4472 4213 4537 4452 4288 4268 4124 4939 4051 4274 4176 4467 4817 4396 4075 4240 4457 4561 4285 4576 4117 4240 4296 4544 4644 
4372 4196 4635 4392 4770 5180 4348 4311 4356 4566 4567 4290 4304 4266 4990 4690 4525 4557 4471 4844 4621 4159 4687 4360 4624 4522 4346 4617 4283 4474 4567 4507 
4587 4464 4665 4528 4811 5179 4686 4626 4275 4789 4624 4381 4329 4461 5151 4522 4656 4753 4768 5042 4961 4327 4710 4282 4584 4595 4761 4637 4479 4391 4674 4688 
4226 3981 4411 4623 4191 4851 4324 4482 3990 4419 4369 4432 4138 4137 4931 4331 4384 4268 4305 4895 4571 4372 4505 4126 4300 4315 4553 4420 4190 4393 4581 4327 
4386 4225 4515 4571 4711 5237 4513 4522 4070 4786 4619 4501 4341 4235 4937 4473 4537 4571 4709 4935 4908 4376 4545 4399 4481 4492 4359 4651 4427 4380 4864 4425 
4640 4494 5051 4787 4905 5453 4831 4676 4557 4682 4945 4859 4698 4333 5606 4529 4629 4544 4746 5372 5041 4622 4750 4381 4903 4839 4824 4924 4538 4858 4973 4491 
4491 4328 4909 4698 4861 5065 4454 4625 4306 4552 4562 4448 4384 4322 5225 4475 4664 4477 4827 5070 4756 4404 4805 4332 4488 4586 4636 4676 4325 4400 4879 4420 
4377 4289 4541 4393 4610 5078 4282 4469 4501 4628 4671 4264 4341 4293 5065 4363 4474 4678 4883 4942 4840 4378 4670 4411 4763 4570 4618 4460 4214 4536 4613 4650 
4703 4424 4630 4624 4836 5275 4859 4609 4471 4740 4751 4548 4588 4277 5270 4537 4685 4648 4782 5037 5030 4399 4840 4269 4746 4573 4600 4750 4596 4725 4819 4837 
4493 4391 4868 4745 4852 5363 4738 4813 4517 4975 4848 4636 4290 4524 5031 4578 4612 4910 4891 5148 4805 4695 4871 4541 4867 4625 4679 4938 4703 4613 5173 4729 
4568 4376 4846 4488 4765 5490 4713 4496 4556 4609 4532 4509 4447 4401 5138 4345 4478 4714 4812 5236 4933 4359 5072 4435 4955 4595 4743 4761 4336 4754 4778 4510 
4599 4035 4812 4544 4434 5015 4559 4526 4226 4601 4552 4290 4224 4181 5022 4588 4193 4546 4742 5018 4828 4073 4938 4340 4438 4485 4883 4383 4286 4579 4957 4363 
4347 3760 4369 4360 4097 4661 4054 4188 4140 4318 3988 4119 3996 4085 4598 4032 4073 4306 4090 4804 4385 3933 4367 4169 4238 4153 4303 3999 3882 4238 4366 4118 
4468 4271 4679 4633 4639 5079 4624 4718 4250 4657 4678 4479 4370 4304 5120 4516 4489 4497 4577 4993 4817 4230 4764 4400 4680 4552 4706 4571 4472 4684 4706 4659 
4382 4201 4629 4800 4544 5100 4829 4614 4292 4430 4974 4513 4290 4217 5100 4428 4532 4848 4861 5095 4753 4522 4591 4463 4574 4641 4571 4860 4170 4733 4994 4345 
4236 4153 4262 4344 4323 4965 4164 4182 4222 4503 4197 4355 4121 3917 4532 4152 4139 4307 4449 4928 4548 4304 4402 3985 4550 4356 4245 4533 4156 4352 4413 4109 
4220 3773 4143 4177 4256 4502 4286 4182 4031 4437 4550 4021 4122 4009 4468 4322 3957 4252 4168 4842 4208 4003 4197 4241 4042 4173 4153 4197 3962 4230 4498 4052 
4581 4256 4599 4376 4434 5204 4531 4509 4309 4634 4626 4183 4252 4211 4881 4298 4654 4476 4317 4954 4655 4489 4578 4383 4904 4477 4568 4573 4395 4534 4646 4440 
4999 4250 4945 4647 4785 5362 4497 4834 4494 4721 4655 4543 4579 4418 5168 4688 4651 4584 4827 5340 4871 4352 4985 4779 4782 4729 4906 4613 4323 4905 4868 4582 
4570 4511 4971 4664 4668 5247 4569 4770 4435 4773 4680 4404 4478 4357 5300 4550 4546 4806 4848 5255 5017 4565 4850 4376 4747 4730 4710 4780 4468 4708 5028 4641 
4233 4018 4443 4370 4396 5089 4452 4281 4185 4247 4482 4433 4225 4139 4829 4273 4259 4441 4427 4900 4531 4209 4576 4164 4520 4481 4551 4429 4225 4580 4571 4436 
4549 4334 4636 4532 4516 5198 4479 4500 4350 4643 4597 4263 4383 4351 4936 4353 4445 4539 4785 5134 4669 4344 4795 4609 4540 4684 4527 4442 4298 4428 4820 4538 
4330 4228 4517 4388 4544 5215 4468 4351 4247 4573 4564 4516 4386 4200 4974 4419 4365 4511 4596 4855 4767 4448 4612 4421 4680 4397 4575 4338 4132 4448 4633 4778 
4469 4540 4857 4791 4579 5437 4679 4818 4538 4673 4592 4531 4535 4389 5154 4509 4453 4938 4923 5136 5073 4329 4794 4621 4912 4521 4792 4897 4421 4675 4797 4808 
4848 4297 5139 5153 4800 5647 4966 4787 4774 4905 4720 4895 4760 4445 5618 4958 4597 4923 5211 5626 5346 4887 4936 4809 4981 5199 5044 4827 4696 4984 5194 4929 
