3711 3573 3719 3570 3609 3641 3856 3976 3514 3641 3830 3606 3701 3699 3700 3423 3793 3888 3397 3339 3619 3388 3774 3606 3496 3809 3672 3671 3805 3338 3433 3537 
3543 3675 3890 3732 3539 3744 3844 3796 3695 3504 3515 3698 3765 3755 3655 3367 3933 4076 3290 3400 3507 3410 3680 3589 3671 3557 3525 3575 3830 3131 3611 3367 
3526 3882 4063 3933 3700 3913 4181 4009 3736 3871 3954 3949 3683 3686 3794 3639 4305 4281 3676 3864 3954 3926 3980 3761 3728 3990 3937 3682 3948 3644 3796 3782 
3679 4078 4277 3987 3917 4077 4240 4443 4075 4138 3795 4230 4020 4283 3655 3886 4472 4482 3854 4053 4091 4003 4177 4037 3951 4264 4100 4005 3982 3575 4220 3547 
3753 3949 4166 3849 3967 4178 4259 4138 3819 3938 3669 4260 3826 3985 4026 3526 4559 4160 3707 3576 4009 3924 3767 3956 4006 4101 3863 3698 4163 3781 3891 3732 
4182 4276 4363 4122 3948 4377 4336 4366 4151 4192 3962 4384 4385 4257 4257 3817 4473 4320 4033 3857 4245 4058 4275 4106 4059 4103 3961 3943 4535 3847 4072 3882 
3299 3585 3718 3563 3492 3481 3747 3724 3590 3538 3349 3537 3548 3655 3431 3202 3807 3968 3443 3341 3488 3707 3513 3528 3437 3742 3704 3492 3657 3564 3379 3313 
3700 3672 3752 3766 3640 3794 3767 3912 3761 3619 3404 3763 3633 3799 3643 3376 4029 3980 3544 3121 3657 3638 3365 3625 3796 3866 3636 3410 3715 3454 3636 3587 
3568 3868 3733 3626 3793 3854 3938 4084 3769 3596 3633 3780 3808 3961 3716 3540 4110 3942 3827 3544 3857 3712 3910 3709 3416 3798 3596 3552 4022 3494 3490 3561 
3892 4002 4116 3782 3636 3907 4410 4527 3913 3907 3915 3779 4015 4080 3966 3621 4318 4284 3841 3493 3888 3932 4125 4074 3800 4133 3908 3826 4032 3820 4159 3629 
3285 3566 3858 3564 3458 3706 3805 3920 3536 3676 3753 3693 3722 3577 3509 3328 3999 3933 3649 3516 3694 3573 3917 3675 3375 3920 3638 3494 3710 3536 3993 3545 
3954 3931 4250 4121 3833 4006 4336 4260 3855 4007 4075 4132 4081 4209 3978 3464 4379 4156 3661 3611 4019 4133 4102 3920 3822 4071 4045 4029 4104 3769 3981 3646 
3672 4163 4332 4210 4039 4225 4283 4463 4105 4285 3898 4226 4466 4192 4184 3696 4673 4493 3951 3992 4055 4265 4097 3874 4149 4177 4006 4023 4075 3787 4219 4158 
3956 3859 3921 3897 3818 3986 4164 4483 3828 3947 3735 4161 3852 4089 4160 3402 4269 4205 3995 3373 3797 3863 3843 3815 3718 3930 3730 3803 4117 3581 3897 3640 
3344 3843 3845 3722 3543 3888 3905 3965 4053 3516 3504 3976 3704 3959 3638 3560 4274 4167 3664 3333 3726 3837 3821 3964 3512 3931 3656 3744 3769 3294 3953 3478 
4025 4181 4242 3948 3776 4208 4188 4146 3880 3938 3971 3994 4005 4238 4094 3730 4498 4355 3892 3737 3987 4072 4002 4011 3846 4496 4098 4037 4360 3893 4098 3814 
3923 3844 4027 4195 3743 3975 4258 4464 3969 4157 3912 4102 4195 4061 4051 3482 4408 4261 3979 3722 4133 3849 3849 3984 3983 4045 3928 4100 4088 3944 3959 3896 
3645 3795 4003 4128 3615 3883 3908 4168 3778 3739 3882 4042 3862 4129 3947 3686 4383 4158 3848 3458 3975 3949 3728 3863 3640 4047 4030 3602 4135 3776 4122 3654 
3734 3943 3970 4010 3691 3835 4088 4169 3696 4077 3817 4121 3809 3821 3834 3438 4146 4126 3720 3513 3985 3780 3881 3942 3612 3854 3672 3987 4279 3710 3853 3966 
3354 3589 3624 3555 3533 3675 3575 3940 3614 3596 3587 3711 3566 3607 3481 3187 3715 3940 3588 3348 3745 3476 3407 3374 3571 3532 3458 3618 3800 3448 3638 3592 
3950 3900 3841 3817 3688 3957 4076 4240 3696 3806 3625 3796 3715 4002 3794 3451 4133 4121 3710 3532 4027 3813 3805 3940 3455 3874 3689 3708 4058 3702 3681 3657 
3690 3771 3870 3853 3807 3855 4103 4054 3906 3911 3726 3899 3749 3802 3884 3414 4032 4080 3800 3698 3916 3910 3896 3649 3778 3964 3753 3747 4084 3849 4053 3658 
3395 3628 3830 3607 3431 3639 3703 3933 3542 3626 3450 3693 3683 3636 3528 3325 3924 3911 3485 3479 3716 3641 3759 3403 3241 3725 3702 3670 3829 3432 3581 3482 
3251 3767 3862 3641 3509 3675 3924 3764 3664 3605 3544 3602 3669 3606 3819 3405 3879 3962 3514 3634 3719 3583 3751 3509 3396 3706 3624 3449 3941 3397 3695 3455 
3597 3871 3988 3793 3848 3703 3951 3901 3608 3571 3799 3834 3840 3911 3859 3471 4259 4047 3771 3590 3850 3870 3988 3643 3887 4036 3786 3754 3951 3662 3894 3708 
3752 4026 4093 3846 3731 4059 4059 4052 3958 4081 3748 4160 3939 4129 4078 3559 4345 4207 3698 3733 4053 3822 3888 3849 3806 4104 4040 3741 4201 3882 4160 3617 
3951 4077 4287 4150 3872 4187 4037 4191 3936 3963 3861 4177 4062 4249 3840 3840 4448 4459 3953 3867 3946 4261 4177 4170 3934 4143 4147 3902 4162 3630 4081 3887 
3542 3707 3829 3689 3521 3886 3973 4024 3576 3970 3708 3768 3831 3742 3608 3419 4080 3926 3627 3507 3824 3561 3758 3484 3579 3905 3761 3705 3953 3603 3753 3476 
3617 3936 4007 3924 3790 3856 4011 4164 3896 3668 3868 3961 4117 3868 3951 3515 4296 4231 3596 3379 3778 3896 3872 3788 3757 3941 4007 3946 3956 3626 3848 3750 
3796 3979 3877 3632 3738 3865 4020 4064 3715 3870 3601 3922 3741 3874 3824 3808 3924 4098 3609 3777 3750 3731 3768 3833 3527 3882 3960 3797 3797 3693 3689 3508 
3513 3885 3751 3662 3828 3859 4058 4088 3802 3787 3842 3725 3772 3985 3906 3430 4193 4046 3752 3571 3826 3799 3800 3861 3553 3876 3664 3851 3767 3656 3966 3447 
3913 3888 4394 4212 4219 4169 4276 4303 3981 4062 4383 4304 4169 4208 4265 3818 4542 4404 3977 3776 4299 4185 4069 3925 4033 4275 4142 4060 4266 4132 4208 4126 
