1152 1075 1378 1232 1277 1119 1196 1335 1249 1013 1336 1106 1411 1264 1523 992 1484 1360 1135 999 1214 1200 1239 1388 1329 1291 1244 1270 1244 1040 1099 1146 
1216 1185 1451 1427 1280 1257 1251 1380 1423 1097 1302 1223 1455 1357 1601 1058 1547 1365 1176 1156 1270 1215 1416 1391 1360 1370 1197 1324 1377 1004 1222 1228 
983 1044 1314 1249 1135 1269 1178 1322 1313 1088 1291 1289 1190 1155 1373 983 1457 1331 1273 1040 1352 1277 1331 1325 1316 1335 1095 1165 1344 1131 1117 1185 
1139 1257 1571 1328 1343 1358 1297 1569 1473 1266 1282 1321 1496 1534 1445 1187 1650 1557 1318 1229 1374 1437 1527 1398 1532 1471 1266 1378 1302 1123 1392 1229 
1072 1130 1452 1224 1245 1411 1316 1287 1302 1126 1129 1386 1345 1314 1458 1002 1639 1291 1229 992 1430 1255 1284 1488 1485 1359 1139 1131 1297 1153 1351 1220 
1289 1302 1552 1463 1296 1496 1287 1463 1551 1207 1397 1443 1526 1467 1551 1121 1642 1562 1394 1211 1582 1351 1520 1494 1547 1424 1147 1269 1614 1174 1418 1454 
1155 1108 1343 1446 1351 1332 1306 1446 1431 1181 1167 1140 1396 1351 1439 989 1521 1481 1292 1069 1280 1428 1354 1421 1349 1552 1283 1346 1242 1198 1185 1277 
1219 1032 1353 1382 1280 1303 1143 1281 1389 1047 1075 1251 1437 1320 1379 956 1562 1350 1172 941 1182 1251 1031 1283 1506 1347 1173 1103 1224 1033 1131 1263 
1149 1049 1196 1188 1328 1311 1190 1414 1323 1153 1187 1155 1289 1370 1335 939 1479 1328 1214 1011 1226 1268 1259 1363 1283 1245 1145 1146 1225 1100 1089 1208 
1160 1286 1433 1431 1268 1365 1280 1488 1450 1159 1373 1173 1401 1389 1488 1078 1668 1518 1406 1053 1441 1373 1454 1467 1398 1512 1281 1329 1383 1087 1356 1378 
911 1003 1267 1295 1079 1114 1036 1192 1176 1006 1124 1084 1244 1163 1241 960 1383 1265 1169 994 1318 1236 1218 1306 1191 1279 1049 1108 1181 1029 1289 1177 
1220 1245 1552 1448 1302 1404 1341 1514 1529 1187 1261 1375 1532 1448 1496 1048 1686 1424 1282 1121 1474 1519 1453 1401 1513 1418 1311 1389 1433 1237 1263 1275 
1162 1161 1529 1503 1341 1412 1293 1438 1498 1250 1261 1360 1490 1517 1541 1071 1656 1470 1317 1092 1427 1543 1346 1407 1507 1437 1257 1359 1308 1154 1339 1398 
1161 1118 1429 1394 1292 1356 1320 1478 1414 1216 1361 1393 1311 1548 1581 1094 1508 1522 1398 1092 1328 1401 1366 1431 1389 1445 1207 1294 1376 1078 1275 1294 
1106 1103 1457 1396 1250 1406 1204 1358 1430 1135 1112 1370 1310 1421 1342 1124 1637 1395 1243 1055 1336 1399 1418 1515 1387 1396 1083 1159 1333 989 1327 1329 
1191 1139 1420 1314 1206 1372 1152 1364 1380 1123 1245 1244 1334 1374 1504 1021 1533 1394 1249 981 1326 1374 1217 1402 1465 1542 1121 1315 1356 1166 1222 1216 
1249 1251 1537 1593 1325 1398 1418 1593 1506 1395 1390 1328 1531 1535 1660 1144 1708 1666 1407 1392 1494 1322 1465 1604 1615 1578 1258 1435 1563 1356 1400 1493 
1087 1019 1311 1404 1224 1330 1159 1321 1316 1044 1285 1340 1259 1381 1404 1112 1565 1484 1340 1001 1221 1374 1187 1409 1431 1379 1246 1257 1316 1174 1315 1260 
1305 1207 1330 1499 1386 1466 1379 1562 1559 1268 1389 1361 1501 1502 1538 1075 1629 1567 1374 1302 1511 1416 1539 1522 1340 1481 1283 1423 1592 1263 1358 1481 
1044 1042 1266 1341 1366 1297 1037 1315 1421 1108 1248 1271 1350 1376 1388 929 1369 1366 1187 1080 1311 1235 1257 1275 1384 1405 1047 1262 1393 1107 1251 1300 
1386 1228 1517 1433 1375 1503 1415 1519 1541 1280 1346 1366 1413 1529 1622 1106 1695 1634 1420 1189 1641 1429 1484 1667 1489 1482 1324 1374 1485 1375 1406 1440 
1155 1133 1494 1512 1404 1390 1242 1525 1529 1233 1282 1313 1415 1387 1525 1094 1616 1485 1339 1276 1537 1506 1357 1396 1612 1499 1193 1387 1453 1265 1411 1377 
1080 1101 1394 1269 1091 1219 1147 1280 1240 1018 1113 1113 1267 1296 1269 1077 1531 1329 1097 1029 1318 1178 1255 1274 1269 1339 1141 1330 1318 1055 1186 1225 
975 1097 1396 1354 1199 1241 1227 1294 1287 1157 1146 1188 1327 1198 1443 998 1351 1344 1165 1129 1312 1182 1347 1306 1336 1296 1027 1157 1431 1053 1296 1238 
938 1002 1177 1180 1196 1068 1051 1089 1226 938 1112 1161 1185 1152 1345 885 1398 1209 1224 939 1176 1203 1206 1124 1359 1314 1013 1164 1211 1048 1221 1155 
1062 1041 1225 1226 1189 1234 1130 1296 1378 1206 1175 1279 1292 1301 1424 931 1523 1281 1181 1037 1309 1175 1115 1190 1392 1285 1129 1295 1286 1176 1296 1213 
1232 1147 1618 1517 1329 1384 1240 1435 1402 1089 1279 1361 1450 1590 1381 1249 1596 1552 1294 1225 1468 1530 1553 1546 1525 1428 1212 1351 1420 1120 1343 1487 
1196 1077 1321 1238 1062 1310 1162 1361 1264 1151 1114 1136 1366 1297 1311 975 1477 1417 1188 1029 1300 1197 1186 1244 1368 1267 1092 1140 1272 1165 1205 1198 
1224 1202 1462 1395 1291 1328 1181 1468 1519 1136 1261 1160 1514 1290 1470 1007 1671 1393 1243 1057 1385 1473 1375 1390 1481 1481 1190 1362 1307 1197 1349 1259 
1000 1003 1088 1002 1127 1141 1005 1250 1150 1035 1097 1112 1210 1268 1209 1044 1339 1282 1060 964 1197 1128 1096 1251 1251 1122 1024 1095 1151 1039 950 1005 
1030 1054 1313 1151 1207 1237 1143 1339 1384 1161 1194 1199 1265 1309 1512 909 1378 1284 1300 988 1313 1263 1192 1397 1242 1316 1006 1231 1092 1164 1213 1129 
1131 965 1481 1407 1441 1366 1248 1499 1455 1165 1537 1467 1433 1434 1583 1142 1546 1538 1330 1037 1390 1458 1324 1564 1463 1440 1336 1320 1401 1354 1389 1436 
