2056 1824 2152 1870 1973 1844 1942 2211 2030 1830 2235 1895 2008 2142 2012 1698 2199 2144 1767 1687 2098 1950 2055 2170 1763 2144 1993 2065 1977 1690 1858 1977 
1740 1675 2061 1870 1735 1792 1879 1949 1936 1619 1945 1846 1908 1985 1970 1673 2080 2012 1630 1728 1900 1748 2014 1998 1889 1954 1807 1853 1958 1422 1772 1762 
1620 1636 2007 1808 1679 1819 1907 1945 1935 1793 1968 1978 1702 1906 1875 1714 2203 2094 1794 1784 2157 2030 2171 2027 1843 2127 1771 1823 2026 1725 1747 1901 
1759 1908 2161 1856 1907 2002 2057 2266 2141 1944 1997 2044 2055 2246 1899 1892 2389 2360 1886 2028 2164 2168 2345 2185 2080 2238 2042 2124 1977 1619 2081 1826 
1745 1820 2082 1803 1893 2081 2024 1926 1948 1819 1879 2047 1880 2070 1920 1627 2381 2045 1758 1730 2162 1980 2058 2243 2008 2075 1892 1770 2052 1767 2009 1894 
1967 1878 2187 2020 1815 2112 1936 2104 2147 1883 2103 2038 2050 2181 2067 1690 2303 2122 1871 1831 2315 2032 2218 2035 1969 2063 1761 1883 2318 1787 2084 2046 
1816 1774 2042 2042 2004 1915 2022 2013 2103 1844 1977 1792 1975 2163 1946 1715 2283 2237 1893 1771 2087 2157 2186 2179 1991 2310 2002 1998 2043 1905 1874 1946 
1791 1563 1851 1816 1788 1807 1646 1855 1966 1687 1728 1824 1866 1956 1779 1490 2103 1961 1720 1439 1878 1830 1588 1860 1918 1951 1712 1596 1830 1530 1642 1812 
1912 1866 1918 1815 2012 2031 2028 2109 2079 1860 2038 1849 1906 2193 1899 1676 2302 2144 1834 1821 2074 2093 2116 2192 1849 2009 1911 1963 2036 1747 1866 1932 
1920 1984 2095 2033 1911 2029 2048 2285 2191 1885 2202 1888 2032 2229 1984 1779 2404 2327 1983 1800 2297 2075 2282 2194 1915 2337 2044 2096 2054 1698 2175 2127 
1611 1597 1964 1895 1787 1775 1813 1980 1856 1799 2000 1907 1890 1963 1790 1625 2198 2089 1857 1836 2185 2004 2139 2042 1715 2171 1854 1873 1953 1697 2135 1961 
2025 1990 2256 2051 2001 2018 2107 2214 2255 1927 2054 2138 2063 2269 2034 1754 2442 2227 1929 1820 2326 2361 2264 2237 2012 2154 2055 2178 2149 1891 1972 2023 
1730 1702 2096 2028 1949 2014 1938 2099 2081 1926 2005 1972 2093 2194 1962 1605 2320 2091 1781 1794 2129 2140 2107 1989 1925 2238 1902 1996 1848 1706 2073 2085 
1801 1558 1885 1808 1803 1807 1816 2108 1960 1747 1932 1987 1681 2075 1980 1525 2035 2047 1896 1590 1958 1980 1955 1856 1687 1957 1784 1874 1816 1541 1827 1804 
1762 1784 2017 1938 1857 1996 1915 1960 2129 1804 1836 2013 1861 2247 1822 1742 2350 2185 1766 1707 2039 2144 2254 2362 1890 2105 1777 1944 1949 1503 2016 1964 
1988 2017 2238 1917 1924 2078 1988 2102 2123 1852 2148 2008 2011 2224 2060 1771 2424 2206 1938 1877 2179 2189 2093 2232 2061 2436 1941 2207 2241 1894 1962 2031 
2020 1866 2136 2213 1881 2044 2094 2286 2162 2082 2128 2085 2036 2293 2069 1762 2431 2410 2033 2036 2321 2111 2185 2256 2089 2327 1897 2122 2206 1962 2064 2211 
1726 1579 2014 1958 1766 1924 1797 1964 1939 1688 1942 1969 1813 2173 1876 1774 2180 2115 1830 1692 1991 1998 1837 1996 1886 2114 1892 1762 2025 1785 1927 1915 
2145 1965 2145 2126 2092 2105 2156 2356 2294 2055 2256 2236 2103 2317 2121 1811 2380 2360 2074 2093 2369 2241 2405 2349 1910 2251 2093 2237 2426 1994 2134 2258 
1583 1534 1672 1811 1919 1809 1563 1977 2000 1668 1859 1905 1785 1975 1754 1452 1951 2047 1755 1726 2030 1842 1862 1881 1825 2013 1676 1839 1972 1540 1884 1898 
2037 1830 2116 1998 1974 2075 2099 2229 2172 1965 2070 2045 1924 2182 2067 1701 2305 2232 1956 1856 2325 2120 2155 2299 1891 2159 1946 2043 2144 1968 2023 2071 
1820 1702 2029 2018 2012 1911 1984 2182 2213 1875 2053 2053 1930 2072 2017 1713 2331 2235 2009 1970 2270 2153 2160 2049 2150 2240 1902 2086 2044 1827 2071 2090 
1755 1699 2010 1810 1695 1781 1737 1965 1816 1743 1833 1798 1761 1895 1721 1613 2177 2007 1651 1719 2087 1879 1968 1840 1697 2030 1825 1945 1919 1660 1870 1871 
1620 1738 2053 1946 1798 1876 1959 1952 1921 1878 1892 1891 1873 1938 1962 1630 2047 2115 1796 1910 2049 1917 2151 2028 1887 1984 1753 1770 2172 1674 2008 1943 
1603 1669 1813 1710 1769 1695 1665 1750 1868 1625 1856 1784 1718 1908 1795 1502 2069 1962 1823 1707 1910 1847 1986 1834 1948 1997 1751 1802 1850 1560 1891 1892 
1724 1665 1860 1767 1715 1876 1772 1873 1947 1846 1804 1943 1870 2012 1905 1574 2189 1962 1672 1802 2026 1867 1902 1924 1890 1985 1812 1876 1985 1762 2061 1851 
1964 1814 2287 2097 1942 2035 1918 2095 2053 1834 2048 2103 1974 2368 1816 1962 2336 2365 1969 1964 2237 2307 2331 2343 2106 2188 1926 2060 2161 1714 1984 2208 
1807 1628 1960 1725 1576 1917 1772 1982 1865 1882 1929 1697 1877 1939 1698 1552 2122 2079 1738 1660 2046 1723 1980 1901 1801 1977 1749 1833 1923 1658 1866 1805 
1881 1856 2062 1843 1831 1823 1827 2144 2190 1663 1992 1858 1986 1965 1930 1665 2234 2057 1854 1671 2052 2128 2000 2102 1863 2198 1813 2062 1894 1691 1953 1850 
1810 1770 1761 1624 1800 1758 1741 2000 1862 1767 1856 1864 1724 2000 1736 1762 2018 2022 1713 1834 2001 1912 1916 2066 1746 1830 1830 1845 1868 1692 1664 1757 
1631 1653 1801 1679 1853 1857 1873 1927 2046 1737 1933 1824 1851 2073 1998 1452 2151 1908 1845 1747 1932 1920 1980 2070 1762 2021 1702 1951 1812 1740 1833 1753 
1997 1692 2251 2131 2118 2070 2115 2259 2200 1935 2466 2317 2053 2291 2166 1878 2434 2339 2086 1849 2361 2384 2253 2304 2087 2338 2169 2155 2231 2127 2158 2258 
