4942 4951 5066 4779 4959 4879 5011 5091 4841 4775 5020 4850 4841 4961 5255 4566 5366 5004 4680 4611 4905 4662 4749 4781 4797 5233 4845 4860 5247 4735 4553 4850 
4770 5120 5402 5056 4811 4889 4884 5052 4967 4632 4828 4989 4936 5059 5052 4478 5450 5286 4465 4588 4790 4689 4693 4816 4929 4926 4654 4773 5315 4486 4742 4789 
4837 5426 5597 5048 4873 5095 5189 5201 5166 5136 5306 5281 4918 5164 5220 4905 5827 5555 4890 4940 5344 5332 4930 4813 5125 5355 5139 4821 5297 5080 4937 5193 
4799 5536 5657 5211 5218 5032 5375 5673 5495 5394 5128 5369 5175 5550 5113 5130 5914 5906 5143 5205 5365 5156 5168 5007 5286 5571 5223 5187 5321 4967 5374 4872 
5304 5619 5815 5336 5439 5662 5508 5421 5409 5400 5096 5655 5143 5480 5643 4797 6411 5434 5131 5045 5410 5347 4914 5331 5569 5715 5207 5039 5746 5320 5319 5179 
5467 5622 5721 5247 5034 5540 5504 5511 5415 5311 5267 5537 5508 5526 5570 5043 5744 5570 5269 4990 5370 5335 5230 5338 5286 5363 5176 5025 5820 5202 5251 5149 
4648 5057 5233 4847 4735 4751 4886 5032 4882 4781 4738 4925 4836 4974 5102 4517 5346 5271 4806 4584 4934 5053 4584 4828 4711 5142 5041 4743 5086 5112 4629 4643 
5152 5193 5314 5081 4954 4887 5014 5202 5162 4867 4798 5109 4853 5187 5166 4530 5680 5378 4894 4412 5056 5047 4428 4858 5255 5340 4916 4711 5255 5004 4869 5113 
4977 5422 5263 5101 5264 5162 5188 5536 5159 4946 4925 5158 5071 5381 5298 4783 5777 5206 5232 4947 5333 5083 5039 4988 4895 5217 4859 4894 5428 5019 4733 5005 
5256 5557 5549 5164 4812 5013 5558 5766 5418 5192 5230 5037 5227 5445 5392 4875 5944 5488 5247 4738 5131 5247 5127 5175 5099 5499 5103 5140 5482 5304 5449 4944 
4717 5072 5309 4917 4589 4782 5007 5265 4821 4913 5260 4891 4905 4920 4982 4565 5454 5221 5057 4806 5075 5015 4961 4856 4827 5259 4888 4743 5087 5043 5237 4994 
5137 5196 5545 5334 4836 5146 5410 5364 5032 5013 5245 5215 5059 5486 5179 4556 5752 5223 4863 4590 5019 5312 5035 5077 5026 5141 5040 5120 5356 4960 4951 4806 
5047 5802 5782 5612 5397 5465 5508 5856 5434 5508 5420 5412 5668 5691 5677 4995 6192 5855 5388 5333 5453 5702 5111 5017 5581 5628 5298 5374 5596 5256 5516 5569 
5015 5158 5094 5201 4763 4997 5300 5629 5148 5005 4782 5126 4947 5264 5471 4544 5591 5375 5175 4386 4951 5018 4674 4867 4908 5185 4872 4921 5361 4882 4919 4879 
4536 5531 5432 5126 4836 5170 5126 5303 5523 4886 4875 5341 5064 5422 5201 4913 5867 5501 5045 4525 5151 5162 4742 5117 4899 5393 4910 5088 5320 4782 5213 4883 
5136 5457 5484 5024 4765 5325 5272 5349 5013 4909 5126 5054 5008 5442 5454 4760 5804 5502 5171 4954 5095 5340 5012 5080 5071 5689 5247 5137 5581 5265 5172 4935 
4990 4982 5152 5253 4677 4993 5259 5553 5133 5174 4956 5236 5169 5174 5338 4424 5628 5266 5137 4689 5259 4996 4699 5018 5066 5068 5048 5105 5268 5160 5016 5057 
4839 5511 5396 5472 4937 5155 5016 5528 5221 4995 5354 5372 5176 5473 5527 5004 6036 5546 5319 4742 5415 5329 4743 5065 5008 5482 5198 4870 5588 5327 5394 5010 
5080 5498 5487 5380 4921 5132 5382 5501 5107 5304 5110 5349 5008 5283 5312 4779 5657 5479 5129 4882 5309 5201 4938 5204 5058 5334 5032 5340 5687 5220 5117 5365 
4566 4906 5003 4773 4608 4867 4649 5030 4884 4655 4725 4856 4662 4781 4871 4330 5125 5046 4782 4520 4953 4782 4325 4390 4803 4918 4488 4641 4884 4898 4692 4687 
5318 5604 5518 5293 5013 5202 5356 5731 5194 5124 5009 5011 4964 5596 5311 4754 5760 5490 5175 4842 5443 5252 4826 5141 4925 5361 5132 5105 5635 5307 4894 5188 
4930 5231 5230 5172 5018 5092 5228 5197 5192 4940 4994 5154 4932 5088 5205 4693 5432 5352 5102 4869 5104 5175 4882 4877 5043 5261 4890 4970 5405 5250 5205 4933 
4701 5147 5164 4687 4675 4888 4748 5184 4864 4844 4716 4795 4745 4992 4858 4486 5453 5258 4743 4625 5015 4955 4640 4556 4524 4989 4831 4874 5140 4776 4712 4767 
4420 5155 5210 4729 4759 4746 4889 4882 4854 4741 4724 4799 4663 5025 5056 4541 5316 5188 4760 4774 4930 4749 4703 4470 4644 4996 4811 4566 5239 4737 4818 4706 
4724 5128 5158 5035 4852 4808 5019 5070 4724 4695 4962 4898 4883 5093 5235 4564 5608 5091 4874 4771 5031 5083 4718 4662 5092 5354 4808 4886 5266 4983 5039 4946 
4820 5295 5251 4902 4742 5117 5004 5146 5088 5269 4869 5193 4976 5237 5461 4687 5649 5265 4825 4884 5216 4853 4702 4726 4948 5270 5053 4765 5295 5049 5268 4748 
5259 5458 5848 5553 5231 5420 5218 5441 5246 5181 5151 5576 5196 5666 5282 5055 6122 5710 5262 5029 5144 5490 5213 5425 5197 5480 5310 5205 5689 4914 5372 5289 
4843 5283 5303 4968 4753 5149 5116 5249 5068 5314 4915 5085 5090 5165 5073 4815 5659 5245 4940 4714 5201 4866 4736 4543 4987 5199 4908 5025 5396 5061 4977 4735 
5003 5399 5374 5191 5119 4990 5048 5413 5299 4887 5214 5134 5295 5131 5408 4757 5927 5475 4896 4632 5252 5204 4864 4872 5039 5388 5107 5143 5308 5057 5127 5126 
5172 5498 5259 4959 4926 5098 5114 5435 5002 4918 4974 5050 4943 5133 5165 4961 5352 5227 5018 4968 4989 4948 4745 4953 4768 5171 5089 5028 5127 5018 4854 4756 
4945 5535 5458 5188 5052 5210 5453 5380 5300 5180 5303 5139 5031 5498 5522 4840 5912 5344 5213 4836 5236 5234 4897 5161 5031 5338 5003 5240 5267 5316 5355 5025 
5294 5479 5910 5663 5517 5438 5524 5655 5557 5367 5774 5587 5439 5623 5784 5271 6145 5747 5434 5185 5770 5509 5129 5094 5510 5779 5413 5289 5600 5736 5539 5535 
