3110 2901 3247 3048 2952 2923 3125 3273 3029 3112 3287 2997 3145 3040 3009 2746 3303 3277 2771 2824 3116 2795 3069 3147 2878 3200 3110 3135 3132 2580 2854 3129 
2956 2916 3371 3152 2757 2966 3062 3170 3100 2955 3083 3060 3119 3054 3017 2859 3335 3385 2585 2838 3044 2840 2980 3173 3046 2987 2956 3032 3063 2368 2990 2936 
2983 3135 3474 3414 3014 3220 3424 3374 3148 3312 3365 3406 3077 3076 3202 3073 3714 3625 3077 3172 3427 3380 3345 3351 3209 3428 3232 3166 3363 2964 3132 3378 
3040 3259 3596 3434 3138 3325 3385 3659 3425 3429 3187 3535 3422 3519 2992 3151 3794 3771 3139 3387 3473 3399 3470 3510 3268 3572 3384 3417 3282 2822 3497 3147 
3004 3165 3505 3285 3101 3410 3458 3319 3148 3238 3045 3427 3104 3167 3232 2847 3805 3396 2849 2940 3444 3244 3087 3452 3258 3383 3202 3088 3348 2945 3193 3253 
3373 3377 3553 3504 3030 3482 3404 3560 3422 3364 3332 3599 3629 3386 3413 3038 3720 3526 3158 3090 3598 3333 3423 3521 3251 3366 3212 3318 3683 2877 3349 3324 
2872 2939 3299 3176 3010 2949 3190 3183 3217 3027 2986 3013 3118 3151 3028 2744 3343 3482 2868 2886 3132 3238 3027 3227 2996 3334 3216 3102 3153 2986 2927 2962 
2986 2899 3246 3222 2868 2949 2842 3111 3152 3103 2813 3088 3093 3105 2937 2690 3485 3282 2850 2581 3173 3012 2561 3100 3115 3190 2972 2865 3013 2561 2987 3194 
2927 3109 3178 3099 3090 3183 3143 3307 3188 2969 3103 3100 3141 3216 3000 2863 3436 3329 2981 2994 3234 3165 3128 3334 2859 3164 3050 3074 3328 2728 2862 3153 
3254 3275 3488 3287 2944 3137 3532 3779 3352 3298 3339 3166 3433 3366 3262 2985 3758 3557 3215 2960 3423 3288 3343 3538 3178 3538 3365 3360 3307 2912 3498 3286 
2765 2908 3317 3141 2883 3039 3055 3380 3052 3150 3282 3125 3185 3025 3033 2796 3519 3389 3082 3024 3258 3084 3245 3270 2916 3374 3111 3074 3088 2836 3437 3193 
3351 3313 3608 3577 3210 3384 3549 3613 3346 3360 3467 3597 3493 3546 3331 2865 3778 3529 3010 2990 3502 3602 3417 3621 3270 3498 3478 3501 3458 2988 3300 3310 
3194 3418 3819 3693 3397 3536 3614 3789 3576 3690 3594 3565 3796 3498 3552 3157 4033 3869 3241 3365 3581 3644 3428 3525 3579 3708 3469 3531 3316 3101 3668 3688 
3312 3129 3396 3358 3121 3240 3429 3692 3315 3331 3360 3455 3208 3347 3424 2765 3617 3488 3248 2878 3316 3252 3169 3328 3082 3412 3202 3264 3261 2840 3250 3217 
2849 3128 3259 3164 2814 3233 3158 3219 3490 2923 2945 3376 3094 3313 3009 2917 3648 3513 2938 2855 3179 3303 3146 3588 2967 3343 3049 3183 3096 2598 3302 3144 
3300 3400 3536 3329 2905 3366 3228 3327 3246 3211 3319 3257 3302 3384 3276 3023 3744 3558 3112 3054 3356 3427 3211 3516 3133 3810 3381 3395 3512 3001 3261 3389 
3279 3062 3465 3624 3094 3217 3457 3607 3383 3447 3307 3349 3472 3365 3365 2876 3736 3605 3201 3079 3613 3255 3192 3625 3429 3517 3227 3485 3473 3185 3359 3459 
3002 2917 3304 3460 2806 3098 3048 3288 3164 2970 3228 3368 3141 3289 3161 2947 3606 3431 3008 2751 3301 3262 2863 3367 3055 3345 3271 3031 3365 2882 3327 3198 
3224 3259 3429 3542 3179 3288 3551 3613 3303 3422 3405 3589 3320 3300 3334 2941 3679 3595 3130 3065 3595 3315 3356 3502 3177 3355 3236 3551 3742 3066 3339 3571 
2898 2827 3108 3063 2963 2997 2872 3292 3185 3032 3085 3133 3014 3064 2925 2591 3307 3368 2862 2865 3304 2960 2790 3053 3119 3035 2927 3098 3186 2672 3134 3174 
3319 3145 3282 3249 2982 3135 3274 3423 3136 3120 3092 3135 3116 3251 3082 2724 3487 3442 2965 2883 3458 3224 3135 3461 2877 3230 3098 3136 3307 2893 3013 3270 
3164 3016 3279 3345 3103 3110 3306 3448 3473 3277 3270 3329 3167 3106 3326 2803 3481 3485 3204 3111 3396 3371 3143 3217 3296 3420 3199 3289 3377 3035 3354 3241 
2851 2914 3248 3084 2747 2868 2865 3201 2989 3002 2926 3083 3042 2941 2880 2674 3388 3239 2726 2883 3165 2985 3041 3042 2715 3151 3100 3129 3142 2614 3034 3022 
2643 2922 3256 3184 2747 3005 3134 3071 2966 2971 2972 3049 2970 2876 3117 2707 3173 3311 2837 2905 3111 2979 3025 3032 2819 3039 2945 2891 3319 2670 3001 3038 
2890 2953 3276 3064 2951 2822 2972 3070 2918 2868 3106 3042 3072 3045 3112 2736 3488 3269 2945 2894 3230 3105 3077 3162 3150 3300 3060 3068 3103 2771 3099 3242 
2987 3141 3348 3180 2887 3229 3185 3213 3254 3271 3105 3491 3188 3213 3232 2798 3586 3382 2884 3032 3300 3153 3092 3270 3159 3342 3313 3133 3384 2963 3394 3139 
3208 3232 3665 3604 3040 3404 3177 3393 3280 3251 3281 3557 3470 3477 3101 3148 3739 3689 3135 3226 3305 3592 3378 3585 3261 3409 3430 3395 3380 2817 3280 3485 
2953 2947 3265 3197 2794 3101 3126 3282 3014 3334 3157 3117 3193 3067 2935 2766 3436 3352 2949 2847 3293 2888 2978 3135 2981 3279 3105 3142 3222 2787 3142 3064 
3026 3218 3372 3356 3055 3080 3152 3410 3313 3033 3255 3298 3378 3077 3194 2885 3658 3502 2878 2794 3249 3240 3117 3336 3141 3317 3292 3375 3263 2767 3213 3273 
3031 3091 3266 3013 2878 2935 3036 3244 3070 3145 2924 3239 2995 3059 2979 3055 3294 3306 2785 3091 3163 3016 2939 3247 2886 3089 3231 3117 3025 2739 2864 2985 
2962 3044 3172 3085 3055 3085 3259 3295 3279 3136 3268 3065 3104 3214 3234 2703 3500 3359 3018 3001 3255 3138 3047 3415 2963 3234 3020 3268 3041 2895 3177 3031 
3259 3099 3749 3651 3326 3396 3424 3522 3318 3439 3676 3592 3389 3407 3468 3119 3803 3737 3149 3135 3673 3583 3295 3529 3396 3573 3408 3445 3540 3326 3457 3701 
