597 488 675 650 672 616 714 814 707 509 720 527 776 572 809 456 757 770 637 449 650 581 608 690 652 741 832 654 615 660 570 563 
497 555 681 689 651 581 677 793 680 551 684 516 704 629 781 535 709 752 617 581 676 544 754 657 578 747 667 661 682 536 573 518 
567 535 705 720 621 578 700 759 706 557 648 562 583 548 723 494 634 756 621 565 715 574 706 695 670 724 635 548 756 593 599 590 
565 683 872 761 665 636 771 865 741 682 672 537 795 683 800 601 807 827 713 709 773 596 819 764 794 871 750 679 697 681 723 565 
503 541 696 580 621 625 687 762 611 512 603 639 671 625 773 500 702 734 650 449 691 499 629 709 739 738 612 451 654 588 601 567 
549 493 650 666 637 605 674 709 666 589 633 631 636 620 695 488 544 791 615 503 686 466 689 698 615 725 570 497 754 601 600 637 
672 670 817 1010 767 688 843 940 823 710 755 550 907 753 836 602 884 999 796 702 782 768 841 804 772 976 872 786 837 739 710 778 
513 456 601 677 617 592 594 655 602 494 580 473 683 577 651 448 687 721 590 444 569 491 484 624 632 732 715 451 568 558 493 565 
505 360 532 550 625 532 617 707 616 483 599 469 586 533 638 394 564 655 535 460 568 440 559 606 507 590 661 507 582 543 457 524 
542 605 738 797 663 623 723 834 719 608 772 497 774 645 820 511 724 855 675 527 722 594 731 770 690 806 744 644 695 590 627 641 
463 521 752 801 649 613 638 719 688 586 717 560 735 618 805 536 680 834 674 633 771 636 667 758 637 837 658 579 708 672 725 711 
581 614 794 727 638 595 767 867 681 564 671 547 701 652 798 546 690 807 634 576 714 661 759 698 646 768 745 668 731 626 556 506 
516 577 743 825 665 667 719 779 646 601 650 608 707 646 766 544 723 782 734 585 774 661 678 716 654 816 727 655 709 680 704 620 
529 491 686 767 646 609 684 746 618 549 605 607 652 649 756 516 552 746 651 494 679 596 629 661 650 750 645 563 697 502 574 583 
520 560 715 731 610 653 631 762 683 562 580 643 623 652 704 603 687 804 663 556 636 588 744 757 632 834 582 562 769 513 625 622 
621 549 746 742 626 608 693 804 663 539 603 545 705 722 772 515 689 808 668 516 701 685 669 751 712 879 649 647 719 651 644 594 
573 620 760 902 637 664 778 865 733 727 699 589 771 748 765 580 795 930 724 731 762 607 794 792 768 957 733 743 817 765 820 754 
542 477 643 833 601 625 670 736 654 562 647 638 659 672 674 583 647 859 738 579 584 613 558 664 677 769 736 634 768 675 720 602 
710 602 704 914 835 766 847 964 836 746 795 672 857 803 856 605 791 951 780 724 845 661 811 781 690 951 789 785 902 736 713 778 
566 495 618 775 721 630 630 734 751 585 698 641 716 646 795 468 630 833 680 579 732 574 673 719 696 849 639 597 771 615 690 661 
642 608 742 783 744 681 772 876 772 647 741 600 759 696 806 496 698 883 748 524 838 670 775 799 693 827 761 649 742 730 628 698 
569 537 750 917 689 569 731 819 749 577 650 544 730 603 799 464 695 817 704 710 778 702 721 654 786 884 697 664 782 687 749 693 
582 566 770 736 567 613 727 768 607 552 608 470 696 686 676 577 679 786 571 557 712 630 728 677 570 762 690 695 705 608 549 600 
491 540 727 777 613 615 663 719 629 582 619 608 720 579 762 516 634 824 634 591 729 574 729 653 704 795 588 597 757 613 748 614 
366 398 499 655 504 417 490 505 475 367 502 407 576 434 544 373 487 580 592 408 527 506 608 400 578 640 508 485 572 536 539 454 
498 486 596 717 602 595 673 799 670 545 629 548 667 622 716 436 688 741 683 553 677 543 601 653 640 698 595 586 638 607 646 604 
551 516 761 767 607 629 647 729 687 507 587 556 653 642 692 540 658 805 639 607 738 613 716 699 706 775 654 584 741 606 602 681 
664 608 707 713 633 687 778 920 721 616 678 575 819 738 783 523 803 914 680 579 733 572 708 735 789 807 750 707 729 729 688 619 
581 531 766 733 588 544 684 794 696 551 638 368 758 567 749 420 713 766 631 523 705 670 726 717 668 803 652 644 609 683 669 599 
577 528 545 588 561 582 639 797 658 565 589 543 633 666 688 549 646 797 624 526 650 521 602 663 621 597 635 574 704 592 485 528 
568 513 690 680 593 543 636 773 695 603 597 514 717 594 784 438 609 720 733 512 720 615 638 752 555 746 590 587 552 646 625 556 
656 502 774 869 796 697 768 932 869 652 835 690 809 665 958 519 722 970 777 557 782 786 743 874 708 884 857 686 853 789 755 756 
