2513 2289 2701 2430 2424 2197 2517 2709 2437 2398 2684 2332 2537 2599 2470 2173 2635 2576 2259 2212 2620 2332 2422 2627 2257 2639 2466 2484 2483 2100 2259 2497 
2430 2267 2720 2587 2379 2345 2500 2543 2546 2263 2493 2439 2504 2610 2500 2276 2653 2671 2080 2337 2561 2291 2449 2640 2513 2538 2382 2352 2572 1922 2350 2364 
2333 2357 2761 2635 2341 2456 2624 2548 2521 2539 2632 2613 2313 2569 2442 2354 2938 2760 2391 2515 2906 2669 2711 2709 2492 2829 2414 2366 2630 2330 2424 2587 
2398 2624 2912 2727 2600 2608 2782 2912 2794 2714 2546 2740 2744 2925 2385 2520 3047 3036 2487 2761 2936 2836 2873 2868 2751 2991 2686 2642 2592 2290 2753 2479 
2427 2555 2826 2609 2518 2714 2802 2654 2572 2532 2497 2744 2517 2760 2578 2261 3116 2708 2372 2369 2922 2727 2562 2930 2720 2813 2537 2397 2755 2414 2644 2569 
2673 2636 2798 2748 2456 2718 2612 2773 2678 2605 2645 2700 2792 2827 2670 2310 2955 2720 2484 2501 2976 2657 2808 2747 2632 2742 2372 2473 3014 2321 2627 2659 
2368 2349 2682 2637 2541 2409 2662 2599 2640 2413 2415 2353 2500 2732 2434 2214 2736 2745 2333 2290 2650 2726 2554 2677 2515 2865 2592 2437 2612 2474 2339 2436 
2438 2236 2517 2669 2405 2371 2310 2420 2552 2479 2303 2451 2419 2666 2382 2083 2882 2639 2312 2094 2713 2512 2067 2518 2660 2709 2390 2155 2481 2158 2355 2552 
2477 2521 2592 2529 2587 2612 2666 2726 2713 2408 2553 2585 2548 2796 2432 2322 2862 2690 2431 2437 2733 2717 2606 2839 2448 2683 2537 2493 2703 2284 2317 2550 
2475 2526 2788 2612 2423 2439 2862 2979 2613 2569 2713 2427 2676 2817 2521 2271 2971 2772 2471 2385 2886 2625 2761 2772 2633 2897 2589 2559 2594 2258 2641 2613 
2180 2175 2654 2488 2406 2266 2458 2589 2328 2453 2536 2438 2447 2554 2351 2221 2735 2632 2425 2404 2790 2542 2640 2626 2277 2764 2431 2370 2502 2214 2642 2539 
2750 2731 3042 2841 2692 2664 2868 2886 2781 2706 2742 2858 2775 3006 2725 2311 3071 2875 2489 2482 3025 3035 2850 3005 2712 2948 2803 2841 2859 2489 2682 2697 
2452 2455 2904 2851 2696 2628 2815 2862 2708 2778 2703 2657 2873 2902 2663 2332 3113 2831 2442 2565 2936 2849 2667 2742 2769 2908 2608 2597 2586 2376 2676 2798 
2661 2470 2767 2725 2590 2513 2759 2929 2613 2666 2743 2740 2501 2847 2750 2181 2875 2813 2653 2359 2834 2732 2642 2636 2501 2782 2531 2574 2619 2278 2589 2621 
2251 2363 2574 2520 2324 2507 2479 2521 2659 2293 2322 2613 2346 2815 2250 2235 2877 2664 2267 2268 2638 2719 2589 2874 2367 2729 2260 2405 2507 1974 2501 2495 
2652 2726 2895 2645 2483 2702 2600 2670 2681 2559 2733 2616 2626 2844 2626 2340 3107 2851 2475 2466 2793 2820 2595 2860 2590 3162 2626 2789 2911 2412 2578 2782 
2680 2480 2898 2990 2537 2582 2832 2906 2718 2839 2750 2684 2751 2956 2705 2366 3043 2998 2624 2638 3139 2696 2651 2938 2890 2957 2550 2821 2889 2631 2715 2909 
2357 2239 2665 2740 2285 2505 2477 2544 2532 2391 2623 2628 2349 2761 2482 2324 2864 2764 2368 2287 2749 2647 2337 2620 2538 2760 2518 2354 2826 2362 2617 2624 
2612 2499 2715 2823 2536 2528 2766 2826 2717 2620 2727 2828 2589 2843 2655 2277 2841 2805 2521 2557 3082 2753 2728 2818 2532 2788 2511 2720 3032 2475 2666 2781 
2303 2206 2515 2523 2560 2394 2287 2634 2598 2367 2584 2460 2385 2647 2387 2029 2637 2661 2326 2355 2849 2410 2308 2460 2555 2649 2278 2367 2614 2161 2528 2611 
2814 2626 2824 2751 2612 2721 2841 2903 2817 2699 2721 2708 2614 2869 2701 2345 3047 2963 2562 2556 3041 2799 2721 2977 2536 2900 2639 2680 2795 2579 2656 2810 
2492 2446 2717 2714 2599 2481 2673 2827 2784 2570 2620 2598 2540 2663 2620 2234 2802 2770 2594 2553 2925 2720 2631 2598 2690 2874 2522 2584 2727 2389 2617 2699 
2286 2271 2552 2475 2198 2273 2305 2496 2311 2376 2310 2356 2312 2409 2221 2066 2648 2499 2122 2266 2621 2371 2434 2389 2233 2602 2425 2378 2466 2068 2335 2396 
2186 2353 2620 2565 2285 2462 2483 2467 2457 2386 2359 2437 2364 2462 2477 2144 2573 2611 2270 2419 2576 2429 2572 2496 2395 2569 2319 2236 2751 2134 2429 2488 
2342 2380 2657 2444 2393 2326 2434 2422 2436 2333 2539 2479 2413 2658 2439 2187 2820 2606 2402 2367 2704 2567 2526 2618 2715 2780 2439 2434 2546 2246 2586 2651 
2298 2404 2653 2517 2354 2520 2496 2493 2550 2520 2453 2707 2445 2674 2564 2147 2845 2575 2250 2398 2752 2551 2421 2538 2552 2749 2523 2397 2719 2385 2651 2539 
2570 2561 3009 2857 2494 2672 2565 2624 2557 2544 2618 2734 2662 2968 2421 2614 2966 2963 2516 2691 2820 2951 2867 2901 2629 2833 2659 2668 2811 2252 2541 2838 
2437 2364 2698 2589 2237 2540 2556 2684 2472 2712 2571 2416 2604 2659 2329 2192 2804 2709 2403 2349 2830 2411 2492 2587 2487 2730 2443 2506 2688 2321 2544 2500 
2340 2377 2635 2511 2359 2288 2374 2566 2625 2242 2461 2442 2486 2502 2458 2196 2772 2588 2249 2170 2642 2602 2398 2590 2477 2711 2442 2567 2485 2087 2470 2490 
2421 2415 2490 2410 2392 2352 2419 2545 2462 2449 2386 2516 2382 2596 2303 2383 2622 2612 2216 2527 2634 2480 2400 2629 2353 2471 2493 2448 2516 2232 2224 2383 
2274 2353 2467 2369 2506 2413 2538 2585 2638 2433 2571 2345 2409 2672 2555 2025 2786 2569 2392 2399 2643 2529 2451 2746 2382 2653 2321 2472 2368 2327 2479 2391 
2840 2526 3201 3108 2863 2811 2947 2932 2859 2866 3199 3039 2824 3065 2945 2603 3210 3091 2758 2615 3254 3124 2840 3067 2874 3186 2906 2826 3038 2899 2929 3043 
