4397 4262 4437 4073 4270 4217 4419 4431 4056 4239 4475 4286 4217 4356 4432 3942 4637 4399 4004 3946 4244 3962 4275 4253 4165 4526 4232 4348 4544 4061 3961 4199 
4081 4360 4539 4374 4106 4236 4339 4300 4159 3971 4129 4260 4218 4325 4224 3845 4684 4506 3847 3944 4072 3944 4185 4195 4182 4199 3967 4173 4448 3760 4080 3953 
4104 4495 4656 4328 4177 4393 4594 4361 4250 4376 4526 4483 4112 4291 4283 4171 5041 4648 4141 4302 4537 4494 4331 4195 4275 4579 4361 4243 4551 4195 4194 4260 
4225 4709 4844 4487 4486 4462 4715 4930 4638 4652 4436 4719 4471 4856 4190 4375 5168 5019 4417 4526 4664 4567 4666 4499 4508 4839 4555 4615 4631 4185 4736 4072 
4478 4828 4976 4574 4640 4969 4854 4647 4515 4682 4433 5008 4458 4749 4786 4190 5523 4716 4448 4238 4675 4571 4295 4684 4732 4911 4463 4458 4979 4538 4587 4349 
4820 4938 4948 4619 4456 4922 4910 4874 4633 4704 4529 4892 4817 4860 4746 4412 5100 4852 4626 4368 4728 4687 4702 4686 4619 4704 4479 4524 5121 4466 4579 4354 
4004 4260 4434 4172 4061 4030 4333 4220 4025 4083 4002 4165 4066 4263 4137 3793 4541 4485 4087 3915 4142 4307 3986 4202 4030 4396 4217 4136 4328 4299 3877 3789 
4472 4488 4509 4371 4326 4354 4394 4454 4376 4272 4182 4464 4209 4540 4395 3984 4967 4612 4229 3715 4425 4387 3947 4320 4533 4640 4251 4150 4547 4286 4269 4350 
4280 4616 4491 4318 4489 4498 4590 4758 4299 4200 4303 4452 4395 4643 4399 4156 4968 4498 4553 4181 4574 4375 4449 4406 4168 4516 4206 4291 4735 4271 4092 4208 
4529 4821 4725 4361 4155 4381 4886 5031 4534 4496 4593 4357 4538 4753 4477 4219 5142 4759 4576 3996 4461 4512 4598 4588 4329 4702 4411 4516 4703 4489 4743 4181 
4091 4374 4633 4249 3997 4252 4422 4529 4070 4313 4571 4332 4278 4310 4138 4019 4777 4491 4398 4138 4431 4369 4455 4305 4099 4589 4268 4237 4463 4377 4618 4222 
4621 4587 4910 4764 4273 4642 4924 4816 4395 4516 4759 4642 4542 4884 4538 4077 5177 4611 4332 4123 4532 4753 4583 4548 4414 4653 4514 4716 4796 4364 4488 4199 
4466 5099 5087 4965 4765 4903 4948 5131 4700 4963 4784 4858 5097 4957 4911 4403 5569 5137 4738 4687 4819 5121 4681 4546 4928 4973 4652 4852 4894 4661 4872 4878 
4411 4466 4310 4366 4144 4485 4598 4854 4324 4351 4254 4509 4267 4582 4574 3844 4859 4620 4452 3777 4233 4398 4215 4348 4173 4446 4109 4312 4593 4111 4355 4121 
3867 4593 4478 4329 4051 4463 4461 4430 4653 4116 4086 4590 4219 4647 4160 4130 5035 4659 4284 3831 4343 4424 4234 4532 4137 4521 4177 4455 4447 3967 4500 3979 
4565 4805 4772 4430 4243 4736 4695 4644 4352 4391 4528 4454 4435 4839 4666 4256 5168 4822 4503 4305 4509 4684 4485 4523 4441 5047 4524 4680 4991 4550 4586 4283 
4383 4374 4496 4559 4120 4380 4593 4804 4336 4596 4383 4553 4543 4496 4480 3832 4921 4602 4462 4088 4546 4261 4157 4380 4381 4437 4338 4561 4545 4440 4390 4275 
4293 4631 4612 4806 4214 4461 4486 4805 4378 4306 4586 4649 4457 4778 4577 4312 5252 4774 4544 4076 4689 4594 4238 4531 4285 4720 4544 4343 4871 4522 4724 4234 
4509 4810 4761 4669 4323 4500 4778 4769 4374 4706 4558 4753 4362 4597 4506 4144 5046 4785 4443 4213 4654 4557 4441 4628 4321 4649 4248 4756 5000 4523 4458 4631 
4058 4326 4437 4202 4120 4299 4170 4493 4208 4167 4246 4346 4096 4286 4093 3788 4498 4489 4237 4014 4427 4180 3929 3963 4274 4278 4000 4277 4421 4256 4212 4172 
4627 4823 4647 4468 4295 4609 4700 4877 4377 4455 4348 4331 4254 4829 4437 4031 5017 4666 4432 4157 4730 4580 4353 4580 4158 4604 4316 4450 4819 4543 4248 4358 
4319 4420 4426 4435 4319 4390 4605 4498 4393 4338 4304 4481 4210 4406 4397 3973 4745 4582 4398 4154 4422 4469 4399 4250 4360 4549 4151 4362 4652 4448 4561 4163 
4061 4389 4462 4168 3953 4192 4240 4474 4042 4177 4009 4157 4136 4244 4142 3892 4678 4521 4116 3983 4335 4263 4158 3975 3854 4300 4182 4329 4369 4076 4064 3988 
3953 4542 4572 4233 4206 4316 4480 4298 4254 4201 4191 4298 4203 4372 4462 4042 4748 4541 4218 4247 4379 4241 4277 4134 4076 4451 4174 4149 4676 4158 4297 4040 
4106 4447 4488 4308 4304 4205 4451 4296 4016 4037 4297 4351 4286 4432 4389 3991 4911 4501 4278 4119 4333 4457 4312 4161 4425 4617 4224 4266 4512 4332 4403 4166 
4216 4583 4526 4255 4130 4518 4414 4442 4342 4528 4233 4666 4356 4586 4542 4062 4948 4602 4236 4203 4532 4291 4178 4269 4254 4529 4358 4311 4727 4354 4550 3967 
4685 4729 5082 4877 4580 4809 4658 4731 4615 4599 4588 4903 4611 4958 4550 4540 5442 5097 4730 4462 4606 4830 4755 4862 4606 4897 4644 4668 4959 4279 4721 4612 
4205 4556 4562 4241 4091 4462 4495 4576 4211 4653 4360 4487 4383 4493 4245 4090 4946 4503 4367 4085 4518 4215 4246 3980 4226 4504 4271 4487 4710 4349 4357 4039 
4368 4738 4771 4621 4478 4458 4610 4767 4498 4337 4628 4607 4745 4508 4708 4167 5219 4848 4315 4035 4582 4551 4401 4467 4407 4729 4593 4661 4673 4423 4552 4428 
4466 4829 4568 4325 4295 4480 4551 4688 4253 4448 4321 4465 4308 4521 4353 4397 4628 4578 4341 4350 4370 4318 4254 4408 4163 4457 4498 4526 4391 4398 4225 4106 
4205 4622 4498 4312 4299 4417 4621 4525 4372 4324 4503 4334 4224 4715 4429 4050 4997 4521 4399 4031 4432 4402 4271 4436 4182 4485 4163 4549 4398 4352 4524 4072 
4618 4730 5122 4899 4805 4752 4848 4945 4608 4667 5135 4969 4755 4900 4832 4487 5356 4963 4703 4435 5002 4840 4585 4568 4710 4960 4703 4784 4941 4902 4837 4758 
