1828 1945 1790 1741 1913 1903 1787 1810 1723 1889 1497 1512 1792 1502 2005 2192 1707 1882 1880 1557 1669 1646 1836 1563 1761 1685 1840 1769 1519 1962 1939 1810 
1794 1662 1799 1843 1927 1862 1796 1560 1679 1923 1310 1525 1658 1587 1878 2048 1710 1758 1822 1556 1761 1706 1835 1733 1565 1793 2001 1920 1548 1863 1877 1650 
2140 1823 2186 2017 2065 1786 1578 1948 1828 2079 1602 1832 1794 1719 2042 2214 1904 2099 2029 1753 1867 1797 1881 1914 1730 2107 1872 1841 1753 2100 2066 1835 
2088 1973 2201 1830 2232 1998 1840 1994 2079 2196 1633 1930 1865 1762 2136 2398 2036 1857 1979 1934 2030 1785 1918 2010 1925 2000 2066 2036 1862 2222 2171 2095 
2206 2045 2072 1990 2149 1988 1823 1870 2044 2148 1607 1767 1927 1900 2048 2301 1920 2063 1910 1974 1951 2014 1967 2067 1956 2089 2098 2076 1888 2104 2137 1967 
2112 2212 2197 1927 2124 1927 1946 2052 1934 2167 1736 1839 1907 1764 1999 2465 1989 2022 2130 1981 1853 1924 2359 1908 1838 2056 2030 2002 1792 2175 2183 2099 
1858 1741 1836 1740 1856 1728 1688 1639 1662 1881 1432 1553 1655 1517 1804 2008 1663 1799 1848 1614 1594 1687 1960 1724 1461 1870 1788 1615 1700 1873 1908 1670 
2141 2141 2000 1832 1948 1925 1871 1781 1738 1970 1529 1698 1842 1735 2057 2282 1769 1826 2020 1818 1817 1638 1847 1885 1744 1963 2049 1958 1823 2081 2129 1863 
2053 2075 2210 2019 2249 2115 2079 1915 1992 2184 1765 1958 1908 1751 2011 2422 1929 2084 2086 1966 1963 2058 2057 2020 1754 2067 2050 2105 1829 2087 2351 2100 
1966 1911 2028 1767 2067 1943 1976 1861 1935 2036 1603 1669 1771 1720 1961 2450 1823 2022 2031 1768 1910 1807 1979 1829 1888 2027 2080 1934 1753 2086 2058 1863 
1841 1797 1893 1812 1892 1828 1653 1604 1793 1901 1584 1641 1708 1736 1895 2168 1827 1867 1938 1690 1697 1780 1903 1689 1657 1839 1723 1640 1708 1915 2038 1763 
2313 2144 2177 2185 2215 2013 2078 1930 2029 2244 1763 1938 2047 2019 2225 2283 2149 2131 2177 2064 2045 2094 2220 2008 1903 2212 2193 2002 1952 2158 2404 2084 
2165 1909 2169 1875 2228 1979 2030 1952 2010 2162 1790 1704 1978 1743 2040 2458 2015 2085 2074 1952 2068 1979 2143 2050 1764 2057 2157 2016 1875 2297 2389 2122 
2185 2105 2174 1907 2230 2085 2050 2044 1995 2157 1540 1877 1989 1815 2070 2329 1867 2033 2156 1998 1965 2031 2109 1991 1967 2060 2097 2069 1911 2141 2244 2017 
1925 1888 2000 1794 1957 1720 1893 1742 1806 1968 1608 1744 1697 1586 1832 2133 1778 1925 1784 1699 1837 1865 1848 1958 1691 1914 1981 1859 1769 1961 2099 1897 
2296 2061 2079 2003 2292 1964 1988 2007 1957 2144 1764 1910 1988 1787 2044 2375 1922 2133 1997 1995 1933 1968 2132 1921 1911 2176 2086 2031 1878 2220 2385 2170 
2194 2070 2097 2059 2080 2267 2043 2036 2045 2166 1710 1817 2072 1817 2195 2306 1980 2077 2171 2097 1904 1909 2063 1805 1996 2121 2209 2018 1918 2242 2131 2049 
1929 2007 2147 1837 1913 1914 1679 1906 1782 1922 1588 1617 1893 1624 1838 2226 1616 2046 1983 1874 1792 1927 1870 1843 1707 1946 2092 1915 1699 1928 2086 1828 
2087 1964 2034 1902 2021 1875 1824 1852 1901 2052 1618 1727 1805 1727 1964 2105 1912 1919 1911 1845 1740 1822 1940 1865 1659 1945 1998 1898 1641 1935 2121 1962 
1943 1823 1923 1753 1915 1894 1799 1774 1702 2036 1558 1760 1741 1619 2036 2166 1831 1919 1928 1682 1846 1726 1829 1896 1668 1938 2005 1729 1715 2014 2060 1821 
2211 2182 2197 2004 2250 2074 1940 2121 1999 2125 1765 1802 2082 1771 2069 2304 1764 2173 2120 1961 1957 1994 2132 2043 1851 2102 2181 2038 1857 2133 2221 2086 
2021 1828 2038 1974 1989 2252 1847 1765 2069 2040 1631 1832 1952 1763 2038 2280 1852 2048 2055 2009 1875 1958 1990 1860 1781 1952 2073 1877 1908 2190 2353 1973 
2037 1712 1756 1615 1838 1761 1786 1760 1675 1794 1389 1511 1673 1612 1670 2037 1651 1804 1841 1573 1587 1728 1658 1725 1616 1832 1783 1625 1596 1896 1971 1676 
1920 1723 1863 1894 1764 1925 1595 1741 1792 1916 1444 1724 1700 1441 1878 2102 1788 1911 1948 1725 1686 1729 1842 1770 1670 1883 1868 1781 1636 1952 2035 1841 
2239 1877 2135 1943 2344 2108 2010 1922 1905 2128 1606 1789 1930 1860 2151 2281 1976 2047 2010 1964 2004 1955 2058 2086 1883 2242 2193 1949 2031 2258 2112 1977 
2054 1825 1927 1813 2006 1942 1768 1838 1903 2128 1686 1789 1810 1553 1762 2129 1895 2099 1772 1831 1835 1843 1964 1909 1702 2147 1964 1766 1742 2101 2309 2037 
2180 2071 2144 1996 2175 2121 1922 2030 2040 2009 1826 1834 2042 1862 2117 2390 2187 2106 2010 1831 1896 1976 1999 2025 1853 1953 2187 2122 1930 2091 2309 1989 
1910 1740 2121 1667 2076 1795 1742 1739 1611 1869 1591 1618 1744 1745 1902 2163 1802 1759 1827 1729 1731 1908 1797 1767 1705 1824 1916 1841 1636 2062 2107 1926 
1888 1860 1840 1820 1866 1842 1787 1800 1732 1853 1584 1738 1697 1467 2018 2162 1642 1922 1841 1777 1720 1814 1900 1726 1607 1801 1970 1790 1828 2005 2066 1842 
1940 1761 2059 1695 2006 2034 1527 1939 1738 1837 1542 1719 1865 1514 1884 2190 1706 1938 1798 1794 1834 1928 1743 1953 1723 1887 1886 1740 1760 1948 1976 1890 
2010 1788 1943 1742 2113 1823 1734 1951 1855 2017 1606 1831 1913 1737 1854 2169 1746 1832 1719 1851 1673 1955 1911 1911 1764 1819 1882 1834 1792 1957 2042 1914 
2535 2198 2412 1995 2366 2398 2037 2131 2115 2320 1939 1974 2297 2038 2275 2506 2145 2230 2244 2121 2101 2127 2190 2105 2084 2236 2336 2246 2127 2399 2387 2242 
