4305 4363 4201 4054 4474 4304 4280 4169 4351 4628 4198 3894 4385 4329 4653 4783 4147 4403 4351 3993 4096 4256 4073 4200 4251 4327 4241 4377 3998 4432 4449 4071 
4361 4148 4231 4229 4631 4302 4359 3923 4461 4496 3783 3808 4306 4340 4332 4651 4213 4046 4224 4188 3988 4138 4245 4294 3963 4475 4340 4562 4104 4229 4359 4032 
4885 4417 4681 4476 4645 4238 4432 4315 4639 4947 4112 4349 4590 4567 4665 4841 4479 4661 4405 4575 4267 4454 4460 4578 4382 4821 4240 4582 4432 4717 4844 4479 
4753 4526 4770 4447 4818 4605 4636 4441 4906 4953 4198 4500 4478 4464 4861 5222 4480 4557 4403 4480 4529 4432 4405 4501 4510 4680 4336 4701 4553 4910 4723 4638 
5140 4714 4842 4495 5158 4606 4818 4613 5133 4995 4572 4551 4667 4967 5096 5176 4679 4690 4631 4800 4592 4831 4538 5095 4769 5200 4660 5156 4686 4986 5110 4630 
4718 4826 4837 4594 4897 4435 4935 4702 4937 4969 4861 4576 4580 4652 4823 5293 4759 4687 4680 4836 4216 4706 4884 4822 4436 5001 4552 4841 4600 4811 5025 4717 
4340 4202 4201 4075 4416 3884 4168 4109 4266 4417 3822 3914 4080 4172 4168 4531 3919 4030 4160 3952 3891 3993 4274 4153 3878 4187 4053 3941 4081 4282 4324 4054 
5013 4637 4615 4199 4502 4333 4396 4215 4616 4861 4361 4347 4510 4634 4932 5258 4315 4532 4490 4500 4184 4334 4282 4608 4391 4823 4432 4735 4522 4738 4749 4476 
4626 4558 4876 4497 5029 4645 4667 4550 4841 4858 4478 4362 4579 4503 4605 5419 4519 4702 4689 4556 4432 4675 4521 4673 4446 4749 4598 4622 4358 4754 4922 4528 
4762 4459 4612 4387 4833 4494 4785 4329 4939 4624 4579 4196 4403 4532 4823 5154 4550 4566 4447 4364 4348 4480 4578 4549 4565 4834 4311 4634 4545 4501 4482 4511 
4484 4339 4436 4402 4447 4060 4233 3974 4654 4611 4132 4098 4211 4504 4520 4817 4105 4352 4411 4341 4077 4419 4289 4214 4297 4488 4211 4280 4401 4512 4618 4229 
4693 4529 4580 4477 4615 4249 4631 4170 4592 4698 4219 4222 4608 4502 4712 4757 4411 4336 4702 4495 4125 4591 4554 4320 4407 4713 4450 4468 4306 4472 4772 4282 
5202 4828 5040 4717 5097 4658 4909 4565 5132 5190 4859 4339 4930 4757 4934 5540 4770 4733 4671 4886 4712 4899 4890 5121 4589 5107 4941 5001 4770 4884 5487 4817 
4712 4376 4463 4277 4650 4271 4466 4273 4614 4663 4221 4082 4435 4528 4756 4993 4184 4434 4507 4330 4126 4612 4500 4539 4502 4489 4397 4686 4274 4498 4780 4428 
4623 4423 4520 4481 4823 4150 4630 4283 4685 4840 4368 4348 4438 4479 4647 4930 4239 4544 4335 4312 4394 4636 4440 4780 4436 4772 4440 4764 4523 4697 4874 4620 
5074 4565 4415 4410 4980 4316 4707 4289 4701 4822 4497 4329 4526 4535 4739 4925 4482 4564 4566 4493 4216 4542 4493 4749 4537 4735 4410 4749 4302 4618 4806 4589 
4686 4281 4315 4408 4680 4382 4468 4245 4610 4512 4386 4011 4470 4479 4713 4850 4184 4412 4411 4346 4048 4380 4352 4253 4444 4484 4335 4605 4486 4577 4626 4508 
4860 4911 4922 4577 4729 4501 4547 4451 4745 4850 4507 4310 4757 4595 4736 5314 4290 4842 4651 4519 4326 4767 4593 4686 4433 4783 4519 4690 4538 4743 4875 4680 
4688 4554 4533 4400 4801 4257 4589 4401 4510 4678 4399 4294 4417 4428 4536 4784 4464 4420 4546 4612 4109 4609 4441 4548 4184 4605 4441 4615 4134 4642 4758 4324 
4196 4027 4189 4144 4479 3983 4205 4010 4195 4303 3873 3935 4254 4322 4299 4529 4176 4291 4334 3918 3933 4030 4080 4137 4059 4434 4300 4099 4030 4441 4535 4087 
4862 4571 4811 4452 4902 4483 4473 4541 4724 4975 4476 4231 4721 4409 4684 5071 4192 4837 4469 4588 4333 4729 4684 4647 4485 4606 4466 4615 4459 4864 4712 4525 
4474 4399 4435 4463 4460 4528 4499 4036 4864 4617 4284 4213 4272 4272 4535 4941 4219 4294 4472 4560 4296 4492 4469 4369 4191 4530 4449 4574 4299 4551 4742 4384 
4771 4327 4227 4102 4550 4146 4431 4229 4372 4420 4042 3880 4349 4374 4170 4795 4298 4231 4183 4193 4055 4267 4152 4385 4098 4411 3934 4094 4128 4466 4553 4162 
4462 4159 4202 4192 4183 4151 4070 4240 4330 4592 4074 4251 4092 3831 4335 4641 4112 4188 4145 4180 3832 4178 4164 4213 4038 4387 4154 4297 3947 4476 4335 4195 
4923 4479 4481 4281 4874 4406 4582 4252 4646 4753 4134 4075 4566 4481 4744 4772 4348 4570 4511 4587 4177 4389 4439 4721 4507 4953 4698 4523 4562 4882 4640 4435 
4762 4489 4430 4303 4756 4335 4400 4306 4688 4706 4397 4422 4335 4431 4312 4736 4471 4488 4186 4393 4127 4570 4419 4672 4253 4742 4183 4329 4223 4473 4980 4381 
4960 4790 4931 4625 4879 4725 4613 4599 4954 4850 4704 4556 4760 4773 4919 5530 4734 4537 4708 4435 4280 4801 4556 4683 4573 4817 4915 4902 4585 4603 4914 4550 
4494 4344 4562 4250 4647 4178 4451 3984 4478 4350 4358 4056 4364 4578 4558 4754 4276 4261 4359 4339 4166 4496 4273 4248 4307 4525 4153 4389 4196 4582 4711 4584 
4834 4573 4677 4378 4741 4507 4595 4567 4605 4808 4420 4328 4575 4319 4968 5083 4149 4549 4381 4569 4328 4591 4570 4659 4373 4659 4544 4596 4699 4714 4824 4563 
4786 4403 4702 4333 4755 4331 4410 4547 4742 4550 4419 4143 4542 4590 4467 5069 4370 4627 4403 4573 4289 4682 4397 4771 4219 4632 4178 4467 4301 4645 4594 4449 
4846 4590 4711 4510 5116 4398 4674 4649 4946 4893 4584 4523 4663 4764 4767 5084 4441 4602 4422 4600 4343 4761 4565 4668 4531 4819 4509 4878 4620 4748 4664 4669 
5273 4689 5052 4519 5111 4804 4823 4615 5057 5059 4566 4369 5009 4830 5013 5300 4782 5000 4832 4716 4608 4879 4703 4880 4860 5054 4740 5054 4740 4996 5104 4865 
