5015 5039 5073 4609 5124 4894 4853 4693 4976 5340 4737 4539 5035 4879 5362 5525 4892 5138 5111 4676 4786 4830 4683 4858 4741 5060 4845 5088 4786 5199 5051 4798 
5046 4754 5064 4884 5170 4769 4951 4435 5124 5138 4362 4380 4926 4920 4924 5373 4915 4740 4918 4800 4642 4787 4894 4901 4471 5163 4860 5141 4762 4866 4901 4743 
5598 5031 5377 5057 5167 4779 4971 4841 5292 5609 4604 5010 5252 5165 5303 5520 5209 5417 5062 5253 4880 5105 5048 5169 4949 5524 4850 5225 5216 5335 5361 5152 
5520 5195 5689 5090 5489 5204 5244 5013 5686 5773 4768 5200 5282 5118 5564 5987 5308 5417 5132 5185 5293 5105 5103 5143 5132 5527 5007 5488 5342 5635 5287 5428 
5803 5338 5623 5134 5840 5151 5343 5120 5768 5784 5089 5156 5312 5570 5725 5859 5420 5387 5281 5417 5284 5479 5217 5701 5367 5875 5261 5780 5401 5731 5649 5238 
5379 5374 5556 5209 5583 5027 5403 5221 5569 5662 5368 5112 5260 5276 5455 5867 5463 5394 5410 5484 4906 5381 5482 5456 5068 5548 5213 5435 5324 5482 5586 5326 
5258 4984 5162 4760 5164 4559 4884 4728 5014 5214 4570 4665 4916 4893 5021 5310 4827 4973 4972 4817 4730 4735 5084 4942 4601 5081 4772 4794 4917 5103 4964 4961 
5664 5210 5356 4618 5132 4866 4876 4635 5160 5493 4937 4830 5152 5203 5634 5817 5027 5254 5124 5170 4843 4798 4851 5182 4950 5482 4981 5400 5193 5460 5259 5152 
5142 5096 5606 5055 5558 5158 5213 4967 5447 5412 4906 4879 5064 4993 5131 6081 5247 5278 5337 5115 5003 5167 5049 5213 4878 5372 5148 5226 5010 5347 5395 5146 
5535 5114 5422 5004 5489 5038 5317 4866 5547 5336 5180 4819 5120 5169 5473 5842 5282 5350 5203 5037 5081 5174 5272 5225 5220 5584 4910 5341 5312 5235 5047 5261 
5233 4900 5291 5024 5107 4639 4850 4479 5403 5343 4712 4768 4977 5147 5149 5495 4910 4993 5111 5033 4848 5122 4892 4897 4943 5261 4872 4900 5123 5296 5215 4988 
5411 5150 5386 5127 5217 4829 5238 4622 5230 5349 4754 4897 5310 5097 5250 5494 5096 5034 5415 5121 4843 5214 5173 4952 4957 5541 5134 5170 5051 5113 5254 5015 
5910 5405 5955 5299 5721 5323 5560 5057 5800 5915 5387 5033 5669 5306 5708 6218 5491 5447 5342 5651 5526 5523 5400 5773 5140 5953 5654 5663 5533 5581 5939 5587 
5326 4963 5197 4860 5278 4793 4989 4777 5159 5288 4765 4580 5040 5124 5367 5606 4952 5164 5225 4982 4778 5292 5044 5076 5076 5202 5015 5289 4945 5192 5294 5077 
5290 5024 5245 5088 5405 4699 5234 4892 5410 5544 4927 4886 5080 5109 5229 5635 4984 5313 5007 4981 5062 5339 5085 5337 5020 5434 5080 5367 5211 5363 5348 5206 
5765 5219 5240 5050 5600 4905 5340 4837 5389 5538 5039 4945 5171 5167 5446 5725 5233 5352 5224 5154 4907 5184 5231 5327 5112 5496 5041 5459 5107 5288 5363 5338 
5552 4857 5218 5090 5460 5056 5097 4799 5401 5372 5032 4692 5251 5147 5507 5525 4978 5241 5144 5186 4821 5148 5038 4991 5158 5293 5096 5352 5299 5329 5243 5306 
5559 5511 5725 5117 5329 5051 5078 4944 5393 5524 5108 4849 5476 5281 5520 5961 5092 5555 5351 5266 4986 5408 5183 5291 5014 5503 5183 5376 5275 5458 5487 5385 
5505 5208 5561 5163 5592 5059 5286 4973 5304 5520 5082 4997 5109 5114 5339 5558 5353 5208 5385 5475 4982 5354 5168 5353 4889 5448 5257 5396 5024 5472 5403 5191 
4940 4707 5013 4765 5086 4551 4712 4630 4892 5025 4511 4496 4872 4918 5062 5229 4991 5062 5134 4622 4680 4719 4773 4753 4652 5071 4942 4761 4807 5190 5150 4806 
5674 5292 5740 5123 5628 5208 5150 5111 5388 5763 5082 4965 5433 5017 5464 5866 4982 5654 5258 5338 5143 5421 5393 5397 5102 5420 5177 5359 5352 5683 5305 5293 
5339 5051 5280 5092 5083 5154 5129 4515 5568 5397 4893 4917 4987 4886 5264 5588 5017 5034 5153 5326 5049 5140 5131 5039 4869 5346 5139 5291 5094 5233 5316 5217 
5457 4835 5035 4704 5219 4770 5052 4652 5013 5036 4546 4522 5032 4966 4709 5437 4976 4952 4863 4832 4660 4960 4674 5040 4696 5184 4590 4718 4797 5110 5085 4785 
5192 4772 5011 4810 4824 4719 4558 4794 5007 5388 4666 4812 4798 4450 4973 5222 4830 4887 4835 4831 4596 4901 4800 4828 4598 4998 4774 4851 4562 5169 4911 4839 
5520 4973 5146 4787 5307 4869 4980 4676 5113 5308 4588 4551 5071 4891 5301 5278 4913 5087 5091 5124 4772 4934 4881 5232 4948 5413 5213 4978 5132 5401 5028 4952 
5430 5133 5257 4902 5304 4846 5018 4834 5284 5418 4983 5056 4895 4991 5058 5409 5284 5196 4792 5025 4686 5254 5120 5223 4852 5483 4680 4981 4878 5197 5550 5115 
5716 5430 5748 5191 5496 5292 5246 5092 5687 5534 5263 5187 5466 5424 5478 6222 5587 5298 5408 5113 4916 5478 5173 5324 5171 5582 5563 5560 5270 5302 5498 5161 
5326 5047 5470 4908 5417 4873 5012 4487 5172 5222 5030 4711 5023 5246 5265 5492 5064 5068 5144 5022 4875 5198 5095 4945 4964 5277 4834 5178 4958 5375 5401 5269 
5582 5234 5451 4984 5332 5144 5233 5105 5267 5540 4954 5021 5230 4886 5625 5823 4865 5334 5073 5173 4976 5248 5286 5234 4998 5357 5107 5310 5474 5351 5377 5323 
5401 4990 5457 4923 5369 4885 4910 4966 5377 5201 4955 4697 5058 5224 5007 5759 5091 5262 5130 5208 4913 5261 5097 5389 4766 5353 4809 5146 5002 5274 5200 5021 
5450 5169 5476 5053 5740 5056 5316 5201 5569 5577 5080 5186 5291 5296 5492 5806 5188 5370 5138 5271 5037 5364 5191 5186 5078 5527 5133 5579 5446 5403 5209 5484 
6104 5439 5954 5240 5880 5553 5551 5226 5826 5882 5226 5054 5741 5506 5792 6097 5603 5778 5776 5533 5510 5598 5440 5628 5542 5859 5538 5817 5714 5807 5792 5738 
