2996 3077 2931 2886 3143 3258 2967 2975 2948 3138 2887 2617 3194 2874 3260 3384 2881 3094 3112 2585 2931 2900 2944 2680 2903 3041 2962 3009 2704 3062 3287 2971 
3089 2885 2926 3021 3262 3142 3030 2614 3037 3103 2578 2607 3120 2985 3022 3257 2946 2775 2987 2713 2728 2846 3038 2882 2745 3204 3145 3205 2726 2860 3179 2872 
3549 3131 3405 3296 3299 3220 3095 3090 3233 3501 2920 2962 3290 3091 3412 3580 3227 3333 3262 3080 2993 3159 3191 3227 3074 3587 3056 3297 2981 3370 3553 3314 
3465 3170 3572 3253 3560 3515 3216 3298 3513 3553 3115 3236 3441 3156 3532 3824 3318 3256 3306 3072 3343 3143 3120 3158 3288 3505 3212 3335 3205 3535 3579 3438 
3623 3303 3379 3161 3530 3376 3257 3138 3462 3471 3168 3038 3391 3502 3537 3735 3280 3282 3233 3161 3145 3380 3109 3391 3224 3659 3313 3572 3238 3392 3667 3381 
3537 3587 3683 3389 3586 3480 3527 3510 3522 3684 3558 3380 3471 3385 3607 4164 3488 3449 3637 3450 3082 3486 3692 3298 3208 3802 3357 3572 3326 3471 3873 3664 
2969 2802 2864 2776 2875 2843 2822 2674 2767 2957 2457 2473 2822 2676 2823 3137 2655 2670 2891 2578 2498 2664 2897 2686 2446 2978 2780 2598 2646 2685 2958 2760 
3535 3224 3232 2957 3160 3255 3007 2957 3138 3204 2997 2976 3262 3131 3458 3692 2971 3103 3137 2980 2938 2964 2937 3033 2907 3435 3129 3275 3029 3321 3458 3223 
3249 3195 3494 3175 3517 3434 3253 3121 3246 3304 3137 3129 3358 3117 3227 3841 3096 3266 3371 2950 3041 3265 3195 3067 2913 3379 3207 3197 2984 3171 3610 3338 
3344 3188 3297 3100 3515 3364 3299 3150 3395 3304 3197 2978 3215 3197 3322 3874 3237 3242 3256 2978 3091 3171 3163 3057 3125 3572 3154 3282 3164 3266 3355 3267 
3048 2877 3053 3059 3028 3072 2801 2718 3063 3206 2811 2816 2998 3077 3157 3426 2855 2960 3093 2788 2775 3094 2943 2806 2894 3176 2909 2899 3009 2968 3326 3020 
3587 3325 3382 3402 3400 3340 3387 3062 3273 3501 3075 3089 3471 3300 3480 3564 3286 3306 3557 3183 3076 3383 3326 3157 3227 3594 3305 3227 3153 3292 3730 3337 
3739 3329 3641 3342 3741 3496 3438 3202 3600 3699 3410 2961 3698 3404 3534 3997 3452 3222 3372 3271 3349 3477 3506 3484 3228 3752 3557 3479 3335 3472 4106 3659 
3451 3257 3437 3212 3509 3372 3250 3254 3360 3450 3094 3012 3458 3366 3424 3768 3087 3240 3443 3067 3059 3357 3304 3262 3188 3411 3305 3368 3068 3295 3690 3292 
3285 3052 3144 2977 3264 3086 3108 2962 3092 3368 3033 2962 3157 2998 3190 3509 2970 3141 3029 2801 2857 3215 3002 3236 2949 3398 3197 3231 3037 3095 3573 3392 
3827 3436 3312 3235 3696 3404 3532 3215 3449 3600 3333 3176 3532 3318 3465 3870 3292 3331 3335 3209 3179 3380 3493 3335 3337 3724 3331 3532 3153 3408 3706 3640 
3502 3253 3337 3252 3413 3567 3303 3223 3352 3440 3243 2980 3468 3203 3550 3672 3185 3271 3389 3222 3035 3368 3307 2977 3234 3458 3306 3343 3267 3403 3571 3504 
3406 3379 3602 3244 3290 3364 3022 3051 3220 3351 3171 2874 3565 3196 3255 3812 2899 3426 3392 3082 2847 3424 3176 3193 3066 3452 3309 3237 3075 3300 3552 3370 
3200 3107 3233 3030 3268 3098 3053 3015 3010 3238 2914 2820 3086 2956 3134 3369 3064 2900 3158 3047 2741 3139 3086 3023 2784 3283 3145 3146 2787 3132 3460 3182 
2933 2930 2994 2914 3176 2986 2907 2819 2786 3213 2689 2858 3032 2963 3070 3341 2957 2992 3069 2691 2783 2828 2881 2908 2783 3159 3052 2863 2801 3031 3397 3095 
3297 3182 3374 3079 3386 3236 3010 3147 3176 3272 3139 2929 3364 2988 3246 3625 2821 3312 3102 2919 2985 3160 3274 3034 2930 3330 3126 3189 2998 3264 3481 3226 
3268 3125 3144 3271 3168 3529 3162 2827 3440 3267 3030 3001 3150 3061 3205 3654 3053 3051 3242 3174 3014 3148 3197 3008 2954 3315 3257 3162 3091 3204 3547 3215 
3461 2991 3044 2936 3160 3170 3124 2889 3034 2985 2796 2634 3194 3021 2927 3472 2965 2899 3065 2751 2715 2977 2896 2994 2891 3257 2841 2830 2836 3071 3341 3023 
3249 2958 3018 3097 2896 3263 2900 2989 3060 3205 2850 2987 2905 2653 3065 3365 2897 3046 3037 2903 2614 2959 3075 2896 2815 3286 3017 3066 2762 3135 3196 3185 
3740 3210 3340 3191 3684 3523 3381 3134 3353 3494 2979 2939 3539 3303 3485 3648 3281 3378 3432 3282 3130 3193 3270 3411 3190 3737 3490 3330 3400 3565 3507 3403 
3586 3241 3344 3207 3482 3509 3160 3201 3417 3684 3359 3263 3415 3199 3185 3726 3311 3372 3182 3172 3045 3434 3345 3387 3048 3662 3264 3236 3138 3354 3739 3360 
3720 3421 3512 3394 3517 3590 3271 3261 3528 3392 3325 3207 3571 3431 3533 4024 3472 3430 3376 2993 3081 3447 3240 3237 3217 3470 3521 3468 3216 3330 3789 3465 
3142 2977 3326 2914 3168 3114 2927 2759 3010 3011 3038 2720 3015 2971 3092 3452 2965 2942 3103 2877 2878 3089 2913 2827 2902 3154 2962 2994 2858 3202 3380 3226 
3383 3267 3383 3237 3321 3419 3327 3218 3210 3310 3165 3020 3377 2961 3552 3593 2929 3258 3231 3088 3092 3338 3302 3156 3111 3411 3265 3213 3305 3323 3541 3283 
3378 3192 3432 2946 3383 3292 2975 3152 3234 3204 3126 3030 3369 3176 3274 3692 3092 3231 3152 3102 2954 3359 3122 3297 3008 3388 2991 3183 3001 3329 3323 3337 
3467 3223 3311 3059 3513 3277 3102 3231 3288 3388 3141 3130 3369 3219 3251 3612 3028 3080 3009 3036 2884 3278 3185 3112 3034 3416 3140 3265 3037 3130 3387 3353 
3710 3368 3666 3186 3659 3636 3315 3250 3408 3577 3230 3116 3741 3441 3519 3753 3346 3542 3524 3194 3239 3434 3253 3321 3381 3685 3474 3511 3317 3573 3777 3609 
