3691 3769 3664 3431 3852 3812 3579 3641 3583 3961 3568 3329 3828 3655 3937 4142 3603 3704 3730 3288 3512 3661 3474 3482 3598 3734 3682 3611 3347 3799 3817 3425 
3735 3505 3559 3546 3922 3716 3611 3303 3651 3722 3204 3208 3699 3568 3683 3987 3564 3301 3561 3320 3328 3488 3603 3509 3271 3814 3746 3802 3345 3507 3699 3312 
4103 3690 3982 3643 3839 3688 3551 3634 3682 4168 3462 3609 3839 3680 3939 4171 3768 3906 3703 3727 3589 3816 3699 3755 3657 4140 3577 3771 3612 3973 4042 3722 
4118 3758 4144 3766 4168 4024 3821 3903 4030 4194 3674 3899 3935 3755 4224 4513 3849 3784 3866 3697 3885 3758 3701 3785 3822 4062 3754 3932 3839 4112 4017 3895 
4409 4107 4174 3813 4441 4035 3985 3982 4221 4252 3955 3959 4104 4216 4384 4536 3939 3938 3923 3922 3996 4153 3889 4208 4045 4475 4075 4428 3982 4321 4323 3906 
4118 4223 4246 3944 4235 3920 4140 4102 4114 4358 4299 3997 4025 3941 4240 4830 4077 4011 4150 4138 3663 4096 4251 3977 3831 4352 4030 4163 3879 4180 4401 4043 
3579 3513 3594 3343 3659 3301 3323 3375 3422 3668 3169 3201 3435 3331 3524 3884 3228 3221 3531 3170 3168 3325 3568 3385 3152 3552 3463 3190 3251 3470 3559 3238 
4383 4025 4036 3590 3949 3819 3691 3702 3823 4103 3755 3797 3975 3970 4246 4631 3691 3825 3850 3787 3627 3788 3625 3845 3678 4209 3909 4030 3830 4149 4098 3784 
3981 3910 4222 3838 4355 3961 3910 3932 3949 4176 3900 3810 4012 3796 3982 4688 3845 3906 4090 3705 3770 4059 3833 3883 3657 4045 3962 3893 3628 3998 4244 3842 
4081 3836 3940 3745 4230 3964 3983 3786 4010 3957 3896 3653 3836 3822 4070 4564 3847 3849 3803 3638 3784 3844 3840 3726 3796 4112 3696 3891 3860 3920 3846 3765 
3871 3634 3846 3778 3826 3567 3437 3467 3794 3948 3598 3470 3758 3808 3944 4310 3482 3646 3874 3593 3532 3846 3709 3479 3641 3861 3719 3687 3731 3816 3942 3580 
4243 4028 4115 3955 4075 3835 3986 3687 3940 4177 3801 3775 4084 3861 4186 4251 3926 3786 4228 3927 3694 4088 4052 3786 3864 4158 3965 3867 3748 3996 4277 3743 
4615 4179 4439 4029 4544 4145 4204 4039 4317 4546 4316 3780 4454 4212 4396 4933 4209 4060 4123 4163 4108 4281 4268 4337 4050 4518 4416 4312 4107 4268 4841 4213 
4046 3783 3875 3630 4055 3753 3759 3752 3777 3999 3614 3522 3850 3826 4026 4368 3560 3752 3886 3664 3608 3915 3747 3837 3770 3926 3786 3950 3596 3841 4125 3660 
3906 3671 3759 3613 4104 3516 3760 3621 3712 4061 3687 3657 3736 3639 3861 4218 3542 3783 3643 3407 3680 3937 3652 3907 3679 4055 3754 3855 3666 3879 4112 3842 
4428 4029 3868 3772 4299 3898 4060 3723 4020 4175 3944 3781 4066 3885 4179 4404 3866 3886 3968 3832 3677 4010 4002 4086 3944 4218 3945 4107 3686 4026 4206 4037 
4032 3707 3820 3776 3944 3865 3769 3670 3839 3895 3753 3368 3911 3698 4024 4216 3583 3691 3798 3662 3494 3820 3753 3504 3742 3918 3765 3865 3746 3910 3985 3846 
4160 4156 4304 3853 4066 3982 3713 3846 3859 4088 3897 3688 4174 3855 4074 4656 3633 4061 4047 3795 3606 4156 3906 3969 3770 4148 3925 3912 3761 4012 4201 3943 
4010 3914 3973 3703 4103 3764 3793 3794 3742 4047 3776 3627 3847 3737 3944 4222 3899 3673 3903 3857 3518 3939 3849 3851 3594 4034 3955 3851 3579 4055 4086 3679 
3634 3568 3698 3564 3952 3602 3550 3565 3507 3851 3416 3502 3775 3708 3777 4110 3676 3718 3819 3377 3524 3537 3552 3635 3495 3905 3812 3565 3527 3943 3983 3580 
4161 3883 4096 3755 4252 3851 3737 3915 3871 4181 3882 3651 4117 3714 4009 4427 3578 4065 3820 3722 3744 3971 3968 3841 3759 3997 3834 3836 3760 4146 3995 3742 
3845 3738 3778 3797 3784 3980 3735 3450 4110 3810 3695 3656 3700 3643 3898 4350 3633 3574 3843 3779 3662 3779 3800 3625 3558 3903 3826 3833 3654 3872 4104 3605 
4100 3699 3642 3461 3897 3631 3696 3596 3586 3687 3488 3327 3789 3715 3606 4181 3663 3522 3618 3426 3441 3635 3535 3663 3592 3813 3439 3368 3443 3813 3909 3513 
3941 3639 3720 3675 3640 3836 3568 3752 3741 4008 3629 3766 3615 3317 3825 4162 3626 3675 3684 3631 3343 3688 3740 3631 3624 3959 3718 3729 3405 3940 3801 3658 
4290 3820 3810 3676 4311 3897 3837 3686 3805 4119 3519 3492 4065 3768 4117 4315 3786 3926 3981 3826 3678 3776 3790 3997 3860 4322 4149 3906 3945 4245 4035 3765 
4114 3861 3822 3610 4069 3891 3557 3720 3830 4170 3870 3768 3848 3704 3723 4252 3798 3827 3639 3672 3608 3970 3876 3905 3626 4106 3722 3680 3567 3820 4253 3764 
4461 4220 4325 3972 4310 4217 3970 4053 4239 4226 4129 4063 4256 4189 4276 4928 4200 3987 4115 3762 3723 4231 4001 3960 3925 4174 4297 4188 3889 4079 4370 3949 
3929 3784 3994 3573 4022 3730 3601 3436 3659 3681 3752 3423 3711 3781 3859 4149 3682 3653 3769 3571 3640 3853 3621 3541 3651 3849 3589 3633 3594 4013 4008 3848 
4198 4068 4111 3836 4166 4076 3966 4068 3809 4180 3898 3821 4037 3695 4355 4532 3631 3946 3862 3845 3827 4093 3988 3962 3850 4151 4037 3942 4100 4146 4206 3923 
4166 3869 4130 3634 4163 3829 3659 3916 3943 3884 3903 3592 4025 3855 3920 4487 3768 3930 3807 3786 3668 4046 3769 4013 3706 4012 3626 3860 3605 3997 3870 3810 
4112 3836 4010 3681 4237 3761 3723 3904 3992 4049 3851 3810 4038 3877 3945 4357 3662 3696 3654 3691 3628 3997 3856 3707 3689 4081 3792 3932 3738 3955 3879 3809 
4511 4082 4418 3856 4447 4243 4009 4070 4134 4356 3974 3796 4419 4085 4274 4642 4096 4237 4217 3956 4052 4226 3968 4048 4123 4422 4163 4225 4040 4328 4372 4142 
