1309 1424 1326 1269 1303 1354 1309 1393 1267 1419 1118 1045 1290 1050 1484 1628 1217 1344 1353 1164 1152 1182 1271 1111 1362 1206 1388 1304 1096 1400 1329 1290 
1134 1260 1120 1185 1174 1145 1252 1002 1158 1273 957 999 1077 1014 1236 1401 1222 1152 1203 968 1156 1061 1242 1015 1090 1189 1362 1292 942 1215 1232 1127 
1259 1245 1351 1319 1234 1073 1031 1298 1211 1400 1181 1202 1150 1111 1329 1461 1225 1358 1350 1189 1170 1110 1332 1119 1169 1407 1245 1124 1089 1345 1258 1180 
1210 1404 1392 1176 1328 1281 1322 1413 1381 1469 1240 1231 1195 1121 1488 1604 1350 1175 1380 1276 1374 1055 1275 1298 1282 1284 1455 1359 1221 1452 1371 1357 
1377 1499 1213 1307 1289 1223 1189 1188 1371 1428 1168 1139 1267 1191 1409 1561 1344 1396 1266 1230 1280 1296 1269 1344 1334 1406 1359 1335 1283 1378 1294 1267 
1422 1627 1477 1342 1310 1210 1278 1401 1319 1542 1269 1190 1243 1188 1420 1737 1338 1325 1427 1333 1330 1246 1586 1271 1223 1477 1464 1405 1227 1461 1396 1472 
1264 1355 1244 1159 1224 1100 1163 1137 1140 1296 1064 1013 1191 1048 1322 1427 1174 1259 1282 1103 1103 1102 1322 1149 1034 1330 1276 1046 1133 1266 1244 1121 
1325 1441 1229 1170 1180 1186 1314 1195 1117 1235 1013 968 1131 1151 1352 1529 1197 1195 1381 1113 1156 1091 1160 1157 1160 1203 1335 1239 1209 1291 1278 1155 
1381 1622 1459 1391 1443 1370 1411 1308 1405 1536 1353 1332 1368 1216 1447 1755 1311 1429 1468 1401 1382 1359 1455 1350 1274 1412 1514 1467 1280 1419 1564 1478 
1314 1411 1354 1265 1399 1303 1419 1335 1374 1527 1177 1221 1293 1110 1369 1826 1321 1449 1365 1214 1313 1320 1420 1293 1382 1484 1566 1341 1263 1430 1404 1269 
1162 1235 1196 1172 1205 1206 1115 1038 1254 1339 1125 1044 1123 1207 1336 1540 1229 1274 1320 1129 1118 1174 1232 1099 1143 1244 1242 1192 1115 1296 1326 1159 
1451 1604 1466 1517 1399 1277 1399 1329 1437 1532 1271 1275 1359 1257 1566 1664 1490 1448 1485 1384 1429 1399 1451 1343 1295 1553 1519 1345 1286 1439 1595 1390 
1289 1290 1331 1253 1295 1161 1342 1234 1309 1437 1240 1064 1226 1033 1315 1684 1352 1336 1307 1269 1321 1247 1317 1343 1100 1369 1445 1230 1212 1393 1482 1377 
1239 1349 1217 1215 1252 1191 1332 1269 1223 1342 981 1184 1196 997 1270 1435 1169 1255 1324 1177 1203 1258 1252 1226 1176 1273 1305 1254 1233 1249 1280 1240 
1368 1449 1403 1312 1289 1179 1354 1246 1321 1422 1301 1199 1259 1094 1369 1592 1300 1365 1258 1296 1333 1290 1313 1325 1244 1339 1450 1383 1145 1361 1389 1246 
1444 1525 1407 1315 1522 1279 1407 1394 1371 1542 1337 1268 1334 1226 1469 1675 1315 1410 1404 1388 1295 1336 1461 1266 1398 1511 1484 1381 1309 1507 1517 1466 
1394 1460 1388 1417 1288 1452 1344 1427 1422 1484 1146 1198 1321 1099 1533 1591 1249 1451 1484 1351 1284 1185 1321 1189 1381 1489 1526 1337 1269 1474 1386 1352 
1256 1430 1361 1118 1198 1183 1077 1242 1186 1258 1177 1076 1243 974 1205 1485 1044 1360 1382 1218 1187 1228 1278 1141 1153 1315 1347 1249 1070 1306 1207 1220 
1454 1517 1453 1351 1420 1265 1365 1445 1348 1501 1291 1217 1279 1200 1450 1526 1476 1371 1439 1274 1276 1225 1436 1268 1198 1442 1415 1322 1124 1435 1513 1383 
1179 1208 1178 1141 1112 1172 1121 1086 1152 1315 1069 1159 1056 992 1282 1419 1233 1246 1198 1039 1094 1069 1107 1181 1129 1238 1274 1088 1039 1191 1281 1125 
1411 1609 1371 1299 1354 1278 1255 1476 1325 1392 1314 1193 1407 1116 1400 1498 1185 1487 1437 1293 1253 1309 1359 1280 1278 1379 1492 1305 1196 1381 1374 1415 
1316 1339 1397 1303 1293 1525 1278 1230 1443 1440 1217 1221 1323 1184 1471 1555 1278 1425 1437 1427 1350 1237 1310 1238 1243 1358 1542 1271 1350 1567 1533 1388 
1375 1314 1201 1099 1180 1174 1264 1268 1167 1287 1084 1029 1127 1093 1185 1454 1186 1217 1325 1077 1099 1147 1199 1131 1204 1253 1336 1122 1169 1290 1260 1158 
1282 1277 1284 1312 1178 1321 1063 1186 1245 1360 1086 1170 1213 1065 1406 1504 1284 1284 1360 1197 1197 1156 1218 1170 1247 1334 1378 1231 1137 1328 1308 1274 
1406 1299 1277 1264 1413 1313 1285 1239 1294 1400 1074 1134 1253 1103 1414 1559 1287 1394 1317 1260 1243 1283 1291 1367 1266 1498 1490 1252 1312 1522 1314 1255 
1241 1269 1113 1205 1215 1258 1156 1173 1259 1389 1196 1062 1219 1018 1150 1473 1296 1415 1136 1186 1189 1221 1216 1218 1143 1389 1366 1136 1114 1305 1416 1229 
1375 1645 1427 1365 1414 1401 1350 1360 1446 1507 1370 1231 1396 1257 1580 1614 1454 1395 1489 1314 1289 1206 1365 1374 1378 1437 1655 1454 1319 1478 1535 1374 
1135 1118 1293 1106 1192 1022 1112 1052 919 1205 1101 962 1045 991 1296 1410 1072 1111 1194 1058 1116 1167 1099 1071 983 1128 1264 1204 996 1268 1246 1161 
1197 1429 1285 1247 1311 1229 1329 1256 1254 1352 1161 1139 1185 1073 1460 1599 1185 1306 1348 1267 1203 1310 1323 1126 1297 1245 1408 1244 1276 1428 1420 1237 
1224 1346 1306 1125 1241 1270 1011 1294 1136 1272 1126 1152 1306 931 1269 1416 1059 1285 1241 1255 1191 1239 1216 1213 1256 1288 1331 1091 1124 1288 1327 1236 
1269 1341 1163 1150 1236 1182 1180 1298 1272 1365 1219 1246 1239 1054 1263 1476 1169 1280 1195 1265 1053 1253 1289 1270 1207 1183 1253 1252 1185 1267 1248 1305 
1549 1544 1514 1299 1370 1508 1401 1409 1354 1520 1374 1248 1450 1224 1509 1614 1329 1477 1516 1323 1307 1288 1376 1306 1304 1484 1621 1441 1399 1523 1516 1458 
