518 688 559 697 602 485 581 566 578 542 530 497 548 415 616 704 518 583 592 585 534 546 525 571 481 571 687 656 492 616 581 638 
621 761 529 703 649 504 755 524 581 639 500 566 610 504 630 791 659 670 644 551 646 641 685 647 557 698 768 740 534 602 669 632 
547 662 549 722 579 355 475 621 576 580 552 642 564 491 623 664 560 684 680 625 568 669 659 611 455 653 611 429 571 636 575 606 
566 782 621 615 621 548 710 659 680 665 636 607 588 539 762 807 720 627 720 646 776 507 687 720 460 589 752 631 683 750 690 766 
697 821 590 799 633 432 643 552 669 645 642 595 581 584 699 735 719 770 635 586 723 698 624 723 543 769 677 650 627 744 573 650 
728 913 738 849 707 534 728 754 793 785 689 730 670 638 767 936 759 794 782 814 780 756 886 794 600 837 903 819 706 849 797 831 
454 597 509 561 492 370 527 404 444 472 448 496 503 416 567 595 572 587 538 437 602 519 575 553 368 604 536 461 499 549 454 498 
685 805 571 695 658 544 780 582 602 608 559 559 623 586 724 835 723 666 746 638 743 650 642 701 561 668 789 723 753 726 736 702 
610 820 649 736 678 568 760 566 665 645 673 684 629 493 680 848 615 752 718 704 756 708 717 733 470 706 768 789 678 706 716 755 
552 787 595 723 671 472 698 588 650 630 622 683 549 547 599 856 712 736 698 611 629 698 720 700 528 740 819 753 651 673 645 621 
402 600 375 572 471 390 438 354 516 430 431 444 410 494 490 563 451 534 543 502 466 502 510 452 326 458 517 484 440 502 486 468 
668 802 660 836 671 488 700 607 707 659 653 665 649 541 722 780 760 768 690 704 779 776 735 750 463 841 757 666 722 692 766 716 
614 798 694 773 692 543 713 638 725 673 643 624 662 503 681 803 757 721 702 745 788 718 691 786 494 825 792 709 715 706 773 781 
714 828 620 786 744 550 771 720 727 702 668 757 712 563 666 828 637 846 761 758 726 796 710 825 586 808 810 765 729 730 789 782 
690 790 688 734 645 453 714 508 629 631 706 618 582 503 636 758 684 757 622 642 814 727 661 776 470 712 783 757 659 701 657 700 
636 719 598 642 651 489 684 603 561 612 604 622 578 504 586 730 569 702 652 644 638 639 701 601 504 722 703 643 628 665 644 670 
697 787 644 845 636 629 665 707 722 690 606 734 691 494 774 781 629 790 776 791 721 730 662 689 575 801 797 725 683 739 778 822 
598 760 696 595 644 485 567 552 646 538 617 617 637 493 544 708 524 726 693 671 684 700 667 667 466 742 749 660 562 648 645 640 
585 698 580 706 661 440 680 603 614 639 586 596 555 497 632 666 656 681 586 625 654 589 617 693 400 706 685 678 548 625 668 670 
568 686 528 640 517 510 625 521 589 635 602 618 526 435 626 708 673 653 567 550 613 555 591 619 450 642 685 579 545 628 691 694 
697 918 679 783 759 580 745 706 722 668 695 680 785 568 727 731 622 906 757 740 776 815 724 810 565 827 880 790 700 772 767 812 
700 811 714 743 613 668 647 656 693 703 740 717 672 598 760 765 634 809 768 842 766 716 714 706 525 711 818 665 723 878 780 832 
597 733 445 603 585 511 626 598 603 551 580 565 549 533 557 675 578 632 647 587 538 654 530 615 522 603 740 591 610 624 607 616 
554 586 575 763 510 501 539 588 547 598 504 607 521 462 673 664 589 611 661 586 578 583 554 586 443 566 634 574 503 677 542 624 
683 745 578 741 704 523 699 611 657 634 600 580 622 573 682 764 664 749 692 710 687 733 643 730 525 755 780 664 681 785 603 689 
589 656 485 726 607 555 675 553 684 623 594 539 570 471 617 699 645 787 527 603 613 684 596 610 482 768 703 588 621 636 638 638 
605 942 695 766 706 586 725 619 688 702 737 689 730 578 752 856 758 728 748 713 753 692 690 789 572 683 889 776 676 722 818 775 
495 547 606 606 512 408 524 484 416 493 508 488 561 408 564 596 469 571 536 555 559 618 519 558 344 521 631 569 528 588 544 559 
664 805 643 691 667 541 765 617 668 658 665 624 550 571 656 851 663 735 721 726 722 677 790 706 533 722 802 704 714 814 748 695 
459 641 532 577 511 440 478 473 510 450 594 460 539 357 545 550 422 566 501 597 568 568 530 559 353 570 608 471 514 609 531 575 
705 688 548 665 589 461 662 588 583 647 630 652 582 481 599 718 595 743 572 604 671 669 638 696 525 667 691 629 606 693 603 720 
696 776 559 604 587 551 639 520 538 587 708 677 695 498 652 670 554 716 640 648 715 677 592 691 507 644 775 638 634 651 710 716 
