2372 2498 2339 2383 2522 2555 2418 2368 2323 2515 2114 1991 2465 2251 2613 2673 2299 2311 2430 2010 2402 2262 2390 2082 2374 2392 2405 2423 2129 2373 2725 2312 
2318 2185 2339 2474 2525 2442 2385 2106 2255 2487 1782 1934 2324 2332 2443 2537 2241 2144 2365 2078 2316 2207 2391 2237 2166 2423 2496 2496 2076 2245 2543 2280 
2884 2558 2817 2707 2695 2540 2383 2559 2506 2869 2241 2336 2595 2473 2791 2871 2559 2560 2682 2415 2572 2489 2640 2557 2479 2927 2587 2606 2389 2733 2894 2615 
2723 2544 2876 2628 2863 2738 2509 2631 2762 2915 2269 2404 2685 2522 2822 2973 2604 2380 2546 2434 2748 2460 2518 2503 2648 2744 2554 2621 2519 2795 2859 2694 
2816 2620 2596 2583 2695 2614 2477 2514 2669 2762 2270 2346 2519 2639 2739 2839 2515 2479 2383 2452 2620 2632 2458 2584 2604 2852 2647 2764 2522 2649 2904 2631 
2779 2848 2846 2668 2745 2651 2684 2780 2685 2963 2542 2486 2635 2657 2856 3163 2632 2554 2738 2667 2434 2676 2989 2509 2479 2920 2608 2800 2511 2715 3050 2825 
2448 2328 2338 2310 2387 2352 2321 2285 2249 2531 1925 1952 2304 2260 2378 2586 2167 2140 2360 2145 2154 2216 2499 2240 2038 2525 2363 2138 2225 2209 2450 2224 
2762 2628 2577 2382 2505 2506 2388 2347 2347 2580 2182 2266 2427 2468 2747 2899 2289 2252 2422 2348 2313 2245 2289 2358 2305 2674 2518 2598 2331 2577 2834 2461 
2528 2568 2747 2583 2756 2804 2657 2509 2583 2728 2299 2311 2552 2382 2563 2932 2397 2491 2587 2399 2496 2560 2591 2433 2334 2649 2531 2582 2356 2547 2883 2636 
2642 2529 2659 2503 2846 2722 2636 2546 2647 2788 2395 2263 2523 2541 2702 3140 2455 2518 2563 2389 2599 2516 2583 2387 2531 2780 2609 2625 2514 2614 2743 2580 
2478 2345 2545 2489 2540 2536 2252 2294 2393 2686 2178 2177 2487 2582 2559 2759 2330 2326 2550 2199 2329 2515 2514 2210 2435 2610 2404 2334 2429 2378 2775 2418 
2920 2707 2825 2889 2772 2738 2712 2501 2632 2914 2382 2436 2801 2713 2927 2820 2611 2609 2770 2601 2636 2737 2816 2485 2566 2959 2745 2628 2585 2674 3107 2680 
3039 2709 2970 2707 3076 2903 2893 2782 2877 3084 2609 2337 2933 2771 2970 3268 2785 2587 2790 2722 2908 2871 2935 2814 2641 3026 2954 2859 2734 2863 3354 3044 
2673 2646 2827 2626 2844 2743 2653 2711 2612 2832 2229 2384 2724 2588 2752 2936 2408 2599 2738 2500 2571 2710 2738 2439 2637 2737 2709 2694 2588 2615 3025 2681 
2551 2499 2580 2478 2566 2360 2548 2359 2471 2795 2275 2267 2401 2357 2596 2766 2385 2431 2358 2282 2396 2570 2432 2578 2352 2694 2543 2557 2430 2424 2900 2684 
2948 2689 2586 2592 2946 2635 2705 2573 2524 2887 2415 2392 2711 2508 2703 2945 2477 2478 2472 2509 2583 2584 2825 2490 2578 2889 2663 2712 2497 2671 2982 2870 
2793 2643 2643 2660 2695 2936 2611 2600 2646 2780 2403 2322 2716 2504 2850 2902 2509 2488 2671 2600 2484 2621 2621 2239 2609 2824 2806 2625 2617 2699 2856 2685 
2566 2675 2814 2575 2542 2578 2313 2487 2407 2592 2295 2065 2662 2396 2526 2857 2141 2511 2595 2430 2344 2582 2513 2346 2353 2677 2623 2509 2374 2463 2705 2586 
2706 2589 2707 2635 2670 2611 2495 2520 2531 2720 2286 2240 2542 2424 2641 2692 2558 2404 2560 2503 2438 2552 2634 2465 2395 2781 2643 2630 2302 2556 2946 2674 
2420 2325 2431 2396 2489 2379 2393 2322 2219 2695 2039 2209 2370 2367 2565 2672 2387 2357 2484 2188 2415 2248 2364 2372 2253 2546 2524 2350 2272 2408 2758 2372 
2630 2561 2652 2455 2728 2591 2368 2586 2468 2643 2232 2196 2583 2273 2551 2772 2098 2495 2414 2311 2438 2469 2595 2320 2341 2556 2550 2471 2328 2531 2687 2530 
2617 2475 2552 2623 2633 2952 2548 2376 2641 2670 2282 2254 2591 2509 2643 2883 2415 2443 2617 2549 2508 2477 2641 2365 2395 2616 2640 2541 2536 2586 2992 2602 
2725 2362 2367 2288 2468 2504 2460 2354 2320 2431 1934 1942 2465 2369 2337 2676 2210 2241 2427 2100 2202 2343 2231 2288 2334 2558 2304 2212 2184 2421 2631 2292 
2536 2294 2339 2403 2270 2613 2241 2410 2322 2539 1999 2130 2259 2046 2471 2643 2293 2201 2407 2286 2150 2259 2435 2299 2242 2583 2396 2381 2152 2374 2539 2517 
2836 2436 2662 2507 2885 2648 2626 2456 2480 2708 2053 2141 2646 2552 2712 2775 2489 2446 2615 2495 2549 2440 2561 2614 2499 2897 2741 2511 2584 2752 2696 2585 
2724 2483 2580 2528 2689 2712 2440 2503 2601 2917 2368 2352 2596 2388 2489 2767 2500 2526 2340 2433 2515 2582 2627 2510 2401 2915 2510 2449 2471 2547 3043 2659 
2856 2716 2774 2715 2803 2842 2539 2679 2669 2716 2529 2366 2773 2724 2842 3064 2704 2603 2599 2334 2551 2697 2626 2468 2590 2725 2879 2754 2623 2617 3094 2723 
2466 2326 2678 2290 2586 2441 2307 2292 2230 2385 2229 2024 2354 2410 2487 2706 2339 2150 2372 2254 2308 2462 2349 2238 2207 2487 2385 2362 2215 2507 2683 2485 
2606 2590 2626 2664 2601 2701 2573 2578 2446 2714 2261 2319 2608 2256 2832 2852 2209 2436 2520 2464 2545 2594 2682 2426 2481 2672 2708 2526 2606 2593 2875 2603 
2539 2359 2654 2314 2566 2570 2118 2501 2330 2437 2159 2188 2545 2333 2490 2752 2341 2377 2363 2313 2392 2485 2345 2497 2358 2587 2352 2389 2321 2450 2664 2575 
2740 2523 2598 2433 2803 2588 2465 2603 2542 2765 2330 2370 2650 2540 2557 2826 2385 2250 2306 2450 2320 2600 2604 2454 2418 2638 2487 2547 2435 2418 2726 2635 
2995 2656 2935 2569 2877 2882 2629 2641 2593 2862 2387 2329 2948 2647 2756 2910 2686 2610 2763 2566 2668 2653 2614 2611 2667 2862 2796 2760 2616 2821 3033 2801 
