695 777 742 634 793 651 824 717 679 704 833 815 962 863 651 821 759 831 830 869 557 766 825 798 729 812 786 829 691 583 739 773 
439 428 491 546 597 458 559 503 480 570 523 559 612 619 540 616 614 567 554 655 373 468 567 500 515 605 621 562 480 388 508 519 
560 556 598 676 787 662 722 565 655 711 669 656 760 700 742 778 630 720 714 819 545 617 762 739 676 685 803 710 496 454 575 641 
561 602 629 654 643 700 699 622 641 699 673 668 745 784 663 790 655 755 738 841 598 536 729 721 721 803 768 712 468 499 624 639 
555 626 683 646 707 658 777 671 609 604 521 722 752 820 547 738 581 696 736 747 589 702 572 686 600 727 740 742 552 467 632 592 
468 542 654 641 764 635 671 569 662 616 607 663 695 675 570 753 601 626 717 721 519 616 648 692 573 565 745 662 561 443 551 695 
545 596 669 669 746 582 663 721 602 634 672 699 774 819 660 846 683 700 701 806 509 766 765 826 631 756 812 689 574 453 665 691 
511 547 586 484 602 513 568 489 574 570 581 519 719 575 467 638 605 543 561 632 446 515 558 592 524 651 619 588 419 421 538 522 
595 627 730 731 829 701 811 740 703 756 672 784 841 860 705 908 754 800 781 943 605 769 825 795 706 780 854 906 627 565 709 686 
660 755 726 687 712 657 759 687 667 730 766 741 846 807 683 891 683 791 797 854 586 687 790 793 725 718 741 797 601 516 656 762 
594 648 736 723 907 726 869 694 690 767 806 770 880 840 752 841 768 823 805 904 581 744 813 699 745 753 805 840 680 508 694 791 
602 700 731 737 862 683 817 692 679 732 693 808 878 801 745 823 734 768 737 860 545 729 796 767 686 742 844 908 614 567 655 692 
565 559 559 525 579 520 721 622 554 733 651 614 688 710 653 709 660 661 703 718 457 592 559 602 606 637 601 635 474 453 581 650 
446 516 549 539 621 486 620 503 511 448 620 571 645 568 476 601 517 637 559 627 376 448 585 551 525 477 517 628 503 394 447 533 
499 725 597 587 648 581 679 679 615 708 667 696 766 725 583 759 649 658 725 792 546 641 720 768 677 708 727 730 508 472 620 587 
651 600 701 886 918 798 875 740 738 781 667 847 908 934 797 897 754 859 831 947 663 814 842 824 761 830 895 909 655 504 705 740 
593 673 739 577 701 646 697 623 650 692 683 679 807 745 710 709 664 695 750 778 548 624 721 669 615 705 806 668 512 498 672 646 
487 597 611 610 653 524 635 577 616 529 591 669 672 700 593 735 631 632 669 679 491 590 659 661 496 660 805 612 503 495 529 689 
621 656 696 725 934 676 843 749 720 737 836 825 970 887 710 860 824 834 790 918 548 769 870 855 753 830 867 869 728 567 738 756 
476 552 632 542 675 533 565 499 573 585 617 547 686 663 583 696 619 642 568 732 454 531 583 549 550 590 622 720 489 441 598 559 
545 546 603 530 639 535 677 602 630 624 608 695 761 763 603 695 649 753 689 725 516 601 700 700 606 697 750 679 605 483 652 627 
603 632 641 638 697 597 717 610 607 671 652 673 804 680 658 746 692 711 689 810 490 622 713 638 712 677 635 769 555 453 545 574 
599 542 595 528 666 567 755 643 579 670 700 561 764 777 596 689 652 709 674 746 499 583 638 656 597 711 682 624 471 463 654 609 
535 623 709 644 755 680 731 620 612 639 575 708 792 800 629 726 648 661 753 738 590 730 694 656 629 748 821 727 598 490 660 636 
584 659 617 671 683 623 607 605 645 641 616 606 768 818 594 755 684 644 743 751 541 660 641 649 651 787 696 687 519 441 696 573 
510 560 639 525 683 637 731 632 563 636 635 708 730 709 657 731 630 622 718 793 522 664 612 647 565 686 691 677 479 541 557 635 
601 618 718 648 764 715 672 623 634 652 654 743 880 865 730 745 701 755 779 824 611 699 756 754 671 831 834 714 578 452 731 641 
498 533 557 589 667 633 645 507 534 671 669 597 737 701 562 699 681 585 738 716 524 605 663 647 670 697 626 609 489 445 605 626 
489 541 584 600 686 525 634 599 579 537 591 696 712 722 630 651 670 772 637 744 459 622 747 512 581 692 695 739 590 482 549 575 
656 696 674 652 729 617 786 740 728 672 668 780 844 918 653 800 716 813 801 827 608 728 767 784 729 862 795 850 608 650 712 598 
428 579 615 631 648 521 659 700 647 595 572 699 681 762 482 748 651 640 683 774 498 650 647 709 659 654 686 744 569 442 565 572 
762 684 733 723 915 775 860 800 836 835 757 822 907 890 805 909 785 935 905 941 653 762 868 842 777 862 925 813 680 539 777 734 
