2018 1795 1854 1692 1899 1796 2031 1965 1847 1736 1995 1896 1991 1809 1613 1781 1949 2009 1980 2133 1612 1887 1814 1761 1813 1990 2081 2117 1945 1589 1861 1785 
1782 1579 1721 1792 1658 1704 1734 1928 1625 1780 1614 1752 1669 1760 1678 1817 1873 1705 1891 1944 1400 1615 1745 1471 1730 1794 1916 1878 1829 1566 1799 1761 
2169 1917 2045 2023 2159 2310 2216 2206 2111 2177 2177 2002 2155 2132 1965 2203 2070 2149 2251 2291 1733 2085 2314 2103 2117 2284 2181 2240 1944 1890 2026 1936 
2023 1872 1998 2002 2019 2044 2162 2228 1922 2053 1956 1915 2002 2077 1861 2105 1926 2205 2278 2321 1827 1896 2077 1927 2130 2154 2137 2139 1925 1786 1955 1963 
2063 1963 2135 1958 1954 2108 2121 2254 2002 1980 1789 1982 1953 2058 1668 2071 2017 2011 2325 2173 1829 1973 1854 1826 1883 2075 2263 2272 2052 1833 2060 1838 
2085 1835 2159 2060 2169 2250 2075 2184 2026 1918 2014 2078 1876 1888 1774 2058 2046 2200 2369 2286 1677 2051 2047 1965 1921 2079 2388 2229 2199 1787 2082 1992 
1847 1687 1955 1813 1838 1776 1803 2019 1730 1902 1861 1740 1694 1900 1665 1925 1825 1939 1948 2005 1485 1873 1872 1747 1831 1809 1900 1941 1860 1490 1821 1809 
1934 1701 1978 1725 1866 1935 1870 2028 1929 1837 1791 1716 1949 1820 1589 1975 1907 1768 1857 1977 1567 1783 1872 1658 1811 2086 2053 1979 1815 1644 1830 1621 
1851 1789 2035 1871 2070 1968 2010 2143 1798 2076 1900 1893 1905 1901 1757 1968 1931 2075 2096 2178 1654 1927 1933 1869 1873 1942 2121 2094 1995 1744 1921 1839 
2042 2185 2107 1808 2114 2030 2130 2111 2028 2111 1930 1923 2023 2011 1974 2192 1974 2081 2179 2091 1894 1947 2060 1973 1991 2037 2205 2265 1960 1662 2032 1976 
2109 1787 2037 1959 2382 2086 2186 2210 2025 2107 2066 2027 2057 1909 1909 2136 2088 2234 2189 2228 1724 1913 2092 1844 2053 2060 2095 2288 2114 1684 1967 1902 
2124 2022 2104 2111 2129 2218 2153 2206 1966 2014 1946 2229 2159 2102 1897 2094 2101 2210 2335 2211 1797 2080 2155 2010 2055 2216 2407 2488 2022 1784 2146 2005 
2342 2234 2304 2108 2287 2350 2477 2378 2375 2350 2352 2282 2153 2221 2145 2154 2342 2401 2431 2521 1879 2167 2139 2065 2181 2246 2367 2340 2286 1950 2193 2268 
2120 1982 1976 1983 2104 2132 2119 2228 2018 1895 1986 1950 1940 1990 1664 2139 1928 2170 2162 2212 1661 2034 2082 1780 2054 2068 2168 2284 1981 1752 1939 1870 
1914 1880 1928 1776 1978 2057 1980 2058 1944 2013 2020 1936 1961 1795 1642 1998 1913 2095 2105 2103 1709 1928 1974 1871 1936 1902 2025 2192 1885 1566 1873 1762 
2107 1816 2006 2121 2209 2203 2165 2221 2109 2158 2067 2146 2208 2010 1867 2210 2061 2217 2219 2395 1781 2070 2190 1990 2200 2199 2256 2302 2146 1712 1991 1895 
1949 1912 2131 1890 2063 2111 2037 1939 2012 1950 1919 1890 1979 1882 1863 1916 1983 2161 2250 2063 2017 1831 2092 1904 1933 2049 2210 2206 1937 1793 2057 1879 
1983 1892 1992 1952 1849 1986 1904 2075 1916 1867 1862 1926 1877 1876 1666 2169 1908 1967 2144 2070 1719 1940 1985 1951 1711 2010 2249 2132 1942 1883 1811 1977 
2078 1984 2013 1828 2194 2148 2026 2192 1953 2002 2003 1971 2165 2124 1846 2059 2110 2077 2113 2154 1828 1940 2104 2058 1886 2101 2209 2266 2016 1835 1914 1987 
1928 1764 2036 1787 1958 2022 1681 1903 1936 1763 1829 1687 1913 1891 1703 2030 1900 1848 2007 2095 1520 1857 1885 1615 1911 1902 1921 2256 1865 1708 1913 1639 
1858 1688 1747 1671 1741 1825 1808 2006 1765 1876 1639 1829 1796 1890 1590 1899 1836 1932 1922 1910 1492 1873 1751 1624 1707 2001 2110 1989 1959 1656 1848 1659 
2067 1900 2002 1947 1926 1935 2020 1964 1902 2037 1927 1935 1782 1722 1727 1997 1886 2036 1978 2074 1561 1933 1946 1787 2007 1936 1929 2181 1820 1723 1807 1756 
1963 1746 1888 1740 1838 1816 2023 2057 1734 1968 1933 1729 1843 1866 1640 1840 1750 2068 2113 1964 1543 1691 1943 1812 1796 1835 1896 1774 1793 1548 1777 1753 
1843 1663 2017 1710 1938 2022 1919 1976 1763 1855 1833 1791 1816 1835 1583 1828 1710 1882 2067 1900 1530 1822 1847 1704 1757 1947 1928 1916 1855 1663 1795 1602 
2011 1937 2063 1897 1948 2103 1846 2068 2019 2080 1909 1834 1969 2186 1725 2076 2111 2019 2310 2012 1676 1875 1989 1765 1892 2098 2115 2202 1977 1605 2064 1789 
2051 1933 2130 1821 2185 2227 2179 2262 1845 2067 2022 2067 2053 1957 1881 2197 2009 2168 2155 2381 1632 2188 1950 1922 1937 2134 2160 2202 2032 1819 1896 1829 
2103 1803 2016 2070 1993 2244 1979 2082 2030 2048 1914 2134 1924 2068 1905 2054 1911 2164 2212 2121 1823 2014 2075 1961 2086 2159 2249 2259 2004 1776 2121 1813 
1867 1798 1969 1812 1925 1961 2038 1909 1852 2010 1986 1844 1930 1838 1691 1866 1963 2042 2117 2041 1706 1883 1956 1913 1918 1979 2027 2074 1806 1651 1929 1921 
1996 1860 1977 1832 1997 2131 1919 2121 1757 1837 1992 1995 1920 1998 1851 1907 1962 2116 2105 2099 1678 1932 2154 1695 1874 2037 2076 2119 2178 1728 1884 1720 
1982 1922 1873 1853 1907 1976 1884 2281 1968 2037 1867 1907 1941 2115 1808 2160 1870 2046 2036 2055 1699 2023 2107 1979 2010 2141 2187 2293 1929 1800 1944 1825 
1970 1924 2054 1913 1838 1973 2060 2164 2052 1999 1901 2098 1908 2038 1630 2015 2059 2048 2089 2227 1596 2042 1885 1935 1905 2036 2129 2148 1917 1814 2003 1942 
2199 1877 2172 2036 2206 2235 2146 2363 2222 2169 1950 2020 2166 2346 1942 2235 2214 2318 2354 2275 1831 2062 2190 2086 2184 2275 2410 2428 2139 1733 2110 1969 
