4677 4467 4464 3752 4593 4710 4599 4481 4704 4246 4813 4482 4591 4470 4285 4273 4653 4428 4511 4746 3905 4763 4334 4125 4476 4610 4639 4731 4730 4132 4607 4328 
4479 4220 4344 3955 4209 4380 4325 4320 4316 4308 4329 4341 4133 4425 4533 4193 4865 4296 4519 4371 3607 4383 4198 3960 4359 4492 4518 4519 4578 4293 4434 4167 
4908 4439 4763 4241 4620 5119 4769 4840 4731 4819 4860 4607 4673 4821 4484 4549 4998 4695 4880 5077 4009 4899 4947 4655 4798 5064 4840 4906 4603 4425 4557 4234 
4795 4697 4655 4372 4650 4997 4705 5129 4793 4812 4734 4637 4697 4823 4670 4594 4927 4964 5093 5043 4328 4865 4601 4780 5079 4884 4991 4894 4811 4607 4780 4578 
5207 4698 5057 4256 4850 5208 5041 5022 4740 4806 4864 4849 4688 5137 4560 4600 5116 4865 5170 4968 4253 4894 4781 4795 4918 5026 5237 4954 5170 4763 5129 4863 
4963 4537 4973 4258 4873 5062 4700 4847 4859 4539 4817 4586 4490 4616 4507 4352 4945 5110 4981 4833 4094 4767 4646 4547 4838 4820 5161 4881 5059 4451 4818 4574 
4460 4307 4627 4141 4551 4716 4601 4669 4509 4482 4586 4481 4308 4635 4197 4418 4678 4693 4727 4851 3858 4707 4411 4294 4552 4356 4673 4803 4704 4118 4556 4220 
4787 4550 4640 3919 4545 4918 4417 4857 4825 4304 4845 4592 4429 4532 4355 4475 4907 4277 4646 4644 3908 4800 4523 4180 4526 4931 4767 4676 4624 4347 4767 4259 
4594 4498 4798 4108 4780 4880 4695 4447 4636 4550 4662 4494 4275 4676 4413 4432 4817 4935 4792 4795 4004 4765 4622 4548 4639 4614 4785 4906 4919 4338 4726 4538 
4763 4856 4654 4095 4794 4746 4824 4872 4837 4912 4870 4430 4792 4762 4577 4622 4817 4686 4995 4714 4217 4811 4648 4687 4769 4778 4997 4831 4820 4335 4863 4416 
4894 4463 4624 3936 4891 4836 4849 4840 4739 4649 4757 4763 4504 4572 4382 4472 5164 4787 5007 4812 4181 4799 4737 4533 4822 4808 4942 4918 4838 4298 4758 4417 
4625 4537 4524 4178 4461 4791 4515 4554 4482 4574 4427 4595 4537 4633 4339 4312 4794 4699 4888 4645 4071 4547 4611 4567 4761 4763 4907 4992 4618 4077 4677 4302 
5306 5048 5026 4292 4947 5348 5034 4882 5281 4916 5111 5153 4725 4975 4963 4592 5413 5045 5349 5260 4445 4985 4920 4897 4902 5285 5236 5202 5156 4838 5113 4831 
4677 4352 4280 4062 4558 4633 4452 4644 4439 4395 4615 4378 4251 4548 4207 4303 4600 4592 4673 4764 3992 4566 4638 4298 4622 4738 4697 4636 4420 4359 4724 4220 
4661 4560 4713 4183 4778 5040 4762 4728 4563 4592 4837 4497 4532 4573 4349 4583 4873 4831 4795 4895 4120 4602 4587 4623 4895 4459 4718 4989 4789 4503 4693 4421 
4940 4443 4693 4341 4694 4888 4744 4766 4705 4821 4755 4832 4526 4687 4489 4429 4798 4787 5020 5051 4017 4665 4698 4778 4900 4881 4911 4932 4937 4397 4759 4469 
4410 4473 4822 3971 4595 4952 4555 4568 4617 4435 4784 4515 4397 4568 4363 4136 4786 4585 4683 4972 4282 4444 4788 4568 4723 4490 4935 4882 4671 4384 4808 4318 
4799 4598 4732 4380 4569 5059 4670 4830 4821 4675 4819 4785 4558 4734 4314 4882 4976 4670 5091 4856 4309 4982 4761 4962 4524 4907 5141 5064 4915 4843 4709 4554 
4773 4654 4824 4023 5022 4985 4876 4650 4826 4592 4898 4669 4871 4948 4413 4442 5077 4786 4828 4838 4263 4735 4846 4646 4711 4910 4927 5091 4792 4583 4714 4539 
4504 4144 4469 3796 4340 4667 4128 4364 4360 4126 4445 4062 4295 4499 4145 4317 4622 4151 4441 4529 3805 4442 4300 4058 4553 4293 4506 4771 4331 4261 4497 4131 
4856 4747 4586 4158 4604 4905 4641 4734 4752 4838 4651 4706 4554 4833 4364 4401 4958 4702 4866 4719 3953 4755 4632 4438 4676 5141 5034 4933 4907 4546 4824 4522 
4824 4498 4562 3992 4604 4704 4649 4487 4734 4732 4600 4600 4181 4178 4294 4326 4821 4613 4687 4706 3888 4729 4472 4444 4570 4634 4545 4776 4511 4447 4497 4211 
4538 4311 4432 4128 4641 4781 4487 4352 4426 4564 4696 4221 4470 4217 4209 4153 4454 4657 4884 4526 3837 4483 4566 4619 4605 4314 4504 4425 4661 4087 4402 4239 
4602 4206 4592 3792 4408 4796 4210 4600 4537 4457 4594 4262 4235 4425 4210 4224 4532 4406 4550 4483 3750 4414 4411 4261 4387 4561 4456 4439 4339 4227 4410 4030 
4710 4257 4616 3898 4398 4783 4247 4528 4612 4457 4498 4297 4350 4726 4324 4266 4927 4336 4743 4445 4046 4431 4369 4248 4535 4824 4603 4680 4607 4163 4673 4234 
4683 4283 4630 4013 4722 4757 4769 4641 4478 4608 4689 4628 4366 4776 4299 4579 4577 4775 4748 4834 3980 4796 4517 4663 4640 4874 4673 4612 4767 4516 4544 4518 
4906 4490 4768 4369 4624 5213 4634 4716 4818 4657 4532 4836 4676 4953 4548 4694 4760 5037 4834 4908 4291 4897 4810 4606 4954 5060 4962 4834 4884 4453 5085 4541 
4592 4386 4616 3966 4648 4930 4781 4614 4684 4880 4874 4510 4694 4504 4508 4340 4932 4737 4837 4810 4226 4687 4628 4746 4805 4652 4967 4859 4604 4537 4847 4892 
4736 4348 4550 4219 4724 5046 4564 4750 4665 4656 4871 4674 4521 4763 4538 4260 4746 4812 4943 4679 4143 4851 4757 4504 4821 4787 4912 5018 5103 4344 4749 4192 
4797 4558 4618 4073 4415 4862 4656 4855 4741 4903 4788 4661 4578 4794 4420 4609 4700 4681 4851 4820 3994 4863 4998 4717 4985 4763 4916 4941 4830 4399 4792 4057 
4780 4673 4992 4367 4660 4965 4959 4952 4867 4813 4808 4901 4675 4963 4384 4463 5015 4809 4909 5157 4037 5055 4665 4720 4784 4845 5022 4866 4899 4670 4850 4767 
5290 4875 5169 4518 5078 5341 5008 5145 5244 5133 5060 5005 4936 5401 4777 4964 5398 5142 5264 5081 4404 5115 5049 5132 5379 5303 5490 5534 5125 4865 5196 4915 
