1223 1182 1275 1165 1281 1190 1376 1248 1218 1201 1281 1362 1388 1310 1007 1328 1212 1320 1312 1274 1049 1241 1292 1199 1154 1271 1447 1423 1239 975 1173 1185 
1000 967 1110 1280 1073 1045 1163 1262 982 1259 980 1123 1131 1225 994 1324 1270 1193 1224 1322 947 1057 1199 972 1070 1144 1335 1313 1186 956 1141 1197 
1199 1115 1310 1417 1419 1413 1520 1385 1296 1487 1244 1281 1386 1495 1244 1641 1272 1363 1405 1478 1125 1362 1563 1338 1365 1422 1509 1489 1153 1139 1229 1216 
1195 1181 1291 1444 1254 1405 1522 1440 1292 1462 1249 1387 1406 1507 1180 1612 1338 1571 1464 1519 1232 1179 1447 1295 1359 1453 1514 1471 1156 1132 1298 1282 
1236 1348 1446 1406 1332 1408 1536 1478 1320 1441 1071 1457 1388 1567 1089 1602 1334 1408 1515 1457 1236 1386 1273 1243 1200 1365 1586 1580 1271 1129 1316 1291 
1090 1113 1415 1369 1377 1356 1379 1358 1277 1249 1231 1404 1191 1304 1088 1448 1283 1409 1458 1367 1018 1302 1272 1249 1183 1244 1536 1398 1384 999 1213 1299 
1060 1071 1288 1341 1278 1139 1233 1364 1100 1279 1100 1248 1232 1367 1108 1494 1252 1290 1260 1331 1037 1342 1306 1252 1192 1255 1419 1370 1223 982 1170 1244 
1128 1110 1391 1186 1189 1252 1358 1306 1260 1295 1133 1174 1416 1331 984 1489 1269 1179 1235 1307 1026 1212 1332 1116 1183 1402 1393 1384 1148 1073 1175 1015 
1191 1233 1419 1425 1445 1345 1462 1511 1261 1467 1254 1417 1386 1419 1206 1566 1375 1504 1487 1562 1195 1384 1435 1338 1306 1368 1567 1591 1408 1155 1329 1285 
1213 1352 1356 1221 1253 1249 1426 1372 1269 1378 1159 1305 1374 1469 1232 1555 1269 1359 1401 1292 1204 1248 1401 1269 1249 1302 1487 1495 1201 956 1232 1370 
1212 1088 1384 1365 1553 1295 1516 1394 1220 1436 1294 1375 1374 1378 1233 1572 1424 1491 1413 1419 1069 1362 1431 1185 1265 1292 1463 1565 1394 1029 1311 1304 
1272 1354 1496 1478 1458 1489 1509 1538 1343 1490 1284 1573 1530 1572 1279 1661 1495 1582 1547 1449 1184 1438 1487 1367 1370 1424 1727 1803 1351 1124 1430 1411 
1207 1259 1442 1366 1319 1367 1591 1397 1338 1480 1298 1436 1389 1502 1260 1493 1414 1471 1527 1489 1159 1320 1338 1229 1302 1302 1518 1468 1309 1131 1276 1387 
1324 1305 1383 1427 1342 1369 1519 1459 1336 1326 1296 1386 1370 1441 1074 1576 1351 1487 1442 1422 1036 1332 1400 1224 1288 1366 1514 1626 1306 1099 1257 1282 
1002 1205 1244 1184 1224 1215 1257 1303 1168 1329 1211 1284 1322 1182 1020 1379 1198 1296 1281 1302 1081 1258 1247 1218 1259 1224 1339 1422 1092 962 1151 1104 
1299 1116 1384 1649 1560 1466 1558 1529 1408 1496 1214 1544 1537 1523 1262 1645 1439 1526 1559 1614 1215 1384 1576 1325 1454 1438 1633 1649 1421 1124 1271 1244 
1155 1289 1548 1333 1379 1354 1368 1267 1350 1368 1286 1358 1443 1418 1277 1387 1362 1472 1545 1311 1337 1200 1494 1332 1304 1372 1601 1517 1329 1133 1371 1343 
1125 1221 1348 1383 1172 1188 1283 1378 1218 1269 1168 1315 1303 1305 1045 1597 1324 1361 1425 1343 1083 1283 1329 1301 1078 1328 1544 1452 1289 1193 1137 1317 
1138 1212 1285 1329 1396 1306 1368 1302 1205 1396 1265 1393 1437 1497 1098 1482 1324 1391 1296 1382 1139 1282 1407 1337 1194 1283 1499 1512 1239 1045 1164 1369 
1151 1183 1408 1298 1372 1332 1208 1203 1303 1289 1212 1171 1335 1371 1092 1481 1270 1291 1271 1447 1042 1309 1314 1129 1224 1274 1372 1596 1221 1083 1267 1152 
1305 1224 1327 1345 1261 1287 1388 1466 1364 1445 1166 1392 1379 1479 1121 1540 1391 1483 1403 1420 1071 1368 1378 1231 1224 1444 1595 1586 1387 1157 1353 1233 
1270 1199 1303 1415 1283 1230 1343 1344 1185 1407 1128 1333 1281 1278 1081 1452 1319 1352 1272 1350 1031 1284 1336 1176 1341 1276 1392 1518 1235 1056 1049 1168 
1104 1078 1147 1141 1149 1102 1336 1364 1081 1263 1158 1146 1297 1307 994 1248 1157 1321 1304 1260 969 1081 1257 1162 1131 1205 1285 1148 1075 960 1128 1124 
1043 1086 1344 1284 1348 1306 1324 1291 1128 1195 1087 1265 1260 1349 1009 1377 1139 1240 1349 1295 1035 1326 1292 1101 1189 1319 1385 1330 1261 1036 1115 1026 
1257 1315 1431 1356 1348 1411 1304 1419 1376 1492 1188 1302 1425 1591 1177 1591 1483 1416 1524 1402 1189 1418 1340 1220 1338 1526 1592 1630 1344 1065 1512 1262 
1150 1170 1424 1237 1420 1454 1454 1468 1165 1378 1219 1428 1425 1408 1167 1608 1276 1410 1394 1476 1021 1455 1311 1260 1248 1399 1419 1469 1224 1126 1172 1171 
1203 1146 1362 1422 1321 1445 1280 1348 1287 1457 1194 1469 1374 1546 1253 1512 1285 1492 1388 1361 1150 1338 1403 1353 1314 1403 1593 1494 1295 1037 1333 1178 
1139 1120 1363 1338 1333 1351 1457 1305 1254 1460 1330 1382 1438 1343 1127 1490 1383 1489 1502 1323 1204 1280 1400 1355 1418 1423 1470 1462 1235 1037 1289 1342 
947 992 1192 1201 1193 1184 1155 1215 1003 1174 1025 1289 1216 1287 1074 1339 1146 1313 1168 1222 957 1137 1387 969 1091 1151 1333 1328 1219 963 1056 1016 
1186 1221 1240 1345 1262 1286 1380 1517 1267 1461 1122 1360 1370 1570 1193 1585 1266 1503 1377 1315 1231 1390 1473 1422 1378 1543 1536 1670 1256 1164 1349 1177 
1002 1220 1324 1352 1201 1205 1330 1394 1269 1337 1086 1414 1284 1396 947 1518 1339 1343 1368 1401 993 1345 1277 1298 1203 1221 1442 1474 1226 1116 1243 1200 
1483 1321 1553 1599 1637 1633 1692 1694 1623 1717 1376 1595 1599 1806 1376 1816 1578 1817 1710 1703 1362 1593 1715 1576 1603 1700 1845 1818 1492 1222 1518 1482 
