2792 2453 2533 2216 2582 2561 2515 2539 2609 2440 2687 2434 2490 2390 2272 2346 2643 2542 2622 2717 2163 2584 2536 2300 2590 2670 2740 2547 2698 2277 2495 2392 
2643 2161 2503 2349 2261 2345 2321 2432 2342 2513 2349 2383 2168 2406 2397 2265 2707 2241 2464 2519 2014 2207 2463 2100 2369 2537 2503 2463 2579 2310 2422 2421 
2917 2499 2844 2624 2663 3027 2738 2780 2843 2950 2892 2608 2697 2782 2596 2608 2812 2633 2855 2893 2276 2735 3060 2725 2924 2976 2932 2744 2708 2502 2581 2517 
2911 2666 2832 2605 2725 2756 2670 2928 2805 2859 2685 2608 2584 2813 2630 2681 2719 2946 2941 2967 2493 2603 2823 2599 3023 2854 2969 2711 2870 2607 2564 2763 
3018 2715 3009 2616 2746 2921 2788 2817 2764 2776 2595 2713 2549 2832 2342 2653 2895 2736 3046 2879 2455 2673 2728 2565 2749 2919 3130 2934 3000 2690 2747 2612 
3073 2732 3119 2794 3020 3069 2773 2834 2960 2801 2867 2791 2577 2724 2632 2709 2958 3009 3102 2961 2455 2860 2884 2732 2872 2948 3308 2903 3218 2718 2750 2821 
2418 2180 2547 2224 2295 2312 2184 2433 2282 2418 2347 2184 2133 2361 2160 2321 2383 2432 2365 2525 1990 2384 2365 2186 2435 2303 2523 2352 2453 2057 2263 2318 
2850 2427 2815 2245 2567 2712 2349 2722 2757 2626 2584 2395 2477 2464 2340 2581 2696 2324 2546 2645 2206 2607 2655 2305 2605 2880 2771 2495 2664 2372 2545 2281 
2681 2532 2813 2496 2851 2641 2603 2706 2520 2757 2615 2431 2385 2530 2483 2547 2653 2848 2774 2864 2281 2585 2707 2625 2634 2655 2893 2694 2883 2568 2528 2647 
2909 2857 2855 2392 2759 2766 2652 2716 2753 2942 2727 2529 2594 2650 2646 2699 2717 2642 2876 2627 2516 2691 2805 2651 2738 2771 2969 2734 2815 2275 2636 2548 
2871 2372 2732 2434 2993 2672 2678 2703 2718 2765 2671 2517 2549 2410 2494 2603 2745 2692 2732 2797 2265 2498 2744 2341 2695 2730 2753 2790 2868 2250 2489 2443 
2843 2713 2821 2761 2708 2926 2748 2753 2658 2729 2594 2693 2618 2751 2492 2515 2818 2796 2987 2801 2432 2582 2865 2699 2842 2855 3206 2989 2825 2383 2673 2678 
3163 2825 3008 2606 2975 3088 3011 2805 3091 3041 2967 2898 2641 2814 2852 2647 3131 2968 3082 3145 2452 2745 2895 2701 2779 2955 3086 2895 3051 2768 2808 2949 
2944 2652 2682 2633 2829 2862 2696 2764 2718 2600 2616 2585 2396 2636 2340 2628 2732 2764 2900 2893 2325 2676 2846 2451 2739 2822 2925 2855 2813 2547 2574 2530 
2652 2564 2700 2382 2622 2755 2521 2610 2586 2689 2699 2495 2441 2483 2357 2510 2705 2707 2673 2700 2313 2483 2692 2521 2724 2532 2713 2771 2671 2313 2470 2506 
3070 2649 2908 2846 2910 2970 2826 2887 2948 3065 2879 2882 2749 2752 2620 2730 2953 2950 3050 3148 2553 2746 3035 2818 3088 3024 3198 2994 3166 2516 2723 2721 
2699 2621 2943 2625 2751 2982 2605 2484 2741 2707 2732 2491 2579 2564 2573 2449 2748 2719 2910 2805 2620 2466 2929 2602 2783 2761 3027 2895 2768 2532 2782 2579 
2831 2652 2853 2649 2605 2837 2535 2714 2742 2721 2625 2618 2522 2581 2364 2783 2753 2622 2897 2841 2414 2741 2910 2838 2583 2875 3194 2729 2905 2740 2536 2736 
2593 2504 2571 2355 2802 2683 2554 2590 2588 2548 2560 2368 2663 2688 2353 2450 2699 2548 2574 2614 2287 2489 2737 2561 2529 2662 2732 2690 2640 2417 2328 2393 
2611 2383 2695 2311 2558 2741 2138 2400 2525 2415 2472 2171 2455 2432 2314 2509 2592 2328 2514 2668 2076 2457 2532 2145 2671 2468 2616 2725 2480 2386 2441 2225 
2671 2441 2500 2290 2455 2569 2399 2587 2536 2737 2353 2488 2359 2566 2244 2424 2596 2486 2613 2542 2070 2601 2514 2324 2465 2757 2946 2543 2835 2433 2463 2333 
2841 2592 2732 2459 2549 2529 2572 2458 2701 2792 2558 2480 2285 2251 2359 2456 2641 2585 2633 2660 2221 2586 2663 2425 2644 2654 2669 2738 2633 2341 2370 2348 
2778 2442 2649 2336 2545 2551 2547 2578 2437 2693 2715 2290 2455 2469 2349 2379 2502 2640 2738 2569 2144 2357 2696 2486 2581 2531 2687 2378 2665 2230 2400 2461 
2758 2319 2877 2287 2595 2718 2409 2577 2595 2656 2592 2341 2451 2513 2337 2407 2487 2540 2663 2527 2073 2530 2647 2437 2540 2628 2702 2461 2604 2398 2412 2279 
3002 2726 3027 2621 2749 3033 2488 2713 2931 2954 2786 2577 2661 2912 2627 2748 3071 2686 3042 2793 2464 2619 2925 2513 2823 2954 2933 2890 2989 2485 2855 2657 
2948 2719 3011 2554 3059 2993 2880 2898 2772 2870 2876 2785 2666 2741 2609 2802 2847 2882 2877 3066 2361 2993 2882 2751 2829 3022 2987 2806 3044 2674 2631 2618 
3037 2575 2880 2688 2682 3010 2553 2728 2827 2778 2617 2795 2522 2765 2557 2634 2737 2910 2919 2823 2465 2859 2881 2772 2936 2996 3111 2767 2958 2578 2748 2595 
2723 2570 2783 2369 2587 2760 2545 2505 2626 2834 2660 2450 2497 2371 2435 2474 2716 2625 2744 2737 2376 2513 2664 2564 2732 2639 2900 2693 2639 2415 2633 2705 
2827 2495 2797 2530 2664 2837 2518 2755 2528 2691 2859 2624 2537 2694 2580 2477 2692 2738 2763 2731 2344 2605 2931 2404 2686 2790 2919 2783 3068 2450 2575 2342 
2921 2678 2778 2591 2671 2770 2532 2988 2869 2960 2781 2538 2637 2835 2557 2726 2719 2685 2811 2831 2326 2907 3032 2828 2923 2970 3037 2952 2843 2562 2683 2462 
2773 2650 2881 2565 2541 2779 2643 2760 2817 2795 2611 2712 2473 2695 2366 2583 2856 2721 2786 2909 2239 2804 2682 2628 2723 2722 2973 2739 2784 2586 2616 2632 
3144 2661 3084 2738 2912 3080 2754 2962 2946 3006 2740 2691 2771 3040 2659 2858 3065 3002 3042 2995 2473 2738 3052 2870 3043 3054 3310 3117 2996 2578 2799 2782 
