3502 3201 3169 2640 3206 3425 3260 3218 3369 2973 3396 3148 3163 3036 2885 2816 3316 3279 3248 3212 2746 3189 3283 2750 3306 3385 3375 3216 3361 2831 3242 3100 
3225 2786 3005 2763 2725 3038 2955 2968 2997 3019 2983 2978 2766 3012 2988 2722 3352 2884 3069 2838 2519 2775 3050 2630 3001 3219 3116 3076 3253 2794 3047 2979 
3448 3062 3376 2992 3196 3697 3266 3297 3397 3277 3481 3106 3246 3257 2992 2994 3442 3195 3383 3372 2783 3247 3704 3216 3458 3546 3472 3292 3222 2914 3118 3065 
3336 3275 3304 3083 3210 3492 3244 3513 3433 3283 3302 3148 3185 3411 3198 3058 3383 3578 3580 3356 3016 3116 3432 3179 3669 3479 3556 3325 3375 3155 3203 3324 
3811 3458 3767 3110 3488 3795 3586 3599 3548 3427 3440 3442 3325 3585 3054 3171 3755 3533 3844 3405 3063 3344 3569 3225 3497 3702 3887 3705 3783 3359 3590 3441 
3689 3380 3710 3178 3531 3793 3345 3392 3691 3227 3495 3309 3122 3273 3172 3101 3651 3646 3719 3411 3028 3326 3478 3258 3564 3540 3845 3537 3796 3191 3405 3310 
3085 2885 3107 2721 2947 3085 2860 3099 2994 2931 3043 2871 2760 2982 2708 2737 3065 3104 3032 3036 2518 2951 3092 2752 3130 2898 3218 3024 3108 2577 2949 2907 
3529 3248 3468 2799 3310 3735 3136 3521 3633 3156 3396 3212 3181 3179 3006 3023 3534 3119 3308 3220 2917 3325 3572 2942 3428 3698 3540 3296 3405 3035 3373 3077 
3423 3339 3457 2962 3433 3551 3320 3330 3415 3339 3377 3160 3016 3265 3144 3079 3460 3635 3517 3412 2873 3242 3442 3255 3410 3450 3523 3458 3573 3104 3330 3329 
3452 3507 3377 2929 3393 3486 3403 3363 3402 3446 3380 3088 3251 3254 3133 3135 3386 3305 3570 3103 3046 3188 3470 3234 3405 3422 3536 3359 3435 2865 3364 3186 
3536 3157 3375 2866 3654 3515 3455 3412 3527 3311 3432 3281 3225 3168 3131 3068 3648 3430 3554 3329 2968 3173 3619 3121 3472 3497 3519 3507 3573 2855 3264 3179 
3519 3361 3415 3130 3154 3566 3331 3299 3351 3269 3252 3367 3251 3404 3038 3035 3544 3516 3625 3266 3047 3121 3539 3290 3539 3488 3755 3649 3413 2854 3357 3264 
3958 3674 3691 3192 3616 4037 3734 3482 4035 3618 3808 3736 3435 3589 3598 3180 3991 3810 4036 3740 3235 3479 3739 3467 3702 3863 3936 3735 3889 3462 3667 3636 
3474 3080 3067 2915 3272 3416 3128 3203 3267 3086 3185 3073 2898 3101 2749 2952 3308 3267 3448 3234 2802 3119 3446 3003 3361 3423 3435 3340 3267 3010 3140 2973 
3239 3214 3274 2915 3234 3575 3183 3173 3258 3214 3430 3049 3023 3081 2867 2953 3394 3268 3359 3259 2790 3032 3380 3119 3426 3126 3350 3439 3321 2921 3098 3140 
3659 3195 3391 3250 3350 3574 3335 3384 3564 3523 3476 3453 3364 3291 3141 3101 3583 3568 3698 3552 2995 3262 3589 3399 3740 3591 3781 3576 3644 3028 3390 3293 
3126 3139 3368 2921 3243 3538 3124 2978 3233 3018 3213 2943 2980 3040 2978 2700 3253 3187 3398 3202 2994 2825 3456 3014 3299 3192 3460 3323 3226 2956 3245 3029 
3440 3332 3373 3216 3223 3662 3226 3354 3565 3321 3436 3326 3230 3238 2947 3329 3479 3359 3672 3310 3037 3418 3592 3591 3362 3632 3880 3462 3592 3374 3299 3355 
3358 3254 3343 2931 3457 3561 3278 3303 3438 3125 3384 3082 3473 3393 2990 2993 3546 3296 3373 3154 3035 3127 3570 3244 3377 3414 3518 3509 3379 3046 3149 3117 
3320 3056 3406 2780 3162 3546 2833 3026 3228 2922 3275 2836 3187 3135 2938 2982 3331 2966 3286 3143 2679 3104 3302 2830 3377 3158 3461 3391 3184 2954 3215 2938 
3383 3280 3129 2872 3076 3472 3161 3217 3410 3319 3147 3182 3071 3255 2803 2925 3414 3210 3424 3110 2744 3214 3397 2955 3326 3581 3688 3403 3536 3045 3228 3110 
3460 3150 3282 2857 3115 3253 3160 3059 3304 3309 3248 3123 2839 2774 2871 2838 3331 3250 3210 3070 2695 3185 3300 2994 3200 3177 3241 3300 3213 2932 3070 2925 
3361 3087 3195 2924 3168 3333 3145 3113 3214 3207 3397 2903 3061 2946 2769 2817 3201 3282 3466 3060 2744 2901 3362 3143 3326 3102 3265 3054 3303 2768 3022 3078 
3469 3037 3510 2777 3251 3567 3132 3300 3403 3202 3371 3037 3111 3224 2941 2909 3267 3319 3375 3086 2679 3135 3426 3007 3201 3376 3374 3226 3234 2971 3220 2968 
3571 3112 3511 2946 3245 3648 3007 3230 3579 3411 3316 3108 3184 3491 3135 3083 3712 3175 3629 3184 2986 3086 3534 2968 3411 3596 3543 3472 3494 2892 3456 3150 
3372 3102 3414 2895 3522 3490 3363 3358 3274 3295 3397 3301 3124 3183 2985 3226 3373 3393 3417 3435 2760 3465 3371 3254 3346 3513 3451 3309 3497 3076 3162 3099 
3707 3272 3614 3222 3305 3890 3280 3496 3622 3384 3347 3584 3250 3573 3256 3226 3474 3750 3614 3371 3155 3488 3654 3296 3700 3733 3786 3516 3661 3137 3633 3359 
3241 3207 3446 2932 3296 3620 3338 3225 3308 3312 3435 3109 3160 2959 2995 2949 3466 3346 3519 3215 2919 3146 3410 3198 3469 3281 3660 3473 3360 3078 3404 3501 
3472 3255 3397 3095 3381 3787 3279 3487 3349 3243 3656 3387 3243 3407 3213 2956 3481 3528 3571 3230 3006 3271 3789 3094 3531 3628 3722 3581 3801 3029 3427 3055 
3610 3462 3420 3058 3255 3573 3235 3537 3618 3525 3522 3256 3257 3428 3091 3220 3409 3390 3571 3342 2904 3533 3751 3420 3708 3621 3716 3652 3588 3214 3409 3069 
3400 3300 3510 3060 3162 3592 3367 3408 3459 3326 3314 3356 3074 3323 2842 3013 3600 3354 3421 3391 2811 3383 3431 3225 3356 3297 3605 3335 3441 3176 3294 3323 
3811 3417 3716 3175 3531 3918 3535 3556 3705 3628 3521 3413 3406 3725 3209 3425 3874 3707 3770 3491 3095 3427 3809 3603 3808 3812 4044 3827 3656 3218 3573 3419 
