4033 3790 3912 3176 3911 4032 3948 3848 4064 3574 4126 3892 3915 3766 3681 3552 4016 3859 3812 3970 3310 3949 3785 3351 3899 3934 4086 3893 4004 3441 4041 3725 
3861 3514 3818 3350 3459 3718 3706 3649 3714 3650 3744 3824 3526 3738 3927 3490 4260 3620 3820 3633 3058 3612 3622 3246 3692 3917 3951 3806 3861 3532 3823 3625 
4167 3786 4259 3709 3908 4495 4129 4100 4103 4022 4295 4000 4029 4166 3952 3843 4387 4009 4146 4294 3437 4150 4334 3921 4187 4414 4308 4182 3930 3779 3957 3792 
3989 3964 4077 3741 3883 4199 3969 4313 4150 3992 4090 4002 3921 4140 4035 3782 4228 4306 4313 4126 3644 3956 3970 3882 4373 4155 4391 4052 4000 3862 4082 4001 
4491 4096 4550 3772 4206 4470 4406 4291 4201 4080 4263 4303 4075 4481 3994 3945 4517 4227 4576 4233 3656 4194 4147 4002 4257 4433 4686 4354 4483 4134 4480 4221 
4260 3966 4398 3788 4186 4428 4073 4116 4319 3810 4203 4029 3874 3982 3981 3744 4311 4396 4382 4132 3580 4079 4083 3890 4234 4286 4668 4200 4438 3845 4168 4020 
3635 3598 4014 3430 3647 3882 3735 3857 3723 3619 3773 3747 3556 3796 3543 3525 3918 3897 3814 3859 3154 3806 3757 3407 3827 3589 4086 3859 3831 3289 3779 3617 
4151 4003 4236 3427 3937 4303 3750 4214 4291 3708 4213 4049 3895 3940 3900 3772 4334 3753 4004 3936 3387 4057 4053 3524 4054 4384 4297 3977 3997 3755 4171 3735 
4024 3992 4296 3577 4165 4314 4107 4035 4105 3977 4108 3951 3720 4092 3931 3899 4283 4331 4201 4183 3496 4089 4057 3994 4113 4078 4254 4217 4328 3760 4169 3963 
4070 4185 4135 3569 4069 4091 4115 4103 4126 4066 4203 3854 4079 4082 4030 3835 4139 4022 4210 3899 3630 4011 4076 3914 4088 4138 4358 3993 4066 3630 4227 3911 
4178 3764 4085 3433 4245 4099 4199 4112 4098 3920 4212 4116 3854 3934 3886 3721 4411 4134 4254 4060 3543 3980 4081 3784 4077 4187 4300 4155 4193 3521 4078 3828 
3953 3819 3965 3588 3656 4056 3847 3856 3835 3826 3853 3982 3766 4007 3734 3593 4163 4031 4137 3891 3524 3787 4030 3779 4071 4078 4382 4236 3902 3380 4064 3826 
4549 4289 4359 3711 4241 4607 4402 4139 4632 4270 4451 4460 4050 4286 4365 3910 4678 4413 4601 4461 3746 4196 4261 4075 4280 4551 4648 4399 4508 4108 4474 4226 
4031 3723 3812 3512 3827 3982 3819 3977 3890 3738 3968 3840 3627 3860 3588 3609 4065 3921 4023 4035 3426 3868 4061 3637 4008 4139 4226 3969 3849 3710 4058 3644 
3941 3948 4161 3606 4040 4348 4072 4006 3985 3929 4241 3933 3930 3885 3765 3871 4299 4093 4137 4148 3508 3850 3950 3862 4194 3915 4173 4280 4062 3799 3960 3868 
4154 3809 4138 3733 3895 4136 4053 3984 4097 4061 4143 4203 3931 4014 3890 3751 4238 4143 4279 4244 3467 3925 4101 3961 4282 4248 4421 4175 4204 3697 4118 3890 
3622 3784 4137 3457 3882 4130 3863 3691 3907 3610 3973 3760 3715 3828 3791 3391 4014 3808 3976 4028 3573 3682 4036 3618 3931 3860 4292 4053 3866 3530 4049 3681 
4078 3956 4198 3884 3923 4386 4006 4073 4243 4073 4179 4135 3965 3976 3774 4161 4277 4071 4418 4113 3693 4244 4167 4290 3968 4293 4670 4316 4348 4096 4088 4025 
3916 3933 4086 3385 4129 4143 4086 3888 4085 3769 4049 3871 4174 4183 3771 3667 4283 3920 3946 3951 3534 3866 4119 3782 3949 4182 4232 4169 3967 3753 3932 3783 
3780 3493 3981 3266 3640 4045 3472 3625 3687 3400 3832 3405 3706 3778 3549 3539 3934 3486 3735 3753 3211 3684 3760 3342 3932 3663 4005 3985 3664 3564 3865 3490 
4045 4059 3923 3528 3798 4130 3917 3986 4050 3997 3917 4041 3799 4027 3709 3684 4270 3941 4117 3918 3314 3973 3951 3587 4043 4381 4481 4087 4165 3885 4143 3845 
4049 3815 4015 3474 3879 3924 3942 3732 3998 3935 3960 3884 3570 3511 3736 3547 4107 3949 3852 3830 3216 3975 3877 3635 3825 3903 3990 3963 3807 3669 3864 3633 
3878 3651 3840 3532 3888 4017 3844 3697 3843 3867 4052 3669 3737 3578 3604 3507 3849 3890 4177 3784 3251 3751 3928 3825 3945 3749 4002 3708 3986 3422 3712 3735 
3917 3562 4087 3292 3739 4117 3627 3837 3921 3747 3965 3677 3610 3803 3635 3489 3828 3809 3903 3670 3074 3695 3876 3523 3673 3950 3907 3721 3743 3526 3836 3472 
4180 3745 4179 3469 3910 4211 3773 3908 4131 3979 4036 3865 3897 4170 3873 3738 4420 3860 4242 3893 3528 3863 3993 3641 4005 4292 4227 4048 4123 3626 4148 3778 
4006 3688 4093 3514 4120 4086 4147 4067 3844 3925 4088 4064 3839 3994 3682 3902 3985 4052 4072 4132 3356 4104 3878 3948 4024 4264 4173 3940 4157 3804 3939 3839 
4173 3846 4296 3798 3957 4449 3931 4092 4193 3943 3966 4238 3930 4268 3988 3957 4130 4313 4148 4116 3640 4152 4139 3854 4279 4436 4450 4126 4249 3781 4381 3987 
3849 3774 4042 3460 3976 4139 4070 3903 3950 4044 4130 3819 3944 3775 3869 3573 4195 4013 4144 3962 3525 3972 3987 3863 4083 4004 4414 4087 3845 3861 4216 4230 
4026 3756 3969 3626 4046 4361 3891 4076 3958 3847 4305 4085 3906 4105 3963 3579 4141 4136 4158 3900 3533 4045 4228 3719 4116 4143 4374 4156 4351 3692 4108 3654 
4137 4008 4175 3546 3782 4171 4000 4235 4133 4155 4197 3994 3850 4149 3901 3961 4099 4025 4201 4090 3436 4246 4323 4047 4398 4157 4438 4356 4179 3841 4247 3600 
4099 4060 4388 3789 4045 4293 4322 4284 4253 4091 4238 4251 4064 4262 3808 3864 4456 4195 4179 4380 3491 4292 4062 4026 4207 4166 4575 4147 4208 4032 4229 4202 
4544 4125 4467 3853 4259 4563 4245 4344 4434 4317 4297 4238 4212 4560 4109 4185 4645 4384 4434 4248 3749 4233 4372 4346 4554 4539 4856 4567 4325 4017 4474 4229 
