5261 5241 4902 4282 5201 5267 5169 5133 5276 4854 5321 5029 5170 5076 4962 4799 5171 5043 5306 5320 4412 5450 5052 4630 5141 5357 5161 5343 5227 4754 4973 4868 
5079 5058 4820 4568 4896 5013 4949 4981 4940 5100 4970 4859 4787 5021 5235 4701 5365 4910 5303 4987 4294 5062 4921 4532 5068 5198 5076 5160 5112 4904 4909 4740 
5384 5168 5223 4816 5232 5791 5411 5517 5410 5402 5467 5094 5356 5285 5144 5125 5554 5243 5654 5736 4525 5559 5579 5321 5486 5826 5434 5559 5201 4965 5014 4844 
5237 5457 5124 4960 5218 5603 5314 5741 5409 5583 5429 5231 5377 5422 5383 5081 5516 5583 5895 5712 4884 5443 5291 5410 5815 5703 5656 5436 5496 5274 5264 5164 
5836 5549 5526 4860 5541 5880 5783 5624 5379 5470 5576 5493 5398 5794 5362 5174 5768 5526 5967 5643 4878 5560 5439 5419 5561 5810 5851 5616 5806 5382 5603 5488 
5593 5504 5512 4997 5675 5905 5501 5559 5602 5429 5680 5252 5338 5334 5389 4948 5597 5799 5945 5640 4813 5569 5469 5257 5732 5685 5889 5638 5845 5140 5435 5239 
4916 4916 4918 4641 5096 5206 5104 5112 4964 5063 5103 4891 4773 4996 4790 4791 5095 5250 5350 5405 4381 5178 4932 4761 5057 5048 5220 5335 5239 4663 4897 4696 
5345 5308 5072 4552 5182 5527 5057 5445 5385 5079 5495 5210 5157 5192 5108 4966 5471 4917 5405 5289 4549 5354 5235 4769 5212 5670 5389 5264 5233 4986 5169 4862 
5225 5358 5269 4756 5490 5530 5419 5025 5303 5321 5366 5082 4924 5327 5221 5006 5384 5612 5703 5501 4594 5530 5412 5132 5349 5532 5419 5552 5528 4987 5196 5231 
5291 5647 5122 4700 5540 5542 5501 5506 5468 5669 5597 5075 5453 5340 5208 5063 5372 5353 5702 5312 4824 5512 5283 5282 5453 5594 5606 5494 5430 4969 5405 5010 
5303 5121 4978 4370 5339 5319 5421 5290 5269 5219 5243 5199 4993 4998 4972 4847 5613 5302 5570 5179 4615 5324 5278 5060 5293 5409 5375 5396 5304 4706 5110 4893 
5248 5377 5015 4852 5254 5513 5264 5244 5096 5343 5173 5154 5288 5301 5170 4868 5446 5412 5731 5395 4662 5244 5329 5214 5428 5613 5561 5683 5287 4749 5207 4967 
5887 5813 5570 4934 5675 5970 5698 5561 5906 5692 5859 5691 5476 5588 5740 5151 6014 5707 6151 6011 5028 5623 5688 5420 5597 6216 5850 5852 5818 5481 5626 5464 
5270 5183 4852 4694 5385 5395 5173 5357 5190 5225 5375 5033 5002 5167 4957 4955 5217 5217 5564 5470 4602 5347 5400 4929 5478 5644 5343 5298 4999 4987 5260 4912 
5281 5319 5187 4788 5492 5636 5472 5314 5146 5251 5607 5107 5230 5235 5090 5072 5509 5407 5594 5584 4681 5248 5257 5147 5583 5296 5321 5616 5368 5194 5198 5107 
5487 5203 5133 4872 5364 5533 5352 5408 5251 5481 5371 5365 5115 5274 5175 4928 5352 5355 5791 5806 4593 5341 5370 5373 5592 5620 5435 5521 5412 5010 5177 5012 
5005 5297 5362 4642 5416 5681 5216 5304 5317 5239 5415 5080 5162 5262 5187 4812 5320 5225 5650 5725 4976 5239 5607 5160 5509 5389 5560 5637 5374 5042 5266 4936 
5419 5389 5179 4930 5251 5634 5274 5497 5393 5270 5492 5313 5187 5324 5010 5408 5536 5236 5890 5525 4850 5672 5467 5562 5294 5699 5695 5774 5532 5501 5230 5211 
5248 5422 5311 4610 5765 5632 5493 5236 5395 5356 5487 5213 5415 5550 5047 4952 5618 5440 5691 5482 4811 5409 5521 5150 5341 5646 5553 5684 5303 5236 5133 5029 
5073 4897 4916 4359 4992 5282 4673 4954 4852 4810 4910 4541 4830 5059 4846 4741 5128 4756 5211 5153 4351 5072 4921 4636 5175 4988 4880 5300 4845 4894 4866 4596 
5465 5606 5120 4820 5458 5644 5351 5428 5444 5641 5438 5421 5282 5511 5175 4973 5546 5395 5834 5396 4591 5516 5439 5018 5470 5969 5696 5588 5517 5289 5412 5284 
5473 5324 5076 4593 5342 5366 5292 5144 5368 5480 5227 5189 4888 4876 5171 4883 5427 5258 5616 5463 4518 5475 5262 5094 5350 5477 5063 5429 5210 5215 4988 4883 
5023 5011 4924 4586 5251 5378 5043 4996 4977 5188 5234 4801 5107 4796 4807 4537 4991 5175 5595 5063 4344 5113 5230 5184 5296 4931 4925 4962 5134 4629 4867 4790 
5194 4913 5031 4327 5087 5401 4811 5221 5162 5114 5081 4724 4843 4972 4930 4760 5010 4997 5344 5065 4249 5064 5060 4733 5011 5316 4975 5028 4939 4845 4825 4577 
5299 5014 5092 4428 5125 5457 4880 5189 5217 5165 5129 4916 5033 5262 5028 4717 5456 5011 5554 5133 4624 5066 5107 4819 5285 5614 5187 5386 5225 4793 5246 4851 
5208 5067 5154 4472 5359 5440 5315 5312 4994 5239 5235 5142 5022 5380 5002 5002 5099 5402 5504 5478 4540 5434 5196 5236 5209 5538 5073 5231 5305 5035 5094 5057 
5525 5402 5319 5100 5356 5888 5385 5448 5544 5488 5291 5504 5391 5692 5359 5305 5487 5765 5722 5541 4946 5683 5619 5282 5720 5998 5629 5496 5539 5264 5546 5261 
5123 4990 5005 4456 5287 5451 5339 5125 5193 5422 5451 4994 5225 5066 5076 4765 5418 5276 5495 5301 4665 5243 5208 5144 5322 5257 5484 5298 5043 5171 5234 5492 
5394 5193 5017 4797 5397 5727 5158 5371 5239 5390 5561 5258 5268 5448 5333 4757 5303 5435 5747 5450 4758 5544 5467 5166 5585 5503 5453 5670 5749 5048 5312 4844 
5325 5202 4993 4526 4930 5301 5155 5371 5213 5371 5339 5112 5107 5321 5101 5029 5183 5218 5546 5433 4410 5446 5621 5190 5522 5403 5380 5450 5344 4997 5195 4645 
5331 5393 5437 4910 5294 5599 5607 5519 5424 5467 5384 5423 5292 5432 5096 4898 5553 5294 5735 5865 4578 5692 5327 5269 5507 5596 5513 5465 5423 5189 5280 5310 
5851 5627 5661 5118 5737 5931 5697 5823 5856 5768 5729 5589 5548 6027 5519 5459 6033 5650 6038 5727 4958 5777 5715 5775 6061 6048 6016 6108 5675 5530 5630 5552 
