2868 2977 3304 2866 3406 3197 3051 2829 3429 2715 2989 3252 2806 2945 3035 3115 2892 3227 2687 2978 3185 2839 2770 2958 3085 3027 2997 3307 2995 2760 3124 2996 
2946 3109 3138 3141 3445 3366 3146 2912 3437 2818 2925 3590 2859 3098 3146 3119 2873 3023 2841 2942 2890 2864 2701 2833 2993 3185 3125 3500 3100 3073 3209 2827 
3230 3359 3601 3219 3604 3735 3516 3215 3739 2931 3289 3412 3291 3295 3484 3493 3036 3326 3097 3123 3169 3028 2863 3147 3307 3485 3190 3683 3207 3372 3309 3195 
3091 3400 3467 3199 3464 3565 3387 3093 3601 2988 3333 3758 3144 3412 3525 3694 3201 3474 3000 3260 3110 3244 3133 3243 3188 3583 3190 3476 3189 3419 3567 3157 
3430 3460 3559 3505 4049 3841 3678 3307 4003 3397 3296 3915 3313 3508 3605 3745 3076 3397 3080 3454 3430 3455 3028 3290 3497 3589 3455 3828 3546 3471 3817 3496 
3343 3524 3530 3217 3720 3739 3364 3109 3765 3061 3361 3667 3131 3646 3470 3672 3200 3585 2946 3222 3441 3204 3116 3425 3409 3450 3238 3761 3531 3225 3360 3299 
2817 3053 3112 2961 3253 3258 2918 2749 3110 2684 2641 3245 2880 3083 3207 3115 2663 3019 2512 2924 2843 2727 2753 2754 2926 3089 2853 3110 2772 2939 3047 2848 
3062 3399 3322 3107 3668 3499 3561 3218 3774 2991 3152 3648 3221 3407 3370 3451 3347 3451 3058 3348 3264 3200 3126 3388 3235 3349 3430 3528 3378 3384 3454 3296 
3022 3083 3336 3008 3340 3409 3135 3263 3442 2942 3077 3669 2978 3427 3260 3512 3016 3204 2884 3158 3048 3235 2823 2953 3180 3337 2926 3514 3167 3196 3427 3026 
3175 3274 3292 2982 3417 3428 3333 3095 3495 3027 3142 3729 3008 3229 3280 3382 2965 3304 3000 2964 3101 3229 3001 3165 3086 3237 3208 3556 3197 3126 3426 3216 
3031 3212 3347 3058 3527 3544 3172 3005 3380 3012 2956 3418 2989 3303 3541 3281 2866 3203 2930 2930 3119 3000 2790 3318 2984 3170 2855 3397 3079 3193 3411 3087 
2991 3011 3171 3075 3368 3397 3201 2930 3362 2756 3065 3307 2963 3114 3139 3353 2655 3255 2684 2921 3073 2887 2690 3018 3067 3278 2889 3388 3191 3014 3212 2968 
3300 3707 3495 3568 3917 4149 3729 3438 4096 3265 3192 3873 3215 3801 3748 3622 3267 3697 3258 3265 3383 3584 3310 3583 3626 3887 3451 3847 3579 3816 3887 3576 
3021 3245 3075 3195 3412 3493 3445 3218 3683 2839 3084 3566 3022 3256 3368 3368 2999 3548 2967 2885 3099 3247 2789 3296 3318 3363 3067 3423 3325 3230 3460 3268 
3119 3136 3294 3210 3378 3578 3308 3001 3651 2968 3098 3685 2920 3332 3569 3604 3217 3277 2964 3252 3123 3098 2975 3101 3008 3303 3034 3391 3108 3149 3585 3144 
3078 3234 3244 3085 3412 3415 3384 2893 3534 3003 3052 3525 3034 3357 3265 3363 2982 3275 3028 2957 3133 3093 2922 3147 2857 3264 3064 3168 3212 3188 3362 2991 
2992 2967 3138 2884 3490 3337 3107 2798 3279 2742 2911 3104 2869 2969 3305 3133 3042 3309 2739 2855 3030 2926 2890 3244 3010 3343 2892 3193 3053 2928 3173 2839 
3323 3533 3639 3282 3623 3658 3432 3326 3736 3084 3347 3584 3253 3516 3575 3666 3419 3618 2866 3364 3316 3423 3229 3354 3492 3719 3335 3657 3366 3584 3735 3548 
3073 3288 3217 3043 3418 3479 2991 2834 3406 2928 3100 3446 3071 3046 3144 3246 2768 3355 2842 2945 3042 3052 2936 2886 3228 3125 2936 3500 3162 3043 3264 3078 
2804 3064 3283 2814 3362 3289 3116 2934 3438 3036 3020 3316 3024 3011 3341 3212 2782 3017 2744 2811 2953 2909 2676 3134 3043 3061 2774 3303 3012 2809 3054 2987 
3034 3265 3381 3176 3410 3338 3539 3213 3749 2995 3038 3561 3128 3351 3129 3455 3109 3452 3096 2953 3031 3071 2964 3191 3174 3212 3173 3592 3414 3159 3321 3000 
3157 3091 3237 3001 3361 3214 3222 3089 3359 2780 2981 3445 3144 3017 3256 3206 2773 3174 2861 2918 2885 3140 2842 3009 3127 3178 2973 3472 2970 3232 3311 3010 
2953 3333 3092 2870 3269 3368 3141 2988 3239 2876 2876 3122 3082 3310 3225 3330 2825 3195 2809 2795 3137 3143 3134 3031 3077 3391 2995 3195 2875 3058 3160 2880 
2919 2967 3080 2860 3246 3260 3031 2773 3291 2535 2857 3297 2802 3130 3052 3323 2730 3022 2805 2997 2976 2742 2725 2793 2883 3034 2798 3122 3087 2985 3013 2735 
2951 3400 3332 3048 3467 3622 3346 3278 3642 3152 3142 3564 3144 3355 3275 3479 3116 3255 2906 2972 3268 3050 2917 3126 3281 3246 3215 3261 3246 3281 3427 3126 
3088 3328 3352 3142 3511 3579 3334 3132 3384 3117 3223 3654 3093 3498 3386 3408 3178 3467 2960 3014 3295 3137 3069 3019 2945 3437 3089 3415 3206 3229 3475 3275 
3250 3247 3574 3216 3584 3625 3443 3132 3619 2936 3376 3766 3050 3336 3489 3619 3094 3342 2883 3124 3054 3388 3019 2941 3259 3490 2966 3807 3426 3419 3615 3263 
3023 3154 3561 3185 3645 3432 3482 3122 3541 3177 3219 3608 3356 3193 3352 3517 2998 3506 2823 3080 3336 3180 3089 3042 3177 3303 3013 3517 3268 3232 3481 3132 
3087 3174 3438 3150 3672 3542 3228 3166 3560 3094 3139 3630 2995 3349 3412 3717 2922 3636 2910 3214 3329 3073 3010 3040 3360 3261 3285 3401 3031 3321 3271 3170 
3122 3413 3393 3065 3650 3489 3449 3274 3620 3095 3363 3629 3021 3406 3552 3481 3237 3402 2928 2979 3057 3163 2981 3019 3344 3441 2908 3520 3464 3284 3475 2951 
3274 3391 3612 3410 3693 3643 3621 3282 4053 3220 3275 3774 3189 3482 3658 3672 3361 3427 3168 3244 3424 3266 3221 3444 3291 3654 3216 3862 3473 3434 3631 3461 
3254 3461 3514 3320 3939 3667 3686 3407 3846 3103 3324 3822 3291 3305 3563 3659 3193 3552 3052 3326 3326 3309 3053 3252 3468 3511 3226 3743 3469 3505 3730 3353 
