3571 3686 4076 3543 4098 3830 3706 3499 4143 3385 3540 3747 3406 3617 3721 3727 3498 3652 3374 3610 3799 3422 3382 3665 3644 3768 3657 4000 3621 3327 3696 3537 
3589 3759 3917 3809 4120 3994 3790 3561 4034 3396 3479 4045 3348 3732 3835 3758 3430 3472 3497 3593 3398 3468 3323 3590 3585 3861 3841 4169 3726 3628 3734 3369 
3850 4046 4415 3923 4106 4428 4100 3947 4322 3587 3753 3857 3857 3933 4233 4123 3671 3804 3800 3796 3707 3589 3393 3768 3936 4185 3949 4322 3867 3959 3996 3763 
3852 4116 4336 3977 4133 4391 4061 3905 4370 3704 3955 4297 3794 4166 4319 4494 3977 4009 3802 3930 3687 3861 3791 3900 3878 4450 4016 4147 3889 4102 4245 3760 
4036 4169 4390 4197 4677 4516 4243 4018 4629 4088 3924 4393 3838 4196 4304 4484 3739 4043 3774 4044 4031 4044 3683 3829 4181 4298 4174 4403 4188 3965 4398 4019 
3932 4202 4347 3906 4320 4311 3901 3871 4367 3757 3947 4107 3603 4312 4076 4381 3834 4194 3683 3872 4016 3803 3658 4063 4068 4151 3972 4352 4044 3749 4090 3917 
3621 3908 4064 3765 3981 4039 3672 3655 3831 3455 3397 3765 3563 3864 4085 3996 3456 3544 3377 3794 3495 3448 3440 3561 3691 3927 3738 3958 3492 3760 3822 3582 
3721 4032 4015 3647 4236 4096 4086 3885 4347 3644 3792 4052 3697 4012 4008 4112 3888 3888 3706 3957 3773 3693 3659 3897 3814 3960 4066 4143 3871 3862 4033 3791 
3631 3721 3988 3524 3897 3906 3698 3829 4017 3541 3641 4106 3420 4006 3830 4028 3522 3639 3487 3818 3547 3723 3340 3617 3696 3869 3480 4110 3693 3686 3885 3508 
3803 4027 4157 3707 4060 4120 3973 3908 4132 3715 3752 4275 3608 3884 4056 4110 3617 3870 3684 3678 3630 3839 3599 3815 3722 3988 3922 4243 3840 3729 4064 3801 
3688 3967 4265 3759 4203 4199 3884 3742 3971 3731 3677 3973 3502 3966 4343 4053 3603 3830 3632 3691 3689 3718 3404 3949 3552 3855 3591 4118 3677 3838 3964 3651 
3635 3792 3968 3753 3943 4082 3854 3586 3975 3421 3615 3758 3504 3775 3928 4027 3345 3752 3356 3636 3656 3562 3263 3750 3690 4052 3668 4033 3832 3678 3776 3545 
3978 4502 4306 4315 4597 4802 4489 4126 4739 3944 3874 4379 3724 4474 4515 4355 4069 4277 3925 4037 4073 4259 3891 4246 4220 4598 4229 4476 4257 4529 4553 4128 
3660 3909 3764 3864 4018 4111 4051 3878 4244 3561 3672 3998 3479 3810 4041 3992 3577 4122 3608 3598 3671 3796 3358 3944 3984 3999 3812 4070 3864 3749 4060 3796 
3736 3899 4139 3898 3991 4292 3871 3801 4187 3655 3792 4201 3368 4007 4263 4365 3925 3911 3590 3979 3628 3652 3683 3741 3689 3998 3783 4062 3708 3705 4265 3746 
3718 4017 4045 3774 3973 4113 4026 3608 4201 3758 3572 3940 3612 3959 4059 4181 3638 3824 3744 3545 3711 3694 3488 3801 3552 4089 3807 3759 3969 3910 4044 3580 
3744 3815 4110 3733 4219 4038 3793 3702 4015 3445 3669 3661 3532 3710 4076 3989 3935 3955 3546 3629 3661 3658 3571 3942 3680 4130 3687 3880 3718 3679 3956 3517 
4053 4241 4431 3939 4279 4237 4037 4065 4410 3805 4013 4023 3804 4157 4239 4339 4204 4148 3632 4152 3954 4000 3841 3972 4069 4363 4017 4349 3891 4185 4466 4180 
3907 4218 4155 3813 4178 4159 3768 3671 4119 3785 3893 4019 3661 3814 3957 4081 3584 4062 3647 3843 3756 3760 3600 3716 4004 3914 3793 4266 3925 3850 3994 3772 
3478 3799 4123 3507 4074 3890 3708 3655 4010 3782 3686 3790 3482 3686 4029 3934 3352 3630 3515 3533 3538 3506 3292 3796 3751 3735 3515 3961 3608 3380 3786 3575 
3749 4143 4278 3915 4080 4043 4260 3974 4438 3742 3709 4039 3725 4087 3959 4280 3804 4084 3927 3666 3677 3804 3596 3980 3906 4012 4035 4268 4151 3881 4105 3654 
3877 3884 4138 3767 3951 3919 3908 3844 3955 3494 3592 3928 3768 3692 4051 3948 3493 3718 3619 3705 3527 3772 3392 3663 3806 3910 3795 4168 3650 4004 3948 3535 
3619 4009 3809 3544 3816 4020 3812 3703 3855 3522 3441 3550 3584 3924 3964 4030 3533 3656 3425 3447 3695 3850 3744 3710 3670 4139 3773 3842 3411 3706 3735 3483 
3544 3634 3877 3682 3937 3861 3615 3494 3870 3181 3451 3805 3302 3847 3695 3991 3450 3665 3530 3714 3590 3319 3309 3392 3506 3710 3508 3781 3610 3522 3615 3273 
3494 3967 3984 3574 3955 4068 3827 3824 4083 3605 3589 3886 3533 3924 3795 4055 3660 3716 3433 3473 3772 3484 3416 3616 3785 3846 3859 3749 3643 3802 3930 3540 
3776 3969 4123 3784 4174 4160 4029 3826 3994 3718 3883 4128 3641 4092 4059 4055 3814 3990 3663 3710 3834 3750 3660 3668 3562 3978 3768 4074 3883 3817 4075 3773 
3962 3950 4366 3896 4145 4374 4039 3835 4200 3583 4057 4251 3561 4053 4257 4341 3749 3897 3614 3894 3580 4017 3726 3577 3930 4155 3743 4505 3928 4009 4225 3840 
3786 3945 4415 3935 4351 4106 4088 3926 4263 3906 3945 4154 3991 3989 4073 4277 3775 4155 3662 3826 3992 3858 3801 3660 3890 4035 3750 4179 3891 3822 4155 3751 
3731 3880 4276 3830 4198 4233 3916 3987 4207 3770 3642 4144 3609 3991 4174 4466 3579 4107 3604 3822 3881 3699 3544 3657 3967 4068 4040 4062 3741 4006 3891 3700 
3772 4078 4112 3671 4211 4118 3992 3886 4193 3719 3953 4076 3551 4060 4241 4130 3873 3958 3648 3710 3626 3765 3623 3576 4003 4041 3590 4130 4066 3818 4045 3595 
3876 4045 4398 4045 4269 4347 4347 3968 4756 3901 3781 4284 3783 4069 4381 4402 3997 3921 3918 3874 3969 3896 3712 4113 3902 4362 3980 4496 4228 4074 4342 3995 
3994 4408 4537 4134 4709 4359 4480 4275 4533 3930 4038 4426 3906 4053 4381 4444 3935 4212 3847 4211 4093 4111 3747 4132 4168 4354 4082 4598 4210 4229 4484 4052 
