1719 1805 1867 1666 1928 1660 1613 1627 2161 1755 1876 1817 1548 1597 1716 1687 1761 1948 1636 1664 1876 1689 1638 1748 1839 1699 1673 1875 1924 1591 1773 1688 
1756 2020 1751 1778 1963 1840 1718 1702 2119 1775 1685 2030 1723 1741 1762 1797 1830 1869 1717 1679 1758 1648 1614 1570 1736 1837 1838 1933 2083 1761 1905 1626 
2123 2154 2193 1864 2165 2181 2125 1906 2333 1967 2094 2123 1968 1953 2132 2070 1932 2104 1989 1913 1948 1887 1829 1912 2032 2047 1999 2262 2225 2142 2014 1893 
2060 2222 2130 1912 2133 2115 1950 1901 2325 2090 2173 2323 1903 2201 2114 2341 2139 2244 1928 1954 1958 1998 1946 1836 2051 2168 1821 2179 2282 2061 2228 1804 
2175 2209 2016 1883 2318 2211 2045 1875 2441 2087 1970 2234 1860 1954 2023 2246 1909 2109 1815 2004 2022 2133 1804 1857 2022 2126 2033 2154 2420 1933 2227 1946 
2195 2269 2226 1877 2337 2301 2080 1943 2464 2174 2262 2408 1973 2249 2211 2308 2038 2287 2009 2027 2199 2183 1971 2106 2240 2210 2057 2446 2596 1987 2151 2026 
1598 1740 1609 1470 1714 1649 1631 1473 1839 1601 1440 1773 1554 1633 1632 1638 1512 1571 1438 1524 1532 1523 1515 1424 1527 1592 1496 1679 1755 1595 1650 1570 
1915 2097 2004 1746 2111 1913 1942 1821 2374 1968 1980 2059 1888 1991 1949 1955 2132 2132 1859 1966 1904 1886 1882 1949 1919 1903 1904 1947 2291 1935 2008 1871 
1783 1836 1838 1649 1791 1737 1630 1844 2038 1865 1764 2110 1715 1934 1765 1981 1823 1849 1731 1689 1808 1966 1699 1630 1862 1879 1611 1978 2122 1820 1922 1661 
2047 2139 1920 1647 1948 1940 1857 1896 2107 1985 1893 2188 1775 1896 1874 2063 1829 2071 1897 1770 1794 1974 1869 1757 1913 1854 1914 2106 2155 1844 2028 1895 
1984 1887 1993 1636 2040 1923 1620 1660 2029 1861 1778 1947 1693 1770 1969 1845 1728 1918 1741 1625 1776 1694 1681 1801 1738 1727 1553 1958 1982 1683 1938 1625 
1966 2049 1999 1847 2131 2103 1904 1823 2086 1907 1946 2074 1942 1854 1889 2145 1743 2178 1754 1874 1997 1888 1740 1913 1967 2046 1806 2085 2224 1900 1989 1830 
2251 2293 2095 2146 2325 2475 2127 2061 2576 2151 1929 2320 2017 2240 2244 2161 2090 2301 2144 1958 2027 2251 2115 2141 2172 2344 2133 2453 2549 2347 2336 2107 
2082 2255 2160 1968 2228 2190 2069 2045 2484 2022 1957 2327 1981 2045 2047 2187 2073 2390 1985 1844 1993 2137 1873 2087 2162 2205 1941 2217 2432 2085 2183 2059 
1834 1859 1760 1749 1906 1942 1886 1634 2105 1904 1787 2156 1581 1924 1996 2147 1894 1853 1746 1874 1855 1896 1649 1642 1727 1818 1624 1854 2071 1700 2060 1768 
2098 2148 2114 1916 2141 2142 2185 1839 2366 1957 1967 2266 1935 2126 1997 2203 1963 2175 1947 1907 1971 1982 1835 1892 1860 2124 1973 1982 2307 2108 2158 1895 
2065 2006 2030 1733 2217 2078 1908 1816 2171 1915 1930 1956 1919 1828 2000 2029 2105 2196 1872 1788 1966 1923 1900 2057 1985 2135 1846 1963 2160 1930 2023 1793 
2095 2176 2136 1878 2137 1989 1976 2101 2299 1992 2133 2128 1920 2101 1972 2156 2219 2224 1802 1902 1957 2055 1949 1864 2124 2063 1938 2234 2399 2064 2198 2117 
1825 1824 1752 1572 1836 1861 1459 1552 1935 1748 1893 1888 1686 1490 1689 1767 1671 2001 1681 1722 1587 1751 1715 1504 1888 1785 1666 1989 2005 1736 1755 1698 
1787 1950 1992 1559 2036 1954 1902 1745 2083 1931 1851 1986 1839 1781 1928 1793 1849 1919 1671 1707 1796 1896 1734 1859 1830 1864 1777 1976 2039 1642 1776 1783 
1823 1899 2021 1736 1784 1696 2001 1781 2205 1900 1762 1842 1734 1772 1659 1902 1895 2021 1828 1645 1686 1747 1706 1670 1836 1882 1770 1956 2236 1777 1809 1714 
1973 2038 1906 1685 2045 1777 1855 1847 2078 1858 1750 2099 1813 1804 1897 1867 1759 1949 1752 1772 1711 1908 1718 1723 1863 1879 1734 2100 2068 1932 2049 1718 
1855 2085 1784 1567 1843 1874 1811 1878 1972 1869 1792 1831 1798 1916 1890 1984 1770 1906 1789 1567 1834 1786 1826 1785 1767 2037 1700 1930 1994 1742 1839 1566 
1852 1822 1888 1565 1834 1830 1794 1674 1996 1683 1795 2006 1625 1843 1770 1948 1735 1785 1728 1772 1747 1641 1740 1604 1664 1869 1672 1874 2113 1847 1713 1638 
1982 2363 2283 1946 2142 2238 2120 2017 2476 2211 2116 2337 1948 2094 1997 2156 2085 2131 1835 1848 2104 2079 2000 1938 2169 2126 2075 2072 2341 2059 2273 1897 
2180 2266 2126 1942 2277 2229 2135 2040 2264 2107 2213 2463 1972 2332 2124 2241 2101 2302 1853 2018 2106 2208 2087 2004 1973 2150 2000 2255 2443 2100 2217 2026 
2036 2084 2088 1842 2145 2139 2007 1940 2197 1974 2127 2245 1924 1987 2044 2208 2016 2090 1764 1876 1817 2189 1865 1729 2002 2146 1677 2295 2359 2147 2104 1926 
1944 1946 2035 1789 2115 2034 1994 1791 2093 2041 1976 2146 1870 1842 1974 2114 1960 2178 1670 1853 1994 1930 1884 1764 1966 1993 1724 2073 2151 2011 2111 1812 
2042 2044 2069 1785 2067 2041 1807 1885 2268 2070 2018 2173 1797 1878 2032 2180 1900 2297 1892 1928 2071 1784 1933 1808 1976 1953 2003 2065 2082 1985 1840 1867 
2040 2149 2067 1703 2133 2032 1983 1970 2257 1988 2161 2152 1927 1877 2117 2152 2140 2142 1870 1860 1879 1885 1917 1696 1947 2054 1844 2202 2329 2035 2058 1778 
1901 2079 1981 1834 2125 1943 2017 1923 2401 2061 1903 2222 1825 1988 2033 2103 2075 2117 1866 1922 2007 1969 1911 1927 2028 2123 1895 2119 2343 1982 2083 1953 
2058 2183 2061 1884 2305 2055 2114 1979 2340 1967 2026 2206 1916 1922 2026 2129 2047 2234 1860 2003 1999 2048 1898 1903 2144 2066 1867 2214 2427 2109 2162 1876 
