4166 4196 4639 4015 4604 4375 4213 4213 4743 3993 4116 4259 4047 4115 4321 4413 4214 4266 4063 4122 4473 4080 4122 4368 4186 4307 4154 4649 4232 3943 4231 4100 
4318 4325 4585 4308 4618 4640 4462 4352 4604 4041 4119 4664 4008 4245 4496 4535 4141 4120 4197 4196 4176 4221 4058 4320 4133 4410 4403 4784 4426 4245 4285 4053 
4587 4673 5030 4474 4682 5007 4674 4644 5013 4206 4257 4407 4318 4504 4812 4770 4455 4472 4370 4362 4381 4157 3989 4469 4334 4841 4579 4873 4448 4636 4533 4294 
4518 4772 4971 4422 4642 5096 4682 4645 5034 4469 4574 4898 4384 4705 4995 5093 4748 4667 4444 4440 4443 4661 4542 4545 4534 5129 4616 4809 4445 4840 4863 4333 
4778 4803 4982 4694 5271 5192 4918 4869 5304 4802 4470 4926 4407 4737 4967 5191 4494 4727 4479 4623 4744 4831 4363 4566 4731 4952 4775 5032 4835 4690 4959 4599 
4830 4890 5104 4509 4961 5054 4607 4819 5089 4617 4643 4810 4290 5022 4789 5228 4702 4991 4460 4601 4890 4614 4500 4896 4679 4958 4695 5154 4804 4553 4749 4681 
4195 4416 4576 4172 4379 4541 4191 4330 4417 4001 3903 4245 4005 4269 4645 4566 4037 4039 3856 4266 4034 4071 3993 4140 4170 4408 4288 4416 3929 4359 4256 4016 
4434 4662 4666 4114 4792 4832 4767 4693 4920 4387 4440 4645 4375 4442 4709 4800 4666 4465 4424 4440 4506 4519 4370 4607 4498 4581 4678 4795 4427 4526 4576 4528 
4373 4268 4583 4074 4453 4512 4340 4648 4687 4301 4320 4712 4065 4650 4546 4846 4362 4281 4242 4396 4276 4524 4116 4395 4307 4516 4103 4747 4335 4400 4497 4198 
4456 4640 4778 4142 4592 4806 4595 4729 4765 4404 4429 4924 4210 4468 4633 4841 4346 4477 4300 4300 4347 4548 4363 4480 4318 4664 4582 4945 4471 4418 4666 4400 
4255 4458 4767 4036 4598 4695 4376 4333 4471 4271 4156 4413 3953 4343 4824 4567 4165 4287 4153 4062 4198 4254 3977 4456 3972 4378 4061 4601 4023 4365 4395 4081 
4406 4514 4711 4293 4575 4804 4565 4492 4713 4200 4290 4387 4101 4307 4655 4791 4206 4492 4088 4225 4341 4282 4010 4609 4317 4782 4353 4723 4407 4447 4375 4227 
4707 5154 4992 4866 5180 5568 5273 4978 5456 4720 4525 5035 4290 5041 5228 5096 4903 4998 4651 4570 4742 5032 4647 5062 4938 5341 4863 5202 4855 5217 5179 4837 
4471 4568 4439 4496 4629 4787 4792 4680 4970 4336 4313 4670 4108 4469 4727 4770 4473 4856 4271 4230 4442 4607 4147 4747 4599 4710 4456 4813 4591 4448 4741 4494 
4445 4471 4724 4410 4560 4995 4552 4627 4839 4424 4337 4752 3935 4604 4941 5087 4709 4602 4319 4579 4266 4431 4337 4467 4260 4622 4317 4690 4372 4320 4816 4373 
4349 4606 4608 4316 4529 4754 4581 4327 4824 4453 4201 4468 4176 4523 4578 4958 4416 4473 4455 4144 4374 4339 4176 4547 4108 4711 4436 4351 4544 4537 4680 4225 
4586 4430 4836 4384 4810 4741 4406 4541 4648 4194 4325 4324 4155 4367 4849 4768 4775 4668 4278 4210 4488 4402 4283 4792 4323 4822 4391 4581 4415 4426 4497 4258 
4726 4807 5006 4496 4902 4915 4638 4874 5159 4499 4533 4593 4360 4792 4842 5073 4996 4762 4292 4741 4649 4633 4499 4752 4570 4992 4638 4923 4484 4787 5054 4730 
4519 4798 4825 4273 4641 4733 4366 4412 4713 4426 4497 4547 4264 4377 4632 4756 4273 4744 4213 4501 4428 4462 4323 4394 4581 4526 4362 4889 4508 4525 4547 4358 
3990 4354 4741 3949 4538 4431 4254 4313 4534 4396 4321 4257 4154 4179 4652 4602 4039 4228 4166 4065 4194 4170 3965 4493 4303 4255 4066 4515 4137 4071 4341 4149 
4581 4851 4938 4552 4719 4710 4983 4897 5152 4495 4338 4737 4352 4745 4758 5010 4581 4838 4635 4402 4444 4655 4300 4767 4544 4689 4761 4926 4721 4649 4824 4329 
4601 4543 4798 4395 4563 4614 4530 4667 4613 4316 4261 4556 4442 4346 4787 4683 4331 4494 4426 4338 4272 4581 4071 4448 4488 4555 4526 4835 4195 4796 4583 4238 
4128 4550 4418 3928 4387 4698 4404 4387 4419 4137 3994 4052 4161 4456 4521 4596 4215 4207 4018 3934 4361 4512 4305 4393 4192 4676 4367 4407 3924 4269 4305 4074 
4199 4225 4502 4208 4465 4438 4139 4160 4441 3794 4018 4396 3869 4415 4356 4572 4116 4314 4137 4227 4251 3986 3944 4022 4051 4264 4086 4409 4208 4130 4057 3879 
4118 4595 4660 4070 4566 4811 4520 4648 4804 4288 4179 4489 4192 4521 4483 4702 4482 4374 4051 4021 4460 4202 4133 4410 4393 4480 4595 4425 4224 4461 4528 4177 
4301 4550 4742 4298 4689 4821 4672 4575 4577 4281 4512 4652 4247 4583 4653 4701 4565 4685 4370 4236 4473 4365 4261 4468 4144 4567 4481 4592 4330 4517 4744 4414 
4756 4651 5066 4384 4699 5081 4758 4713 4916 4406 4761 4927 4253 4593 4998 5159 4587 4663 4432 4542 4388 4931 4568 4352 4630 4833 4283 5250 4620 4797 4877 4445 
4375 4413 4878 4427 4769 4553 4578 4542 4718 4426 4465 4715 4451 4402 4650 4801 4390 4773 4264 4363 4474 4477 4324 4208 4347 4472 4228 4709 4290 4364 4665 4288 
4390 4498 4898 4432 4849 4915 4563 4878 4857 4576 4325 4761 4322 4599 4828 5256 4401 4842 4383 4483 4663 4464 4285 4394 4595 4675 4754 4753 4381 4772 4514 4467 
4311 4562 4555 4153 4735 4568 4480 4596 4788 4321 4423 4535 4017 4526 4786 4739 4544 4576 4302 4206 4164 4334 4154 4248 4453 4497 4119 4630 4483 4438 4551 4059 
4518 4576 4983 4588 4789 4950 4969 4604 5380 4543 4271 4760 4367 4652 4943 5079 4773 4539 4534 4397 4609 4594 4314 4864 4406 4940 4526 5038 4847 4649 4887 4603 
4696 5049 5106 4617 5274 5019 5082 4948 5159 4632 4544 4933 4460 4564 4963 5125 4743 4842 4576 4739 4822 4801 4368 4878 4668 4915 4597 5156 4787 4834 5057 4551 
