2282 2413 2579 2320 2732 2470 2294 2187 2888 2347 2424 2576 2180 2357 2365 2512 2325 2605 2182 2372 2617 2293 2136 2372 2493 2362 2369 2686 2607 2222 2497 2345 
2274 2527 2410 2436 2659 2518 2308 2212 2829 2430 2254 2787 2170 2434 2409 2466 2211 2373 2184 2280 2293 2219 1985 2181 2319 2530 2379 2699 2612 2409 2596 2160 
2487 2641 2766 2466 2765 2794 2633 2456 3048 2445 2556 2711 2545 2588 2616 2751 2321 2552 2404 2391 2497 2281 2227 2398 2562 2678 2488 2949 2674 2710 2520 2446 
2424 2753 2739 2493 2755 2732 2546 2402 3015 2607 2672 3024 2409 2826 2747 2999 2533 2781 2365 2526 2497 2621 2514 2478 2517 2834 2449 2789 2743 2776 2866 2364 
2781 2821 2832 2793 3219 3060 2763 2509 3392 2851 2676 3115 2555 2794 2854 3092 2420 2764 2364 2854 2803 2778 2333 2590 2766 2925 2741 3121 3107 2758 3051 2699 
2632 2941 2815 2519 3045 2958 2661 2424 3183 2701 2759 3063 2464 3037 2793 2972 2495 2882 2392 2657 2784 2680 2430 2781 2825 2758 2561 3141 3184 2640 2794 2526 
2091 2318 2356 2216 2503 2328 2127 2054 2514 2180 2008 2486 2114 2339 2343 2351 1984 2214 1861 2218 2142 2095 1965 2049 2245 2248 2131 2361 2306 2273 2362 2112 
2473 2794 2718 2506 2964 2771 2729 2504 3202 2577 2587 2884 2611 2852 2701 2884 2695 2898 2438 2760 2692 2625 2544 2729 2641 2708 2718 2852 2948 2809 2848 2612 
2388 2507 2593 2363 2600 2566 2291 2494 2837 2510 2435 2912 2279 2779 2509 2795 2411 2566 2269 2443 2490 2608 2209 2285 2547 2596 2278 2785 2796 2545 2712 2308 
2552 2690 2621 2328 2667 2656 2489 2316 2889 2628 2438 2950 2339 2630 2595 2737 2283 2670 2397 2349 2503 2667 2396 2501 2380 2577 2499 2893 2761 2542 2777 2441 
2465 2575 2673 2441 2844 2788 2401 2373 2880 2497 2434 2768 2327 2676 2815 2674 2249 2615 2320 2327 2560 2390 2277 2545 2365 2460 2205 2744 2652 2556 2740 2334 
2464 2594 2604 2568 2775 2817 2592 2388 2879 2462 2577 2734 2444 2648 2585 2830 2216 2704 2253 2432 2601 2397 2215 2504 2546 2694 2371 2839 2788 2619 2667 2423 
2760 3069 2819 2993 3187 3435 2992 2835 3552 2911 2623 3198 2608 3193 3051 3026 2668 3067 2721 2690 2831 2979 2777 2965 2971 3295 2818 3326 3214 3320 3188 2888 
2434 2629 2491 2503 2739 2768 2662 2491 3104 2475 2412 2861 2442 2699 2639 2733 2441 2866 2368 2320 2570 2638 2259 2631 2603 2728 2461 2803 2855 2737 2771 2564 
2357 2422 2438 2455 2606 2613 2419 2157 2946 2530 2330 2894 2172 2638 2743 2772 2373 2505 2251 2571 2468 2458 2194 2344 2298 2490 2236 2663 2613 2408 2833 2332 
2516 2659 2685 2468 2715 2743 2726 2350 3051 2570 2542 2888 2433 2823 2592 2819 2424 2675 2412 2455 2573 2526 2366 2494 2325 2701 2546 2554 2816 2674 2755 2408 
2380 2401 2470 2213 2783 2580 2349 2168 2700 2307 2306 2458 2297 2341 2551 2515 2495 2675 2238 2260 2462 2314 2282 2617 2422 2631 2273 2441 2609 2438 2518 2198 
2628 2827 2834 2657 2909 2757 2672 2674 3095 2660 2767 2922 2487 2867 2763 2925 2695 2907 2301 2584 2653 2789 2543 2582 2784 2890 2605 3015 2927 2901 3035 2765 
2430 2617 2513 2423 2688 2715 2195 2193 2914 2494 2520 2737 2384 2425 2475 2661 2201 2680 2244 2475 2413 2438 2308 2332 2642 2496 2321 2919 2719 2554 2575 2381 
2364 2631 2703 2359 2789 2739 2534 2394 2995 2650 2465 2779 2485 2591 2748 2666 2305 2451 2244 2367 2525 2484 2228 2608 2533 2499 2317 2759 2677 2344 2508 2433 
2393 2611 2718 2494 2603 2519 2706 2422 3143 2563 2382 2699 2429 2732 2375 2762 2437 2737 2358 2403 2450 2437 2323 2486 2478 2577 2465 2863 2938 2545 2632 2259 
2472 2519 2506 2346 2656 2436 2464 2384 2791 2427 2346 2724 2352 2443 2573 2532 2160 2417 2246 2329 2265 2524 2155 2324 2461 2532 2307 2822 2591 2621 2723 2289 
2314 2766 2434 2241 2513 2610 2390 2383 2709 2462 2277 2479 2383 2643 2519 2657 2234 2510 2240 2195 2491 2439 2391 2431 2356 2726 2260 2660 2490 2441 2503 2149 
2389 2440 2635 2317 2616 2608 2454 2293 2831 2283 2446 2754 2255 2626 2487 2807 2257 2451 2268 2484 2476 2269 2241 2275 2363 2544 2328 2691 2758 2573 2461 2215 
2397 2806 2728 2522 2777 2826 2605 2518 3122 2654 2549 2903 2451 2725 2648 2758 2447 2701 2280 2507 2771 2505 2395 2431 2637 2526 2593 2674 2799 2690 2875 2423 
2503 2636 2653 2490 2824 2781 2578 2489 2846 2584 2660 3012 2409 2877 2681 2707 2469 2822 2276 2465 2669 2643 2436 2367 2381 2690 2435 2782 2821 2602 2719 2503 
2682 2723 2921 2650 2925 2945 2773 2525 3032 2594 2802 3025 2501 2786 2851 3068 2515 2758 2385 2570 2557 2873 2423 2366 2681 2896 2383 3190 3015 2934 2960 2690 
2475 2592 2844 2531 2914 2759 2621 2373 2963 2747 2490 2991 2611 2629 2719 2882 2444 2829 2292 2567 2744 2595 2499 2455 2499 2665 2337 2907 2773 2696 2829 2434 
2607 2699 2839 2611 2969 2838 2475 2508 3055 2717 2602 3040 2409 2734 2802 3127 2410 3045 2390 2705 2844 2518 2467 2527 2715 2726 2666 2868 2669 2783 2662 2542 
2570 2804 2725 2440 2915 2832 2679 2580 3085 2652 2748 2944 2399 2699 2826 2839 2628 2776 2352 2454 2532 2551 2409 2381 2642 2811 2328 2950 3020 2752 2852 2348 
2470 2668 2675 2579 2847 2686 2657 2445 3256 2687 2496 2947 2437 2728 2775 2880 2496 2623 2425 2530 2692 2616 2393 2649 2596 2786 2423 2987 2959 2697 2826 2565 
2637 2834 2769 2651 3124 2865 2801 2606 3216 2655 2657 3098 2522 2745 2828 2947 2511 2885 2403 2691 2712 2737 2393 2562 2801 2797 2476 3028 3088 2871 3003 2530 
