5014 5075 5509 5020 5258 5023 4808 4906 5720 4597 4936 4875 4879 5024 5091 5047 4897 4816 4841 5067 5375 4759 4736 5259 4893 5152 5041 5439 5009 4695 4954 4809 
4886 4886 5303 4965 5097 5171 4857 4850 5298 4531 4696 5101 4645 4953 5029 5086 4598 4531 4674 4865 4761 4685 4460 4987 4645 4967 5003 5398 5026 4875 4876 4597 
5426 5339 5789 5227 5319 5629 5162 5247 5800 4769 5000 4972 5136 5317 5395 5276 5101 5091 5148 5099 5069 4662 4470 5210 4918 5433 5452 5595 5174 5378 5227 4999 
5365 5411 5786 5298 5226 5717 5166 5299 5891 5080 5302 5526 5161 5481 5644 5660 5353 5242 5168 5264 5089 5217 5032 5318 5203 5744 5521 5574 5166 5602 5599 5123 
5503 5501 5745 5532 5814 5908 5466 5468 6096 5439 5237 5556 5192 5523 5648 5782 5155 5265 5122 5424 5380 5430 4822 5366 5394 5700 5499 5848 5582 5416 5646 5316 
5485 5526 5782 5228 5470 5719 5058 5343 5848 5133 5314 5302 5073 5718 5360 5692 5339 5539 5090 5311 5496 5119 4989 5665 5246 5573 5436 5825 5523 5251 5380 5345 
5011 5228 5367 4979 4961 5147 4785 4900 5208 4602 4639 4924 4809 5072 5333 5182 4671 4550 4588 4989 4719 4679 4545 4929 4830 5082 5188 5272 4597 5171 4986 4752 
5071 5305 5285 4833 5246 5304 5200 5113 5641 4826 5033 5099 5008 5071 5256 5295 5186 4862 4994 5064 5106 4988 4841 5282 4920 5145 5371 5402 4992 5161 5189 5095 
5204 5122 5514 4967 5130 5276 4931 5260 5547 4959 5133 5453 4983 5589 5278 5499 5101 4870 5043 5349 5061 5218 4623 5307 5012 5239 4938 5609 5104 5306 5276 5051 
5281 5428 5591 5110 5243 5469 5136 5387 5693 4986 5224 5674 4962 5296 5404 5492 4992 5085 5085 5170 5133 5136 4863 5308 5046 5373 5450 5721 5169 5162 5387 5150 
5057 5303 5504 4978 5298 5455 4867 5033 5497 4891 4994 4973 4866 5249 5633 5202 4865 4849 4983 4903 5065 4869 4533 5255 4698 5153 4987 5423 4890 5138 5093 4787 
5265 5435 5556 5187 5286 5461 5178 5109 5588 4857 5113 5061 4963 5211 5331 5417 4908 5084 4929 5130 5084 4900 4574 5480 4958 5493 5237 5563 5152 5309 5105 5028 
5411 5885 5634 5602 5671 6116 5710 5638 6284 5259 5229 5631 4987 5776 5967 5620 5487 5535 5281 5257 5495 5552 5077 5722 5552 6132 5647 5894 5584 5898 5809 5459 
5054 5224 4956 5223 5156 5243 5171 5227 5742 4715 4877 5039 4743 5048 5274 5198 4905 5219 4871 4847 4986 5045 4582 5366 5141 5183 5081 5356 5094 4952 5203 4973 
5289 5225 5502 5276 5204 5531 5093 5240 5626 4971 5039 5430 4633 5433 5539 5646 5299 5113 5039 5353 4924 4998 4832 5196 4851 5275 5137 5458 4974 5080 5426 5133 
5266 5483 5531 5255 5196 5482 5183 4993 5753 5107 5064 5230 5121 5444 5323 5614 5187 5163 5341 5079 5162 4981 4779 5456 4915 5493 5427 5246 5421 5470 5492 5082 
5371 5217 5572 5203 5385 5375 4871 5187 5461 4816 5064 4926 4980 5145 5519 5311 5393 5191 4961 5009 5187 4942 4851 5591 4909 5519 5248 5322 5125 5230 5204 4904 
5390 5439 5757 5276 5374 5456 5127 5358 5891 5043 5252 5091 5089 5424 5437 5613 5608 5256 4816 5437 5251 5102 5046 5505 5098 5650 5413 5654 5109 5422 5765 5337 
5401 5708 5724 5215 5287 5392 4943 5103 5716 5043 5299 5145 5249 5327 5331 5407 4977 5287 5025 5389 5290 5103 4957 5311 5321 5269 5336 5754 5290 5376 5294 5151 
4660 5062 5332 4733 5105 4972 4598 4855 5282 4930 4991 4748 4851 4885 5322 5155 4582 4607 4768 4760 4830 4687 4393 5128 4889 4770 4744 5189 4743 4647 4922 4683 
5277 5572 5624 5339 5165 5295 5462 5485 5902 5092 5043 5291 5155 5488 5449 5497 5192 5316 5233 5168 5131 5237 4883 5589 5152 5389 5579 5627 5399 5381 5532 5035 
5372 5336 5525 5213 5188 5233 5043 5313 5522 4870 5005 5178 5187 5156 5511 5311 4853 5001 5175 5060 5032 5114 4562 5198 5151 5183 5262 5544 4828 5554 5184 4899 
4875 5298 5081 4725 4871 5284 4855 4983 5286 4612 4665 4602 4951 5197 5163 5119 4814 4690 4687 4674 5113 5035 4743 5126 4805 5340 5186 5103 4592 4933 5000 4699 
4941 4979 5240 5045 5024 5219 4680 4708 5281 4451 4829 4994 4738 5220 5018 5167 4812 4854 4811 4995 4953 4531 4470 4836 4683 4968 4832 5221 4944 4900 4738 4599 
5001 5411 5445 4918 5144 5468 5021 5261 5625 4872 4963 5158 4952 5302 5176 5382 5105 4856 4716 4742 5146 4733 4589 5128 5094 5124 5308 5202 4906 5162 5148 4775 
4979 5165 5528 5060 5197 5449 5110 5177 5368 4902 5198 5194 5019 5299 5251 5276 5246 5231 5038 4906 5093 4875 4604 5158 4682 5260 5219 5343 4994 5246 5373 5106 
5626 5438 5843 5249 5267 5723 5306 5361 5724 5099 5514 5549 5103 5393 5699 5757 5247 5199 5192 5325 5054 5519 5169 5121 5297 5555 5187 6063 5413 5621 5587 5171 
5161 5082 5551 5161 5269 5152 5033 5099 5550 4909 5091 5254 5131 5169 5276 5334 4930 5280 4994 5067 5190 5023 4750 4873 4921 5121 4979 5366 5051 5017 5258 4943 
5062 5315 5635 5240 5482 5464 5106 5386 5657 5117 5079 5287 4966 5371 5489 5822 4932 5255 5064 5281 5392 5025 4840 5151 5162 5328 5504 5432 4983 5494 5157 5066 
5237 5436 5398 5112 5324 5287 5058 5237 5667 5051 5293 5239 4878 5386 5510 5386 5259 5135 5025 5078 4944 4954 4656 5145 5153 5224 4977 5448 5171 5176 5326 4852 
5238 5234 5702 5394 5333 5557 5436 5212 6131 5118 4952 5307 5147 5387 5602 5598 5331 4979 5072 5105 5250 5167 4850 5591 5099 5607 5280 5767 5508 5330 5461 5297 
5644 6057 5961 5524 5949 5809 5656 5750 6149 5372 5480 5634 5476 5541 5789 5754 5476 5442 5406 5648 5692 5461 5040 5827 5427 5712 5618 6070 5653 5810 5897 5306 
