561 485 560 648 581 468 451 469 726 486 531 493 468 457 422 301 500 642 505 552 440 481 372 528 472 402 466 541 596 472 602 516 
644 631 631 661 737 555 574 624 770 632 536 567 709 562 585 525 571 646 536 627 462 551 424 605 583 510 602 665 757 588 620 620 
713 654 681 702 708 678 770 719 867 666 707 694 665 679 694 674 594 741 638 689 464 690 536 747 653 657 597 760 791 740 732 653 
660 673 702 804 821 682 710 624 854 677 636 744 728 706 689 694 701 826 636 746 468 660 521 676 627 664 547 757 813 762 893 600 
722 753 786 736 800 706 706 656 894 801 602 746 705 706 659 578 615 798 567 699 485 799 586 713 663 711 695 694 871 710 795 726 
706 583 719 684 719 715 608 590 832 667 635 727 635 647 658 526 523 788 594 635 578 672 454 776 590 625 522 695 816 597 669 609 
577 602 564 612 637 500 549 525 661 533 406 615 579 547 516 485 497 622 476 633 395 553 434 486 432 480 517 581 664 587 641 544 
680 678 712 710 773 701 773 642 933 695 688 675 774 724 633 554 672 853 552 752 487 683 585 756 587 594 696 617 825 706 745 711 
676 579 643 630 691 588 549 637 773 705 564 687 569 663 632 549 536 661 575 608 508 728 473 693 583 676 545 572 690 570 683 633 
587 634 615 621 599 536 559 707 753 490 416 589 495 542 494 449 463 664 535 554 383 673 481 582 578 481 586 679 663 592 694 595 
664 533 617 637 743 569 512 591 806 630 577 672 561 652 582 456 498 688 498 593 567 528 420 638 521 515 444 588 709 538 704 532 
698 769 741 756 874 731 722 723 814 755 595 729 802 684 729 674 623 905 655 729 642 667 575 807 751 700 635 696 834 767 760 662 
793 758 779 801 856 799 727 717 960 738 622 757 709 697 671 583 647 861 693 736 511 878 623 833 648 736 664 783 911 799 790 786 
848 845 946 887 932 806 857 771 1040 852 770 886 819 777 790 645 693 993 739 830 667 810 676 898 829 783 775 856 1035 824 899 838 
535 497 565 618 534 609 556 488 638 624 501 695 553 538 648 562 561 642 490 613 455 621 364 520 436 500 421 516 592 504 666 538 
648 657 688 701 709 682 710 587 839 689 611 724 732 640 574 573 539 741 564 708 472 620 495 705 510 638 583 612 775 706 664 611 
758 653 768 740 874 738 628 654 892 649 591 710 722 622 702 575 692 854 681 731 558 666 581 805 663 696 572 588 799 757 780 621 
655 666 796 717 740 598 568 692 843 706 681 686 672 625 678 526 664 827 559 746 591 720 527 715 584 613 636 637 783 680 738 761 
608 571 578 649 590 550 435 539 680 518 557 589 564 473 491 436 502 685 490 627 342 605 465 532 514 486 542 551 646 617 666 566 
715 714 849 730 764 729 745 686 917 746 612 797 677 703 747 538 667 794 617 708 554 712 585 773 633 655 717 620 820 647 749 742 
735 676 840 832 741 680 762 613 972 817 664 742 725 678 645 558 655 820 654 675 505 724 538 727 652 695 679 737 955 678 773 658 
680 641 691 714 708 540 611 616 798 623 596 705 628 586 579 484 532 767 624 742 500 619 458 629 597 583 603 663 782 640 734 619 
516 531 546 526 613 489 529 640 646 560 481 522 539 511 500 515 469 651 583 531 432 583 419 634 495 597 523 506 567 527 545 495 
589 505 621 562 573 567 572 522 713 547 506 620 489 561 539 493 436 616 499 565 407 573 407 632 394 534 509 480 627 506 512 462 
721 765 796 754 789 783 755 742 920 853 607 831 777 791 720 629 660 817 576 647 561 788 600 807 733 734 660 698 897 749 847 732 
636 679 705 679 746 714 734 696 788 736 616 853 665 773 716 606 571 825 539 738 543 779 615 743 520 722 657 568 728 699 743 706 
664 558 700 716 671 669 650 538 786 703 659 714 587 560 655 616 550 769 534 626 463 732 512 588 514 698 436 712 793 773 721 593 
689 645 751 739 830 756 749 654 808 760 673 834 780 657 758 698 700 921 607 790 618 746 582 701 601 729 526 676 778 757 854 713 
592 514 528 589 617 627 438 567 699 522 589 567 574 536 519 475 433 676 402 576 391 532 454 561 358 423 519 464 555 566 517 530 
624 516 657 723 659 628 663 605 757 619 688 673 613 517 706 605 623 721 524 658 452 647 474 528 530 598 512 690 715 677 707 577 
589 620 708 685 730 644 643 619 801 781 597 662 651 669 696 552 640 787 572 629 508 710 487 712 596 687 587 650 774 609 775 634 
803 810 850 869 938 820 925 730 973 813 777 876 882 745 777 693 765 940 692 850 591 798 692 849 770 853 686 848 1032 953 916 786 
