1152 1097 1156 1126 1215 1112 881 936 1402 1144 1134 1234 1089 977 1107 992 1081 1320 1147 1086 1106 1035 1032 1090 1095 1072 1011 1229 1238 1035 1129 1056 
1225 1267 1137 1130 1270 1231 969 1060 1380 1163 1132 1310 1312 1099 1200 1118 1162 1229 1137 1179 972 1046 1040 1057 1099 1191 1125 1297 1371 1116 1146 1135 
1466 1344 1432 1320 1460 1515 1342 1245 1659 1424 1441 1561 1415 1276 1486 1481 1301 1470 1480 1420 1219 1348 1253 1248 1398 1433 1298 1585 1541 1618 1371 1262 
1392 1415 1303 1276 1372 1398 1129 1134 1534 1389 1352 1609 1367 1362 1415 1547 1451 1562 1317 1304 1118 1254 1212 1198 1206 1477 1094 1423 1439 1389 1483 1174 
1456 1369 1351 1179 1424 1409 1154 1138 1547 1418 1191 1543 1359 1148 1301 1362 1206 1437 1254 1391 1189 1376 1200 1235 1234 1449 1242 1380 1538 1241 1388 1279 
1450 1296 1368 1202 1476 1487 1168 1130 1589 1375 1386 1629 1360 1382 1418 1426 1282 1499 1352 1311 1259 1339 1190 1405 1297 1436 1167 1517 1643 1274 1320 1302 
1134 1237 1124 1060 1216 1124 1058 987 1317 1120 933 1325 1131 1093 1155 1129 1058 1137 1116 1152 986 1039 1045 929 947 1121 993 1154 1241 1140 1192 1062 
1294 1297 1163 1109 1349 1317 1149 1063 1550 1251 1221 1371 1373 1297 1215 1213 1310 1432 1248 1353 1058 1181 1175 1246 1124 1249 1159 1232 1495 1258 1283 1211 
1202 1152 1202 1063 1152 1124 902 1083 1333 1282 1094 1414 1159 1146 1205 1239 1096 1241 1177 1061 1067 1127 1028 1056 1082 1295 1032 1113 1246 1170 1162 1129 
1376 1316 1235 1143 1225 1277 1113 1175 1401 1266 1194 1558 1224 1257 1226 1343 1224 1388 1296 1156 1085 1353 1205 1132 1171 1253 1223 1355 1382 1278 1414 1266 
1359 1231 1332 1146 1361 1364 981 1081 1503 1342 1222 1467 1203 1251 1390 1240 1119 1356 1218 1178 1131 1137 1125 1244 1129 1253 1008 1307 1324 1151 1313 1161 
1306 1381 1392 1311 1443 1415 1167 1180 1476 1338 1274 1522 1429 1217 1385 1442 1252 1549 1330 1286 1283 1254 1207 1321 1378 1465 1226 1390 1489 1397 1302 1218 
1694 1587 1528 1548 1674 1781 1350 1356 1882 1640 1405 1779 1528 1517 1658 1502 1471 1683 1672 1533 1338 1593 1548 1535 1462 1675 1467 1727 1822 1712 1612 1534 
1467 1485 1611 1297 1479 1491 1326 1307 1772 1477 1380 1725 1474 1361 1508 1460 1360 1672 1476 1337 1317 1390 1330 1428 1443 1539 1326 1534 1620 1439 1437 1453 
1283 1191 1194 1117 1211 1373 1189 1003 1379 1336 1156 1523 1153 1271 1446 1405 1201 1258 1228 1278 1086 1202 1062 1088 1041 1227 1038 1209 1325 1155 1317 1250 
1362 1278 1312 1247 1278 1390 1298 1021 1534 1276 1250 1505 1370 1303 1306 1367 1216 1387 1331 1246 1135 1167 1170 1191 1060 1413 1202 1197 1443 1383 1304 1205 
1421 1222 1318 1191 1442 1396 1078 1097 1415 1324 1195 1451 1332 1164 1339 1326 1340 1475 1351 1212 1139 1239 1244 1301 1256 1384 1090 1263 1382 1370 1294 1170 
1330 1331 1378 1214 1297 1269 1076 1210 1463 1368 1379 1479 1303 1242 1315 1291 1364 1484 1215 1296 1187 1227 1233 1160 1251 1401 1238 1335 1505 1378 1345 1348 
1311 1186 1263 1158 1213 1329 867 1026 1407 1250 1280 1438 1236 1002 1236 1206 1189 1505 1235 1301 1019 1235 1224 1026 1291 1263 1167 1393 1376 1325 1208 1215 
1292 1360 1427 1080 1397 1385 1188 1159 1505 1352 1219 1522 1295 1225 1357 1191 1272 1389 1200 1249 1076 1300 1151 1247 1194 1258 1193 1281 1355 1159 1221 1271 
1155 1051 1326 1168 1052 1050 1117 964 1407 1260 1104 1325 1212 1022 1070 1152 1164 1329 1225 1063 1020 1031 989 1063 1066 1197 1109 1205 1445 1141 1105 1123 
1312 1284 1232 1212 1388 1222 1155 1152 1472 1297 1220 1540 1285 1173 1308 1247 1142 1351 1256 1319 1090 1245 1110 1125 1151 1325 1146 1358 1422 1346 1368 1197 
1220 1344 1096 1020 1201 1204 1023 1188 1288 1212 1140 1300 1208 1187 1206 1319 1104 1277 1280 1049 1028 1138 1140 1191 1048 1369 972 1104 1194 1144 1125 1051 
1195 1041 1138 1052 1113 1186 1059 913 1340 1080 1062 1368 1010 1100 1170 1219 1005 1166 1152 1160 980 1013 999 1015 898 1220 1035 1085 1296 1138 1059 1044 
1210 1452 1436 1197 1262 1459 1172 1189 1530 1467 1271 1519 1411 1348 1267 1263 1243 1389 1212 1164 1106 1295 1202 1193 1335 1369 1229 1254 1476 1339 1344 1180 
1378 1338 1336 1236 1419 1447 1258 1188 1479 1481 1320 1738 1331 1446 1501 1450 1251 1526 1265 1305 1216 1360 1372 1372 1120 1442 1257 1317 1466 1367 1332 1331 
1386 1271 1325 1195 1353 1404 1182 1135 1413 1404 1326 1511 1278 1094 1387 1437 1276 1399 1226 1276 1080 1364 1205 1090 1185 1518 1021 1473 1437 1429 1374 1225 
1278 1211 1271 1189 1374 1367 1145 1054 1380 1403 1284 1546 1327 1149 1354 1338 1274 1517 1152 1288 1199 1234 1207 1080 1197 1366 1058 1338 1398 1380 1406 1191 
1347 1256 1340 1247 1317 1444 1063 1136 1531 1305 1355 1492 1304 1158 1332 1377 1127 1518 1283 1301 1237 1159 1260 1186 1150 1300 1198 1338 1335 1360 1119 1212 
1292 1232 1203 1109 1225 1368 1068 1096 1449 1226 1333 1444 1252 1121 1403 1320 1283 1351 1160 1234 1010 1171 1138 973 1099 1298 1073 1349 1380 1288 1285 1091 
1234 1257 1341 1291 1385 1349 1204 1130 1591 1442 1202 1558 1319 1263 1412 1341 1360 1441 1359 1292 1284 1247 1223 1228 1200 1492 1262 1405 1593 1375 1410 1280 
1396 1389 1355 1272 1450 1428 1270 1191 1522 1361 1294 1515 1409 1168 1343 1257 1239 1534 1282 1351 1165 1258 1236 1245 1364 1426 1144 1440 1585 1446 1371 1262 
