1966 2730 2451 2624 2522 2356 2311 2267 2576 2562 2537 2178 2450 2646 2595 2536 2197 2378 2430 2544 2264 2797 2385 2383 2503 2487 2532 2323 2434 2588 2771 2224 
2198 2613 2264 2570 2504 2533 2336 2502 2500 2455 2381 2051 2426 2616 2414 2540 2475 2473 2609 2564 2426 2773 2288 2346 2514 2643 2366 2394 2465 2413 2727 2264 
2281 2614 2572 2810 2810 2702 2573 2487 2668 2496 2686 2709 2582 2864 2786 2747 2531 2433 2522 2641 2419 3070 2482 2473 2739 2878 2680 2610 2580 2545 2936 2463 
2118 2524 2476 2526 2692 2524 2356 2268 2704 2451 2814 2524 2537 2724 2729 2668 2676 2457 2520 2805 2596 3193 2516 2548 2630 2689 2584 2473 2572 2640 2844 2332 
2540 2827 2785 2813 3057 2683 2685 2551 2968 2705 2804 2782 2950 3086 2832 2793 2634 2566 2784 2883 2862 3264 2620 2788 2905 2891 2666 2722 2864 2635 3191 2466 
2194 2789 2724 2606 2865 2636 2774 2510 2721 2657 2876 2595 2815 2959 2938 2784 2570 2529 2580 2880 2718 3298 2530 2789 2810 2911 2690 2456 2786 2857 2914 2631 
2029 2566 2423 2383 2672 2456 2234 2162 2434 2310 2432 2150 2465 2622 2551 2549 2153 2362 2339 2308 2342 2694 2231 2382 2528 2461 2282 2369 2496 2476 2636 2250 
2130 2718 2575 2741 2665 2540 2423 2334 2653 2641 2655 2365 2773 3001 2851 2695 2405 2613 2632 2589 2587 3013 2419 2664 2633 2622 2688 2420 2564 2660 3011 2355 
2231 2740 2437 2731 2654 2714 2454 2451 2605 2537 2475 2316 2653 2534 2601 2380 2701 2306 2750 2715 2544 2935 2463 2641 2694 2613 2475 2571 2758 2630 2804 2435 
2135 2544 2537 2506 2831 2751 2520 2184 2680 2635 2709 2588 2740 2774 2690 2692 2712 2558 2597 2937 2554 2999 2604 2724 2609 2726 2518 2586 2730 2763 3057 2292 
2146 2529 2464 2595 2815 2579 2533 2287 2614 2533 2673 2388 2665 2872 2659 2664 2464 2369 2608 2605 2684 2795 2405 2511 2415 2572 2744 2422 2573 2620 2913 2287 
2063 2439 2112 2474 2624 2256 2357 2245 2274 2420 2489 2238 2462 2561 2521 2417 2406 2202 2365 2375 2404 2718 2371 2249 2394 2519 2370 2198 2441 2401 2551 2216 
2342 3022 2870 2912 3026 2988 2771 2737 3084 2862 2748 2651 2808 3016 2889 2851 2881 2528 2808 2874 2852 3322 2657 2802 2753 2912 2796 2680 3016 2950 3177 2635 
2126 2658 2309 2614 2681 2359 2304 2165 2539 2559 2637 2370 2377 2636 2451 2494 2493 2271 2474 2509 2360 2737 2273 2373 2376 2562 2423 2393 2441 2327 2580 2227 
2183 2887 2725 2465 3026 2660 2508 2458 2804 2436 2732 2603 2805 2850 2867 2579 2628 2626 2664 2833 2716 3056 2612 2886 2681 2773 2649 2541 2849 2587 2833 2564 
2078 2662 2344 2573 2594 2519 2419 2446 2433 2519 2708 2375 2450 2589 2492 2506 2593 2454 2441 2455 2374 2774 2468 2495 2525 2669 2591 2534 2522 2493 2716 2327 
1947 2552 2291 2218 2579 2402 2292 2132 2403 2297 2432 2220 2403 2675 2397 2356 2298 2278 2421 2363 2227 2818 2414 2423 2483 2472 2280 2221 2469 2589 2491 2189 
2056 2779 2471 2711 2767 3038 2687 2320 2827 2726 2707 2697 2658 2937 2671 2788 2827 2679 2647 2860 2768 3179 2589 2722 2747 2783 2646 2757 2857 2716 2924 2589 
2052 2498 2592 2629 2697 2479 2559 2310 2694 2510 2607 2597 2816 2834 2760 2626 2555 2312 2477 2585 2481 3050 2406 2459 2447 2704 2527 2541 2469 2519 2773 2374 
1940 2418 2449 2374 2447 2446 2273 2085 2449 2186 2279 2219 2271 2506 2459 2433 2108 2010 2269 2500 2292 2624 2230 2281 2428 2414 2249 2285 2506 2353 2648 2177 
2026 2603 2379 2691 2589 2471 2451 2331 2597 2516 2449 2331 2406 2732 2710 2536 2718 2267 2704 2720 2484 2882 2235 2535 2661 2725 2456 2582 2402 2583 2890 2317 
2178 2625 2295 2548 2657 2647 2374 2255 2328 2413 2720 2439 2348 2701 2352 2592 2396 2343 2409 2610 2394 2847 2316 2573 2469 2495 2456 2645 2465 2429 2686 2318 
1945 2698 2538 2499 2744 2782 2578 2320 2600 2510 2545 2266 2618 2882 2642 2544 2559 2343 2616 2519 2388 2968 2284 2590 2754 2677 2485 2549 2663 2590 2837 2305 
2101 2534 2417 2386 2653 2441 2370 2135 2467 2302 2353 2410 2569 2657 2557 2433 2412 2401 2411 2402 2313 2714 2218 2486 2433 2580 2357 2468 2448 2316 2825 2064 
2008 2478 2540 2422 2623 2506 2433 2203 2423 2456 2564 2316 2668 2696 2532 2519 2253 2581 2522 2594 2520 2932 2185 2556 2457 2554 2566 2379 2699 2309 2765 2334 
1875 2560 2529 2471 2729 2460 2526 2345 2616 2289 2780 2418 2649 2757 2537 2557 2244 2428 2500 2755 2496 2896 2355 2698 2476 2780 2766 2401 2574 2621 3036 2409 
2318 2817 2543 2747 2854 2611 2556 2386 2642 2588 2772 2792 2759 2970 2554 2753 2566 2358 2659 2725 2761 3190 2565 2744 2603 2860 2695 2553 2807 2625 3091 2425 
2112 2627 2517 2491 2593 2652 2463 2322 2598 2505 2469 2473 2571 2753 2551 2525 2445 2494 2709 2644 2351 2947 2479 2616 2488 2584 2519 2523 2846 2517 2921 2351 
2234 2837 2755 2851 2929 2821 2702 2496 2952 2750 2596 2435 2887 2920 2638 2889 2611 2624 2689 2810 2704 2975 2481 2691 2876 2841 2772 2661 2729 2590 3119 2539 
2318 2624 2626 2682 2796 2705 2352 2534 2776 2576 2692 2383 2552 2852 2648 2596 2787 2490 2629 2732 2657 2966 2574 2630 2534 2559 2674 2733 2843 2568 2905 2356 
2325 2987 2805 2793 3075 2811 2844 2515 2777 2657 2949 2735 2763 2886 2813 2811 2747 2677 2911 2987 2713 3376 2747 2890 2768 2800 2708 2734 2895 2855 3079 2760 
2248 2784 2659 2682 2767 2676 2585 2385 2775 2536 2501 2334 2611 2696 2543 2685 2726 2423 2630 2881 2476 2837 2690 2661 2619 2655 2584 2537 2727 2366 2948 2518 
