3249 3836 3787 3837 3768 3735 3489 3405 3874 3756 3840 3488 3525 3930 3796 3620 3478 3735 3731 3717 3573 3974 3643 3704 3790 3722 3765 3219 3665 3787 3796 3420 
3408 3828 3744 3857 3847 3885 3525 3625 3859 3691 3757 3569 3457 4089 3571 3603 3679 3930 3907 3814 3723 3990 3422 3800 3874 3956 3588 3324 3744 3691 3830 3533 
3617 3881 3841 4156 3962 3989 3643 3617 3918 3760 4018 4066 3629 4310 3819 3750 3720 3930 3809 3894 3667 4380 3497 3756 3804 4118 3674 3633 3732 3871 4100 3617 
3387 3799 3972 3897 4127 3836 3721 3605 3998 3770 4147 3859 3778 4193 3940 3886 4109 4002 3901 4003 3976 4521 3812 3957 4049 4015 3889 3536 3828 4114 4027 3605 
3879 4054 4115 4255 4437 4067 3969 3554 4137 3902 4183 4202 4105 4597 4113 3963 3805 3985 4218 4193 4241 4581 3847 4259 4198 4226 3762 3816 4168 4020 4292 3769 
3506 4028 4222 4045 4298 4088 4081 3796 4100 4032 4328 4083 4134 4448 4195 4159 3745 4023 4117 4215 4061 4569 3737 4143 4182 4355 3947 3588 4232 4396 4117 3996 
3293 3878 3833 3756 4075 3910 3402 3240 3835 3536 3793 3465 3712 4058 3732 3729 3377 3729 3774 3497 3880 4023 3391 3647 3916 3704 3488 3314 3716 3876 3797 3582 
3236 3767 3944 3979 3979 3805 3538 3344 3864 3746 3846 3555 3990 4336 3965 3875 3558 3892 3998 3705 3993 4130 3647 3881 4083 3825 3956 3386 3685 3967 4070 3564 
3453 3981 3903 3955 3905 4097 3610 3598 3843 3725 3771 3588 3872 3895 3710 3480 3829 3642 4128 3811 3904 4133 3596 3887 3959 3731 3654 3496 4025 3938 3824 3651 
3386 3885 3986 3907 4258 4185 3665 3281 4111 3938 4029 3905 3904 4229 3935 3892 3981 3963 4118 4265 3933 4263 3764 4050 3938 4025 3662 3655 3951 4103 4151 3609 
3188 3673 3708 3842 3884 3767 3584 3246 3820 3620 3958 3461 3738 4078 3639 3590 3616 3536 3860 3774 3883 3850 3480 3605 3563 3722 3755 3274 3764 3909 3997 3448 
3467 3879 3532 3882 3987 3693 3720 3508 3666 3714 4032 3739 3700 4181 3647 3635 3686 3663 3763 3616 3836 4170 3555 3637 3735 3835 3523 3237 3742 3853 3790 3446 
3797 4379 4269 4272 4312 4407 4124 3935 4496 4140 4287 4060 4100 4363 4124 4036 4243 3882 4167 4098 4268 4645 3880 4188 4026 4191 4031 3705 4329 4492 4540 3991 
3498 3940 3749 3954 4049 3821 3520 3363 3947 3813 4066 3786 3629 4176 3617 3674 3776 3749 3847 3704 3776 4092 3435 3787 3695 3928 3679 3358 3779 3671 3956 3467 
3561 4212 4082 3880 4384 4028 3865 3470 4092 3577 4188 3994 4053 4308 4095 3743 3826 4002 4129 4065 3977 4363 3862 4298 4029 4023 3776 3564 4239 4058 3947 3728 
3362 3849 3616 3921 3932 3826 3638 3601 3700 3864 4200 3794 3581 4070 3634 3640 3853 3931 3820 3596 3649 4010 3660 3856 3818 4017 3725 3511 3757 3755 3804 3554 
3417 3855 3836 3725 4097 3986 3648 3320 3904 3589 3978 3735 3656 4304 3657 3717 3655 3935 4019 3823 3636 4096 3697 3826 3936 3889 3657 3352 3809 4139 3762 3543 
3399 3996 3787 4106 4080 4342 3908 3491 4199 3942 4130 4033 3884 4287 3883 3943 4084 4003 4037 4043 4117 4369 3808 3962 4001 4111 3891 3764 4041 4024 4161 3870 
3392 3747 4094 4116 4068 3995 3920 3545 4149 3836 4185 4103 4107 4198 3946 3923 3829 3839 4067 3825 4026 4402 3704 3877 3896 4075 3818 3465 3933 4047 4098 3666 
3217 3509 3934 3624 3629 3770 3516 3253 3806 3455 3524 3563 3467 3747 3513 3639 3240 3334 3650 3660 3606 3832 3397 3597 3739 3616 3480 3282 3810 3731 3713 3375 
3466 3903 3967 4270 4058 4128 3833 3608 4051 4006 4103 3947 3676 4350 4076 3851 4046 3834 4411 4054 4035 4275 3601 4071 4033 4109 3763 3714 3844 4188 4180 3747 
3483 3836 3806 3912 4054 4073 3662 3483 3739 3716 4208 3895 3629 4259 3591 3806 3826 3916 3974 3870 3721 4080 3620 3995 3835 3865 3761 3803 3755 3910 3903 3661 
3143 3772 3781 3745 4014 3970 3900 3362 3881 3680 3903 3529 3659 4283 3759 3614 3847 3691 3868 3563 3589 4106 3334 3797 4156 3914 3649 3295 3783 3904 3901 3440 
3323 3657 3802 3619 3896 3694 3579 3237 3791 3458 3707 3689 3719 3969 3699 3609 3567 3727 3724 3626 3447 3880 3335 3809 3590 3863 3536 3456 3673 3735 3937 3244 
3074 3543 3798 3627 3807 3690 3529 3258 3654 3598 3861 3523 3776 3943 3684 3533 3422 3825 3693 3688 3764 4019 3192 3744 3572 3717 3675 3341 3668 3560 3899 3524 
3076 3687 3907 3750 4017 3670 3608 3373 3973 3438 4068 3821 3705 4147 3678 3577 3464 3861 3818 3729 4040 4116 3442 4060 3779 4034 3904 3379 3743 3908 4043 3718 
3752 4117 4017 4214 4148 4156 4005 3600 4099 3800 4153 4163 3932 4413 3843 3965 3902 3923 4091 4017 4191 4532 3971 4275 4024 4214 3989 3601 4270 4126 4289 3693 
3277 3748 3870 3760 3971 4048 3598 3262 3914 3526 3728 3747 3633 4088 3742 3700 3703 3841 4107 3763 3701 4096 3784 3878 3710 3745 3662 3547 3964 3785 3903 3556 
3407 4085 4144 4179 4362 4170 3835 3601 4248 4052 3994 3884 4035 4535 3829 4040 3944 4117 4132 3971 4021 4187 3632 4101 4166 4282 4012 3825 3993 3910 4180 3893 
3482 3769 3817 3791 3968 3984 3451 3573 3987 3662 3882 3678 3513 4211 3722 3623 3883 3769 3862 3744 3887 4163 3730 3806 3658 3644 3616 3643 3969 3745 3817 3490 
3640 4195 4158 3974 4201 4044 4035 3570 4024 3971 4284 4184 3909 4289 3806 3904 4008 4060 4158 4131 3990 4633 3797 4134 3894 3980 3825 3619 4093 4151 4196 3920 
3720 4045 4224 4096 4093 4139 3891 3619 4211 3944 4131 3844 3851 4175 3704 3968 4165 3771 4151 4204 3873 4196 3955 4209 4067 4078 3840 3625 4110 3865 4211 3849 
