4388 5022 5077 4868 5035 5146 4937 4620 5073 4962 5034 4674 4868 5234 5116 4829 4786 5042 4913 4902 4741 5160 4849 4906 5026 4895 5004 4533 4921 5106 4969 4696 
4491 4880 4954 5001 5045 5286 4850 4646 4944 4879 4809 4614 4570 5224 4706 4681 4839 5157 5003 4992 4831 5170 4518 4996 5075 4944 4711 4475 4931 4785 4929 4645 
4845 5056 5366 5354 5378 5479 5172 4821 5269 5170 5125 5379 5055 5707 5189 5001 5186 5473 4987 5195 5026 5669 4753 5121 5200 5206 4970 4934 5078 5275 5425 4905 
4714 5061 5471 5129 5574 5283 5436 4749 5398 5040 5195 5211 5229 5599 5456 5132 5576 5485 5083 5453 5235 5854 4930 5235 5499 5205 5278 4954 5159 5488 5381 4929 
5267 5295 5686 5563 5862 5669 5536 4937 5520 5272 5442 5622 5413 5762 5562 5255 5196 5338 5489 5647 5578 6008 5145 5831 5564 5437 5180 5128 5589 5440 5633 5088 
4831 5252 5548 5122 5583 5422 5483 5083 5261 5366 5336 5423 5446 5681 5517 5441 5033 5305 5249 5482 5253 5832 5061 5749 5549 5338 5104 4894 5720 5748 5302 5329 
4444 5065 5322 4952 5317 5239 4831 4426 5041 4736 4895 4682 4911 5297 4980 4904 4710 5031 4946 4792 5011 5232 4572 5026 5098 4706 4700 4456 4966 5143 4896 4793 
4299 4838 5425 5067 5277 5200 5030 4559 5136 4949 5016 4804 5270 5620 5269 5029 4877 5209 5103 5043 5037 5318 4786 5202 5322 4894 5212 4546 4908 5114 5307 4796 
4850 5228 5441 5230 5400 5584 5121 4972 5259 5130 4853 4929 5288 5244 5234 4855 5192 5073 5277 5108 5304 5642 5049 5447 5423 4909 4981 4868 5477 5406 5165 5018 
4561 4985 5408 5023 5663 5708 5126 4501 5326 5215 5338 5072 5205 5390 5326 5158 5273 5179 5313 5594 5222 5516 4873 5352 5219 5007 5023 4953 5268 5382 5380 4881 
4531 4949 5164 5081 5205 5130 5124 4622 5042 5061 5113 4747 5217 5358 4916 4850 5009 4967 5098 5062 5074 5275 4844 5024 5030 4766 5087 4621 5253 5256 5262 4735 
4777 5276 5128 5016 5544 5292 5314 4859 5001 5054 5301 5154 5308 5622 5273 5027 5132 5038 5049 5103 5280 5643 4998 5206 5290 5083 4886 4671 5288 5452 5280 4858 
5179 5616 5794 5595 5678 6010 5636 5247 5890 5485 5615 5399 5503 5541 5653 5513 5718 5275 5523 5557 5549 6028 5191 5645 5404 5364 5478 5173 5956 5810 5816 5366 
4684 5114 5161 5150 5385 5288 5049 4581 5225 5191 5350 5171 5019 5454 5088 5025 5146 5120 5025 5240 5028 5416 4734 5265 5152 5067 5059 4776 5221 5109 5244 4829 
4628 5444 5466 4999 5745 5340 5290 4648 5280 4688 5246 5126 5325 5570 5423 4954 5100 5261 5149 5205 5200 5552 4965 5454 5204 5045 4937 4859 5351 5336 5161 4887 
4812 5228 5229 5259 5399 5335 5253 4959 5247 5202 5386 5250 5081 5489 5032 5035 5272 5446 5042 5011 5030 5464 5073 5370 5376 5199 5164 4887 5383 5274 5243 4910 
4818 5205 5384 4838 5535 5538 5299 4638 5223 5025 5180 5052 5116 5653 5135 5102 5157 5391 5339 5282 4785 5540 4933 5294 5257 5032 4971 4712 5255 5582 5016 4897 
4562 5226 5128 5298 5341 5804 5444 4691 5418 5176 5308 5388 5219 5586 5090 5198 5422 5483 5161 5292 5342 5699 4986 5397 5349 5201 5098 4958 5292 5356 5319 5077 
4561 4867 5577 5336 5386 5491 5423 4712 5419 5027 5401 5346 5421 5453 5239 5135 5227 5209 5151 5163 5181 5708 4951 5244 5117 5166 4990 4744 5315 5400 5335 4962 
4362 4579 5425 4866 5016 5126 5049 4478 5091 4820 4635 4747 4854 5005 4869 4944 4576 4622 4674 4978 4717 5175 4556 4911 5120 4627 4710 4522 5233 5074 4946 4538 
4728 5194 5532 5529 5459 5619 5442 4944 5349 5239 5325 5280 5035 5786 5565 5076 5438 5276 5683 5363 5343 5592 4868 5514 5352 5226 5020 5173 5286 5558 5374 5180 
4686 4999 5214 5048 5281 5385 4969 4675 4975 4990 5364 5170 4946 5536 4960 5156 5098 5273 5108 5271 5018 5358 4864 5318 5212 4954 5017 5130 5146 5286 5155 4910 
4356 4782 5067 4830 5179 5299 5171 4363 5088 4811 4938 4721 4983 5390 5064 4839 5110 5023 4872 4780 4680 5345 4518 5033 5324 4931 4848 4541 5154 5031 5047 4603 
4565 4765 5278 4775 5159 4955 4993 4486 5018 4697 4731 4954 4958 5149 4979 4901 4828 5000 4833 4843 4670 5232 4525 5292 4791 4828 4683 4667 5079 5059 5160 4449 
4465 4753 5320 4981 5313 5234 5157 4578 5039 4979 5158 4808 5250 5280 5237 5001 4896 5346 4957 5078 4955 5440 4466 5269 5100 4853 5075 4677 5112 4946 5216 4931 
4403 4772 5383 4908 5446 4959 5092 4656 5332 4783 5148 5159 5124 5315 5064 4962 4781 5137 4857 5070 5254 5455 4820 5550 5304 5154 5285 4473 5159 5256 5396 4946 
5158 5288 5536 5529 5472 5536 5607 4815 5397 5066 5257 5487 5378 5714 5267 5300 5300 5359 5395 5391 5427 5780 5228 5679 5421 5336 5271 4919 5720 5435 5538 5090 
4563 4992 5340 4899 5321 5476 5099 4496 5228 4891 4784 5054 5014 5300 5081 4973 5131 5207 5234 5109 4889 5411 4973 5218 5194 4896 4989 4899 5314 5147 5185 4816 
4373 5141 5399 5246 5573 5390 5137 4684 5307 5263 5002 4929 5202 5653 5075 5149 5065 5356 5096 5100 5089 5466 4797 5306 5419 5271 5074 4950 5274 5110 5308 5024 
4751 4923 5288 5068 5384 5450 5102 4718 5333 5111 4912 4890 4868 5482 5147 4990 5347 5128 4981 5077 5223 5497 4858 5254 5122 4772 4969 4990 5297 5233 5120 4836 
4916 5444 5602 5275 5486 5391 5551 4832 5216 5218 5419 5523 5192 5469 5170 5135 5298 5417 5293 5463 5175 5841 4983 5604 5205 5104 5103 4926 5439 5490 5400 5196 
5328 5547 6002 5619 5598 5844 5820 5092 5851 5520 5490 5381 5560 5734 5455 5598 5846 5504 5616 5940 5311 5755 5391 5903 5712 5391 5441 5294 5749 5546 5704 5501 
