1118 1407 1283 1244 1228 1055 1121 1168 1236 1205 1317 1087 1219 1263 1245 1235 907 1073 1125 1229 1120 1484 1084 1167 1174 1334 1318 1041 1223 1332 1346 1102 
1109 1348 1198 1194 1094 1227 1072 1369 1187 1186 1178 1059 1276 1317 1099 1254 1009 1173 1196 1228 1131 1475 1106 1146 1175 1310 1284 1107 1172 1313 1318 1147 
1282 1364 1358 1368 1452 1403 1263 1414 1362 1313 1444 1499 1337 1408 1340 1468 1182 1182 1260 1307 1222 1553 1217 1310 1358 1494 1508 1330 1395 1278 1417 1294 
1264 1382 1397 1189 1465 1220 1222 1245 1354 1199 1490 1326 1387 1510 1451 1416 1208 1266 1237 1351 1342 1787 1316 1349 1337 1620 1505 1242 1405 1461 1397 1263 
1415 1450 1565 1326 1386 1179 1308 1337 1444 1317 1397 1459 1440 1475 1258 1255 1139 1094 1258 1488 1351 1692 1256 1309 1423 1529 1390 1150 1376 1381 1521 1181 
1379 1587 1666 1301 1558 1491 1482 1440 1542 1400 1677 1548 1601 1716 1507 1442 1288 1338 1342 1642 1484 1933 1358 1543 1530 1731 1652 1307 1508 1685 1619 1476 
1023 1174 1212 972 1153 1048 944 982 1059 924 1101 962 1035 1160 1087 1127 824 941 943 1054 974 1234 933 1086 1094 1115 1060 959 1161 1176 1218 1021 
1105 1386 1306 1140 1231 1199 1078 1252 1224 1233 1332 1108 1381 1420 1318 1201 1013 1207 1277 1246 1228 1598 1111 1195 1194 1265 1339 995 1312 1345 1373 1081 
1169 1371 1228 1194 1211 1261 1144 1157 1106 1083 1086 1161 1315 1191 1155 1153 1124 999 1224 1235 1143 1522 1067 1269 1253 1270 1232 1127 1298 1292 1240 1187 
1085 1246 1397 1203 1445 1356 1247 1149 1385 1215 1494 1430 1499 1514 1386 1321 1237 1376 1274 1566 1355 1562 1317 1394 1294 1464 1372 1293 1451 1520 1536 1199 
1188 1285 1208 1186 1357 1173 1081 1207 1234 1197 1248 1183 1267 1423 1197 1261 1057 1050 1105 1235 1261 1439 1080 1119 1039 1377 1420 987 1264 1289 1352 1098 
1160 1277 1184 1194 1334 1099 1237 1188 1178 1195 1315 1277 1356 1382 1179 1294 1086 1155 1069 1351 1271 1582 1216 1209 1209 1432 1415 1056 1295 1278 1287 1286 
1405 1649 1525 1411 1587 1607 1439 1575 1592 1436 1403 1406 1469 1576 1445 1495 1324 1299 1489 1497 1424 1794 1337 1467 1436 1626 1574 1314 1565 1636 1559 1371 
1210 1448 1278 1374 1390 1178 1190 1221 1302 1301 1392 1308 1247 1408 1225 1260 1221 1130 1238 1340 1309 1579 1185 1235 1255 1423 1405 1220 1298 1360 1373 1233 
1149 1417 1530 1085 1483 1267 1153 1268 1284 1186 1333 1288 1373 1421 1386 1222 1150 1238 1176 1264 1234 1552 1215 1482 1301 1429 1368 1126 1407 1341 1403 1281 
1245 1596 1386 1382 1390 1360 1328 1399 1278 1274 1493 1351 1333 1458 1269 1336 1339 1426 1320 1437 1321 1568 1402 1475 1367 1544 1470 1344 1425 1466 1444 1382 
1075 1392 1273 1116 1356 1305 1189 1170 1326 1151 1331 1308 1347 1421 1231 1206 1208 1163 1219 1276 1202 1567 1233 1382 1261 1543 1289 1156 1403 1360 1352 1249 
1162 1390 1345 1243 1370 1535 1281 1277 1371 1271 1397 1513 1349 1543 1234 1342 1282 1293 1295 1512 1396 1739 1211 1434 1308 1518 1418 1391 1542 1467 1488 1399 
1086 1060 1190 1231 1300 1106 1138 1040 1342 1183 1315 1401 1324 1306 1200 1219 1026 1026 1059 1402 1181 1496 1081 1131 1082 1347 1268 1153 1240 1254 1252 1140 
1034 1186 1314 1141 1162 1154 1009 1089 1186 1095 1177 1138 1134 1253 1124 1228 902 942 959 1346 1082 1386 1001 1174 1140 1126 1108 1082 1270 1285 1324 1132 
876 1169 1035 1170 1103 1136 1099 1101 1078 1104 1079 1115 1036 1211 1059 1143 1065 927 1086 1196 1061 1411 892 1086 1216 1252 1152 1097 1003 1267 1233 1050 
1105 1374 1236 1229 1333 1365 1171 1169 1090 1116 1403 1285 1183 1408 1035 1300 1168 1169 1101 1271 1199 1455 1156 1294 1227 1372 1325 1274 1297 1384 1390 1193 
1070 1379 1381 1189 1465 1491 1202 1308 1282 1197 1396 1149 1299 1479 1335 1313 1110 1093 1309 1289 1177 1552 1110 1375 1398 1490 1337 1266 1434 1386 1456 1173 
1212 1369 1342 1086 1440 1254 1208 1149 1270 1050 1262 1296 1280 1402 1210 1203 1117 1190 1204 1167 1085 1499 1080 1311 1274 1396 1279 1242 1398 1260 1407 1151 
1231 1408 1461 1293 1378 1398 1169 1260 1245 1399 1365 1297 1458 1482 1350 1272 1083 1346 1280 1377 1171 1707 1166 1347 1285 1432 1445 1196 1491 1360 1565 1299 
1282 1568 1561 1392 1536 1335 1326 1422 1438 1265 1594 1369 1532 1667 1451 1422 1168 1244 1422 1571 1409 1759 1247 1514 1409 1654 1662 1327 1453 1615 1633 1408 
1310 1503 1358 1328 1468 1255 1332 1308 1365 1257 1518 1512 1411 1594 1258 1477 1179 1151 1326 1402 1471 1800 1227 1359 1405 1580 1590 1264 1422 1386 1523 1259 
1148 1315 1210 1155 1248 1297 1050 1137 1245 1210 1220 1177 1226 1389 1214 1233 1094 1174 1154 1244 1091 1581 1157 1265 1143 1374 1196 1144 1484 1341 1332 1215 
1341 1553 1518 1379 1516 1447 1405 1396 1537 1389 1505 1429 1611 1579 1320 1448 1234 1291 1296 1490 1359 1672 1218 1443 1573 1603 1543 1345 1477 1459 1605 1406 
1285 1327 1378 1395 1329 1333 1108 1370 1412 1347 1526 1307 1333 1528 1311 1348 1294 1286 1385 1431 1364 1657 1313 1366 1276 1451 1426 1344 1456 1490 1539 1230 
1135 1544 1426 1236 1480 1310 1269 1277 1295 1288 1369 1334 1355 1368 1396 1284 1272 1346 1321 1375 1320 1710 1230 1360 1313 1408 1359 1321 1468 1464 1420 1388 
1202 1451 1336 1175 1216 1194 1154 1200 1268 1130 1160 1197 1353 1310 1147 1215 1135 1099 1133 1335 1144 1517 1237 1208 1174 1279 1224 1164 1349 1136 1277 1226 
