606 630 649 618 669 557 652 568 759 567 620 498 676 652 615 784 399 436 583 616 563 642 555 636 536 748 712 419 627 653 599 530 
479 555 577 547 608 613 557 651 652 532 500 480 603 667 580 704 408 495 580 564 601 639 563 548 456 630 610 450 650 593 566 578 
702 622 779 750 914 836 800 722 867 740 691 866 749 815 765 849 601 571 671 720 636 815 646 682 710 868 864 604 855 632 719 729 
569 485 665 571 823 664 659 613 756 552 666 639 700 802 697 809 520 536 622 690 638 789 702 639 585 886 741 529 773 701 629 634 
644 536 734 606 740 580 691 554 750 591 613 685 742 790 585 747 423 427 602 649 653 737 575 645 621 753 643 392 622 532 643 501 
678 609 825 570 897 763 793 650 847 657 723 744 829 870 748 799 493 552 644 774 702 846 614 802 663 886 760 458 778 807 704 740 
554 557 716 511 729 610 584 582 630 458 545 476 610 730 635 715 358 490 561 573 511 591 508 593 558 614 607 440 670 595 706 613 
497 464 628 486 683 617 581 563 659 562 542 543 715 686 654 671 425 510 646 610 570 685 546 602 455 626 589 355 677 595 545 536 
499 444 521 553 657 624 570 485 592 502 432 511 608 551 531 656 387 409 552 562 443 576 481 568 491 670 556 434 663 534 509 486 
548 513 775 574 888 797 672 580 787 580 684 796 784 821 766 790 613 675 650 743 720 723 752 776 595 912 639 535 861 847 733 664 
670 592 681 608 855 674 647 650 765 603 589 659 744 787 689 768 506 538 622 672 714 713 644 667 541 808 777 406 709 702 699 594 
592 534 606 567 752 630 685 567 734 640 620 669 662 752 609 758 487 499 546 610 662 770 557 537 577 837 746 446 640 658 595 637 
806 777 890 773 1036 933 870 862 1013 780 782 790 976 967 962 1015 673 724 869 832 831 952 846 911 726 1009 948 619 985 859 838 796 
681 539 658 614 760 615 658 539 707 639 645 629 707 789 609 748 560 497 562 641 675 735 612 672 568 793 703 481 664 665 657 667 
541 562 800 535 900 727 687 624 772 566 703 705 726 816 751 700 525 599 636 653 699 675 647 804 633 803 739 510 807 689 721 640 
520 610 697 598 761 719 692 599 713 597 634 619 549 700 632 706 553 618 588 612 598 602 632 692 552 797 695 529 718 689 610 623 
525 506 601 508 782 642 704 477 706 500 616 706 732 748 572 681 504 452 546 628 611 735 534 689 599 857 642 455 703 629 601 588 
472 389 584 483 731 805 637 508 710 567 588 753 683 814 630 698 518 623 632 691 640 763 595 668 493 832 664 564 826 618 617 667 
670 542 653 698 818 687 736 621 850 673 630 837 870 811 717 782 540 541 653 755 648 806 650 679 595 823 691 555 791 629 620 681 
520 507 662 553 680 578 581 572 683 481 541 571 637 716 543 691 386 420 476 657 578 609 533 567 504 613 607 445 655 590 640 602 
329 371 389 460 509 456 545 376 469 457 386 409 523 511 426 545 318 311 448 509 389 535 338 425 450 569 463 332 411 446 430 480 
613 579 721 550 844 761 644 599 667 550 667 674 614 713 613 758 496 540 542 595 600 631 620 690 602 823 634 558 781 697 715 603 
491 566 719 535 895 796 637 604 676 531 679 533 686 777 713 741 448 534 663 643 609 676 585 680 637 883 668 537 759 651 681 611 
522 528 659 481 776 680 661 557 621 463 508 650 610 663 604 615 401 515 549 551 482 600 483 609 568 684 521 482 727 551 600 590 
504 433 641 567 657 692 557 488 614 525 523 596 639 677 614 652 429 513 550 593 505 647 463 596 517 681 607 436 717 532 668 546 
604 598 778 565 879 729 692 653 813 581 686 599 760 824 747 770 469 528 663 731 683 739 645 747 642 884 753 486 726 804 680 693 
610 542 660 608 787 693 740 634 752 645 658 784 738 899 599 866 485 532 638 674 711 821 631 653 637 881 781 497 751 648 742 656 
524 393 565 478 657 628 530 493 687 498 525 671 619 657 604 677 436 484 556 585 524 661 538 581 489 697 588 455 735 597 549 554 
703 673 824 754 970 790 805 671 883 712 724 780 872 932 726 917 495 564 703 781 750 848 606 776 765 898 891 599 835 716 782 763 
584 431 680 552 658 684 522 614 708 616 604 603 598 755 657 675 509 556 644 630 634 681 646 624 470 696 637 478 726 611 598 595 
559 624 713 595 801 737 741 673 765 618 642 649 733 793 771 775 543 656 715 679 651 766 621 665 611 781 708 564 848 687 736 723 
487 450 525 537 605 535 559 445 675 440 470 511 633 633 527 693 371 385 470 567 501 581 525 477 414 574 547 450 602 377 487 458 
