3916 4563 4529 4486 4475 4558 4355 4199 4543 4535 4589 4272 4376 4619 4491 4239 4227 4489 4512 4291 4290 4605 4386 4426 4518 4394 4428 4061 4361 4540 4457 4155 
3931 4308 4298 4405 4324 4490 4172 4136 4266 4219 4274 4083 4045 4573 4042 4033 4115 4494 4425 4304 4271 4492 3921 4296 4387 4328 4078 3908 4251 4147 4383 4058 
4336 4468 4561 4709 4571 4688 4376 4204 4570 4435 4493 4772 4476 4947 4421 4221 4382 4668 4385 4392 4330 4996 4086 4381 4472 4573 4283 4301 4345 4543 4743 4246 
4138 4373 4655 4479 4817 4474 4572 4192 4677 4352 4640 4592 4606 4808 4630 4401 4752 4693 4452 4612 4633 5134 4254 4520 4683 4468 4547 4258 4417 4725 4674 4226 
4620 4704 4837 4886 5053 4789 4752 4328 4758 4561 4739 4967 4822 5139 4711 4539 4418 4543 4876 4794 4928 5222 4459 5017 4837 4764 4457 4483 4795 4724 4983 4421 
4162 4627 4871 4563 4820 4721 4800 4535 4642 4685 4868 4766 4789 4968 4669 4600 4319 4599 4691 4733 4664 5129 4317 4909 4799 4766 4460 4160 4890 5029 4668 4633 
4004 4590 4650 4496 4677 4596 4217 3981 4383 4161 4450 4195 4472 4727 4377 4295 4048 4452 4465 4124 4513 4676 4051 4404 4490 4140 4130 4001 4370 4518 4455 4337 
3752 4286 4553 4468 4445 4369 4229 3938 4339 4265 4384 4185 4641 4831 4479 4311 4059 4461 4546 4166 4489 4591 4125 4440 4539 4233 4429 3958 4189 4447 4615 4075 
4218 4738 4799 4655 4609 4871 4475 4416 4548 4470 4383 4355 4729 4582 4449 4069 4471 4272 4776 4456 4726 4848 4332 4682 4698 4314 4313 4283 4755 4780 4600 4364 
4080 4582 4681 4579 4959 4947 4482 4061 4752 4667 4725 4637 4706 4884 4643 4505 4681 4705 4825 4915 4662 4921 4401 4752 4702 4533 4339 4438 4654 4790 4840 4302 
3983 4327 4487 4597 4523 4511 4441 4033 4438 4405 4585 4238 4649 4674 4270 4214 4348 4280 4618 4447 4560 4591 4180 4368 4334 4205 4435 4081 4591 4615 4743 4184 
4164 4603 4372 4490 4653 4470 4540 4261 4347 4418 4663 4488 4572 4898 4366 4242 4321 4294 4463 4220 4654 4898 4276 4401 4418 4412 4153 4008 4481 4660 4581 4194 
4447 4974 4872 4893 4877 5046 4801 4657 5024 4778 4925 4714 4834 4851 4676 4630 4874 4493 4851 4659 4921 5238 4474 4749 4658 4682 4640 4445 5021 5021 5079 4596 
3976 4404 4225 4423 4483 4348 4116 3851 4425 4376 4588 4339 4266 4610 4066 4123 4272 4267 4324 4254 4237 4547 3909 4340 4260 4300 4200 3934 4331 4184 4437 4020 
4209 4878 4836 4499 5058 4725 4630 4176 4715 4181 4803 4669 4826 4977 4800 4307 4413 4613 4768 4619 4682 4997 4431 4933 4569 4602 4411 4323 4779 4738 4612 4381 
4192 4574 4481 4640 4646 4639 4569 4409 4509 4569 4789 4672 4457 4793 4312 4297 4574 4688 4532 4262 4482 4743 4415 4670 4642 4560 4492 4298 4592 4564 4572 4328 
4187 4521 4549 4328 4695 4639 4502 4043 4509 4251 4602 4475 4485 4927 4371 4303 4320 4643 4719 4422 4296 4719 4294 4488 4494 4352 4232 4088 4431 4757 4420 4222 
3986 4598 4369 4627 4579 5011 4691 4151 4675 4543 4700 4761 4551 4875 4384 4447 4698 4718 4634 4536 4716 4925 4335 4649 4547 4527 4441 4332 4562 4570 4703 4480 
4131 4418 4982 4846 4748 4779 4859 4253 4854 4533 4891 4867 4988 4931 4614 4556 4562 4618 4777 4453 4718 5109 4424 4695 4580 4662 4486 4286 4698 4804 4811 4457 
3840 3987 4590 4223 4162 4308 4188 3816 4300 4101 4000 4156 4211 4243 4087 4128 3807 3897 4143 4226 4102 4384 3911 4182 4371 3990 4023 3911 4416 4288 4361 3907 
4087 4522 4700 4842 4659 4746 4609 4294 4623 4540 4668 4625 4395 5003 4697 4330 4675 4489 5013 4517 4668 4884 4134 4756 4595 4596 4302 4458 4438 4794 4653 4436 
4118 4439 4535 4571 4634 4710 4383 4143 4298 4356 4874 4555 4400 4817 4245 4411 4387 4569 4633 4488 4391 4724 4187 4613 4534 4315 4393 4563 4412 4521 4590 4346 
3820 4354 4473 4387 4550 4632 4677 3954 4505 4285 4481 4200 4461 4842 4382 4186 4539 4398 4485 4142 4151 4702 3899 4400 4718 4395 4236 4020 4445 4480 4457 4041 
4088 4285 4612 4269 4511 4362 4421 4001 4382 4103 4284 4438 4490 4556 4330 4197 4212 4349 4403 4211 4151 4624 3923 4611 4189 4341 4124 4148 4340 4439 4620 3946 
3817 4088 4524 4338 4374 4368 4282 3906 4296 4284 4484 4231 4520 4521 4341 4176 4097 4548 4339 4296 4367 4622 3782 4459 4261 4216 4340 4054 4349 4174 4560 4201 
3834 4246 4601 4258 4597 4277 4354 4049 4525 4119 4612 4504 4459 4618 4196 4119 4027 4371 4432 4319 4657 4668 4065 4760 4431 4527 4513 3893 4385 4552 4726 4308 
4547 4734 4833 4877 4794 4839 4848 4307 4777 4415 4758 4962 4792 5098 4508 4533 4597 4627 4833 4607 4834 5152 4605 4961 4656 4732 4656 4325 4928 4735 4952 4473 
3912 4307 4503 4320 4541 4675 4296 3945 4515 4124 4244 4411 4321 4579 4241 4159 4289 4406 4694 4251 4271 4628 4327 4403 4321 4206 4198 4209 4610 4348 4466 4114 
3907 4706 4846 4694 4867 4807 4530 4212 4713 4670 4515 4463 4726 5127 4496 4510 4466 4741 4711 4477 4686 4808 4219 4708 4780 4726 4484 4523 4625 4568 4791 4534 
4209 4417 4627 4414 4624 4699 4322 4226 4745 4368 4452 4429 4361 4844 4499 4248 4610 4470 4440 4350 4606 4835 4289 4605 4359 4193 4270 4417 4665 4579 4530 4176 
4294 4785 4854 4665 4796 4652 4806 4278 4559 4565 4865 4895 4582 4790 4376 4463 4614 4630 4708 4716 4575 5194 4287 4881 4478 4423 4468 4310 4656 4771 4801 4572 
4611 4823 5064 4893 4723 4866 4900 4424 4988 4722 4844 4687 4827 4874 4483 4683 4884 4660 4946 4939 4620 4921 4646 4982 4770 4624 4587 4578 4875 4647 4929 4689 
