1469 2048 1869 1959 1875 1760 1746 1748 1853 1839 1875 1677 1960 2004 1993 1868 1534 1775 1721 1774 1660 1973 1688 1792 1725 1973 1861 1676 1836 1872 2162 1571 
1515 1912 1702 1821 1756 1944 1680 1909 1807 1782 1658 1500 1882 1870 1690 1840 1720 1761 1787 1710 1758 1858 1625 1723 1634 1892 1757 1655 1788 1699 2001 1600 
1633 1874 1894 2011 1925 2002 1848 1845 1897 1761 1833 2027 1957 2053 1980 1970 1716 1632 1734 1744 1707 2022 1738 1808 1855 2099 1911 1816 1826 1730 2076 1713 
1606 1861 1879 1781 1937 1886 1813 1760 1989 1730 1978 1872 1998 2039 2043 2027 1904 1782 1722 1820 1912 2298 1837 1868 1855 1992 1925 1731 1915 1918 2101 1622 
1916 2178 2150 2081 2227 2042 2035 1977 2193 1975 2003 2174 2355 2287 2105 2062 1884 1856 1997 2037 2176 2268 1938 1996 2020 2229 1878 1957 2105 1890 2348 1718 
1742 2176 2253 1910 2144 2068 2121 1990 2064 2019 2117 2002 2316 2332 2258 2084 1975 1829 1917 2101 2123 2388 1926 2082 2063 2261 2078 1840 2103 2162 2223 1923 
1403 1793 1778 1630 1894 1682 1569 1566 1692 1560 1594 1485 1844 1885 1778 1809 1376 1604 1574 1426 1655 1695 1479 1678 1589 1706 1548 1567 1746 1681 1883 1491 
1564 2144 2033 2020 1939 1995 1848 1882 1987 1932 1976 1804 2243 2293 2201 1964 1735 1976 1952 1849 1939 2227 1828 1971 1851 1938 1957 1679 1960 2007 2273 1652 
1584 2022 1812 1972 1938 2035 1889 1875 1823 1813 1641 1718 2106 1843 1898 1842 1922 1705 1972 1841 1871 1957 1770 1984 1804 1946 1818 1804 2022 1843 2047 1705 
1559 1903 1957 1756 2072 2125 1908 1692 1958 1902 1954 1944 2204 2100 2044 1954 2013 1902 1874 2094 1922 2104 1945 1980 1846 1982 1850 1892 2024 2023 2289 1560 
1774 2017 1948 1957 2101 1994 1941 1836 1984 1927 1920 1835 2166 2175 1983 2043 1805 1684 1931 1832 2005 1974 1751 1875 1669 1983 2054 1711 1958 1919 2222 1628 
1605 1865 1683 1873 2061 1783 1871 1790 1760 1832 1893 1785 2056 2018 1894 1950 1840 1682 1709 1812 1872 2022 1824 1786 1725 1985 1885 1708 1879 1793 2020 1724 
1866 2445 2235 2269 2379 2421 2276 2234 2372 2248 2083 2081 2277 2390 2342 2277 2170 1980 2170 2094 2236 2477 2115 2185 2128 2303 2162 1966 2385 2306 2484 1997 
1528 2000 1713 1920 1922 1717 1752 1694 1840 1812 1868 1714 1796 1952 1789 1831 1777 1585 1726 1683 1787 1948 1639 1690 1661 1876 1757 1710 1794 1685 1876 1592 
1577 2111 2088 1687 2152 1935 1815 1815 1954 1722 1810 1910 2143 2102 2095 1792 1837 1854 1867 1775 1912 2064 1853 2091 1822 2018 1873 1756 2032 1839 2038 1734 
1535 2081 1784 1993 1952 1952 1900 1965 1852 1919 2007 1840 1938 1960 1823 1927 1967 1874 1871 1830 1824 2020 1885 1902 1814 2038 1921 1848 1940 1876 2089 1720 
1412 1876 1723 1556 1853 1781 1617 1587 1727 1565 1727 1673 1874 1930 1770 1675 1605 1592 1706 1703 1683 1967 1681 1854 1661 1878 1639 1627 1839 1777 1818 1534 
1553 2082 1888 1962 2051 2315 2042 1852 2065 2005 1927 2116 2081 2228 1923 2036 2066 1965 1926 1963 2023 2231 1869 2059 1869 2135 1951 2034 2165 1948 2277 1868 
1554 1861 1938 2026 2064 1884 1993 1657 2055 1932 1877 2048 2222 2187 2096 1998 1890 1698 1808 1930 1902 2145 1789 1817 1803 2115 1844 1830 1893 1832 2089 1743 
1518 1892 1985 1878 1865 1927 1815 1650 1880 1697 1678 1765 1942 2038 1851 1946 1602 1514 1763 1877 1797 1966 1641 1806 1757 1848 1674 1758 1906 1784 2086 1645 
1340 1906 1724 1964 1816 1868 1889 1758 1841 1810 1627 1701 1832 2014 1951 1868 1989 1594 1888 1778 1786 2010 1607 1798 1878 1952 1690 1788 1702 1927 2066 1614 
1533 1926 1693 1871 1980 2080 1803 1721 1689 1667 1945 1843 1858 2038 1638 1930 1756 1698 1617 1743 1807 1883 1736 1859 1666 1875 1785 1850 1792 1765 2052 1580 
1381 2019 1981 1835 2046 2112 1981 1802 1904 1812 1871 1715 2015 2189 2022 1921 1778 1700 1887 1724 1739 2031 1749 1955 1940 2090 1823 1815 1996 1881 2208 1715 
1626 1998 1925 1817 2088 2003 1946 1735 1907 1716 1787 1933 2084 2122 2030 1886 1801 1846 1854 1738 1815 2026 1791 1999 1861 2054 1791 1865 2016 1811 2229 1631 
1547 1975 2005 1851 1921 1951 1787 1702 1797 1900 1791 1782 2146 2102 1908 1899 1564 1917 1924 1754 1792 2125 1654 1878 1799 2033 1880 1685 2059 1728 2124 1671 
1539 2046 1959 1855 2011 1893 1891 1789 1933 1752 1967 1829 2114 2141 1903 1878 1565 1749 1904 1924 1819 2029 1688 1985 1775 2130 2079 1782 1881 1932 2238 1729 
1732 2163 1972 2114 2214 2065 2046 1912 2015 1928 2091 2199 2254 2309 2006 2191 1941 1862 1951 2002 2180 2322 1969 2092 1930 2223 2162 1959 2076 1929 2429 1760 
1594 2015 1912 1819 1852 2121 1859 1658 1985 1830 1685 1851 2053 2140 1902 1901 1773 1837 1896 1844 1710 2101 1786 1956 1754 2002 1802 1845 2070 1877 2216 1639 
1744 2248 2208 2205 2242 2277 2169 2026 2259 2099 1984 1990 2437 2334 2099 2256 1959 2023 2026 2015 2130 2212 1909 2183 2152 2314 2116 2041 2177 1969 2446 1965 
1747 2032 1989 2051 2085 2054 1803 1966 2050 2001 2027 1801 2004 2230 2003 1989 2080 1864 2034 1981 2001 2131 1994 2016 1781 1985 1928 2020 2139 2016 2264 1696 
1685 2238 2077 1950 2216 2093 2008 1863 1916 1846 1937 1964 2146 2082 2062 1923 1982 1850 2038 1987 1971 2224 1906 2007 1843 2037 1904 2016 2030 1961 2178 1863 
1727 2140 2013 1913 1949 2094 1954 1835 1976 1782 1692 1777 2116 2023 1856 1928 1975 1756 1889 1936 1810 1968 1961 1942 1768 1923 1833 1857 2011 1618 2105 1735 
