2605 3339 3111 3326 3190 3127 2899 2837 3303 3253 3332 2915 3003 3316 3158 3139 2921 2971 3110 3107 2997 3474 3099 2947 3184 3095 3196 2717 3016 3209 3318 2849 
2788 3253 3013 3209 3161 3220 2932 3074 3285 3083 3142 2841 2952 3342 2939 3060 3204 3143 3278 3150 3108 3395 2953 2933 3177 3200 2910 2735 3108 3101 3264 2841 
2945 3272 3133 3551 3412 3422 3169 2982 3321 3173 3453 3442 3035 3610 3285 3271 3165 3091 3194 3273 2977 3744 3143 3017 3265 3449 3213 3014 3225 3245 3494 3014 
2777 3197 3167 3318 3488 3255 3106 2899 3481 3141 3612 3331 3125 3583 3301 3308 3498 3229 3198 3466 3297 3942 3314 3130 3271 3328 3257 2906 3211 3382 3472 2922 
3168 3400 3372 3516 3734 3436 3299 3048 3582 3317 3540 3520 3456 3780 3401 3433 3220 3213 3476 3468 3472 3948 3373 3430 3488 3555 3187 3161 3518 3277 3701 3020 
2790 3339 3311 3310 3479 3332 3397 3075 3416 3254 3614 3316 3333 3577 3431 3446 3095 3056 3246 3473 3336 3892 3219 3272 3382 3550 3246 2802 3467 3624 3447 3224 
2735 3296 3198 3263 3526 3326 2925 2755 3419 3065 3345 2963 3177 3527 3229 3226 3035 3142 3207 2990 3249 3423 3063 2960 3405 3175 3048 2772 3244 3282 3325 3006 
2624 3203 3138 3373 3296 3180 2914 2781 3352 3211 3249 2953 3358 3592 3367 3322 2993 3133 3314 3073 3289 3585 3104 3130 3324 3190 3281 2761 3121 3197 3518 2872 
2706 3243 3043 3318 3203 3327 2948 2960 3263 3101 3180 2973 3173 3125 3026 2843 3277 2824 3356 3170 3201 3467 3076 3098 3272 3102 2986 2867 3338 3209 3288 2981 
2730 3228 3220 3219 3576 3538 3051 2680 3480 3316 3461 3350 3281 3537 3252 3325 3451 3203 3354 3610 3213 3638 3328 3314 3319 3312 3077 2992 3368 3446 3625 2919 
2780 3200 3166 3295 3426 3308 3126 2776 3449 3216 3494 3084 3238 3536 3161 3259 3190 2941 3343 3325 3372 3367 3150 3064 3044 3213 3281 2834 3325 3387 3578 2935 
2710 3140 2714 3177 3302 2970 3042 2838 3040 3106 3372 3013 2979 3347 3030 3001 3153 2815 2998 2935 2987 3432 3070 2813 3034 3120 2926 2518 3080 3053 3176 2743 
3076 3640 3493 3682 3636 3711 3421 3300 3814 3573 3654 3360 3379 3618 3431 3413 3649 3089 3454 3438 3471 4048 3320 3424 3344 3501 3447 3094 3695 3725 3924 3272 
2740 3220 2917 3281 3352 3060 2893 2688 3264 3138 3390 3060 2952 3284 2945 3145 3102 2886 3138 3001 2959 3445 2908 2930 3035 3167 3034 2755 3111 2960 3243 2719 
2855 3527 3320 3234 3694 3384 3171 2955 3511 3013 3569 3319 3401 3581 3391 3162 3275 3294 3342 3359 3323 3762 3284 3525 3358 3369 3158 2929 3576 3319 3437 3080 
2733 3306 2921 3352 3306 3214 3082 2964 3141 3241 3555 3142 2979 3373 3018 3093 3344 3177 3198 2999 2982 3445 3175 3081 3153 3400 3187 2938 3194 3113 3256 2943 
2656 3209 2975 3088 3349 3234 3002 2635 3234 2954 3320 2991 2987 3437 3023 3022 3103 2968 3254 3111 2964 3488 3173 2984 3216 3130 3018 2714 3161 3430 3143 2902 
2743 3399 3054 3518 3412 3708 3328 2827 3574 3296 3508 3339 3255 3519 3232 3399 3513 3244 3352 3427 3503 3809 3276 3192 3378 3383 3329 3163 3494 3401 3558 3245 
2720 3137 3356 3486 3467 3308 3289 2946 3627 3268 3597 3451 3494 3584 3337 3326 3374 3041 3367 3214 3333 3774 3215 3108 3302 3447 3248 2950 3281 3405 3507 3161 
2549 2982 3181 3092 3102 3168 2858 2668 3273 2884 3078 2967 2845 3134 2988 3071 2763 2626 2978 3160 3019 3252 2972 2825 3065 3090 2879 2738 3181 3105 3272 2810 
2705 3274 3051 3551 3282 3306 3149 2937 3437 3336 3393 3189 2923 3456 3334 3193 3426 2933 3500 3342 3211 3625 3024 3130 3326 3400 3130 2998 3160 3382 3527 2997 
2822 3226 2953 3327 3360 3390 3008 2770 3131 3082 3575 3162 2873 3452 2891 3149 3192 3042 3153 3274 3093 3485 3029 3138 3079 3198 3097 3111 3101 3146 3338 2963 
2596 3337 3082 3214 3426 3511 3287 2820 3340 3118 3336 2963 3129 3590 3155 3167 3270 2976 3245 2989 3002 3662 2875 3128 3487 3299 3096 2815 3339 3288 3446 2829 
2742 3087 3115 3061 3330 3159 2982 2701 3242 2905 3143 3057 3136 3310 3099 3077 3050 2967 3031 3010 2929 3355 2934 3060 3013 3183 2980 2905 3070 3111 3450 2678 
2466 2879 3021 3031 3109 3102 2916 2616 2985 2948 3229 2815 3129 3151 2975 3006 2789 3023 3020 3055 3004 3383 2699 3001 2898 2976 3085 2739 3169 2882 3293 2810 
2453 3140 3211 3186 3344 3126 3052 2767 3336 2840 3512 3112 3134 3350 3084 3078 2965 3145 3229 3284 3293 3518 3016 3340 3074 3417 3346 2809 3244 3295 3545 3017 
2954 3440 3150 3525 3496 3372 3265 2929 3472 3239 3561 3507 3282 3718 3104 3332 3234 3029 3280 3278 3452 3872 3317 3289 3268 3471 3282 2918 3485 3341 3696 2957 
2728 3250 3199 3288 3416 3472 3155 2853 3424 3141 3288 3235 3099 3509 3197 3249 3182 3193 3448 3228 3150 3663 3282 3233 3239 3306 3201 2986 3442 3219 3453 3009 
2806 3486 3393 3555 3647 3535 3268 2924 3652 3397 3373 3126 3411 3703 3142 3474 3403 3322 3404 3389 3367 3575 3107 3280 3472 3527 3323 3091 3346 3243 3623 3137 
2909 3263 3190 3366 3444 3428 2970 3025 3511 3217 3435 3107 2986 3575 3142 3131 3398 3108 3272 3249 3309 3644 3255 3114 3157 3128 3179 3063 3421 3156 3403 2915 
2958 3628 3408 3497 3609 3443 3434 3033 3464 3306 3729 3506 3255 3577 3227 3324 3469 3351 3549 3576 3350 4052 3370 3403 3247 3443 3271 3095 3514 3489 3670 3305 
3036 3538 3447 3491 3504 3569 3262 3014 3661 3330 3571 3208 3274 3437 3134 3408 3538 3023 3502 3582 3265 3608 3434 3309 3347 3431 3259 3025 3533 3192 3655 3249 
