4193 4037 3874 3523 3412 3735 4163 3880 3956 3775 3844 3773 4202 4179 3409 4147 3655 3552 3983 3995 3698 3805 3942 3779 3844 4092 3986 3854 3918 3928 3977 4059 
3898 3552 3528 3501 3094 3595 4115 3691 3855 3590 3604 3681 3848 3902 3500 3855 3609 3441 3859 3937 3717 3638 3908 3806 3817 3647 3939 3787 3828 3735 3652 4128 
4146 3737 3837 3309 3568 3543 4147 3904 3986 3756 3871 3614 4104 3951 3515 3954 3460 3379 3891 3980 3660 3739 4127 3849 3721 3794 4230 3969 3879 3920 3919 3868 
4273 4052 3995 3638 3641 3716 4305 4045 4135 4007 3979 3979 4126 4032 3484 3924 3926 3722 3944 4170 4128 3889 3991 4018 4073 4149 4528 4150 3999 4074 3874 4107 
4379 4128 4020 3893 3865 4061 4354 4042 4577 4293 4060 4214 4486 4415 4097 4377 3904 3466 4156 4356 4097 4070 4356 4224 4333 3975 4565 4262 4133 4009 4008 4477 
4342 4392 4081 3707 3599 4071 4258 4077 4134 3953 4057 3917 4161 4102 3798 4109 3669 3723 4064 4224 4128 4024 4034 4016 4067 4263 4575 4074 4032 4169 4050 4453 
4192 3707 3978 3369 3365 3643 3947 3730 3989 4019 3672 3811 3869 3972 3355 4090 3500 3376 3718 3927 3872 3756 4077 3928 4031 3817 4074 3955 3960 3823 3903 3907 
4093 3981 3607 3704 3350 3796 4047 3798 4116 3885 3884 3784 3840 3803 3445 4014 3576 3501 3850 4183 3851 3753 3914 3872 3795 4047 3963 4141 3743 3738 4060 4105 
4201 3868 4050 3658 3525 3822 4367 4050 4301 4163 3998 3874 4197 4405 3554 4335 3744 3774 4181 4277 3974 3916 4074 3993 4134 4076 4370 3952 3832 3921 3713 4229 
4067 3996 3870 3814 3652 3662 4349 4058 4147 3905 4049 3794 4250 4182 3764 4373 3847 3697 3902 4167 4149 3996 3959 3990 4100 4203 4355 4081 3949 4136 3904 4347 
3784 3884 3836 3482 3513 3667 4004 3785 3960 3733 3832 3508 3843 3877 3496 4011 3912 3326 3845 4083 3800 3615 3880 3831 3808 3828 4135 3867 3563 3832 3692 4102 
4170 3666 3848 3363 3591 3661 4160 3986 4000 3933 3977 3782 3825 4218 3559 4071 3639 3620 3891 3832 3805 3860 3853 3945 4095 3785 4350 3721 3734 4106 3666 4212 
4268 4285 4112 3726 3701 3711 4325 4124 4051 4045 3964 3978 4126 3945 3539 4216 3811 3616 3866 4052 3942 3770 4078 4085 4082 4129 4268 4070 4055 3861 3975 4243 
3597 3479 3640 3291 3509 3437 3931 3717 3785 3885 3736 3235 3831 3627 3159 3772 3346 3337 3760 3668 3864 3624 3648 3581 3715 3677 3932 3722 3571 3675 3586 3862 
4319 3976 3928 3466 3680 3579 4163 3908 4128 4168 3880 3817 4200 4068 3660 4086 3752 3620 3966 4319 4149 3844 4242 4102 4033 3864 4355 4002 3931 3923 3747 4151 
4148 3852 3934 3601 3833 3958 4159 4099 4096 3906 4008 4020 4209 4185 3679 4200 3866 3667 4192 3964 4066 3846 4057 3858 4222 3961 4225 3940 3978 4044 3707 4205 
4168 4021 3949 3513 3535 3926 4153 3723 3990 3831 3909 3630 4087 4021 3691 4143 3831 3384 3858 3926 3923 3951 4125 3836 3913 3927 4265 3918 3904 4012 4164 4042 
4321 4175 4123 3566 3630 3873 4217 3862 4086 4065 4007 3845 4217 4007 3346 4261 3718 3541 3990 3995 3790 3927 4286 3945 4275 4050 4250 4074 3913 4122 4042 4080 
4239 4147 4044 3718 3844 4006 4279 4203 4169 4058 4041 3724 4316 4209 3646 4182 3809 3807 4047 4222 4047 3952 4390 4020 4101 4173 4313 4009 4143 4171 4025 4189 
3779 3458 3648 3193 3347 3307 3825 3521 3600 3760 3701 3614 3674 3678 3058 3800 3582 3341 3741 3913 3368 3471 3841 3770 3599 3655 3842 3568 3635 3503 3459 4009 
4565 4297 4190 3883 3830 3951 4648 4062 4240 4089 4307 4098 4143 4269 3802 4451 3927 3867 4188 4260 4487 4175 4184 4150 4221 4418 4611 4087 4072 4215 4200 4498 
4230 3800 3930 3603 3449 3648 4108 4037 3958 3791 4025 3741 3881 4073 3547 4073 3873 3661 3868 3939 3847 3811 3906 4075 3913 4076 4110 3831 3876 4142 4009 4125 
3877 3948 3843 3382 3738 3395 4127 3652 3739 3837 3464 3634 4017 3695 3426 3845 3584 3567 3809 4099 3934 3659 3765 3694 3858 3823 4083 3751 3438 3756 3823 3800 
4223 3826 3783 3448 3437 3655 3997 3685 3970 3795 3814 3816 3817 3923 3316 4025 3654 3407 3780 3862 3823 3703 3904 3601 3817 4093 3931 3819 3848 4051 4004 4056 
3912 3622 3754 3338 3305 3408 3890 3789 3754 3747 3622 3918 3982 3962 3495 4035 3773 3438 3529 4093 3746 3746 4009 3769 3779 3560 3969 3864 3781 3697 3803 4117 
3727 3867 3706 3452 3548 3558 3816 3762 3845 3850 3535 3760 3824 3958 3546 3884 3851 3484 3911 4033 3880 3878 4020 3574 3941 3638 3825 3828 3448 3692 3692 4158 
4390 4165 3961 3927 3773 4041 4179 4231 4072 4123 4187 4233 4284 4349 3558 4139 3828 3548 4052 4298 4115 4202 4161 3968 4369 4128 4476 4079 4081 4290 4135 4349 
4024 3906 3670 3566 3563 3460 4078 3754 3943 3795 3829 3628 3849 4047 3434 3954 3703 3526 3948 4060 3891 3988 3902 3863 4138 4030 4117 3872 3808 3829 3707 3980 
4289 3847 3955 3570 3563 3662 4273 3963 4074 3882 3758 3795 4197 3956 3700 4231 3853 3639 3867 3875 3936 3868 3778 4064 4035 3971 4095 3957 3764 3754 3889 4043 
4202 3884 3717 3430 3656 3725 4009 3888 4051 3885 3851 3693 4101 4327 3249 4173 3560 3459 3746 4215 3798 3699 3968 3617 4105 4034 4098 3720 3750 3878 4027 4127 
4283 3950 4114 3624 3620 3703 4361 3891 4007 4006 4069 3934 4189 4352 3630 4170 3999 3709 3990 4049 4061 3911 3936 4129 4103 3969 4325 3941 4033 3989 3793 4310 
4490 4251 4364 3807 3913 4206 4655 4349 4526 4282 4202 4112 4494 4534 4005 4590 4104 3997 4522 4494 4182 4271 4424 4326 4423 4250 4475 4325 4080 4405 4328 4561 
