2219 2037 1932 1612 1618 1682 1972 1891 1745 1730 2044 2022 2060 2197 1680 2084 1768 1549 1941 1961 1735 1833 1871 1947 2003 1839 1928 2065 1879 1855 2094 1947 
2158 1811 1759 1729 1517 1718 1933 1825 1754 1829 1991 2043 1990 1974 1907 1969 1682 1752 2039 2057 1962 1863 2008 2003 2088 1705 2045 1950 1998 1889 1974 2133 
2143 1981 1915 1652 1787 1697 2021 1837 1834 1896 2049 1902 2021 1996 1747 1945 1645 1549 2103 2166 1701 1981 2004 2036 2001 1750 2084 2097 1908 1943 2085 1885 
2166 2134 2007 1649 1825 1774 2038 1899 1873 1927 1972 2106 2018 1960 1798 1952 1859 1788 2021 2150 2024 2012 1943 2046 2200 1983 2246 2000 1974 2053 1976 1979 
2368 2138 2134 1918 2024 2019 2180 2219 2247 2233 2238 2305 2429 2345 2297 2303 1940 1875 2276 2293 2095 2228 2271 2384 2417 2015 2434 2322 2252 2121 2226 2227 
2299 2289 2081 1772 1829 2045 1934 2139 1845 1873 2144 2090 2052 2192 1886 2129 1676 1747 2127 2251 2076 2132 2035 2033 2172 1983 2430 2053 1977 2097 2128 2183 
2176 1955 1991 1525 1712 1603 1725 1798 1734 1973 1756 1876 1814 1913 1685 1902 1516 1402 1832 2063 1858 1973 2054 2024 1972 1760 1990 1929 1876 1825 1984 1828 
2252 2194 2020 1849 1823 2006 2062 2066 2030 1997 2151 2143 2125 2164 1927 2224 1787 1704 2180 2302 2073 1950 2059 2181 2095 2136 2187 2273 2072 1894 2378 2060 
2276 1977 2094 1885 1749 1791 2011 1913 2053 2076 2086 2212 2111 2212 1888 2212 1830 1834 2143 2221 1996 2067 2085 2109 2292 1919 2325 2164 1961 1984 1966 2160 
2073 2043 1889 1841 1827 1735 2022 1933 1795 1812 2081 1923 2102 2126 1719 2113 1784 1670 1888 2107 2093 2049 1918 1942 2125 1903 2189 1921 1902 2040 2106 2128 
1975 1995 1921 1680 1798 1767 1740 1788 1792 1878 1932 1850 1902 1974 1747 2066 1756 1610 1984 2094 1910 1833 1878 2094 1932 1851 2224 1851 1811 1905 2094 2066 
1916 1649 1699 1474 1648 1610 1706 1723 1577 1714 1918 1887 1694 1997 1635 1824 1540 1610 1919 1745 1661 1914 1760 1898 1994 1488 2105 1757 1711 1991 1704 1935 
2144 2129 2114 1840 1843 1837 1970 2032 1820 2075 1978 2201 2139 2028 1799 2127 1702 1781 1917 2119 1919 2042 1946 2104 2089 2021 2255 2115 2111 1943 2067 2103 
1859 1777 1760 1619 1739 1616 1815 1859 1736 1958 1916 1672 1904 1841 1583 1937 1602 1555 1912 1790 1884 1919 1900 1824 1986 1672 2053 1952 1741 1732 1860 1850 
2222 2039 1974 1767 1810 1659 1992 1919 1919 2097 2118 1986 2108 2176 1901 1986 1803 1895 2034 2300 2139 2120 2192 2188 2179 1842 2270 2077 2013 1942 1972 2095 
1958 1801 1817 1649 1751 1896 1753 2024 1774 1837 2049 2049 1945 2039 1830 1915 1766 1653 2114 1958 1964 1855 1969 1905 2183 1819 2102 1888 1928 1966 1849 1957 
1934 1872 1776 1552 1595 1642 1653 1584 1703 1840 1754 1726 1903 2041 1661 1872 1577 1278 1896 1899 1820 1861 1890 1678 1894 1670 2068 1856 1758 1811 1921 1745 
2320 2206 2168 1905 2028 1900 2035 2014 2002 2187 2146 2122 2227 2277 1811 2229 1857 1773 2190 2203 2000 2134 2306 2239 2402 2058 2357 2172 2040 2081 2169 2141 
2184 2022 1937 1682 1852 1769 1758 2016 1615 1854 2069 1823 1932 2030 1718 2040 1671 1668 1900 2089 1789 1955 2118 1915 1933 1765 2178 1991 1957 1923 1973 1936 
1959 1787 1833 1437 1738 1490 1797 1614 1627 1871 1774 1768 1901 1887 1556 2034 1616 1570 1923 2089 1556 1742 1923 2091 1938 1648 1987 1774 1790 1758 1788 1931 
2351 2150 2143 1890 1944 1835 2101 2101 1945 2026 2260 2225 2085 2146 1936 2265 1952 1803 2066 2224 2182 2190 2202 2220 2200 2032 2417 2186 2035 2068 2171 2243 
2079 1912 1893 1664 1671 1624 1851 1844 1752 1762 1892 1799 1824 1991 1686 2005 1599 1728 1899 1963 1881 1856 1807 2065 1925 1900 2109 1724 1899 1937 1980 1921 
2032 1933 1945 1705 1886 1656 1838 1766 1785 1866 1861 1968 2053 2027 1748 1972 1655 1691 1979 2105 2044 1931 1948 1878 2100 1885 2211 1908 1739 1808 2100 1840 
2200 1949 1835 1567 1692 1687 1799 1790 1688 1779 1958 2016 1832 2007 1638 2017 1685 1702 1929 2028 1878 1956 1805 1763 2004 1989 2021 1914 1844 1981 2005 1958 
2012 1966 1936 1647 1681 1716 1839 1855 1763 1917 1976 1988 2019 2204 1889 2014 1810 1683 2039 2187 1990 1993 2061 2045 2038 1773 2164 1989 1764 1790 2059 2101 
2022 2043 1750 1598 1882 1717 1619 1856 1752 1964 1866 1937 1889 2064 1828 1892 1770 1661 2090 2063 1994 1989 2026 1843 2149 1828 1972 1894 1586 1787 1918 2086 
2255 2187 1793 1849 1938 1900 1931 2011 1780 1970 2117 2260 2126 2305 1915 2066 1709 1706 2081 2091 1993 2146 1998 2142 2358 1917 2250 2021 2046 2208 2106 2244 
2139 2036 2008 1774 1923 1643 1951 1731 1813 1975 2084 2013 1941 2252 1815 2157 1860 1750 2256 2253 1986 2182 1967 2202 2241 1854 2247 2089 1936 2085 2032 2052 
2253 1939 1951 1751 1845 1811 1976 1872 1924 1904 1916 1967 2163 2007 1862 2147 1783 1749 1999 2060 1951 1947 1952 2090 2203 1883 2107 2058 1953 1857 2168 1952 
2287 2084 1926 1774 1970 1918 1954 1902 1936 1923 2152 1980 2163 2320 1686 2224 1842 1789 1962 2308 1941 1915 2067 2084 2295 2013 2251 2057 2007 2113 2249 2204 
2348 2174 2223 1939 1847 1819 2290 2069 2070 2054 2253 2164 2319 2376 2004 2204 2043 1807 2197 2273 2118 2293 2150 2336 2334 1974 2380 2180 2148 2163 2214 2353 
2240 2065 2059 1814 1922 1904 2139 2011 2034 2161 2153 2158 2205 2283 2007 2283 1890 1907 2232 2299 1976 2197 2156 2216 2349 1928 2181 2132 2037 2096 2166 2235 
