5490 5116 4775 4680 4516 4887 5387 5059 4993 4896 5042 4879 5475 5256 4535 5147 4742 4571 4866 5094 4946 4814 4953 4864 4932 5177 5034 4981 4922 5289 4951 5256 
5227 4631 4384 4737 4246 4770 5334 4896 4877 4798 4798 4962 5216 5240 4759 4945 4678 4524 4993 5087 5081 4941 4902 5003 4879 4809 5005 5112 4988 5055 4667 5194 
5622 5017 4863 4767 4886 5076 5677 5266 5312 5205 5425 5221 5722 5681 5021 5282 4729 4707 5165 5407 5269 5336 5280 5231 5204 5173 5503 5485 5235 5644 5089 5119 
5701 5307 5062 4953 4894 5075 5688 5411 5250 5572 5484 5419 5751 5544 4903 5183 5180 4830 5136 5624 5512 5440 5120 5367 5374 5501 5741 5504 5334 5674 5079 5346 
5811 5425 5074 5323 5120 5518 5822 5469 5715 5608 5462 5610 6004 5805 5307 5665 5134 4648 5296 5710 5629 5516 5470 5597 5752 5562 5788 5656 5364 5604 5135 5726 
5936 5698 5287 5123 4778 5535 5667 5436 5388 5456 5429 5446 5697 5657 5282 5239 5082 4989 5294 5629 5753 5580 5307 5366 5415 5690 5806 5546 5262 5904 5368 5779 
5505 4806 4860 4568 4456 4917 5092 4919 4988 5088 4892 5045 5082 5155 4584 5169 4569 4394 4729 5057 5152 4979 4979 5074 5089 4937 5072 5189 5038 5017 4915 5062 
5425 5180 4514 4987 4642 5140 5498 4989 5179 5344 5326 4928 5467 5244 4672 5151 4834 4718 5041 5424 5331 5151 5064 5201 5159 5414 5103 5537 4940 5343 5325 5285 
5490 4953 4926 4900 4535 5210 5511 5214 5199 5426 5224 5186 5428 5744 4810 5426 4891 4868 5177 5544 5228 5208 5047 5097 5253 5234 5483 5174 4920 5286 4686 5325 
5400 5253 4931 5011 4807 4963 5622 5401 5184 5154 5405 5068 5736 5476 5058 5637 5079 4845 4942 5497 5543 5379 5156 5367 5381 5510 5496 5372 5018 5628 4920 5408 
5234 5022 4796 4770 4650 4926 5320 5036 5060 5050 5045 4870 5314 5161 4920 5157 5132 4477 5030 5373 5146 5103 5047 4982 5004 5113 5308 5243 4720 5381 4964 5221 
5628 4878 4886 4718 4838 4945 5542 5320 5172 5300 5359 5180 5397 5748 4972 5188 4960 4756 5012 5114 5276 5343 4975 5343 5420 5092 5597 5079 5022 5630 4792 5415 
6109 5881 5454 5269 5254 5375 6037 5688 5568 5597 5660 5563 5948 5679 5277 5836 5345 5134 5224 5743 5818 5492 5464 5642 5745 5776 5897 5912 5501 5821 5383 5796 
5125 4891 4887 4770 4934 4857 5510 5263 5161 5378 5192 4783 5424 5147 4753 5034 4731 4739 5071 5271 5498 5230 4920 5046 5210 5203 5264 5164 4967 5423 4973 5234 
5790 5155 4925 4625 4780 4822 5527 5213 5257 5448 5182 5186 5487 5277 4993 5284 4970 4779 5141 5640 5564 5196 5324 5335 5317 5112 5587 5409 5068 5472 5005 5324 
5699 5017 4982 4893 5126 5323 5604 5359 5208 5231 5341 5380 5598 5596 5018 5352 5225 4837 5396 5309 5437 5338 5197 4996 5469 5185 5415 5350 5209 5581 4887 5502 
5602 5402 5028 4792 4798 5289 5610 5180 5160 5240 5243 5130 5478 5410 5023 5312 5034 4566 4949 5360 5298 5470 5140 5248 5235 5256 5532 5286 5013 5603 5373 5200 
5691 5323 5050 4744 4901 5056 5682 5300 5272 5465 5374 5310 5547 5339 4632 5465 4847 4747 5295 5400 5229 5364 5275 5262 5580 5369 5546 5470 5103 5532 5321 5291 
5637 5346 4926 4892 5085 5318 5666 5454 5307 5396 5320 5032 5768 5540 4870 5311 4871 4904 5095 5503 5517 5258 5382 5309 5422 5544 5477 5316 5221 5543 5086 5288 
5219 4780 4595 4461 4572 4582 5296 4955 4716 5098 4964 5155 5162 5013 4367 4942 4830 4614 4885 5300 4839 4839 4926 5097 4916 4955 4967 4926 4947 5010 4701 5083 
5765 5429 5158 5127 4937 5175 5787 5296 5227 5188 5525 5292 5416 5574 4992 5516 5018 4889 5284 5557 5801 5387 5170 5257 5318 5592 5673 5292 5166 5542 5285 5568 
5634 5057 4900 4905 4737 5025 5442 5412 5150 5064 5437 5199 5156 5426 4899 5175 5105 4743 5027 5214 5209 5202 4964 5330 5103 5228 5197 5152 4955 5679 5095 5372 
5218 5097 4717 4478 4809 4679 5330 4832 4820 5135 4776 4909 5263 5109 4681 4942 4787 4619 4880 5242 5161 5028 4768 4872 4972 4870 5169 5018 4640 5208 4832 4897 
5550 4863 4577 4660 4497 5028 5171 4823 4959 5002 5034 5117 5008 5206 4510 5067 4851 4507 4832 5084 5153 5029 4878 4642 4957 5199 4971 5045 4845 5418 5030 5150 
5303 4872 4698 4661 4434 4814 5213 5208 4858 4927 4877 5388 5376 5403 4878 5221 4998 4580 4674 5426 5118 5211 5022 5118 5035 4853 5206 5302 5050 5169 4961 5175 
5361 5111 4793 4872 4789 4881 5327 5122 5024 5369 5032 5165 5369 5438 4977 5077 5258 4772 5147 5504 5458 5322 5229 4912 5302 4969 5127 5171 4803 5332 5029 5478 
5739 5471 4919 5271 5125 5419 5645 5678 5313 5449 5602 5755 5647 5724 4932 5292 5087 4705 5312 5737 5541 5774 5223 5319 5709 5497 5807 5475 5221 5852 5334 5647 
5370 5070 4685 4770 4700 4709 5463 5061 5042 5229 5259 4984 5187 5425 4703 5093 4897 4588 5021 5279 5367 5421 4931 5196 5399 5271 5431 5252 4934 5295 4749 5218 
5852 5059 4916 4903 4806 5051 5769 5344 5314 5258 5149 5223 5694 5403 5095 5535 5144 4900 5003 5216 5488 5315 4979 5415 5391 5299 5357 5288 4999 5255 5056 5395 
5495 4964 4576 4755 4846 4956 5361 5152 5121 5235 5162 4998 5500 5555 4469 5219 4762 4581 4947 5478 5152 5049 5036 4829 5411 5230 5250 5034 4825 5332 5037 5246 
5863 5273 5067 4996 4903 5077 5628 5286 5134 5308 5524 5405 5589 5831 4931 5479 5212 4906 5243 5354 5470 5450 5008 5385 5414 5200 5697 5428 5364 5553 4957 5612 
5880 5492 5346 5114 5233 5551 6130 5761 5775 5679 5625 5486 6038 6039 5363 5824 5362 5207 5662 5746 5683 5646 5483 5628 5727 5698 5756 5775 5385 6018 5517 5733 
