2827 2609 2535 2138 2056 2379 2668 2505 2571 2461 2713 2625 2625 2973 2185 2755 2293 2293 2674 2651 2415 2467 2491 2586 2599 2479 2591 2680 2525 2497 2685 2726 
2700 2353 2382 2199 1989 2405 2633 2400 2543 2549 2582 2632 2550 2698 2393 2623 2230 2342 2745 2751 2674 2437 2653 2695 2606 2331 2719 2602 2676 2527 2584 2840 
2747 2540 2543 2117 2349 2318 2721 2470 2545 2606 2653 2541 2551 2707 2277 2552 2238 2203 2770 2768 2366 2535 2656 2777 2531 2430 2742 2769 2571 2530 2747 2594 
2890 2812 2672 2276 2445 2473 2830 2577 2732 2758 2695 2871 2665 2826 2375 2647 2479 2495 2693 2891 2691 2678 2657 2862 2874 2717 3019 2770 2708 2736 2694 2810 
3029 2764 2713 2522 2651 2721 2835 2719 3117 2953 2776 2955 2966 3027 2833 2864 2463 2381 2966 3024 2750 2807 2960 3046 2948 2633 3120 2990 2806 2660 2802 3077 
2846 2888 2642 2257 2293 2706 2604 2676 2583 2558 2731 2724 2575 2812 2474 2683 2208 2374 2778 2858 2768 2653 2666 2695 2717 2639 3079 2651 2674 2711 2759 2942 
2849 2659 2741 2128 2265 2425 2621 2444 2671 2847 2577 2752 2442 2725 2336 2773 2294 2275 2621 2909 2683 2667 2831 2839 2728 2564 2755 2822 2714 2639 2785 2655 
2796 2705 2510 2388 2245 2670 2651 2514 2786 2626 2740 2760 2587 2801 2405 2821 2268 2302 2797 2990 2651 2499 2674 2730 2659 2685 2755 2961 2604 2464 2952 2793 
2690 2507 2645 2306 2136 2375 2609 2499 2739 2722 2603 2698 2637 2887 2263 2724 2256 2428 2781 2907 2653 2589 2619 2679 2772 2422 2824 2654 2470 2514 2458 2795 
2646 2635 2507 2375 2365 2438 2730 2616 2656 2568 2768 2565 2608 2889 2320 2812 2399 2348 2572 2823 2800 2665 2555 2701 2750 2607 2905 2700 2576 2681 2752 2862 
2525 2655 2650 2217 2339 2550 2429 2425 2574 2572 2615 2462 2440 2709 2269 2759 2491 2227 2702 2895 2656 2404 2564 2813 2545 2502 2927 2552 2391 2523 2675 2817 
2583 2259 2370 1956 2229 2285 2467 2399 2384 2517 2606 2519 2222 2789 2170 2512 2143 2302 2632 2471 2391 2451 2351 2619 2663 2208 2807 2391 2272 2631 2344 2671 
2807 2842 2768 2393 2411 2549 2781 2662 2645 2775 2716 2855 2661 2746 2311 2932 2339 2440 2749 2801 2621 2581 2696 2837 2768 2689 2951 2754 2693 2535 2800 2883 
2362 2284 2347 2122 2233 2239 2535 2391 2506 2702 2552 2307 2408 2455 2019 2536 2126 2132 2633 2484 2570 2460 2405 2446 2505 2239 2662 2664 2349 2384 2545 2578 
2843 2682 2679 2277 2518 2339 2716 2544 2689 2876 2703 2683 2685 2794 2399 2603 2381 2395 2745 3018 2799 2678 2879 2888 2719 2437 2916 2738 2581 2620 2579 2828 
2652 2403 2407 2176 2357 2590 2510 2574 2541 2534 2679 2781 2530 2730 2398 2582 2426 2345 2839 2596 2669 2436 2610 2656 2838 2484 2749 2606 2579 2625 2484 2743 
2637 2682 2520 2143 2170 2450 2482 2264 2510 2534 2544 2520 2556 2725 2389 2679 2316 2082 2587 2583 2521 2530 2698 2532 2644 2363 2872 2655 2531 2489 2667 2572 
2949 2813 2838 2396 2503 2587 2769 2636 2781 2890 2833 2794 2755 2861 2265 2868 2493 2435 2868 2841 2563 2725 3015 2786 2991 2685 2943 2896 2693 2727 2854 2839 
2802 2827 2663 2281 2408 2607 2589 2728 2541 2712 2878 2565 2656 2835 2416 2824 2457 2484 2769 2911 2706 2660 2939 2808 2702 2506 2912 2769 2742 2641 2717 2800 
2522 2315 2415 2009 2159 2222 2469 2195 2376 2552 2499 2486 2494 2549 2068 2683 2261 2224 2698 2787 2296 2425 2635 2792 2487 2310 2584 2498 2587 2419 2447 2675 
2979 2850 2834 2489 2473 2580 2922 2677 2797 2833 3005 2998 2651 2965 2563 3053 2572 2611 2892 3024 3035 2861 2892 2997 2878 2832 3165 2862 2774 2756 2931 3125 
2756 2501 2573 2241 2175 2348 2577 2467 2524 2489 2680 2536 2435 2712 2263 2780 2398 2476 2613 2652 2611 2496 2527 2861 2620 2580 2804 2520 2666 2600 2711 2675 
2582 2581 2604 2143 2417 2306 2603 2365 2486 2596 2452 2569 2603 2687 2254 2614 2244 2383 2643 2784 2779 2402 2480 2546 2714 2501 2928 2527 2285 2424 2725 2564 
2825 2525 2424 2102 2182 2366 2543 2357 2524 2499 2653 2673 2418 2701 2123 2680 2287 2271 2666 2629 2538 2472 2510 2504 2599 2652 2681 2601 2606 2606 2702 2698 
2527 2372 2454 2074 2022 2209 2399 2300 2379 2439 2532 2624 2455 2679 2234 2568 2355 2196 2578 2702 2504 2412 2591 2563 2460 2239 2657 2541 2406 2299 2604 2739 
2458 2614 2322 2152 2331 2396 2298 2392 2482 2649 2444 2554 2422 2688 2292 2557 2371 2240 2786 2805 2669 2642 2712 2479 2615 2417 2579 2614 2266 2364 2539 2759 
2843 2787 2518 2400 2502 2593 2617 2651 2492 2753 2778 2940 2697 3021 2284 2709 2315 2353 2797 2930 2710 2739 2615 2738 2913 2532 2882 2692 2674 2865 2763 3018 
2830 2715 2626 2405 2444 2400 2683 2396 2704 2767 2811 2724 2590 3008 2401 2837 2481 2480 2966 3014 2707 2888 2721 2925 2952 2587 2941 2847 2685 2677 2698 2860 
2833 2489 2555 2251 2358 2464 2705 2502 2662 2591 2532 2660 2746 2750 2438 2840 2456 2468 2617 2689 2652 2508 2561 2895 2836 2562 2792 2793 2678 2486 2763 2645 
2859 2693 2502 2249 2477 2561 2588 2491 2703 2627 2737 2534 2676 3007 2154 2774 2365 2396 2621 3028 2612 2484 2671 2648 2879 2682 2780 2658 2542 2608 2830 2877 
2886 2776 2782 2463 2318 2458 3019 2595 2729 2699 2904 2820 2833 3059 2590 2900 2670 2525 2857 2899 2762 2891 2726 3055 2933 2664 3047 2771 2840 2793 2789 3031 
2940 2765 2853 2368 2468 2772 3001 2726 2966 2975 2958 2885 2854 3114 2706 3142 2591 2737 3133 3073 2846 2856 2881 3033 3108 2719 2967 2847 2766 2911 2904 3094 
