1473 1358 1229 1035 1194 1214 1224 1268 1208 1108 1324 1494 1251 1528 1165 1409 1254 1057 1322 1193 1153 1123 1184 1363 1407 1270 1250 1416 1246 1163 1426 1363 
1253 1011 1111 1045 1077 1183 1164 1185 1143 1097 1168 1431 1207 1321 1189 1300 1092 1148 1300 1201 1164 1018 1162 1282 1358 1113 1217 1144 1272 1114 1158 1408 
1212 1158 1235 998 1231 1090 1140 1065 1095 1104 1208 1288 1177 1257 1058 1192 1032 883 1225 1168 946 1058 1106 1287 1318 1030 1198 1226 1193 1104 1271 1180 
1379 1332 1228 1104 1396 1314 1162 1201 1183 1151 1239 1514 1307 1355 1189 1219 1293 1154 1285 1292 1255 1218 1201 1311 1546 1344 1410 1262 1349 1333 1211 1368 
1605 1369 1402 1301 1470 1457 1393 1509 1440 1549 1506 1631 1487 1611 1572 1552 1347 1192 1533 1361 1308 1403 1524 1740 1720 1349 1642 1577 1560 1406 1436 1556 
1523 1458 1385 1208 1420 1529 1252 1471 1220 1259 1496 1485 1263 1504 1307 1525 1203 1211 1431 1512 1324 1392 1344 1413 1620 1361 1639 1421 1353 1431 1383 1481 
1271 1125 1252 942 1193 1031 925 1057 1063 1185 996 1242 1023 1134 993 1170 953 857 1080 1130 1022 1197 1187 1306 1299 1105 1143 1183 1185 1043 1205 1170 
1510 1465 1407 1256 1448 1371 1339 1368 1406 1323 1415 1573 1390 1649 1234 1622 1308 1144 1540 1459 1328 1172 1315 1521 1542 1559 1462 1621 1434 1361 1627 1468 
1496 1237 1339 1292 1263 1332 1187 1308 1298 1345 1387 1601 1255 1512 1252 1491 1256 1290 1439 1339 1261 1296 1292 1447 1620 1321 1527 1371 1348 1277 1366 1540 
1292 1242 1155 1143 1348 1187 1225 1232 1097 1111 1343 1324 1254 1517 1050 1414 1324 1096 1218 1250 1317 1204 1169 1278 1456 1253 1447 1191 1185 1394 1291 1448 
1348 1245 1240 1185 1395 1251 1041 1143 1126 1227 1350 1285 1195 1355 1138 1462 1201 1060 1302 1246 1181 1181 1222 1440 1382 1298 1426 1257 1262 1322 1411 1435 
1295 1055 1153 1058 1285 1267 1083 1245 1063 1176 1322 1400 1141 1469 1191 1294 1166 1146 1288 1132 1152 1265 1154 1395 1468 1015 1465 1164 1198 1338 1134 1419 
1487 1379 1488 1266 1377 1342 1270 1357 1287 1423 1330 1668 1406 1443 1242 1535 1189 1184 1341 1368 1258 1321 1360 1579 1557 1368 1555 1465 1578 1312 1417 1569 
1147 1085 1100 1049 1250 1140 984 1202 1070 1185 1223 1136 1179 1259 967 1299 1143 980 1254 1012 1150 1089 1177 1169 1319 1058 1304 1265 1076 1055 1117 1284 
1269 1138 1228 1048 1317 1102 1110 1140 1277 1294 1231 1359 1200 1424 1190 1229 1141 1227 1265 1324 1284 1155 1291 1382 1449 1176 1365 1254 1267 1134 1160 1290 
1293 1215 1237 1169 1347 1349 1159 1350 1203 1263 1435 1517 1243 1436 1244 1329 1252 1164 1460 1187 1302 1222 1308 1366 1594 1208 1441 1325 1291 1338 1220 1414 
1154 1158 1080 1006 1175 1131 916 967 1106 1151 1093 1179 1148 1307 1021 1259 1052 833 1168 1158 1179 1099 1111 1076 1251 1135 1298 1202 1118 1104 1230 1100 
1550 1404 1420 1317 1603 1366 1163 1321 1384 1468 1363 1583 1400 1563 1258 1441 1308 1185 1472 1302 1338 1375 1498 1590 1791 1401 1570 1410 1415 1338 1387 1505 
1450 1336 1282 1092 1354 1252 1069 1213 1078 1240 1353 1268 1224 1361 1081 1419 1113 1117 1274 1304 1122 1211 1371 1384 1392 1130 1432 1343 1265 1196 1267 1336 
1366 1220 1269 1066 1320 1142 1175 1109 1088 1335 1254 1332 1312 1326 1107 1447 1184 1142 1360 1358 1087 1162 1323 1539 1376 1167 1446 1221 1301 1179 1256 1380 
1549 1362 1470 1280 1418 1265 1311 1346 1281 1239 1523 1584 1337 1542 1207 1603 1343 1136 1401 1350 1350 1336 1396 1471 1510 1356 1607 1470 1343 1370 1402 1571 
1281 1167 1235 1064 1223 1120 1110 1128 1071 1127 1149 1240 1022 1272 1080 1324 1090 1077 1223 1143 1151 1117 1064 1355 1316 1245 1294 1065 1263 1191 1233 1285 
1281 1201 1258 1141 1387 1208 1080 1149 1221 1313 1190 1391 1230 1326 1198 1310 1121 1078 1317 1348 1320 1207 1218 1345 1508 1266 1454 1241 1177 1057 1266 1282 
1608 1426 1377 1119 1334 1251 1214 1245 1194 1220 1415 1530 1250 1544 1182 1528 1325 1202 1362 1432 1290 1371 1270 1375 1527 1374 1470 1361 1328 1440 1396 1577 
1390 1247 1277 1040 1263 1239 1167 1233 1213 1322 1420 1446 1319 1516 1280 1468 1226 1142 1460 1344 1260 1233 1299 1401 1511 1223 1456 1387 1226 1250 1340 1376 
1384 1301 1056 1105 1409 1237 919 1137 1129 1295 1315 1367 1197 1385 1197 1215 1195 1116 1346 1196 1255 1209 1307 1310 1567 1205 1292 1247 1037 1190 1216 1391 
1566 1522 1257 1210 1497 1441 1286 1415 1228 1341 1408 1701 1383 1692 1316 1501 1272 1202 1450 1348 1311 1355 1344 1599 1725 1371 1554 1347 1463 1531 1537 1664 
1342 1332 1366 1197 1379 1212 1247 1099 1208 1320 1372 1530 1245 1563 1176 1399 1385 1046 1482 1422 1345 1312 1195 1512 1620 1274 1479 1376 1360 1319 1264 1345 
1517 1246 1362 1241 1389 1373 1308 1323 1357 1336 1339 1513 1416 1468 1326 1496 1313 1174 1422 1353 1355 1290 1331 1502 1661 1321 1484 1491 1425 1271 1470 1429 
1533 1368 1287 1277 1472 1437 1301 1268 1359 1269 1443 1437 1382 1599 1154 1601 1239 1171 1387 1484 1313 1238 1467 1478 1661 1404 1559 1382 1392 1394 1580 1600 
1414 1283 1328 1181 1318 1171 1366 1178 1270 1257 1403 1462 1353 1508 1200 1340 1302 1145 1289 1278 1234 1289 1212 1508 1521 1259 1438 1353 1362 1329 1353 1472 
1457 1249 1287 1259 1412 1359 1299 1279 1365 1431 1461 1597 1401 1639 1337 1464 1332 1257 1490 1413 1300 1322 1352 1547 1699 1224 1491 1415 1402 1446 1352 1544 
