4612 4495 4306 4050 3957 4240 4698 4454 4425 4239 4374 4320 4739 4670 3926 4494 4158 3972 4439 4535 4232 4221 4401 4267 4288 4608 4500 4416 4263 4612 4411 4515 
4438 4040 4101 4206 3657 4171 4707 4362 4381 4203 4199 4416 4569 4647 4155 4358 4123 3931 4408 4557 4389 4308 4381 4457 4302 4307 4449 4482 4454 4440 4156 4592 
4648 4302 4399 4030 4214 4238 4815 4606 4611 4535 4596 4433 4908 4819 4243 4507 4106 4015 4626 4686 4381 4520 4631 4589 4337 4510 4829 4675 4563 4858 4525 4392 
4883 4623 4607 4409 4289 4412 4981 4792 4679 4746 4706 4789 4933 4871 4235 4428 4535 4245 4586 4895 4865 4664 4522 4736 4641 4896 5208 4916 4685 5019 4523 4711 
4991 4771 4647 4656 4540 4758 5101 4806 5160 4978 4713 5005 5239 5214 4785 4950 4560 4045 4817 5135 4927 4825 4882 4999 4977 4818 5211 5005 4832 4870 4613 5110 
5000 4936 4724 4403 4161 4750 4850 4726 4711 4662 4661 4714 4853 4953 4580 4564 4337 4289 4671 4955 4906 4715 4579 4662 4622 4997 5201 4820 4628 5104 4627 5043 
4682 4175 4464 3986 3949 4192 4530 4379 4419 4518 4239 4445 4510 4617 3981 4505 4000 3814 4223 4510 4530 4258 4488 4545 4484 4485 4527 4575 4436 4478 4381 4399 
4634 4559 4160 4448 4048 4477 4876 4502 4731 4699 4663 4499 4727 4634 4108 4561 4299 4144 4499 4921 4701 4494 4476 4659 4421 4803 4629 4842 4445 4660 4751 4741 
4784 4418 4616 4420 4085 4573 4970 4672 4776 4805 4625 4702 4832 5168 4264 4802 4385 4366 4780 4990 4656 4557 4546 4612 4681 4789 5003 4597 4409 4775 4256 4733 
4544 4489 4387 4363 4157 4191 4938 4734 4594 4378 4567 4437 4904 4804 4303 4838 4391 4219 4364 4753 4838 4516 4434 4622 4558 4884 4901 4705 4437 4911 4299 4814 
4334 4349 4290 4122 4031 4197 4562 4446 4410 4312 4339 4242 4478 4584 4104 4441 4446 3834 4495 4643 4384 4284 4379 4356 4231 4472 4675 4555 4066 4660 4261 4627 
4869 4260 4425 4079 4281 4306 4823 4773 4565 4625 4629 4542 4605 5057 4271 4554 4346 4184 4505 4486 4569 4645 4409 4748 4764 4549 5006 4519 4435 4992 4242 4787 
4906 5007 4864 4484 4424 4433 5100 4930 4755 4726 4717 4817 4967 4834 4326 4870 4561 4271 4478 4925 4821 4522 4651 4914 4728 5035 5001 4972 4787 4875 4564 4890 
4307 4181 4359 4128 4309 4187 4764 4618 4515 4734 4521 4094 4680 4563 3989 4371 4128 4050 4533 4533 4838 4440 4309 4423 4489 4597 4664 4568 4350 4740 4311 4594 
4863 4435 4410 4016 4175 4087 4759 4484 4527 4770 4515 4481 4803 4659 4253 4522 4285 4106 4540 4954 4804 4373 4607 4692 4533 4446 4928 4698 4479 4624 4269 4618 
4765 4418 4522 4280 4526 4603 4933 4810 4651 4603 4678 4752 4897 4955 4386 4684 4573 4205 4847 4643 4817 4597 4593 4469 4752 4642 4870 4708 4620 4882 4335 4808 
4820 4712 4563 4218 4209 4634 4898 4525 4548 4587 4542 4469 4861 4820 4368 4708 4503 3966 4442 4662 4656 4715 4616 4619 4545 4712 4974 4707 4499 4938 4754 4624 
4890 4649 4632 4244 4260 4400 5006 4620 4689 4776 4650 4618 4906 4734 3944 4779 4204 4114 4656 4643 4593 4607 4720 4584 4876 4830 4909 4831 4610 4889 4674 4676 
4726 4662 4460 4231 4410 4562 4860 4770 4652 4669 4568 4311 4929 4840 4113 4615 4233 4220 4577 4816 4631 4477 4766 4657 4627 4857 4794 4598 4658 4835 4490 4661 
4436 4125 4217 3896 4047 3943 4620 4356 4181 4512 4383 4488 4510 4469 3743 4359 4258 4023 4391 4747 4128 4185 4357 4490 4322 4367 4548 4316 4303 4400 4153 4551 
5153 4940 4855 4710 4556 4700 5388 4871 4861 4777 5005 4879 4933 5083 4540 5007 4627 4464 4909 5092 5350 4915 4751 4868 4867 5171 5249 4857 4737 5112 4896 5122 
4813 4372 4424 4217 4177 4293 4750 4715 4540 4478 4671 4467 4522 4830 4190 4458 4464 4134 4552 4507 4528 4392 4423 4664 4465 4789 4626 4542 4398 5010 4551 4696 
4393 4423 4314 3923 4265 3974 4645 4175 4202 4425 4013 4289 4604 4417 3978 4238 4168 4051 4282 4565 4546 4280 4238 4238 4343 4396 4649 4362 4017 4531 4250 4234 
4751 4302 4255 4074 4002 4270 4607 4243 4434 4434 4379 4499 4442 4616 3964 4446 4263 3950 4344 4511 4512 4259 4381 4153 4336 4732 4413 4413 4376 4833 4529 4547 
4582 4264 4387 4153 3929 4108 4648 4637 4271 4421 4281 4786 4795 4816 4217 4608 4457 4056 4174 4899 4502 4575 4530 4539 4404 4351 4707 4662 4486 4589 4496 4649 
4391 4401 4203 4191 4205 4205 4599 4472 4386 4612 4283 4545 4577 4791 4264 4358 4579 4150 4580 4790 4705 4555 4550 4262 4573 4427 4527 4533 4167 4646 4359 4737 
4893 4717 4463 4647 4447 4688 4844 4975 4630 4712 4794 4979 4949 5078 4206 4578 4464 4062 4696 4960 4800 4927 4666 4598 4961 4828 5109 4795 4630 5107 4670 4980 
4674 4470 4273 4257 4180 4074 4878 4509 4528 4577 4595 4417 4557 4854 4166 4478 4374 4093 4587 4713 4735 4742 4458 4624 4736 4833 4872 4701 4484 4774 4303 4630 
4789 4257 4295 4159 4128 4183 4926 4568 4515 4518 4312 4412 4829 4600 4232 4656 4414 4158 4394 4466 4575 4487 4268 4686 4553 4624 4616 4531 4280 4448 4351 4564 
4661 4335 4185 4180 4231 4319 4681 4579 4577 4610 4552 4422 4791 4987 3876 4626 4166 4011 4371 4852 4526 4341 4479 4266 4655 4669 4717 4362 4304 4675 4503 4652 
4880 4539 4670 4291 4244 4295 4968 4631 4570 4668 4707 4738 4871 5124 4249 4668 4558 4204 4637 4683 4761 4687 4383 4767 4691 4665 5003 4696 4713 4855 4369 4829 
5149 4968 5078 4669 4700 4952 5491 5202 5270 5143 5042 4967 5409 5503 4816 5183 4868 4629 5239 5302 5028 5131 5035 5154 5106 5118 5236 5217 4875 5443 5048 5204 
