715 722 512 511 676 737 642 619 594 519 674 678 610 731 633 586 633 503 672 613 639 615 593 619 811 757 648 675 513 617 720 673 
610 546 539 560 577 723 612 700 620 625 665 671 619 744 691 592 573 542 757 634 685 527 621 564 769 614 703 605 624 606 639 753 
635 641 618 517 728 730 556 617 624 540 701 617 681 656 647 607 597 429 736 583 565 598 638 636 796 629 665 571 597 652 698 662 
776 793 619 530 785 828 667 670 695 640 706 816 726 761 777 623 681 577 814 761 727 726 731 673 945 794 790 691 637 773 738 783 
781 708 581 724 775 903 689 824 765 772 769 811 777 821 899 601 679 491 859 617 658 691 795 746 978 706 827 830 644 759 742 824 
853 905 729 692 856 979 776 879 740 785 838 862 764 886 856 759 727 708 924 849 769 805 783 788 1027 873 961 805 714 882 778 926 
544 581 500 428 545 532 432 472 438 503 406 527 519 545 479 440 437 317 513 481 449 542 495 508 627 549 571 494 477 483 525 563 
686 748 534 571 756 804 697 669 643 591 715 690 665 811 678 753 616 497 820 743 705 595 662 652 852 904 725 759 536 740 828 746 
656 641 571 674 650 756 619 646 671 763 658 729 642 748 657 608 590 568 772 696 643 665 679 625 957 733 833 670 605 678 642 780 
638 623 507 548 721 772 636 684 519 522 709 594 608 769 641 731 680 529 767 639 650 585 602 615 750 744 808 593 445 751 717 826 
571 593 448 471 616 687 507 519 472 487 559 511 484 596 540 610 495 382 649 554 502 541 548 502 677 660 633 522 452 612 659 632 
610 512 509 565 676 745 549 661 590 550 626 663 580 759 651 546 607 497 735 609 575 610 604 649 761 490 773 544 551 652 527 740 
615 635 639 623 614 699 578 644 579 664 595 685 623 649 651 599 595 437 679 561 619 623 577 615 762 651 741 649 629 558 637 757 
651 676 493 623 702 798 578 718 619 625 704 692 622 723 638 661 654 457 774 576 645 658 648 630 817 658 706 715 545 616 684 774 
601 576 463 484 623 683 553 669 680 622 606 733 664 746 714 500 596 557 704 662 677 599 636 596 789 618 653 624 569 600 556 691 
724 687 614 681 797 893 711 793 732 689 812 835 706 834 814 707 705 560 932 702 774 720 763 758 984 717 857 691 675 812 773 842 
652 668 566 567 752 747 568 573 634 687 630 688 716 771 652 728 659 441 802 710 738 691 668 556 851 769 799 721 568 675 723 686 
791 777 689 722 842 838 617 740 751 750 736 776 766 841 774 722 660 474 805 683 686 718 840 809 973 783 904 737 653 734 795 838 
660 612 450 483 616 651 429 528 467 491 536 433 518 552 506 515 494 433 545 492 447 517 599 472 609 532 633 551 436 476 566 613 
639 588 518 473 633 642 538 545 526 586 518 572 630 626 527 622 612 485 641 643 550 608 597 570 701 642 705 570 507 505 606 699 
773 647 602 595 739 731 648 622 625 599 679 703 619 764 709 686 650 465 774 597 663 676 685 659 820 761 794 663 591 724 697 826 
646 678 599 520 679 697 573 599 484 509 612 628 490 680 590 641 546 457 686 560 633 619 569 586 722 695 709 520 558 642 691 698 
624 637 552 608 709 717 602 619 618 662 572 697 686 739 703 653 603 508 696 699 696 600 603 612 830 767 809 579 530 573 686 751 
737 728 633 490 734 744 576 570 585 594 663 679 657 816 609 643 654 549 765 739 676 680 662 549 875 757 770 656 579 800 686 855 
769 794 668 637 777 835 772 826 791 770 801 898 817 969 862 730 721 577 884 836 828 712 765 748 1000 828 854 797 691 787 814 860 
873 849 579 703 896 918 585 775 724 755 856 811 777 855 779 733 710 643 869 794 776 687 873 720 1008 818 890 735 586 780 777 886 
755 871 579 686 852 880 591 746 666 691 767 802 726 862 677 661 571 506 804 753 665 708 767 714 960 763 858 664 597 798 808 878 
664 645 626 507 706 742 653 574 610 627 618 743 593 795 611 695 637 462 772 713 688 694 627 656 829 745 782 648 598 720 660 726 
686 604 572 628 670 796 671 669 663 634 691 641 720 728 776 643 661 548 740 639 695 629 673 656 927 797 814 683 559 675 759 739 
866 744 596 704 863 934 721 654 733 655 812 685 751 883 684 814 708 565 871 752 712 689 815 642 987 871 891 776 605 761 928 892 
743 732 618 577 718 739 714 683 677 617 747 785 720 829 685 586 678 504 716 613 643 761 639 648 905 753 719 718 620 728 729 791 
695 642 586 600 697 815 703 724 731 730 772 821 742 844 774 637 669 528 856 713 687 725 722 670 993 715 811 761 631 802 699 780 
