3399 3270 3132 2724 2575 3076 3212 3051 3144 3073 3361 3147 3273 3466 2622 3341 2941 2776 3198 3249 3050 3052 3112 3107 3185 3187 3323 3254 3091 3119 3342 3302 
3346 3085 2959 2916 2564 3103 3407 3016 3253 3166 3264 3215 3240 3309 2980 3281 2978 2966 3339 3443 3344 3092 3282 3295 3294 3044 3467 3267 3268 3190 3222 3588 
3402 3140 3130 2628 2864 2954 3319 3134 3220 3193 3386 3080 3342 3243 2867 3178 2836 2740 3266 3364 3102 3129 3323 3306 3120 3097 3502 3300 3115 3169 3357 3252 
3572 3477 3335 2917 2917 3134 3501 3266 3447 3498 3422 3418 3397 3312 2913 3161 3226 3083 3278 3591 3448 3308 3255 3546 3451 3468 3850 3487 3225 3384 3335 3470 
3696 3510 3313 3208 3164 3413 3575 3345 3823 3636 3535 3596 3738 3638 3461 3609 3158 2908 3545 3727 3528 3384 3631 3670 3661 3304 3984 3616 3406 3320 3456 3780 
3662 3718 3390 3040 2900 3503 3482 3431 3429 3363 3609 3470 3451 3467 3221 3456 3122 3084 3438 3654 3604 3481 3377 3466 3464 3577 3981 3475 3342 3498 3532 3841 
3395 3117 3195 2634 2622 3009 3205 3002 3241 3378 3162 3198 2993 3268 2772 3309 2743 2718 3085 3355 3267 3094 3314 3316 3267 3070 3437 3300 3241 3127 3313 3279 
3489 3463 3115 3122 2754 3343 3390 3168 3459 3364 3444 3323 3197 3303 2978 3431 3010 2920 3357 3694 3398 3175 3287 3396 3251 3373 3515 3673 3214 3108 3571 3544 
3357 3177 3283 2935 2720 3189 3452 3179 3468 3515 3436 3210 3353 3558 2878 3421 2977 3059 3389 3578 3384 3195 3282 3303 3464 3229 3662 3260 3038 3182 3105 3484 
3306 3290 3150 3039 2858 3059 3519 3290 3387 3253 3500 3190 3388 3421 3027 3539 3109 2923 3149 3454 3538 3360 3156 3389 3424 3397 3651 3383 3128 3374 3321 3625 
2998 3171 3019 2712 2670 3053 3025 2888 3089 3034 3228 2917 2990 3075 2730 3236 3033 2609 3137 3419 3193 2917 3048 3243 3093 3002 3472 3099 2761 3100 3116 3314 
3340 3063 3050 2659 2803 3009 3271 3119 3198 3288 3436 3186 2973 3401 2872 3190 2955 2915 3167 3153 3226 3074 3042 3288 3409 2973 3689 3092 2947 3314 3043 3471 
3560 3624 3465 3034 2949 3193 3482 3378 3379 3538 3518 3497 3334 3288 2934 3576 3060 3044 3244 3474 3446 3201 3413 3595 3473 3412 3733 3434 3392 3195 3460 3644 
3136 3018 3107 2765 2904 3021 3313 3113 3233 3414 3367 2856 3226 3099 2645 3283 2907 2816 3224 3196 3421 3154 3103 3116 3270 3101 3511 3326 2998 3133 3194 3326 
3509 3454 3285 2872 2973 2997 3438 3192 3448 3620 3386 3286 3426 3320 3044 3287 3085 2930 3281 3678 3531 3216 3515 3589 3351 3178 3721 3346 3174 3256 3222 3463 
3274 3089 3059 2748 2948 3251 3171 3181 3162 3205 3403 3320 3292 3325 2938 3225 3123 2939 3397 3218 3397 3019 3216 3225 3469 3144 3486 3230 3073 3245 3043 3511 
3420 3418 3234 2804 2777 3285 3281 2958 3274 3220 3395 3124 3279 3362 3033 3409 3098 2702 3219 3268 3340 3240 3390 3232 3317 3213 3632 3278 3222 3306 3489 3365 
3636 3527 3437 2883 3033 3241 3460 3271 3406 3459 3568 3371 3484 3487 2813 3549 3162 2943 3364 3469 3217 3352 3655 3437 3688 3342 3693 3544 3296 3367 3505 3527 
3409 3456 3248 2877 2957 3378 3307 3317 3303 3364 3593 3073 3381 3413 2923 3365 3129 3027 3282 3491 3444 3162 3510 3361 3346 3292 3664 3359 3271 3365 3354 3446 
3170 3014 3104 2660 2727 2914 3128 2796 2970 3234 3197 3063 3037 3076 2556 3184 2942 2795 3300 3364 2913 2930 3196 3311 3074 2992 3321 3069 3056 3005 3058 3359 
3807 3590 3514 3140 3013 3411 3813 3387 3571 3524 3839 3599 3394 3619 3232 3790 3395 3239 3515 3707 3883 3584 3473 3631 3654 3701 4020 3529 3423 3534 3649 3894 
3575 3304 3309 2895 2698 3126 3336 3198 3200 3235 3502 3169 3157 3268 2861 3419 3128 3039 3266 3346 3411 3190 3172 3516 3298 3364 3544 3176 3213 3395 3480 3461 
3224 3272 3231 2672 2965 2884 3278 2905 3061 3221 3073 3114 3204 3104 2829 3157 2934 2939 3164 3472 3420 3031 3040 3126 3284 3083 3544 3171 2766 3083 3209 3208 
3498 3205 3047 2721 2675 3051 3154 2905 3203 3124 3285 3194 3074 3142 2657 3240 2867 2782 3163 3244 3261 3007 3139 3073 3135 3383 3321 3091 3148 3326 3383 3349 
3226 3079 3130 2684 2602 2873 3096 2970 2988 3148 3184 3243 3191 3233 2851 3274 3022 2826 3037 3408 3271 3089 3264 3264 3102 2896 3393 3264 3049 3057 3241 3514 
3090 3346 3002 2759 2942 2971 3056 3063 3074 3316 3121 3199 3077 3217 2905 3146 3129 2842 3303 3430 3405 3241 3326 3061 3297 2964 3265 3219 2743 2990 3121 3456 
3591 3594 3181 3146 2995 3393 3344 3401 3285 3497 3627 3606 3471 3599 2888 3390 3082 2872 3505 3652 3506 3460 3334 3397 3671 3421 3801 3436 3320 3594 3512 3703 
3374 3278 3089 2924 2814 2969 3246 2958 3269 3293 3400 3128 3137 3399 2850 3362 3000 2907 3380 3507 3387 3424 3224 3346 3496 3289 3516 3266 3119 3206 3235 3406 
3597 3302 3268 2950 2920 3135 3502 3219 3360 3358 3259 3260 3532 3320 3102 3475 3248 3083 3203 3401 3369 3202 3159 3545 3522 3298 3559 3470 3211 3162 3424 3449 
3437 3266 3021 2696 2857 3157 3112 3066 3211 3209 3349 2983 3258 3502 2589 3280 2901 2790 3068 3541 3172 3003 3180 3063 3445 3237 3453 3139 3012 3086 3403 3414 
3553 3432 3496 3028 2939 3160 3649 3223 3309 3430 3514 3398 3481 3646 3118 3509 3304 3162 3399 3514 3452 3403 3361 3684 3457 3310 3809 3343 3367 3381 3374 3707 
3618 3519 3479 2955 2985 3485 3606 3403 3571 3601 3646 3465 3576 3680 3232 3805 3297 3262 3759 3767 3551 3516 3531 3622 3703 3424 3755 3538 3264 3539 3540 3758 
