4584 4948 5247 4737 4966 5184 4594 4729 4807 4668 4817 4979 4362 5129 4837 4797 4553 4618 4796 4681 4593 4567 5067 4992 4820 4884 4471 4834 5306 4698 4857 4733 
4561 4629 4920 4499 4651 5102 4318 4446 4285 4228 4507 4617 4587 4734 4675 4627 4378 4425 4280 4713 4146 4160 4949 4588 4448 4434 4397 4864 4960 4293 4379 4478 
4788 4894 5029 4827 4992 5365 4580 4710 4780 4747 4678 5018 4476 5226 4951 4719 4638 4438 4779 4890 4532 4484 4983 4663 4884 4799 4656 4999 5221 4595 4827 4915 
4589 4684 5066 4680 4715 5309 4525 4978 4837 4621 4553 4668 4561 4927 4687 4568 4312 4251 4480 4798 4367 4373 4814 4472 4635 4913 4363 4740 4909 4464 4630 4345 
4877 5095 5254 4661 5161 5341 4608 4887 4818 4682 4746 4933 4767 5176 4888 4640 4560 4496 4627 5027 4334 4380 5052 4856 4839 5062 4789 5028 5011 4742 5128 5040 
4656 4503 4766 4641 4619 4827 4241 4709 4449 4145 4450 4745 4257 4881 4632 4187 4356 4135 4356 4476 4188 4339 4767 4326 4707 4545 4462 4703 4628 4441 4467 4258 
4370 4591 4642 4565 4609 5032 4344 4632 4805 4107 4436 4643 4498 4951 4724 4320 4612 4233 4406 4542 4122 4301 4652 4451 4431 4414 4314 4780 4576 4171 4743 4372 
4902 4597 5179 4592 5070 5363 4886 5004 4838 4707 4897 4833 4811 5165 5006 5006 4994 4635 4817 5195 4530 4856 5086 4940 5050 4984 4465 5273 5245 4717 4947 4481 
4436 4678 4902 4521 4540 5424 4407 4676 4897 4572 4595 4687 4622 4838 4865 4518 4613 4458 4217 4824 4228 4229 4784 4470 4573 4601 4577 5005 5009 4557 4677 4407 
4468 4522 4574 4684 4466 4988 4408 4378 4593 4348 4320 4398 4344 4751 4574 4262 4433 4023 4278 4668 4100 4184 4805 4578 4713 4427 4295 4981 4803 4234 4457 4085 
4916 4632 4916 4645 5016 5392 4585 4611 4890 4619 4651 5053 4369 5089 4838 4596 4868 4331 4581 4976 4347 4401 5102 4854 4769 4866 4771 5029 4994 4450 4849 4617 
4669 4667 5132 4876 4959 5239 4542 4589 4805 4620 4474 4883 4534 5050 4805 4586 4545 4426 4504 4810 4455 4440 5104 4554 4696 4365 4402 5206 5152 4458 4874 4277 
4601 4731 4847 4592 4724 5070 4326 4859 4758 4139 4379 4756 4079 4912 4859 4406 4617 4308 4125 4708 4306 4430 4765 4485 4554 4444 4378 4859 4780 4178 4562 4314 
4134 4451 4699 4262 4426 4842 4424 4192 4306 4229 4335 4312 4331 4589 4465 4172 4270 3996 4081 4425 3918 3995 4539 4195 4621 4323 4174 4567 4450 4091 4577 4208 
4196 4349 4813 4332 4523 4930 4378 4395 4328 4404 4491 4435 4237 4648 4398 4371 4258 4224 4120 4559 4210 4323 4652 4404 4527 4463 4033 4877 4614 4407 4331 4268 
4482 4268 4558 4228 4454 5019 4162 4442 4302 4158 4404 4690 4109 4673 4445 4331 4407 4156 4312 4480 4105 4143 4515 4388 4293 4369 4150 4536 4790 4084 4269 4375 
4448 4656 4827 4494 4730 5221 4675 4882 4452 4382 4572 4703 4616 4926 4690 4421 4316 4188 4380 4688 4466 4119 4984 4622 4776 4337 4483 4815 4954 4268 4461 4460 
4657 4390 4907 4501 4606 4907 4324 4615 4571 4458 4301 4363 4355 4720 4521 4356 4586 4214 4264 4627 4203 4116 4678 4484 4620 4469 4433 4816 4796 4213 4473 4308 
4198 4552 4861 4284 4641 4856 4232 4486 4467 4102 4344 4355 4211 4718 4226 4274 4344 4248 4192 4602 4138 4107 4778 4337 4618 4452 4449 4739 4571 4278 4468 3984 
4725 4791 5143 4677 4729 5450 4619 5022 4876 4476 4733 4681 4395 5049 4883 4692 4914 4603 4229 5039 4399 4631 5120 4595 4850 4667 4531 4973 5108 4439 4728 4448 
4775 4452 5020 4647 4986 5277 4610 4587 4503 4544 4489 4815 4557 5047 4617 4797 4452 4428 4509 4630 4205 4317 4947 4843 4702 4402 4585 5043 4914 4627 4660 4689 
4647 4886 4930 4596 5058 5251 4361 4844 4707 4562 4815 4958 4498 5074 4560 4736 4746 4480 4526 4903 4428 4423 5050 4812 4863 4852 4524 5036 4984 4576 4679 4397 
4495 4642 4972 4475 4759 5496 4588 4822 4610 4649 4830 4776 4687 5014 4680 4787 4549 4820 4757 4961 4229 4404 4803 4701 4688 4673 4540 5085 5052 4460 4732 4636 
4605 4624 4711 4569 4652 5195 4404 4593 4672 4369 4413 4539 4380 4883 4487 4466 4429 4423 4370 4431 4288 4264 4924 4551 4583 4327 4431 4679 4694 4056 4715 4325 
4195 4484 4731 4342 4507 4977 4472 4447 4434 4392 4269 4209 4235 4575 4442 4275 4229 4038 4020 4488 4220 3954 4475 4495 4421 4425 4241 4700 4726 4180 4388 4311 
4492 4472 4820 4259 4454 4692 4275 4524 4541 4472 4291 4364 4199 4626 4482 4256 4519 4179 4281 4375 4129 4080 4562 4484 4585 4332 4362 4441 4708 4371 4549 4194 
4479 4766 4932 4667 4927 5447 4234 4884 4642 4393 4568 4688 4448 4986 4669 4795 4713 4419 4501 4779 4392 4510 4997 4635 4815 4778 4474 4814 4727 4549 4798 4411 
4920 4890 4949 4639 4949 5211 4541 4982 5025 4393 4495 4856 4573 5056 4932 4809 4809 4766 4676 5002 4502 4627 4931 4727 4844 4609 4576 4976 5232 4455 4867 4559 
4723 4961 5159 4902 5009 5506 4768 4763 4530 4441 4709 4750 4567 4999 4940 4623 4588 4430 4557 4861 4452 4408 5071 4809 4731 4473 4891 5098 5080 4443 4738 4677 
4870 4758 5007 4467 4898 5242 4533 4494 4660 4503 4721 4738 4477 4744 4862 4485 4711 4280 4510 4671 4532 4425 4856 4421 4563 4680 4515 4959 5012 4453 4440 4444 
4856 5257 5454 5133 5104 5686 4798 5163 5119 4838 5044 5168 4751 5439 5073 4894 5152 4756 4843 5262 4734 4743 5241 4843 5102 4946 5200 5195 5168 4847 4910 4928 
4641 4805 5014 4612 4941 5154 4443 4891 4476 4428 4560 4589 4411 5142 4572 4564 4548 4288 4454 4713 4365 4449 4846 4723 4715 4710 4471 4804 4806 4477 4818 4370 
