1970 2432 2499 2138 2117 2558 2129 2031 2302 1937 2173 2347 2123 2162 2462 2050 1956 1886 2083 2212 2026 2219 2406 2221 1996 2282 2059 2022 2663 2083 2384 1782 
1789 2054 2173 1911 2046 2281 1856 1842 1909 1729 1859 2057 2040 1857 2172 1891 1739 1790 1705 1996 1778 1818 2241 2096 1779 1950 1906 1806 2419 1797 2003 1682 
1912 2191 2215 2106 2206 2495 1838 2009 2111 1963 1967 2306 1887 2112 2442 1975 1847 1854 2042 2142 1911 2073 2177 2046 1913 2108 2036 1958 2561 1981 2274 1905 
1889 2201 2374 2134 2079 2520 2061 2146 2185 2021 1915 2188 2184 2048 2306 2003 1832 1744 1828 2137 1901 2034 2306 2023 2085 2249 1995 1989 2435 1942 2194 1686 
2057 2435 2540 2292 2314 2634 2114 2097 2348 2030 2209 2563 2334 2410 2602 2106 1959 2041 2116 2360 2010 2169 2534 2292 2016 2455 2356 2201 2592 2097 2469 2192 
1910 2319 2360 2324 2085 2335 1868 2114 2124 1763 2031 2288 1911 2056 2310 1747 1871 1765 1912 2039 1876 2175 2425 2139 2171 2065 2115 1862 2298 2028 2164 1749 
1623 2002 2007 1952 1960 2129 1728 1716 2004 1628 1735 2105 2003 1797 2173 1688 1721 1703 1815 1806 1713 1864 1956 2001 1656 1915 1917 1928 2072 1670 2073 1715 
1750 1959 2149 1888 2050 2308 1862 1879 2078 1929 1884 2129 2050 1872 2150 2001 1919 1802 1902 2120 1812 2235 2192 2093 1955 2038 1795 1981 2436 1838 2020 1734 
1666 1954 2051 1874 1774 2391 1816 1841 2078 1969 1943 2105 2134 1935 2239 2010 1823 1795 1598 1868 1730 1919 2117 1963 1762 2042 1899 1918 2333 1882 2121 1566 
1821 1984 1952 1995 1896 2366 1849 1931 2135 1855 1787 2051 2079 1906 2303 1851 1793 1664 1780 2055 1827 2015 2226 2098 1828 1962 1968 2031 2337 1959 2033 1612 
1931 2062 2101 1917 2204 2344 1872 2008 2200 1898 1941 2356 1974 2103 2338 1952 1905 1729 1806 2154 1806 1976 2380 2185 1897 2061 2090 1960 2441 1908 2210 1836 
1940 2405 2276 2287 2243 2599 2043 1987 2217 1942 2068 2405 2217 2093 2597 2067 1916 1889 1956 2242 2140 2104 2573 2147 2015 1995 2032 2290 2702 2031 2311 1735 
1808 2224 2107 2070 2139 2271 1801 2042 2017 1650 1940 2191 1916 2011 2343 1786 1920 1851 1781 2103 1770 2096 2149 2003 1905 2029 1918 1934 2339 1648 2162 1699 
1781 2065 2090 1839 2006 2134 1946 1887 2003 1833 1984 2086 2025 1897 2142 1724 1796 1746 1799 1928 1736 1932 1964 1986 1900 2002 1875 1724 2240 1680 2087 1682 
1531 2035 2088 1857 1805 2300 1869 1846 2053 1748 1869 1951 1936 1828 2090 1842 1651 1580 1713 1910 1713 1967 2101 2029 1822 1896 1750 1893 2138 1759 1907 1470 
1639 1864 1921 1800 1810 2160 1847 1679 1828 1580 1711 2070 1798 1713 2229 1857 1890 1718 1574 1851 1740 1889 2017 1840 1755 1844 1720 1760 2344 1751 1850 1646 
1757 2113 2188 2001 2071 2461 2083 2205 1885 1847 1957 2157 2111 1977 2300 1833 1853 1734 1863 2015 1922 1820 2337 2034 2029 1890 2078 1953 2362 1899 1957 1771 
1897 2054 2220 2017 2069 2271 1871 1961 2083 1917 1853 2053 2060 1880 2182 1805 1909 1797 1849 2019 1832 1911 2166 1963 1873 2069 1987 2066 2401 1936 2070 1645 
1696 2191 2263 1949 2076 2307 1910 1955 2028 1797 1885 2136 2100 2001 2163 1956 1885 1759 1732 1958 1856 1951 2416 2047 1954 2083 2022 2057 2330 1919 2144 1625 
1843 2028 2162 1971 1973 2455 2042 2128 2121 1780 1893 2141 1922 1975 2365 2018 1910 1810 1694 2028 1925 2061 2314 1983 1968 2078 1917 1925 2417 1892 1979 1691 
1838 2057 2166 2092 2133 2409 1934 1812 2063 1887 1902 2126 2127 2066 2305 1941 1785 1828 1933 2009 1842 1965 2257 2135 1826 1941 2114 2034 2355 2031 2166 1821 
1597 2073 2079 1833 1953 2212 1681 1760 1950 1824 1829 2069 1868 1868 1938 1890 1775 1751 1662 1905 1763 1878 2180 1962 1722 1907 1842 1968 2232 1773 1909 1523 
1800 2211 2190 1966 2128 2636 2139 2056 2131 1925 2118 2244 2160 2118 2311 1967 2017 2071 1863 2293 1772 2103 2234 2220 1965 2211 1988 2182 2575 1920 2283 1859 
1800 2176 2103 2105 2111 2484 1928 2048 2111 1888 1925 2160 2075 2099 2332 1944 1843 1916 1846 1921 1869 2036 2321 2089 1915 2009 1973 2018 2336 1927 2123 1710 
1620 2079 2242 1877 2036 2349 1946 1902 1972 1893 1827 2054 1947 1979 2099 1821 1740 1665 1639 1891 1818 1818 2137 1952 1897 2054 1987 1823 2258 1916 2005 1721 
1765 1993 2089 1878 1763 2230 1730 1887 2074 1903 1826 2037 1842 1788 2080 1654 1808 1743 1728 1798 1684 1916 1979 1949 1833 1840 1948 1750 2259 1888 2122 1586 
1902 2231 2204 2247 2380 2643 2005 2228 2284 1930 1925 2285 2037 2037 2348 2185 2087 1968 1985 2256 2066 2228 2371 2254 2017 2269 2144 2067 2467 2025 2291 1838 
2035 2259 2337 2128 2271 2482 2046 2146 2401 1991 2050 2334 2183 2039 2491 2184 2195 2087 2052 2261 1985 2233 2312 2355 2105 2063 2154 2182 2664 1946 2288 1905 
1860 2358 2286 2257 2164 2615 1978 2119 2020 1864 1933 2349 2152 2017 2398 1915 1900 1810 1882 2043 1959 1995 2419 2147 1943 2067 2130 2072 2483 2016 2267 1730 
1787 2145 2121 1856 1955 2354 1866 1754 2040 1786 1893 2079 1853 1893 2337 1881 1885 1764 1766 1892 1941 1921 2079 1924 1842 2075 1892 2004 2416 1776 1933 1511 
1955 2436 2393 2193 2307 2591 2023 2200 2339 1931 2165 2354 2008 2177 2393 2030 2115 1984 2122 2252 2008 2226 2330 2120 2086 2236 2330 2005 2423 2022 2193 1984 
1680 2107 2101 1908 2148 2250 1760 1925 1829 1673 1780 2006 1854 1930 2055 1690 1688 1550 1689 1811 1727 1812 2148 2005 1766 1940 1958 1781 2090 1734 2075 1511 
