2504 2957 3194 2738 2695 3159 2672 2651 2878 2496 2846 2777 2556 2848 2881 2653 2562 2459 2609 2711 2473 2826 2937 2747 2616 2815 2649 2628 3188 2574 2865 2354 
2580 2840 3081 2672 2731 3052 2628 2635 2593 2416 2704 2709 2717 2682 2864 2722 2546 2497 2425 2716 2385 2464 3015 2762 2574 2572 2649 2585 3130 2399 2726 2377 
2505 2918 3174 2809 2944 3220 2557 2746 2795 2717 2704 2927 2518 2900 3080 2737 2633 2530 2673 2863 2501 2768 2866 2591 2699 2741 2818 2730 3198 2561 2960 2544 
2506 2784 3210 2769 2698 3141 2641 2787 2795 2694 2604 2735 2680 2761 2868 2587 2554 2373 2436 2755 2450 2640 2813 2535 2698 2893 2656 2657 2971 2411 2788 2239 
2768 3105 3329 2927 3018 3247 2772 2736 3006 2686 2978 3057 2838 3080 3154 2701 2632 2663 2787 2974 2473 2770 3218 2842 2711 3103 3057 2919 3126 2677 3182 2890 
2429 2798 2975 2784 2544 2810 2453 2678 2564 2248 2596 2721 2350 2579 2779 2289 2450 2226 2425 2489 2271 2647 2964 2519 2671 2563 2684 2464 2793 2433 2637 2150 
2118 2547 2789 2598 2528 2766 2319 2359 2588 2115 2330 2605 2556 2441 2768 2287 2357 2262 2365 2430 2173 2442 2522 2418 2248 2459 2531 2525 2612 2092 2673 2170 
2511 2639 3061 2574 2756 3119 2627 2673 2813 2597 2696 2825 2703 2681 2831 2695 2730 2546 2654 2869 2412 2932 2947 2708 2660 2713 2568 2814 3136 2451 2704 2342 
2267 2642 2941 2528 2514 3050 2553 2552 2789 2634 2695 2673 2667 2666 2891 2594 2606 2502 2140 2586 2257 2639 2772 2452 2484 2627 2658 2723 3006 2477 2755 2199 
2442 2714 2743 2659 2527 2989 2546 2685 2774 2509 2527 2633 2619 2685 2903 2536 2540 2300 2450 2703 2345 2674 2874 2669 2542 2607 2722 2760 3019 2502 2590 2223 
2656 2706 2923 2517 2887 3015 2526 2606 2836 2572 2671 2947 2501 2819 2885 2543 2672 2453 2496 2871 2341 2655 2938 2778 2631 2794 2818 2781 3030 2474 2899 2435 
2623 2963 3215 3050 2935 3321 2786 2696 2967 2663 2831 3005 2810 2885 3188 2709 2645 2587 2626 2954 2714 2725 3224 2728 2683 2584 2688 3064 3320 2609 3019 2264 
2503 2930 3101 2799 2803 2978 2553 2770 2711 2375 2624 2864 2412 2792 3055 2451 2770 2636 2284 2774 2381 2825 2775 2610 2593 2615 2616 2719 2980 2319 2814 2284 
2394 2673 2841 2457 2611 2806 2686 2524 2628 2426 2697 2626 2618 2604 2767 2426 2488 2318 2414 2580 2187 2506 2621 2533 2632 2564 2532 2435 2850 2207 2736 2255 
2181 2630 2979 2474 2526 2979 2572 2469 2706 2454 2664 2541 2496 2565 2652 2551 2395 2279 2341 2593 2268 2672 2708 2533 2528 2542 2416 2626 2770 2350 2524 2081 
2351 2522 2824 2444 2500 2884 2486 2404 2526 2317 2510 2720 2350 2502 2772 2556 2645 2437 2305 2525 2287 2524 2647 2419 2412 2502 2405 2444 2952 2269 2451 2317 
2365 2746 3015 2682 2746 3137 2803 2886 2546 2472 2736 2736 2643 2813 2937 2476 2502 2429 2431 2619 2511 2487 2989 2606 2675 2437 2765 2683 2992 2432 2639 2373 
2487 2639 2962 2616 2684 2871 2523 2611 2651 2574 2547 2589 2617 2653 2714 2452 2619 2385 2469 2591 2354 2474 2764 2535 2587 2647 2679 2787 2946 2465 2654 2285 
2281 2870 3215 2628 2757 2962 2570 2618 2754 2473 2605 2709 2639 2802 2728 2612 2642 2453 2341 2689 2383 2653 3047 2575 2694 2732 2728 2806 2922 2503 2770 2188 
2591 2759 3115 2765 2762 3236 2798 2854 2903 2513 2753 2752 2474 2785 3023 2697 2782 2610 2346 2853 2482 2802 3010 2594 2746 2731 2693 2705 3117 2506 2680 2364 
2580 2736 3145 2820 2932 3160 2805 2616 2703 2583 2682 2771 2780 2872 2924 2774 2711 2628 2596 2733 2379 2731 3029 2732 2679 2599 2953 2949 3066 2728 2846 2491 
2355 2844 3028 2580 2726 2947 2434 2513 2526 2586 2632 2745 2491 2660 2628 2696 2631 2505 2334 2621 2373 2616 2881 2585 2523 2585 2663 2767 2899 2399 2594 2225 
2470 2799 3077 2686 2823 3357 2815 2696 2746 2656 2921 2807 2825 2989 2914 2748 2772 2835 2627 2991 2330 2776 2916 2750 2683 2805 2693 2864 3121 2508 2953 2451 
2423 2795 2872 2698 2782 3092 2527 2623 2766 2525 2628 2656 2556 2811 2894 2570 2536 2630 2447 2536 2382 2590 2974 2649 2553 2521 2597 2672 2933 2432 2773 2278 
2071 2555 2812 2380 2459 2869 2404 2387 2441 2428 2380 2448 2320 2461 2590 2278 2231 2127 2081 2371 2311 2224 2579 2418 2328 2503 2458 2356 2803 2242 2497 2097 
2491 2675 3002 2560 2564 2897 2469 2548 2760 2653 2603 2644 2420 2562 2660 2321 2603 2475 2373 2496 2267 2552 2705 2590 2610 2443 2709 2557 2859 2585 2787 2270 
2621 2916 3160 2985 3082 3427 2618 2995 2901 2563 2680 2780 2653 2802 2944 2982 2869 2657 2668 2978 2626 2914 3088 2835 2758 2922 2886 2754 3050 2554 3006 2463 
2700 2963 3158 2838 2923 3196 2701 2898 3049 2466 2797 2890 2833 2778 3082 2922 2921 2766 2685 2926 2506 2942 2982 2924 2880 2679 2918 2979 3288 2458 2957 2501 
2613 3167 3286 3073 2985 3485 2787 3000 2734 2631 2866 3007 2871 2917 3090 2777 2778 2607 2585 2847 2670 2753 3232 2855 2782 2706 3013 2944 3290 2662 3016 2518 
2545 2872 3038 2507 2754 3062 2608 2444 2704 2494 2734 2692 2494 2737 2934 2647 2717 2508 2494 2626 2577 2621 2824 2474 2591 2743 2654 2745 3100 2378 2677 2207 
2581 3160 3244 2960 2949 3294 2720 2890 3080 2628 3008 2953 2606 2947 3048 2763 2884 2636 2695 2925 2597 2853 2988 2704 2811 2818 3076 2750 3110 2621 2768 2643 
2497 2997 3085 2705 2957 3039 2460 2795 2679 2384 2682 2676 2597 2813 2760 2495 2549 2395 2483 2568 2478 2676 2823 2649 2630 2719 2850 2680 2883 2408 2871 2269 
