3178 3554 3930 3312 3558 3755 3363 3399 3325 3297 3430 3523 3256 3647 3446 3310 3093 3174 3384 3351 3183 3387 3388 3602 3471 3422 3250 3311 3802 3276 3628 3214 
3071 3305 3661 3150 3301 3541 3097 3142 2933 3023 3125 3363 3367 3262 3308 3247 2994 3030 2948 3204 2948 2888 3396 3254 3230 3111 3066 3140 3564 2959 3260 3061 
3154 3416 3714 3334 3559 3716 3211 3302 3218 3345 3154 3616 3105 3594 3528 3327 3083 3094 3354 3433 3165 3139 3339 3243 3425 3336 3308 3408 3709 3129 3580 3307 
3106 3254 3858 3270 3359 3720 3262 3523 3234 3367 3071 3366 3278 3432 3360 3200 2924 2954 3028 3344 3144 3122 3272 3153 3287 3555 3137 3306 3586 3052 3376 2934 
3561 3774 4027 3573 3962 3939 3511 3547 3519 3458 3531 3817 3620 3888 3680 3288 3185 3302 3468 3717 3262 3289 3695 3708 3604 3847 3647 3700 3799 3372 3931 3793 
3192 3432 3698 3466 3372 3399 3110 3477 3157 3113 3194 3537 3153 3461 3373 2982 3047 2940 3123 3153 3079 3183 3463 3287 3537 3346 3199 3237 3520 3089 3417 3034 
2795 3156 3441 3156 3295 3371 2959 3155 3107 2854 2869 3296 3338 3266 3288 2907 2885 2917 3002 3073 2898 2889 2994 3139 3064 3088 3051 3249 3246 2767 3413 3009 
3278 3285 3872 3204 3660 3769 3445 3493 3320 3484 3396 3556 3502 3570 3510 3433 3330 3283 3412 3630 3146 3530 3477 3572 3602 3487 3119 3710 3872 3266 3545 3244 
2842 3254 3496 3099 3211 3722 3172 3326 3239 3246 3178 3351 3389 3382 3359 3083 3075 3103 2848 3229 3036 3006 3216 3020 3185 3294 3217 3404 3527 3143 3444 2905 
3057 3328 3298 3226 3301 3538 3188 3192 3201 3168 3016 3240 3247 3423 3405 3047 3051 2915 3099 3316 2974 2990 3374 3378 3362 3183 3196 3533 3593 3111 3295 2932 
3270 3338 3538 3115 3643 3729 3283 3262 3362 3296 3236 3638 3183 3622 3444 3139 3214 3041 3156 3483 2998 3159 3471 3557 3428 3460 3435 3568 3589 3041 3593 3216 
3229 3484 3966 3690 3750 3918 3448 3372 3453 3465 3263 3745 3491 3688 3712 3349 3226 3280 3283 3574 3407 3212 3739 3474 3466 3210 3225 3772 3964 3231 3725 3090 
3093 3428 3634 3358 3394 3543 3125 3414 3277 2902 3082 3412 2924 3490 3484 2938 3215 3149 2827 3354 3005 3216 3228 3246 3248 3189 3111 3394 3488 2812 3464 2979 
2913 3254 3533 3073 3325 3500 3377 3223 3072 3136 3232 3265 3307 3382 3283 2997 3017 2943 3017 3211 2856 2955 3137 3151 3381 3238 3067 3256 3380 2905 3459 3023 
2892 3207 3740 3122 3333 3617 3364 3177 3150 3312 3302 3230 3193 3313 3235 3191 2949 2957 3011 3319 3013 3189 3219 3325 3334 3266 2955 3501 3400 3093 3212 2950 
2895 3048 3299 2959 3187 3478 3034 3070 2912 2931 3055 3375 2995 3187 3119 3004 3042 2991 2934 3071 2921 2944 3024 3072 3153 3099 2925 3096 3432 2813 3103 3022 
3094 3418 3668 3319 3540 3846 3579 3654 3134 3196 3357 3576 3498 3697 3511 3134 3132 3117 3193 3373 3289 2979 3563 3370 3633 3242 3363 3480 3663 3090 3480 3177 
3184 3195 3617 3231 3358 3356 3117 3278 3150 3196 3054 3252 3260 3345 3175 3018 3133 3017 3087 3243 3114 2877 3183 3267 3356 3304 3163 3400 3564 3024 3329 3029 
2996 3457 3906 3223 3538 3632 3320 3396 3335 3153 3172 3431 3299 3559 3198 3187 3170 3138 3021 3371 3195 3153 3560 3364 3485 3436 3324 3553 3524 3171 3535 2979 
3122 3304 3805 3310 3441 3742 3357 3519 3351 3210 3258 3460 3206 3524 3470 3264 3323 3275 2930 3399 3140 3273 3484 3230 3532 3330 3193 3363 3668 3100 3378 3166 
3346 3334 3901 3462 3787 3846 3560 3426 3213 3369 3332 3602 3565 3701 3519 3469 3244 3348 3389 3493 3126 3301 3583 3646 3623 3375 3557 3697 3797 3504 3604 3380 
3092 3472 3713 3193 3594 3585 3099 3337 3094 3334 3239 3540 3294 3540 3205 3295 3232 3174 3112 3394 3176 3159 3370 3486 3478 3373 3283 3470 3669 3088 3396 3105 
3111 3351 3760 3205 3531 3993 3535 3446 3224 3448 3536 3608 3550 3781 3410 3466 3221 3601 3467 3584 3055 3305 3429 3444 3432 3449 3306 3613 3686 3239 3666 3226 
3074 3354 3545 3293 3474 3657 3193 3347 3325 3089 3139 3349 3199 3519 3273 3102 3022 3242 3086 3118 3080 3007 3470 3366 3333 3183 3141 3291 3520 2924 3493 2980 
2904 3246 3546 3059 3340 3512 3214 3138 3048 3252 2983 3200 3034 3242 3186 2898 2853 2776 2749 3040 3076 2741 3099 3276 3226 3255 2976 3185 3454 2898 3291 2985 
3165 3235 3633 3112 3274 3384 3151 3217 3222 3343 3149 3263 3161 3300 3258 2879 3159 3086 3030 3138 2963 2920 3170 3324 3421 3124 3166 3196 3510 3158 3416 3003 
3224 3546 3786 3500 3825 4021 3254 3721 3349 3304 3322 3573 3434 3625 3363 3615 3334 3348 3363 3584 3339 3374 3576 3475 3574 3576 3419 3490 3582 3323 3789 3269 
3333 3564 3756 3390 3651 3758 3296 3626 3472 3126 3296 3607 3498 3488 3521 3433 3392 3382 3287 3589 3232 3340 3345 3512 3595 3378 3354 3646 3831 3124 3666 3212 
3275 3740 3923 3589 3769 4047 3545 3541 3204 3251 3405 3658 3518 3610 3608 3338 3292 3208 3307 3467 3351 3173 3771 3613 3594 3329 3551 3673 3841 3297 3705 3293 
3326 3524 3761 3169 3641 3737 3337 3175 3237 3318 3302 3511 3266 3475 3569 3288 3300 3136 3199 3407 3401 3190 3369 3316 3407 3511 3232 3529 3749 3093 3299 3217 
3223 3793 4026 3651 3756 4031 3526 3681 3609 3489 3649 3817 3388 3885 3620 3428 3531 3452 3488 3680 3359 3344 3523 3507 3760 3559 3714 3599 3717 3385 3637 3516 
3161 3577 3830 3377 3784 3716 3204 3489 3168 3158 3200 3468 3247 3645 3341 3184 3089 3128 3175 3251 3204 3203 3383 3457 3461 3392 3410 3475 3556 3097 3661 3124 
