602 940 913 730 664 896 681 768 853 669 692 909 781 755 751 609 592 669 750 869 602 729 885 706 687 835 713 607 904 620 767 626 
589 751 678 633 696 852 605 735 677 504 669 774 690 780 765 644 591 600 607 761 573 627 863 739 595 675 645 569 869 563 721 654 
457 686 619 564 637 774 452 614 572 572 622 698 591 631 633 544 468 585 590 673 524 569 590 582 520 681 620 538 817 524 688 542 
685 926 896 748 826 998 742 913 809 760 744 861 901 776 811 695 609 568 720 873 655 693 901 693 704 860 802 657 903 610 789 607 
669 734 779 672 732 865 552 701 723 633 641 830 767 731 764 568 508 595 675 730 605 577 779 672 597 795 792 542 855 583 706 607 
514 631 645 628 530 756 481 695 633 469 575 687 543 686 582 460 476 518 569 654 545 591 801 584 595 562 569 475 645 569 621 481 
521 650 537 580 684 687 469 562 679 447 532 653 617 619 608 475 535 515 545 654 457 484 573 644 515 649 568 616 643 418 616 461 
456 710 645 520 709 787 547 665 711 560 596 688 685 603 721 636 591 477 611 779 570 624 734 660 639 706 530 609 789 474 571 538 
533 640 628 594 637 816 561 713 640 572 685 690 773 662 743 614 507 515 556 691 553 478 733 662 560 686 558 691 819 556 681 525 
601 671 644 626 655 772 591 755 753 573 641 814 793 744 777 604 573 467 638 729 648 518 825 646 612 666 564 728 839 561 638 586 
691 725 668 620 771 867 710 757 840 615 757 906 779 752 832 663 645 584 666 881 642 609 841 784 706 782 674 665 969 616 772 635 
639 940 764 785 807 1053 693 828 823 721 810 913 890 875 906 658 604 614 736 953 702 666 943 743 738 713 730 784 981 676 814 709 
661 894 757 688 862 893 589 894 826 543 696 880 757 862 836 658 655 696 730 856 632 774 903 760 730 901 691 694 923 499 744 710 
697 837 711 632 849 901 704 796 845 676 671 882 714 798 755 603 659 662 675 786 592 630 822 754 772 837 741 603 810 563 761 580 
362 622 563 513 597 739 547 614 612 442 583 581 589 505 580 523 459 421 469 705 451 573 710 592 581 534 459 497 599 404 514 347 
452 521 552 438 527 585 509 525 547 489 470 670 570 453 626 501 474 414 447 609 494 496 585 572 488 536 479 415 733 475 494 457 
461 683 652 568 602 823 682 752 632 584 634 744 720 698 716 582 477 439 622 672 576 493 834 510 639 615 613 573 726 527 604 520 
580 732 718 612 663 731 548 747 775 639 559 741 733 669 741 508 555 567 612 704 502 528 696 557 565 737 602 621 772 464 627 547 
579 752 711 644 722 852 657 814 731 569 728 749 786 684 741 680 563 513 628 819 610 667 863 700 719 757 599 667 836 542 701 503 
630 770 796 664 756 947 725 902 787 658 673 815 757 810 843 729 672 609 677 786 706 780 888 752 766 825 720 640 940 663 741 599 
570 736 672 661 709 865 545 617 682 545 663 793 681 710 728 567 584 553 701 742 548 569 731 664 587 721 717 649 803 561 726 543 
528 713 598 558 615 775 513 577 708 522 586 700 637 665 628 571 540 548 555 724 561 549 709 722 512 639 541 611 753 495 671 543 
474 732 682 653 736 885 561 803 750 518 773 793 713 767 742 610 590 664 670 820 534 623 791 716 561 719 561 759 897 544 813 548 
616 830 680 655 792 937 639 819 700 604 656 791 725 818 772 650 554 605 663 749 636 626 904 721 653 711 708 574 804 569 737 626 
518 704 681 685 718 853 644 776 685 669 688 759 691 778 745 612 581 569 648 847 605 630 795 624 709 793 672 603 808 592 700 608 
495 572 622 507 522 672 510 704 649 530 520 618 522 581 579 454 473 537 467 556 472 511 619 560 518 562 574 463 657 538 659 480 
589 780 663 640 804 880 613 844 763 622 653 705 745 779 692 696 557 596 606 832 622 665 833 661 608 738 616 633 789 530 756 584 
644 840 767 659 841 903 638 822 928 658 684 895 737 737 760 681 769 699 725 872 629 690 830 776 671 786 695 735 877 573 797 647 
622 820 871 716 732 981 740 877 779 741 743 888 825 689 799 754 706 597 733 819 661 710 912 744 692 801 804 643 898 663 810 594 
517 607 579 441 584 738 526 601 639 552 529 649 629 536 693 539 550 476 550 595 513 478 634 609 505 605 548 556 773 460 557 480 
650 958 812 779 839 965 675 831 851 711 696 923 774 843 800 655 692 670 771 892 647 710 831 673 710 794 842 646 888 649 819 745 
514 694 617 630 679 727 549 698 670 451 575 661 655 625 577 554 482 490 506 693 468 530 724 579 511 619 547 588 603 442 628 447 
