5299 5602 5948 5498 5650 5808 5353 5427 5485 5464 5539 5806 5127 5809 5565 5492 5307 5175 5272 5413 5387 5275 5674 5658 5495 5643 5104 5486 5825 5532 5426 5487 
5438 5385 5655 5198 5365 5662 5069 5158 4992 4980 5194 5482 5344 5469 5406 5428 5190 5010 4791 5389 4912 4885 5713 5161 5215 5169 5080 5642 5514 5181 5067 5329 
5680 5690 5693 5542 5750 6000 5317 5456 5426 5526 5385 5878 5107 5972 5665 5517 5490 5154 5290 5630 5171 5293 5687 5276 5632 5548 5377 5713 5765 5420 5477 5718 
5194 5315 5738 5237 5337 5690 5078 5554 5447 5233 5087 5340 5139 5378 5355 5198 4905 4791 4957 5481 4954 4955 5322 4996 5269 5480 4963 5270 5258 5178 5048 4997 
5471 5705 5815 5197 5743 5848 5148 5494 5353 5294 5252 5613 5403 5718 5503 5254 5233 4961 5002 5697 4912 5015 5620 5384 5416 5684 5380 5610 5453 5483 5618 5633 
5511 5162 5431 5362 5334 5414 5072 5344 5140 4849 5140 5588 4938 5594 5381 4945 5142 4762 4929 5115 4931 5054 5471 4950 5449 5216 5138 5420 5160 5275 5158 5075 
5199 5355 5376 5307 5336 5672 5077 5326 5572 4859 5061 5459 5166 5647 5530 5096 5314 4913 5013 5348 4836 4989 5361 5073 5106 5118 5066 5496 5068 4882 5304 5248 
5656 5357 5856 5296 5755 6023 5629 5614 5495 5334 5587 5553 5450 5897 5772 5638 5765 5192 5286 5935 5231 5678 5738 5586 5708 5663 5182 5884 5761 5510 5555 5151 
5093 5267 5457 5112 5141 5869 5008 5255 5488 5282 5202 5397 5243 5409 5492 5200 5270 4975 4568 5492 4885 4838 5310 4999 5178 5175 5238 5546 5470 5216 5205 4971 
5195 5108 5074 5249 5056 5434 5115 4981 5162 5018 4864 5128 4987 5287 5110 4949 5108 4512 4695 5258 4731 4835 5269 4989 5352 4979 4833 5568 5194 4938 5086 4632 
5656 5209 5512 5292 5645 5880 5225 5214 5442 5232 5272 5788 4980 5606 5393 5234 5512 4889 5099 5629 4882 5054 5651 5358 5431 5430 5277 5605 5417 5162 5297 5240 
5290 5144 5654 5347 5448 5569 5088 5122 5351 5133 4978 5479 5087 5476 5348 5153 5127 4869 4914 5248 4959 5014 5585 4965 5263 4880 4884 5792 5529 5104 5345 4880 
5346 5472 5545 5199 5323 5574 4953 5484 5369 4818 4878 5481 4720 5571 5613 5117 5307 4834 4654 5390 4989 5099 5436 4994 5163 5092 5045 5524 5243 4970 5163 5007 
5153 5313 5645 5142 5291 5528 5317 4962 5164 5174 5257 5345 5309 5494 5356 5052 5322 4754 4766 5301 4838 4899 5349 5044 5492 5205 5026 5389 5105 5171 5338 5185 
4950 5016 5419 4895 5150 5395 5056 5001 4987 5023 5070 5148 4806 5240 5077 5070 4850 4822 4586 5166 4833 5035 5246 4895 5156 5033 4635 5446 5061 5136 4899 4981 
5232 4950 5187 4862 5045 5531 4800 5022 4972 4778 4942 5469 4665 5239 5142 5033 5067 4623 4905 5109 4749 4880 5160 4920 4887 4953 4809 5102 5248 4908 4882 4999 
5071 5282 5434 5087 5290 5653 5223 5465 4962 5034 5044 5361 5216 5458 5330 4993 4893 4701 4750 5338 5004 4683 5489 5044 5345 4874 5053 5363 5396 4946 4899 5027 
5474 5131 5640 5152 5341 5446 4979 5265 5283 5171 4886 5226 5024 5367 5217 5099 5244 4862 4862 5323 4874 4836 5320 5044 5357 5110 5097 5518 5268 5015 5026 5108 
4861 5200 5470 4829 5278 5340 4833 5100 5066 4749 4833 5057 4843 5292 4916 4922 5003 4760 4573 5312 4766 4792 5387 4860 5221 4973 5179 5238 5019 5006 5006 4623 
5484 5442 5772 5265 5315 5993 5306 5624 5393 5137 5318 5387 5075 5676 5556 5316 5544 5232 4723 5682 5017 5246 5726 5046 5419 5343 5025 5615 5581 5236 5282 5155 
5506 5122 5715 5314 5642 5785 5298 5173 5160 5223 5138 5575 5194 5714 5272 5465 5263 4878 4944 5236 4885 5000 5552 5482 5324 5028 5251 5651 5407 5420 5328 5378 
5477 5574 5536 5339 5786 5759 5101 5507 5388 5255 5534 5780 5093 5712 5199 5439 5459 5085 4983 5512 5047 5097 5658 5341 5627 5444 5197 5692 5513 5288 5237 5161 
5276 5318 5687 5129 5496 5979 5319 5459 5227 5379 5493 5579 5310 5641 5327 5503 5262 5370 5280 5563 4960 5044 5454 5256 5363 5380 5137 5704 5504 5298 5354 5400 
5383 5365 5486 5315 5360 5773 5168 5148 5363 5094 5057 5324 5067 5566 5209 5076 5178 4980 4951 5090 5012 4965 5586 5207 5293 5021 5031 5266 5204 4885 5297 5100 
4972 5203 5488 4987 5200 5468 5107 5042 5129 5067 4805 4967 4803 5186 5196 4977 4942 4571 4563 5154 4895 4680 5223 5096 5022 5069 4920 5242 5224 4991 4940 5048 
5121 5004 5308 4796 5011 5125 4840 5012 5034 5001 4813 4968 4714 5132 5000 4773 5062 4578 4632 4895 4643 4615 5101 4890 5094 4785 4871 4919 5128 4977 5000 4740 
5290 5551 5666 5383 5647 6048 4981 5590 5425 5125 5236 5572 5189 5712 5474 5570 5535 5024 5070 5540 5159 5292 5630 5295 5536 5447 5321 5538 5227 5429 5506 5210 
5560 5429 5634 5219 5551 5685 5161 5596 5566 4991 5069 5485 5194 5523 5623 5396 5487 5284 5050 5679 5119 5251 5535 5256 5380 5259 5076 5551 5730 5208 5348 5184 
5460 5688 5749 5506 5634 5985 5492 5369 5195 5202 5335 5469 5246 5613 5613 5327 5224 4974 5039 5538 5188 5116 5597 5358 5393 5086 5570 5625 5501 5161 5298 5307 
5649 5367 5622 5172 5524 5852 5282 5082 5333 5164 5350 5598 5152 5427 5573 5224 5501 4894 4991 5353 5342 5056 5463 5005 5265 5414 5185 5666 5523 5197 5072 5137 
5569 5924 6239 5797 5804 6198 5466 5819 5789 5476 5590 5967 5285 5904 5833 5630 5761 5328 5463 5979 5420 5460 5901 5369 5774 5605 5790 5806 5591 5697 5459 5628 
5324 5492 5766 5221 5637 5658 5021 5536 5142 5104 5050 5462 5120 5744 5310 5254 5294 4903 4955 5400 4983 5124 5466 5294 5369 5347 5124 5522 5245 5293 5341 5128 
