3828 4130 4499 4113 4165 4522 3905 3951 3952 3937 4110 4173 3786 4299 4008 3951 3767 3754 4103 4086 3795 3920 4090 4266 4102 4058 3764 4066 4403 3765 4135 3913 
3748 3842 4269 3936 3856 4391 3593 3732 3586 3701 3759 3964 3922 3976 3908 3972 3620 3647 3603 3994 3529 3463 4100 3949 3885 3695 3609 3989 4189 3465 3750 3808 
3882 4066 4339 4126 4162 4502 3819 3905 3907 4012 3814 4278 3742 4425 4131 3946 3706 3652 4048 4100 3850 3829 4081 3946 4082 3969 3884 4145 4364 3623 4116 4122 
3910 3950 4451 4157 4043 4692 3913 4354 3998 4028 3877 4100 3956 4301 4006 3897 3586 3572 3862 4180 3816 3856 4039 3862 4004 4255 3693 4110 4168 3678 3999 3720 
4096 4285 4567 4116 4382 4598 3921 4095 3982 3967 4035 4260 4134 4440 4197 3849 3671 3710 3918 4335 3702 3767 4157 4157 4043 4309 4077 4229 4177 3827 4366 4303 
3937 3901 4219 4218 3934 4214 3689 4066 3774 3624 3821 4207 3692 4135 3979 3589 3700 3480 3777 3821 3674 3767 4111 3843 4090 3966 3780 3995 3975 3608 3894 3595 
3639 3838 4080 4033 3875 4322 3691 3946 4029 3525 3687 4087 3900 4158 3978 3656 3761 3517 3780 3901 3576 3666 3862 3899 3722 3732 3685 4066 3854 3314 4057 3748 
4052 3928 4598 4069 4306 4672 4229 4251 4080 4159 4123 4287 4150 4397 4335 4264 4110 3898 4137 4483 3883 4255 4263 4315 4317 4271 3768 4494 4481 3855 4229 3905 
3574 3843 4112 3867 3732 4563 3684 3967 3945 3856 3802 3967 3891 4154 3970 3768 3781 3739 3515 4036 3626 3609 3886 3725 3795 3854 3813 4158 4132 3644 4016 3618 
3765 3928 4005 4109 3841 4440 3848 3807 3957 3829 3712 3877 3802 4135 3981 3746 3775 3486 3836 4123 3628 3668 4179 4101 4100 3825 3750 4277 4176 3595 3924 3560 
4040 3932 4150 3935 4169 4620 3893 3969 4075 3882 3903 4322 3719 4401 4102 3872 4007 3604 3885 4276 3663 3821 4221 4217 4005 4124 4054 4275 4125 3594 4171 3818 
3953 4001 4578 4397 4275 4689 3988 4024 4149 4092 3906 4321 4029 4325 4182 3984 3827 3788 3918 4238 3949 3836 4409 4099 4093 3732 3720 4477 4499 3691 4253 3687 
3806 3964 4199 4066 3962 4360 3683 4077 3948 3472 3692 4022 3455 4194 4110 3633 3824 3614 3482 4066 3578 3797 3877 3914 3780 3780 3629 4071 3982 3285 3927 3625 
3436 3723 4007 3704 3757 4186 3842 3644 3602 3610 3711 3733 3770 3931 3747 3541 3544 3388 3550 3838 3350 3363 3696 3678 3934 3692 3538 3850 3804 3298 3960 3515 
3593 3802 4292 3864 3877 4448 3895 3791 3812 3957 3935 3826 3793 4020 3849 3864 3611 3592 3596 4092 3650 3824 3980 3912 4003 3856 3498 4266 3974 3681 3779 3643 
3696 3734 4010 3729 3783 4365 3634 3794 3703 3647 3788 4085 3543 4018 3806 3758 3735 3537 3692 3870 3548 3621 3791 3856 3788 3693 3457 3860 4082 3348 3722 3785 
3799 3907 4305 3962 4027 4582 4125 4234 3676 3849 3948 4130 4062 4349 4020 3781 3703 3545 3792 4040 3897 3606 4210 4016 4165 3764 3874 4135 4203 3500 3972 3797 
3938 3788 4291 4015 3903 4231 3731 3927 3870 3863 3655 3902 3855 4131 3879 3765 3916 3680 3746 4038 3755 3542 3925 3974 4034 3876 3769 4132 4108 3550 3957 3726 
3563 4048 4391 3899 4063 4376 3697 3867 3922 3604 3789 3932 3820 4169 3744 3701 3730 3651 3671 4030 3677 3583 4161 3919 4059 3962 3845 4168 3975 3618 4020 3446 
3907 3982 4456 4123 3951 4661 3944 4101 4058 3902 3948 4059 3769 4302 4104 3991 4094 3866 3583 4333 3795 3880 4195 3935 4100 3936 3838 4068 4312 3604 4102 3776 
4247 3930 4586 4232 4401 4798 4166 4170 3990 4064 4036 4321 4139 4565 4191 4291 3940 3962 4101 4277 3826 3979 4306 4449 4241 3973 4150 4537 4367 4072 4193 4242 
3731 4035 4206 3972 4102 4406 3640 3998 3767 3874 3947 4206 3756 4208 3769 3935 3850 3636 3799 4116 3731 3726 4106 4097 4101 4027 3737 4155 4115 3626 3899 3654 
3726 3944 4366 3926 4081 4819 4007 4014 3898 4142 4132 4077 4080 4384 3941 4113 3830 4121 4163 4330 3633 3825 4045 4133 4038 4069 3790 4344 4250 3660 4169 3968 
3877 3924 4181 4042 4014 4563 3829 4087 4055 3768 3810 3967 3900 4277 3876 3845 3726 3775 3742 3876 3735 3738 4129 4063 3989 3755 3787 4034 4016 3425 4089 3680 
3574 3869 4258 3911 3895 4402 3922 3819 3774 3949 3686 3788 3663 3957 3857 3685 3570 3372 3449 3850 3802 3424 3818 3976 3851 3963 3603 4007 4038 3447 3863 3767 
3760 3716 4176 3725 3733 4071 3682 3821 3776 3843 3675 3724 3615 3894 3733 3508 3726 3466 3622 3775 3514 3453 3734 3922 3906 3680 3614 3733 3958 3516 3897 3522 
3860 4198 4402 4228 4366 4838 3703 4259 4003 3894 3929 4194 3987 4346 3978 4185 4059 3857 4083 4217 3853 3945 4314 4129 4218 4173 3932 4136 4090 3780 4281 3867 
4123 4140 4285 4084 4194 4490 3885 4233 4196 3674 3827 4209 4031 4305 4188 4032 4004 3976 3899 4336 3822 4000 4009 4119 4136 3873 3877 4256 4351 3606 4208 3770 
3966 4334 4628 4380 4327 4863 4163 4117 3931 3930 4037 4199 4101 4378 4267 4012 3868 3790 3941 4230 3950 3806 4370 4303 4177 3955 4165 4358 4400 3733 4264 4024 
3992 4072 4298 3860 4148 4425 3850 3783 3894 3872 3930 4094 3833 4059 4047 3784 3864 3584 3852 3960 4025 3757 4040 3846 3891 4036 3704 4179 4242 3590 3831 3692 
4043 4466 4661 4472 4285 4958 4158 4375 4355 4181 4363 4494 4017 4719 4302 4148 4332 4059 4126 4542 4054 4090 4306 4200 4409 4234 4324 4379 4277 3945 4295 4197 
3952 4244 4499 4181 4356 4521 3886 4220 3803 3838 3864 4176 3886 4407 4004 3906 3773 3626 3871 4060 3873 3924 4115 4169 4063 4066 3937 4200 4073 3665 4199 3806 
