1389 1651 1656 1540 1468 1707 1381 1443 1630 1284 1444 1681 1482 1343 1623 1336 1287 1283 1433 1489 1307 1435 1614 1487 1387 1489 1442 1475 1732 1323 1550 1235 
1238 1236 1419 1306 1405 1526 1229 1305 1294 1087 1321 1444 1349 1253 1461 1220 1241 1254 1198 1373 1143 1192 1514 1417 1192 1171 1334 1293 1604 1068 1278 1175 
1265 1383 1368 1361 1412 1577 1126 1284 1398 1289 1324 1558 1235 1281 1536 1274 1203 1186 1327 1329 1205 1344 1330 1341 1286 1310 1382 1333 1626 1234 1426 1265 
1271 1498 1497 1380 1432 1624 1306 1489 1478 1286 1315 1548 1459 1335 1488 1342 1173 1090 1254 1355 1312 1284 1529 1292 1326 1412 1354 1402 1553 1178 1398 1142 
1426 1564 1585 1573 1545 1648 1366 1335 1548 1249 1411 1725 1540 1508 1752 1284 1277 1307 1403 1516 1296 1333 1639 1448 1327 1555 1630 1513 1646 1329 1554 1421 
1349 1515 1572 1607 1426 1535 1305 1430 1505 1127 1444 1646 1293 1409 1589 1182 1269 1191 1293 1375 1372 1374 1684 1396 1403 1243 1406 1403 1527 1350 1430 1231 
1071 1243 1184 1296 1263 1316 1063 1052 1269 915 1080 1334 1253 1075 1330 1020 1134 1101 1098 1086 1037 1078 1147 1220 1062 1153 1179 1298 1320 992 1210 991 
1245 1321 1470 1403 1515 1609 1306 1416 1539 1295 1291 1595 1475 1253 1577 1495 1370 1261 1407 1458 1317 1533 1526 1452 1355 1367 1290 1532 1643 1270 1338 1244 
1051 1098 1174 1169 1176 1411 1111 1251 1279 1121 1177 1330 1410 1153 1385 1273 1050 1073 1011 1091 1099 1034 1287 1202 1036 1209 1100 1304 1457 1112 1281 997 
1212 1205 1152 1262 1247 1436 1144 1255 1340 1049 1125 1372 1340 1206 1416 1195 1085 908 1140 1252 1232 1183 1438 1301 1147 1158 1162 1487 1466 1210 1226 1006 
1347 1303 1315 1276 1460 1500 1300 1394 1550 1233 1364 1623 1410 1343 1553 1314 1272 1114 1179 1443 1229 1215 1534 1492 1295 1320 1339 1392 1634 1239 1438 1195 
1429 1768 1629 1702 1622 1907 1498 1523 1647 1366 1585 1830 1731 1488 1869 1449 1402 1394 1477 1704 1542 1495 1847 1593 1532 1388 1556 1765 1967 1487 1589 1315 
1230 1448 1316 1329 1518 1411 1152 1398 1376 958 1261 1455 1259 1292 1492 1120 1178 1195 1203 1350 1214 1301 1408 1311 1212 1294 1222 1354 1477 986 1350 1138 
1290 1383 1378 1328 1453 1445 1365 1335 1446 1157 1286 1500 1289 1239 1447 1112 1278 1223 1205 1316 1155 1241 1399 1308 1327 1321 1325 1254 1426 1091 1312 1083 
1045 1331 1277 1328 1231 1522 1296 1271 1384 1071 1240 1352 1317 1153 1412 1279 1137 1053 1149 1280 1154 1306 1442 1344 1259 1159 1158 1376 1436 1133 1197 955 
1090 1211 1245 1179 1242 1358 1158 1137 1197 987 1115 1449 1223 978 1450 1135 1210 1051 1075 1166 1182 1192 1287 1238 1176 1166 1143 1243 1521 1085 1138 1101 
1208 1419 1396 1315 1389 1649 1467 1452 1320 1216 1344 1507 1387 1294 1550 1206 1269 1100 1253 1339 1274 1130 1650 1294 1336 1170 1394 1382 1567 1234 1209 1127 
1496 1458 1533 1500 1528 1607 1325 1449 1575 1321 1283 1568 1452 1291 1647 1205 1359 1234 1332 1421 1281 1325 1549 1350 1303 1376 1426 1591 1655 1242 1367 1171 
1161 1373 1382 1312 1308 1439 1249 1357 1352 1127 1264 1486 1518 1259 1425 1244 1184 1141 1132 1348 1212 1179 1537 1330 1306 1337 1267 1476 1472 1156 1343 1088 
1320 1348 1447 1356 1387 1654 1367 1501 1481 1185 1280 1502 1307 1297 1601 1329 1334 1156 1251 1342 1324 1412 1567 1394 1399 1430 1296 1371 1636 1221 1319 1101 
1240 1335 1346 1452 1400 1613 1196 1212 1380 1166 1274 1495 1367 1351 1509 1247 1227 1142 1321 1288 1133 1273 1484 1391 1200 1201 1430 1447 1507 1262 1313 1129 
1116 1285 1267 1221 1306 1396 1130 1139 1349 1069 1186 1415 1286 1231 1306 1191 1151 1166 1071 1241 1166 1140 1379 1361 1080 1124 1182 1368 1425 1148 1227 1068 
1179 1413 1349 1343 1504 1697 1375 1431 1448 1112 1371 1496 1335 1379 1573 1234 1314 1331 1261 1453 1130 1318 1486 1420 1278 1404 1300 1612 1631 1177 1467 1161 
1304 1512 1366 1487 1565 1669 1365 1516 1405 1175 1329 1555 1418 1445 1588 1378 1278 1290 1260 1283 1352 1320 1658 1393 1346 1289 1358 1486 1535 1271 1402 1226 
1111 1299 1403 1307 1403 1494 1302 1367 1295 1215 1272 1423 1305 1279 1426 1175 1196 1134 1149 1317 1211 1154 1429 1220 1282 1332 1334 1257 1509 1175 1301 1140 
1256 1353 1372 1315 1263 1391 1157 1362 1421 1154 1239 1438 1213 1166 1430 1186 1204 1144 1155 1127 1165 1203 1323 1270 1278 1158 1313 1284 1447 1245 1435 1104 
1310 1426 1341 1495 1621 1716 1405 1519 1552 1207 1305 1557 1361 1354 1528 1393 1350 1253 1357 1529 1383 1450 1517 1460 1250 1401 1332 1475 1597 1307 1483 1246 
1461 1555 1619 1506 1659 1686 1391 1546 1764 1367 1454 1723 1537 1339 1675 1489 1549 1476 1513 1635 1356 1497 1632 1617 1476 1352 1564 1655 1806 1267 1505 1292 
1254 1620 1539 1523 1442 1773 1394 1411 1448 1244 1359 1658 1476 1342 1609 1370 1341 1195 1338 1366 1415 1348 1671 1457 1348 1402 1477 1520 1676 1351 1504 1177 
1125 1252 1255 1159 1302 1428 1153 1133 1284 973 1130 1415 1170 1064 1436 1151 1200 1045 1083 1167 1227 1095 1306 1191 1122 1182 1183 1387 1472 1017 1171 987 
1349 1643 1517 1560 1613 1643 1386 1562 1608 1245 1456 1680 1411 1386 1590 1341 1434 1284 1453 1473 1351 1429 1465 1378 1396 1372 1499 1451 1544 1287 1483 1405 
1112 1361 1293 1340 1424 1437 1225 1323 1221 1023 1163 1383 1231 1197 1250 1100 1146 1040 1042 1228 1080 1083 1406 1284 1183 1215 1286 1287 1339 1041 1256 981 
