4485 4212 4773 4966 4599 5179 4645 4422 4246 4523 4738 4621 4696 4304 5229 4644 4641 4482 4743 5347 4614 4319 4790 4099 4772 4636 4749 4762 4231 4461 4687 4685 
4488 4405 4355 4715 4698 4696 4248 4417 4154 4543 4511 4279 4555 4234 4925 4303 4478 4479 4375 5017 4365 4341 4868 4326 4717 4661 4456 4613 4347 4224 4387 4421 
4761 4621 4857 4912 5000 5364 4769 4834 4493 4746 4907 4841 4858 4539 5127 4882 4726 5042 4815 5357 4989 4369 4990 4614 4928 4696 4911 4812 4498 4606 4963 4846 
4466 4164 4565 4440 4280 4825 4326 4158 4339 4301 4380 4144 4446 4198 4850 4391 4480 4548 4539 4727 4531 3909 4525 4012 4379 4278 4314 4662 4163 4054 4437 4527 
4660 4231 4781 4678 4724 5209 4582 4559 4364 4391 4868 4443 4737 4370 5181 4627 4527 4405 4743 5086 4637 4350 4936 4288 4675 4802 4781 4579 4473 4567 4676 4530 
4650 4351 4418 4300 4415 5043 4520 4448 4604 4577 4375 4293 4590 4048 5076 4550 4380 4504 4441 5123 4349 4299 4748 4287 4720 4458 4764 4501 4311 4320 4479 4539 
4807 4375 4586 4502 4523 5317 4415 4486 4136 4584 4562 4263 4643 4490 4917 4557 4280 4528 4604 5117 4670 4283 4786 4377 4963 4506 4554 4492 4231 4364 4400 4736 
4797 4592 5066 4885 4828 5522 4612 4644 4479 4715 4716 4862 4760 4537 5298 4719 4730 4815 4905 5258 4756 4303 4968 4405 4951 4738 4847 4981 4437 4781 4574 4832 
4509 4142 4575 4613 4628 4853 4280 4526 4029 4384 4328 4414 4497 4334 5226 4546 4715 4700 4533 5113 4700 4173 4800 4221 4646 4475 4350 4714 4622 4378 4330 4417 
4261 4009 4458 4251 4754 4808 4114 4357 4102 4469 4282 4239 4364 4255 4656 4233 4386 4319 4577 4757 4365 3895 4533 4165 4482 4129 4139 4330 4192 3998 4036 4516 
4523 4317 4507 4433 4509 5060 4375 4507 4278 4705 4318 4146 4517 4116 5091 4454 4583 4436 4493 5135 4598 4225 4595 4042 4453 4676 4419 4520 4253 4211 4302 4350 
4340 3942 4241 4577 4308 4721 4347 4401 4090 4410 4468 3911 4237 4099 4784 4456 4263 4344 4211 4855 4405 4080 4706 3996 4303 4496 4349 4400 4248 4290 4388 4613 
4315 4220 4473 4304 4239 4952 4120 4174 4148 4477 4356 4179 4563 4254 4633 4143 4357 4150 4412 4896 4248 4199 4519 4126 4583 4466 4263 4311 3948 4167 4323 4535 
4654 4189 4609 4656 4625 4924 4183 4290 3867 4534 4397 4478 4485 4227 4844 4374 4329 4308 4590 5003 4474 3999 4851 4138 4680 4567 4616 4564 4334 4272 4171 4344 
4628 4172 4370 4370 4219 4888 4185 4226 4199 4334 4619 4263 4421 4103 4781 4246 4398 4416 4538 4896 4240 4074 4619 3958 4594 4330 4333 4600 4039 4018 4374 4480 
4249 4141 4473 4482 4337 4987 4223 4446 4267 4377 4531 4159 4185 4251 4784 4547 4385 4411 4225 4884 4594 4089 4656 3926 4496 4314 4320 4497 4208 4184 4463 4402 
4368 3993 4698 4304 4470 4820 4348 4150 3963 4303 4455 4239 4585 4231 4836 4367 4307 4177 4198 4766 4426 4282 4661 4118 4444 4382 4400 4339 4227 4285 4509 4322 
4554 4116 4517 4626 4552 4880 4625 4209 4184 4435 4565 4331 4617 4019 4923 4368 4336 4480 4771 5003 4826 4295 4765 4091 4616 4360 4822 4481 4510 4268 4442 4359 
4295 3882 4366 4212 4346 4611 4310 4343 3877 4034 4344 4000 4450 4049 4541 4090 4307 4164 4272 4470 4184 4027 4525 3953 4461 4171 4339 4488 4213 3929 4257 4484 
4464 4226 4733 4527 4536 4968 4459 4411 4252 4660 4541 4383 4642 4555 4848 4230 4568 4503 4590 4971 4636 4331 4715 4359 4643 4617 4255 4380 3991 4482 4353 4611 
4563 4387 4500 4709 4524 5044 4565 4404 4373 4539 4713 4551 4824 4211 5123 4498 4580 4424 4745 5095 4879 4353 4847 4258 4603 4636 4572 4491 4349 4496 4628 4680 
4512 4188 4561 4949 4697 4909 4664 4496 4380 4628 4681 4353 4773 4190 5238 4777 4646 4446 4704 5340 4536 4406 4903 4539 4902 4920 4880 4633 4282 4522 4787 4838 
4505 4315 4689 4751 4607 5194 4427 4569 4328 4565 4809 4479 4796 4339 4999 4528 4746 4695 4643 5273 4630 4390 4846 4198 4905 4520 4639 4663 4323 4513 4262 4640 
4478 4125 4674 4435 4680 4986 4265 4121 4026 4409 4438 4440 4706 4205 4773 4765 4403 4354 4570 4716 4511 4245 4492 4360 4395 4623 4714 4509 4220 4214 4605 4545 
4525 4079 4363 3934 4358 4586 4049 4168 4048 4157 4268 4084 4343 4074 4750 4120 4244 4138 4415 4711 4258 4157 4817 3998 4448 4339 4487 4332 3998 4034 4255 4147 
4299 3711 4342 4359 4317 4554 4018 4116 3996 4341 4206 3973 4256 3991 4660 4196 4095 4083 4414 4673 4267 3978 4332 4063 4279 4449 4336 4151 3949 3956 4389 4148 
4553 4358 4499 4754 4575 5060 4641 4366 4420 4510 4774 4287 4545 4461 5130 4680 4563 4673 4704 5195 4492 4133 4856 4328 4942 4500 4327 4757 4610 4235 4254 4701 
4551 4109 4735 4433 4430 4984 4360 4377 3983 4390 4593 4501 4543 4203 4994 4376 4335 4338 4621 5091 4580 4336 4737 4086 4687 4664 4367 4426 4377 4339 4587 4527 
4479 4101 4660 4526 4552 4983 4326 4312 4101 4493 4481 4172 4441 4361 4969 4390 4545 4435 4626 5099 4484 4138 4704 4202 4606 4648 4596 4557 4275 4370 4538 4545 
4774 4410 4745 4599 4714 5111 4492 4392 4250 4715 4825 4388 4664 4289 5287 4463 4741 4724 4862 5073 4741 4472 4571 4535 4892 4578 4551 4760 4555 4413 4694 4632 
4977 4503 4888 4865 4689 5340 4598 4824 5004 4887 5083 4573 5046 4376 5458 4785 4815 4763 4987 5295 5069 4833 4905 4555 4837 4890 4712 4929 4640 4632 4893 4930 
4729 4348 4834 4788 4693 5109 4529 4474 4495 4473 4564 4436 4685 4273 5277 4640 4770 4456 4727 5073 4701 4587 4954 4209 4706 4619 4924 4682 4598 4443 4382 4638 
