3077 2868 3370 3392 3367 3733 3339 2988 2779 3227 3415 3034 3037 2836 3563 3079 3148 2991 3270 3559 3395 2965 3278 2877 3271 3169 3303 3355 2997 3137 3178 3256 
3045 2904 3014 3232 3308 3398 2856 2955 2640 3194 3207 2825 3005 2727 3403 2723 3122 2938 3008 3335 3069 2983 3283 2939 3091 3166 3016 3373 3118 2814 2930 3065 
3247 3166 3468 3430 3455 3853 3346 3292 2992 3366 3531 3212 3288 3066 3601 3264 3227 3406 3379 3483 3631 3056 3483 3202 3303 3199 3339 3423 3146 3087 3526 3363 
3152 2885 3282 3232 3251 3692 3243 3088 2912 3271 3284 2973 3121 2975 3516 3022 3144 3132 3267 3184 3426 2895 3225 3004 3109 2973 3163 3356 2977 2946 3321 3249 
3318 3026 3540 3335 3448 3837 3432 3206 2988 3329 3582 3020 3279 3118 3711 3333 3176 3020 3514 3493 3417 3180 3495 3113 3303 3453 3553 3214 3316 3338 3332 3315 
3336 3089 3148 2993 3194 3714 3298 3081 3119 3225 3195 2995 3122 2702 3713 3084 3023 3088 3185 3418 3158 3130 3283 3068 3247 3183 3269 3231 3102 3135 3253 3259 
3306 3049 3218 3080 3246 3827 3171 3184 2638 3324 3370 2907 3086 2997 3472 3240 2931 3065 3141 3390 3386 3101 3395 3117 3488 3069 3203 3194 3006 3218 3111 3294 
3539 3370 3680 3554 3405 4083 3374 3206 3081 3536 3477 3385 3325 3105 3889 3280 3393 3298 3588 3663 3552 3212 3504 3127 3567 3374 3452 3675 3280 3448 3275 3385 
3187 2803 3141 3115 3410 3502 2991 3149 2620 3207 3091 2930 3049 3058 3693 3141 3259 3104 3238 3319 3354 2962 3299 2995 3188 3064 2960 3345 3184 3062 2938 3097 
3055 2893 3295 2943 3545 3625 3058 3172 2881 3370 3175 3108 3098 3102 3409 3062 3205 2902 3394 3178 3295 2866 3295 3074 3323 2955 3013 3235 3091 2866 2923 3415 
3255 3151 3199 3043 3204 3667 3174 3095 2961 3424 3157 2838 3094 2868 3575 3078 3130 2981 3214 3379 3271 3047 3104 2886 3076 3260 3122 3178 3037 2959 2914 3122 
3177 2865 3224 3376 3268 3575 3324 3203 2842 3291 3404 2873 3036 2973 3644 3253 3233 3205 3086 3431 3274 3039 3428 2895 3148 3236 3260 3273 3221 3266 3192 3512 
2882 2810 3144 2940 3031 3501 2884 2777 2730 3234 3155 2759 3060 2790 3325 2778 2993 2734 3197 3227 2987 3020 3038 2956 3079 3153 2853 3033 2886 2884 2973 3068 
3096 2630 3000 3012 3107 3418 2670 2834 2352 3082 3054 2944 2840 2608 3169 2669 2831 2743 3096 3145 2977 2711 3151 2781 3094 2880 3047 3047 2885 2876 2757 2842 
3404 2990 3340 3180 3128 3695 3215 3058 2907 3284 3500 3098 3178 2926 3575 3068 3188 3141 3404 3430 3284 3150 3427 2964 3395 3179 3156 3432 3094 2963 3287 3255 
3011 2880 3358 3181 3182 3762 3051 3168 2967 3220 3468 2912 2970 2992 3513 3187 3211 3088 3045 3347 3421 3004 3349 2780 3164 3131 2971 3212 3125 2999 3167 3077 
3246 2933 3386 3168 3391 3730 3160 3011 2884 3358 3447 3005 3284 3079 3582 3068 3124 3026 3133 3417 3401 3226 3340 3084 3130 3132 3175 3183 3205 3201 3342 3140 
3247 2870 3183 3273 3233 3635 3333 2898 2834 3371 3324 3048 3298 2714 3525 3021 3005 3123 3424 3450 3539 3177 3369 2933 3234 3006 3497 3182 3312 3062 3178 3147 
3068 2794 3220 3047 3192 3571 3229 3156 2739 3214 3285 2915 3156 2862 3432 2978 3120 2947 3224 3181 3335 3036 3169 3055 3228 3046 3170 3348 3183 2899 3087 3333 
3081 2854 3388 3145 3319 3648 3130 3031 2902 3478 3371 3049 3160 3141 3482 2887 3213 3169 3285 3458 3399 3094 3347 3100 3184 3187 2983 3118 3034 3260 3124 3204 
3416 3159 3483 3449 3481 3937 3576 3266 3166 3537 3733 3263 3538 3081 3925 3387 3461 3265 3602 3627 3673 3380 3540 3339 3474 3482 3452 3525 3379 3359 3489 3534 
3081 2838 3191 3415 3263 3455 3338 3071 2873 3307 3436 2841 3188 2825 3684 3178 3142 2900 3213 3508 3188 3120 3272 3208 3386 3422 3365 3202 3069 3185 3313 3453 
3220 2879 3500 3372 3552 4000 3231 3264 2884 3283 3609 3146 3283 3065 3544 3129 3287 3179 3372 3623 3406 3185 3465 3081 3386 3261 3323 3421 3284 3173 3072 3339 
3098 2917 3278 3199 3407 3725 3049 2884 2657 3257 3215 3123 3262 2867 3421 3343 3094 3104 3296 3172 3248 3055 3126 3164 3053 3128 3305 3246 3076 3015 3347 3191 
3257 2822 3119 2669 3214 3565 2959 2965 2722 3101 3103 2776 2997 2831 3545 2780 2980 2735 3201 3256 3075 3040 3335 2876 3086 3091 3088 3125 2909 2869 3051 2964 
3104 2696 3166 3104 3242 3284 2956 2928 2746 3291 3136 2819 2927 2797 3403 3069 2935 2862 3329 3229 3112 2977 2950 2965 3072 3181 3136 3029 2955 2853 3193 3013 
3249 3025 3356 3370 3326 3725 3411 3125 3050 3350 3567 2957 3121 3092 3669 3210 3265 3252 3380 3545 3367 3117 3503 3175 3535 3214 3049 3458 3400 3133 3128 3402 
3183 2879 3404 3187 3304 3701 3165 3009 2633 3264 3358 3167 3009 2947 3686 3116 2974 2989 3425 3509 3332 3028 3228 2979 3281 3311 3101 3228 3227 3133 3198 3167 
3254 2877 3378 3153 3383 3767 3162 3086 2893 3453 3297 2864 3131 3093 3610 3102 3231 3024 3425 3566 3386 3048 3377 3127 3264 3377 3346 3314 3148 3139 3282 3345 
3373 2967 3366 3103 3435 3786 3279 3041 2856 3341 3545 2982 3182 2995 3629 3009 3260 3140 3476 3284 3390 3143 3271 3248 3404 3285 3116 3368 3286 3074 3541 3277 
3530 3195 3600 3427 3587 3999 3355 3428 3386 3555 3688 3369 3533 2970 3923 3419 3376 3299 3620 3616 3638 3546 3453 3379 3396 3546 3330 3580 3417 3215 3515 3433 
3408 3064 3546 3392 3433 3919 3379 3236 3101 3358 3447 3136 3366 3017 3948 3309 3295 3084 3490 3530 3635 3347 3587 3127 3297 3312 3608 3456 3328 3239 3297 3374 
