4994 4917 5542 5679 5244 5958 5451 5237 4971 5152 5404 5310 5325 5078 5982 5384 5377 5348 5558 6196 5391 5056 5541 4773 5338 5398 5503 5482 4864 5208 5573 5519 
4963 5055 5066 5299 5338 5428 5035 5187 4884 5170 5116 4990 5072 5000 5600 5034 5154 5181 5136 5883 5166 5092 5652 5028 5432 5351 5058 5341 4992 5027 5295 5085 
5225 5179 5511 5476 5536 5987 5474 5494 5068 5341 5461 5553 5332 5207 5784 5514 5277 5681 5500 6073 5689 4994 5689 5244 5478 5358 5482 5485 5059 5323 5666 5437 
5001 4941 5378 5175 4931 5668 5219 5098 5070 4982 5138 4857 5121 5075 5714 5210 5262 5462 5327 5656 5483 4681 5325 4761 5115 5054 5069 5436 4880 4827 5339 5405 
5166 4945 5581 5260 5315 5995 5441 5414 5044 5009 5491 5208 5323 5120 5918 5309 5215 5145 5492 5818 5415 5059 5668 5031 5335 5453 5466 5260 5141 5267 5522 5279 
5127 4882 4990 4852 4950 5766 5250 5122 5268 5122 4960 4911 5021 4651 5706 5127 5049 5123 5091 5840 4994 4891 5394 4808 5202 4992 5265 4950 4867 4990 5241 5200 
5314 4887 5174 5004 5078 5899 4976 5090 4758 5127 5116 4879 5149 5052 5439 5159 4756 5130 5259 5814 5349 4735 5392 4964 5527 5113 5100 5043 4796 5007 5046 5291 
5223 5134 5710 5534 5307 6153 5301 5343 5030 5345 5315 5496 5288 5177 5993 5285 5265 5550 5657 6028 5496 4997 5675 4925 5529 5431 5467 5641 5004 5497 5251 5448 
4926 4729 5206 5192 5174 5513 5006 5267 4626 5029 4894 5075 4979 5030 5910 5140 5246 5410 5258 5881 5497 4815 5530 4854 5330 5039 4986 5350 5241 5038 5046 5092 
4769 4659 5112 4790 5359 5461 4869 5114 4779 5156 4901 4871 4880 4906 5407 4846 5003 5078 5268 5577 5129 4512 5150 4727 5157 4788 4762 4935 4821 4696 4818 5204 
5136 5022 5286 5054 5180 5832 5159 5356 4990 5457 4874 4920 5082 4894 5848 5223 5224 5243 5292 6007 5415 4914 5363 4825 5229 5422 5144 5262 5002 5032 5149 5092 
4936 4682 4987 5386 4902 5528 5282 5318 4833 5322 5290 4737 4874 4938 5643 5259 4966 5256 5092 5775 5339 4902 5500 4739 5033 5328 5135 5239 4992 5239 5334 5451 
4896 4999 5313 4926 4987 5736 4957 5022 4971 5164 5117 4918 5182 5006 5463 4935 5155 4933 5243 5808 5097 4984 5297 4893 5274 5270 4909 5089 4666 5049 5277 5276 
5310 4863 5334 5306 5317 5681 4873 5111 4610 5169 5050 5233 5075 4919 5580 5109 5031 5142 5353 5899 5298 4628 5610 4873 5381 5349 5331 5298 5002 5116 5087 5137 
5108 4616 4891 4961 4626 5463 4761 4867 4691 4883 5138 4809 4819 4665 5378 4809 4922 5036 5152 5582 4932 4570 5208 4394 5105 4918 4900 5087 4572 4685 4948 5018 
4602 4639 5080 4953 4814 5563 4766 5013 4775 4872 4931 4711 4587 4780 5285 5050 4843 5014 4873 5508 5090 4676 5259 4358 4960 4805 4812 5043 4726 4741 5022 4873 
4851 4603 5255 4902 4940 5405 5022 4896 4572 4977 5056 4814 5070 4900 5639 5038 4979 4906 4795 5551 5202 4871 5278 4689 5016 5065 5037 4901 4821 4911 5229 5023 
5046 4771 5200 5180 5154 5513 5322 4993 4776 4998 5228 4900 5148 4600 5625 4990 4884 5222 5443 5750 5511 4909 5402 4688 5157 4968 5448 5120 5080 4902 5166 5038 
4777 4477 5017 4863 4941 5356 5012 5057 4525 4713 4914 4703 4985 4805 5240 4755 4977 5005 5091 5327 5013 4622 5256 4650 5081 4914 5007 5139 4851 4674 5087 5267 
5014 4909 5491 5138 5206 5782 5212 5225 5024 5310 5218 5200 5237 5322 5680 5005 5360 5361 5372 5912 5462 5070 5510 5052 5279 5402 4908 5098 4649 5333 5293 5380 
5074 4997 5135 5295 5078 5790 5306 5142 5070 5238 5343 5267 5429 4939 5866 5248 5175 5116 5421 5844 5627 4974 5547 5000 5250 5345 5211 5182 4964 5223 5373 5440 
5004 4761 5178 5542 5198 5511 5413 5201 4967 5195 5250 4982 5311 4809 5808 5398 5131 5088 5405 6059 5239 5003 5548 5109 5532 5541 5478 5232 4908 5232 5531 5448 
5071 4954 5416 5337 5267 5847 5148 5382 5099 5280 5437 5189 5277 5080 5769 5322 5376 5443 5378 6180 5477 5010 5580 4939 5597 5211 5307 5355 4955 5329 5036 5275 
5050 4758 5354 5142 5300 5740 5044 4890 4792 5098 5164 5128 5248 4959 5568 5546 5130 5119 5320 5618 5400 4953 5239 5082 5081 5415 5379 5218 4890 5090 5507 5341 
5061 4669 5074 4604 4939 5204 4835 4980 4670 4786 4946 4816 4890 4799 5555 4856 4956 4900 5164 5518 5079 4888 5602 4625 5006 4993 5206 4990 4769 4716 5019 4868 
4716 4260 4968 4834 4872 5180 4607 4795 4619 4869 4645 4570 4661 4549 5167 4801 4651 4760 5060 5377 4903 4517 4983 4654 4721 4909 4817 4627 4497 4542 5103 4680 
5142 4988 5250 5408 5210 5658 5468 5151 5071 5142 5509 4975 5100 5176 5901 5385 5186 5440 5454 6088 5375 4774 5583 4999 5568 5270 4993 5467 5274 5094 5117 5467 
5183 4828 5522 5105 5150 5726 5201 5272 4743 5115 5313 5275 5180 4894 5710 5081 4901 5164 5483 6041 5389 5045 5619 4776 5394 5449 5033 5210 5068 5198 5461 5264 
5067 4779 5401 5247 5206 5802 5173 5173 4838 5150 5117 4979 5059 5243 5764 5150 5235 5297 5359 6049 5360 4851 5551 4891 5299 5479 5298 5359 4942 5180 5424 5406 
5213 4984 5305 5096 5206 5776 5140 5124 4787 5311 5329 4971 5156 4851 5879 5040 5178 5345 5494 5764 5378 5051 5244 5088 5515 5157 5045 5340 5077 5063 5328 5186 
5615 5258 5706 5617 5396 6121 5503 5670 5793 5619 5933 5378 5719 5205 6315 5578 5537 5570 5778 6263 5954 5653 5762 5246 5510 5784 5399 5788 5325 5526 5819 5733 
5157 4887 5437 5307 5252 5667 5174 5129 5107 5022 5202 4964 5176 4858 5920 5247 5317 5128 5367 5794 5434 5124 5574 4783 5267 5190 5534 5292 5183 5059 5077 5347 
