1405 1165 1530 1518 1625 1644 1359 1259 1210 1253 1632 1254 1241 1328 1584 1238 1326 1294 1486 1531 1510 1217 1473 1445 1333 1568 1429 1300 1256 1400 1432 1421 
1262 1046 1232 1325 1546 1295 1163 1148 1014 1058 1385 1020 1092 1197 1335 1100 1138 1103 1164 1306 1228 999 1332 1291 1194 1435 1160 1299 1247 1277 1174 1280 
1417 1351 1506 1536 1677 1545 1543 1468 1318 1328 1596 1280 1352 1478 1562 1431 1279 1435 1424 1461 1579 1128 1508 1414 1232 1537 1310 1379 1283 1383 1502 1500 
1252 1164 1443 1318 1494 1431 1314 1242 1236 1181 1379 1113 1120 1338 1388 1187 1235 1277 1252 1171 1358 1051 1376 1392 1159 1401 1171 1284 1189 1207 1401 1421 
1561 1424 1733 1512 1859 1813 1557 1545 1484 1345 1820 1328 1445 1570 1708 1481 1395 1401 1567 1572 1660 1364 1715 1605 1521 1721 1578 1403 1442 1693 1576 1470 
1546 1269 1526 1330 1628 1509 1407 1486 1403 1308 1396 1276 1345 1344 1778 1391 1268 1353 1475 1572 1434 1281 1563 1583 1340 1596 1469 1364 1343 1441 1537 1504 
1296 1143 1406 1309 1500 1521 1215 1306 1075 1136 1444 1121 1127 1294 1390 1323 1035 1236 1273 1354 1473 1141 1354 1403 1260 1389 1282 1196 1136 1341 1273 1303 
1327 1215 1483 1468 1513 1495 1317 1264 1234 1162 1475 1296 1171 1231 1508 1266 1313 1281 1425 1331 1403 1140 1358 1394 1287 1454 1266 1354 1331 1409 1268 1471 
1360 1124 1389 1273 1590 1442 1134 1325 1077 1152 1431 1068 1066 1251 1453 1303 1313 1202 1323 1341 1237 990 1345 1371 1159 1424 1221 1200 1297 1289 1141 1277 
1117 1104 1407 1269 1555 1368 1152 1275 1047 1153 1390 1216 1070 1292 1444 1251 1341 1238 1423 1148 1283 916 1329 1324 1171 1337 1090 1185 1171 1190 1204 1384 
1343 1216 1329 1241 1461 1447 1139 1248 1027 1178 1360 1024 1134 1253 1519 1296 1254 1253 1309 1326 1232 1066 1148 1331 1135 1384 1305 1162 1197 1246 1114 1279 
1319 1088 1361 1474 1571 1460 1421 1295 1233 1142 1500 1099 1083 1213 1569 1254 1335 1234 1254 1337 1402 1146 1512 1370 1309 1547 1290 1236 1304 1434 1326 1576 
1198 1153 1328 1146 1443 1366 1015 1235 1013 1077 1266 1096 1002 1181 1354 1157 1167 1119 1273 1283 1223 1020 1205 1272 1109 1271 1096 1162 1172 1212 1112 1188 
1297 1024 1267 1212 1485 1428 1098 1157 975 1012 1410 1126 999 1082 1412 1071 1115 1030 1244 1214 1168 1053 1301 1153 1271 1303 1255 1128 1181 1299 1190 1136 
1308 1094 1372 1338 1462 1420 1340 1313 1176 1161 1479 1146 1203 1294 1436 1251 1227 1223 1316 1343 1332 1177 1415 1327 1187 1374 1148 1282 1208 1232 1406 1380 
1312 1189 1487 1418 1435 1513 1327 1316 1313 1136 1580 1067 1156 1276 1428 1204 1211 1360 1238 1298 1451 1159 1326 1359 1178 1420 1197 1214 1286 1366 1305 1285 
1291 1071 1467 1294 1560 1459 1326 1220 1270 1186 1480 1109 1307 1399 1601 1187 1192 1226 1332 1401 1465 1273 1538 1385 1183 1296 1264 1244 1287 1423 1388 1342 
1303 1063 1320 1495 1456 1416 1449 1270 1219 1228 1471 1269 1319 1228 1455 1192 1302 1391 1510 1382 1502 1280 1479 1365 1267 1276 1416 1284 1387 1440 1333 1337 
1278 1132 1298 1220 1487 1417 1366 1379 1198 1160 1430 1132 1239 1323 1478 1208 1269 1236 1379 1223 1390 1158 1350 1362 1178 1360 1262 1252 1326 1273 1266 1423 
1155 1051 1372 1228 1402 1331 1245 1130 1215 1116 1418 1025 1132 1340 1315 978 1064 1280 1306 1321 1314 1070 1386 1293 1169 1399 1096 1092 1093 1312 1250 1235 
1317 1141 1417 1365 1599 1511 1361 1397 1167 1295 1546 1204 1257 1279 1480 1277 1271 1188 1318 1331 1433 1129 1427 1439 1267 1401 1323 1255 1251 1319 1311 1440 
1241 952 1192 1320 1455 1292 1122 1232 1143 1074 1250 954 1115 1175 1462 1246 1247 1121 1235 1406 1230 1036 1387 1441 1230 1362 1300 1099 1207 1334 1211 1524 
1396 1303 1704 1418 1792 1617 1340 1391 1309 1234 1702 1254 1298 1468 1512 1247 1385 1304 1446 1444 1437 1239 1630 1491 1397 1497 1384 1349 1343 1509 1401 1445 
1237 1151 1465 1362 1695 1484 1223 1258 1012 1186 1408 1293 1204 1218 1464 1314 1265 1290 1332 1252 1334 1059 1402 1416 1248 1349 1410 1380 1252 1223 1369 1375 
1194 1015 1369 1023 1495 1372 1141 1240 1028 1141 1410 1016 1106 1306 1478 1042 1103 1045 1271 1292 1211 1122 1317 1276 1105 1348 1234 1246 1205 1201 1230 1214 
1340 1026 1387 1219 1598 1386 1211 1246 1123 1265 1401 1141 1184 1129 1467 1330 1264 1207 1511 1349 1257 1139 1337 1324 1283 1358 1252 1170 1261 1097 1358 1381 
1385 1276 1552 1556 1659 1458 1503 1438 1377 1250 1622 1151 1240 1453 1608 1358 1341 1430 1427 1442 1478 1214 1603 1469 1290 1450 1261 1444 1335 1454 1483 1505 
1407 1135 1497 1460 1624 1588 1333 1292 1251 1249 1597 1185 1217 1313 1656 1307 1314 1317 1407 1416 1504 1184 1476 1463 1295 1517 1242 1307 1372 1486 1373 1385 
1213 1109 1323 1236 1478 1457 1213 1226 1167 1200 1399 1017 1163 1326 1457 1229 1137 1138 1271 1361 1293 1117 1422 1294 1162 1420 1210 1266 1311 1333 1272 1349 
1326 1063 1400 1344 1671 1483 1299 1345 1187 1204 1485 1091 1206 1362 1534 1229 1375 1286 1327 1321 1337 1171 1432 1435 1383 1380 1198 1312 1486 1257 1510 1397 
1449 1209 1582 1333 1544 1581 1317 1400 1398 1231 1644 1281 1267 1346 1584 1284 1217 1345 1453 1358 1453 1262 1398 1549 1264 1437 1359 1369 1285 1384 1428 1431 
1304 1057 1328 1318 1495 1376 1255 1207 1108 1019 1370 1108 1161 1240 1565 1213 1041 1124 1217 1353 1443 1058 1367 1260 1077 1398 1281 1329 1179 1274 1216 1328 
