626 570 718 755 653 754 675 490 618 567 752 678 591 518 785 601 516 724 799 796 838 710 718 684 645 761 790 610 638 592 665 706 
544 465 582 675 596 645 549 479 502 445 674 539 572 441 669 534 415 661 591 668 764 576 582 637 595 668 621 599 588 508 491 615 
641 663 712 752 724 717 800 542 705 541 751 704 685 608 693 680 534 794 747 712 852 721 740 674 603 756 740 652 684 667 697 725 
541 521 602 604 507 642 660 427 632 516 596 595 497 507 594 522 442 730 587 507 698 612 575 650 490 649 720 564 576 531 620 657 
732 640 812 701 811 820 852 702 799 631 881 752 721 662 897 732 555 795 806 762 913 719 890 818 791 827 869 640 745 776 796 659 
790 613 815 735 757 822 897 699 854 713 784 766 726 607 901 701 557 851 817 826 913 879 896 873 760 841 968 700 749 788 818 810 
516 461 588 614 549 666 636 496 574 460 674 533 515 447 643 540 341 614 617 620 726 682 689 609 578 650 583 569 581 551 576 624 
712 675 819 858 757 871 853 626 726 611 875 796 692 666 838 707 577 889 822 698 944 730 777 797 776 821 785 772 854 754 691 823 
523 440 552 602 548 610 586 378 451 438 562 473 467 459 655 495 419 613 529 571 622 460 591 547 445 581 575 487 567 486 471 521 
391 433 556 603 532 604 572 391 413 438 600 605 494 485 690 496 482 580 696 493 679 479 577 510 470 548 613 479 565 522 433 597 
574 481 577 605 653 652 629 412 485 471 589 563 587 512 731 573 539 675 672 647 702 561 615 681 530 635 660 541 626 520 505 645 
747 552 714 843 758 851 868 656 731 648 885 726 681 545 970 715 703 825 836 773 869 799 887 780 801 854 850 706 780 768 758 893 
487 456 538 494 516 591 498 382 427 472 471 540 422 404 534 435 416 598 578 609 614 568 505 564 513 475 558 531 568 455 465 520 
570 447 630 566 595 638 595 511 550 433 639 586 517 454 662 488 361 595 590 564 648 586 671 625 612 623 647 511 558 614 569 518 
664 577 676 747 619 772 784 572 681 570 809 641 670 576 769 631 541 739 705 698 800 747 781 696 641 746 690 654 682 656 697 726 
651 560 739 735 624 683 716 571 707 488 760 627 575 550 745 605 429 779 620 705 828 673 669 704 573 716 702 601 726 675 699 649 
626 514 722 682 744 647 781 571 633 512 741 644 706 608 871 594 534 743 652 756 836 726 782 757 583 705 753 649 680 685 668 744 
617 559 794 800 696 742 886 597 736 599 754 786 742 709 813 562 552 901 817 763 966 806 853 782 700 712 820 642 843 818 733 753 
514 495 546 566 586 669 707 510 551 492 657 597 605 530 702 539 506 699 668 518 748 634 645 633 559 574 668 566 674 510 572 689 
555 525 676 648 595 601 696 439 603 447 670 596 563 531 647 451 418 704 636 629 703 637 681 639 557 713 643 530 547 591 650 593 
524 521 660 640 616 677 696 550 587 558 720 609 683 516 760 611 452 619 668 675 780 623 701 706 523 709 704 560 587 599 536 684 
497 373 570 601 591 683 612 482 545 476 611 506 550 471 752 580 511 620 580 608 647 601 669 758 592 634 728 535 617 587 598 727 
566 643 841 701 756 747 754 550 658 445 806 670 661 657 758 556 461 737 683 685 846 689 842 731 654 745 727 635 661 699 675 642 
577 576 761 741 730 784 701 505 618 526 688 702 644 529 850 587 525 724 691 704 771 691 754 752 636 681 855 650 721 645 681 773 
541 447 638 598 620 649 635 471 508 436 636 516 549 501 764 481 411 580 631 632 737 620 662 685 564 662 698 569 579 494 562 640 
646 540 676 689 714 745 696 503 646 531 716 640 670 485 833 636 547 704 807 738 790 764 726 679 673 734 741 540 690 586 728 761 
594 643 764 766 721 692 843 560 685 554 801 703 651 666 741 620 492 834 687 697 841 709 767 696 663 744 714 755 671 713 725 714 
741 572 744 788 761 825 727 625 730 616 822 686 709 551 891 733 590 829 746 768 895 762 781 819 728 828 755 671 789 752 708 762 
573 457 585 692 596 718 698 528 602 562 689 545 581 514 771 614 540 679 675 786 751 658 720 693 603 693 703 578 670 588 645 711 
511 454 638 653 627 650 659 465 604 443 617 516 605 538 750 525 486 741 615 645 750 651 633 704 628 649 638 581 704 565 670 690 
677 639 789 651 654 742 710 562 738 542 794 749 646 562 748 622 453 755 676 649 838 748 645 765 618 712 770 712 668 642 706 735 
541 513 647 632 674 634 653 481 582 396 683 544 629 512 767 541 371 615 612 675 822 622 716 604 546 718 720 641 589 539 536 665 
