1810 1579 2154 2032 2157 2199 1834 1775 1622 1876 2124 1844 1684 1863 2208 1806 1878 1901 2062 2208 2139 1749 1987 1793 1839 2023 2061 1941 1830 1965 1939 1909 
1881 1686 1982 2120 2227 1987 1794 1834 1563 1916 2085 1665 1756 1894 2085 1753 1893 1868 1876 2033 1935 1821 2052 1873 1904 2199 1944 2179 1980 1831 1778 1930 
2045 1979 2287 2259 2373 2271 2127 2135 1795 2082 2300 1984 1994 2138 2265 2096 1959 2184 2084 2186 2359 1827 2209 1965 1964 2116 2082 2221 1946 1957 2143 2109 
1747 1650 2119 1935 2088 2117 1840 1865 1729 1955 1982 1747 1782 2010 2068 1760 1879 1875 1832 1858 2078 1630 2022 1784 1769 1835 1831 2062 1824 1702 1929 2007 
2128 1926 2367 2169 2458 2452 2113 2156 2002 2077 2399 1931 1991 2165 2446 2048 1963 2028 2311 2201 2262 2022 2369 2082 2109 2334 2355 2055 2130 2273 2116 2061 
1985 1686 2076 1778 2060 2057 1863 1932 1813 1814 1826 1756 1791 1842 2309 1837 1728 1865 1955 2035 1931 1769 2088 1981 1866 2020 1997 1957 1856 1879 1903 1961 
1805 1590 2050 1904 2037 2153 1683 1932 1414 1810 2013 1708 1729 1857 1911 1906 1620 1792 1867 1947 2051 1709 1942 1819 1910 1797 1919 1869 1723 1827 1679 1890 
1967 1788 2270 2096 2174 2293 1927 1951 1748 2020 2180 2000 1835 1931 2245 1945 2063 1987 2112 2087 2117 1791 2097 1825 1997 2027 1958 2252 2033 1977 1814 2092 
2018 1628 2112 1923 2265 2110 1812 1984 1571 1899 1930 1817 1744 1983 2236 1904 2039 1922 2038 2010 1970 1697 1965 1835 1799 1960 1979 1979 1968 1915 1711 1923 
1623 1636 2167 1922 2339 2076 1731 1979 1569 1982 1954 2015 1724 1946 2047 1858 2022 1864 2118 1824 2057 1609 1975 1797 1892 1926 1819 1957 1894 1722 1667 2069 
2020 1756 2025 1888 2103 2234 1786 1849 1575 1979 1974 1720 1721 1926 2189 1828 1858 1897 2003 2050 1969 1736 1823 1773 1731 1987 1993 1898 1872 1763 1685 1876 
1963 1601 2147 2171 2155 2060 1958 2009 1663 1926 2113 1715 1734 1954 2311 1907 2025 2002 1915 2108 2062 1834 2220 1812 1962 2102 2002 2085 1970 2034 1866 2205 
1803 1714 2143 1923 2156 2023 1636 1873 1544 1992 1977 1807 1759 1948 2034 1701 1911 1767 1989 2022 1918 1802 1899 1822 1825 1987 1707 1961 1843 1706 1798 1851 
1843 1490 1915 1884 2123 2064 1673 1814 1403 1763 2013 1804 1575 1696 1948 1687 1670 1649 1858 1898 1778 1711 1900 1637 1856 1968 2000 1875 1802 1845 1642 1695 
1917 1643 2092 1992 2079 2130 1937 1826 1705 1826 2131 1788 1755 1990 2093 1849 1874 1915 1957 2028 2005 1890 2088 1820 1888 2004 1890 2118 1841 1797 2013 1952 
1832 1750 2180 2048 2094 2295 1811 1960 1852 1928 2261 1733 1734 1907 2093 1860 1906 2036 1873 2027 2165 1793 2091 1784 1851 1984 1917 1997 1950 1923 1874 1908 
1888 1606 2200 1922 2233 2142 1912 1833 1662 1993 2137 1764 1875 2074 2236 1781 1825 1914 2005 2102 2130 1946 2156 1831 1791 1900 1990 1934 1932 2040 2009 1919 
1866 1563 1944 2106 2149 2082 1980 1860 1660 2012 2017 1946 1949 1792 2058 1781 1824 2006 2132 2062 2241 1906 2101 1776 1793 1838 2111 1934 2060 1969 1841 1865 
1812 1675 2094 1899 2133 2146 1912 2066 1723 1891 2006 1866 1896 2055 2128 1831 1969 1941 2069 1913 2103 1883 1995 1884 1907 1858 1970 2071 2048 1824 1865 2096 
1767 1543 2140 2028 2134 2026 1926 1896 1724 2036 2101 1874 1842 2109 2060 1678 1828 1986 2099 2168 2089 1855 2040 1822 1854 2081 1883 1960 1820 1998 1867 1939 
2016 1782 2253 2095 2258 2214 2083 2022 1741 2076 2208 1964 1939 1997 2279 1929 1966 1947 2073 2113 2237 1901 2131 2052 1974 2075 2086 2154 1952 1976 1941 2071 
1849 1558 2003 2115 2151 1990 1831 1854 1658 1979 2011 1608 1844 1925 2237 1873 1941 1825 1954 2145 1959 1828 2134 2031 1920 2073 2091 1937 1913 1958 1873 2164 
1961 1910 2444 2120 2352 2365 1853 2068 1753 1992 2372 1834 1915 2103 2198 1951 2000 2107 2060 2170 2080 2003 2275 1998 2054 2012 2123 2149 2073 2124 1970 2088 
1792 1656 2108 1973 2293 2074 1788 1862 1470 1876 1930 1954 1822 1853 2119 1924 1827 1926 1933 1836 1982 1771 1973 1869 1800 1906 2102 2088 1878 1756 1920 1859 
1703 1422 1876 1496 1994 1862 1561 1662 1399 1648 1807 1435 1553 1774 1993 1428 1613 1598 1728 1712 1714 1630 1813 1556 1620 1821 1734 1807 1657 1513 1603 1670 
1904 1520 2150 1937 2294 1980 1790 1867 1659 2090 2052 1809 1839 1856 2219 1934 1890 1850 2271 2065 1959 1828 1983 1858 1894 2021 1993 1967 1900 1706 2021 1910 
1952 1826 2272 2251 2266 2191 2059 2046 1896 1945 2312 1750 1884 2081 2304 1982 2021 2129 2172 2147 2123 1934 2295 2054 2102 2045 2034 2210 2064 2061 2009 2212 
1941 1637 2243 2086 2176 2283 1940 1993 1663 2054 2212 1869 1792 1967 2241 1964 1919 1891 2124 2079 2140 1930 2095 1923 1974 2097 1997 1984 2091 2099 1889 1991 
1895 1739 2185 1978 2280 2242 1878 1905 1695 2087 2162 1733 1812 2066 2258 1956 1949 1964 2087 2160 2103 1915 2153 1846 1976 2171 2052 2122 2048 2051 1960 2065 
2009 1712 2145 2031 2367 2232 1933 1913 1709 1937 2208 1741 1809 2051 2300 1861 2072 2017 2074 2031 2132 1934 2067 2023 2154 2047 1923 2174 2191 1887 2203 1988 
1996 1727 2242 2060 2270 2167 1875 2102 1896 2113 2299 1994 1925 1941 2249 1948 1924 2022 2167 2076 2199 2032 1991 2069 1912 2144 2112 2165 2022 1889 2053 2105 
2035 1713 2232 2059 2272 2174 1986 1982 1706 1957 2114 1852 1840 2035 2439 1934 1842 1890 2074 2127 2318 1966 2147 1808 1969 2085 2194 2193 2005 1910 1873 2062 
