2429 2147 2835 2783 2787 2952 2615 2409 2170 2661 2823 2479 2333 2361 2920 2503 2498 2440 2668 2945 2784 2392 2565 2366 2504 2713 2668 2682 2515 2458 2579 2575 
2414 2218 2495 2646 2731 2596 2276 2319 1985 2605 2624 2339 2302 2263 2727 2167 2431 2409 2390 2655 2442 2314 2536 2436 2408 2682 2388 2715 2613 2170 2269 2474 
2632 2432 2836 2803 2888 2986 2745 2692 2330 2758 2966 2577 2572 2530 2857 2631 2584 2705 2711 2773 2956 2441 2671 2546 2575 2668 2682 2843 2629 2325 2763 2784 
2357 2120 2623 2512 2616 2721 2395 2431 2179 2652 2642 2340 2363 2440 2652 2234 2442 2443 2488 2456 2668 2161 2462 2351 2368 2325 2423 2690 2432 2155 2499 2610 
2814 2547 3113 2833 3086 3207 2841 2860 2562 2906 3191 2635 2724 2799 3174 2815 2642 2603 3022 3008 2944 2734 2960 2793 2844 3055 2998 2777 2921 2821 2919 2855 
2680 2370 2752 2470 2684 2905 2605 2592 2430 2682 2622 2529 2410 2297 3056 2541 2419 2502 2609 2777 2623 2523 2604 2594 2599 2703 2677 2647 2640 2401 2622 2657 
2484 2182 2656 2526 2599 2925 2399 2540 1879 2645 2743 2355 2374 2386 2603 2569 2254 2363 2469 2630 2644 2345 2521 2495 2656 2438 2545 2545 2448 2384 2282 2603 
2798 2532 3044 2903 2827 3107 2617 2653 2340 2902 2928 2753 2598 2569 3041 2609 2741 2638 2850 2920 2878 2541 2751 2546 2787 2740 2656 3039 2795 2604 2520 2809 
2596 2083 2613 2583 2838 2712 2375 2545 1934 2584 2536 2477 2411 2541 2922 2520 2578 2505 2672 2656 2616 2302 2507 2486 2480 2539 2364 2741 2688 2360 2281 2559 
2203 2165 2790 2473 2854 2765 2365 2603 2113 2775 2523 2567 2441 2493 2690 2448 2591 2338 2765 2443 2613 2295 2603 2463 2498 2466 2363 2612 2599 2142 2227 2743 
2593 2327 2685 2530 2630 2887 2430 2564 2259 2817 2586 2356 2416 2366 2854 2416 2521 2382 2624 2689 2611 2375 2408 2361 2335 2673 2522 2529 2510 2170 2236 2482 
2572 2238 2772 2884 2753 2822 2691 2675 2256 2706 2833 2335 2392 2418 2957 2674 2676 2596 2507 2792 2670 2523 2759 2416 2546 2741 2640 2769 2737 2582 2606 2920 
2339 2213 2710 2389 2579 2689 2213 2332 2076 2720 2636 2282 2427 2334 2630 2212 2414 2223 2575 2516 2480 2404 2428 2431 2453 2562 2263 2542 2366 2147 2333 2447 
2552 2124 2567 2545 2667 2735 2188 2413 1885 2611 2671 2488 2301 2281 2671 2274 2343 2319 2566 2611 2406 2306 2538 2347 2544 2503 2467 2601 2535 2358 2252 2392 
2718 2307 2745 2618 2660 2845 2503 2564 2259 2669 2825 2516 2475 2534 2856 2474 2569 2533 2692 2755 2644 2583 2710 2502 2615 2578 2513 2832 2619 2285 2633 2700 
2320 2146 2776 2603 2612 2888 2372 2523 2331 2591 2839 2337 2290 2393 2704 2491 2499 2451 2422 2674 2731 2336 2541 2285 2456 2538 2316 2598 2576 2227 2406 2497 
2600 2289 2912 2693 2855 2917 2640 2503 2281 2823 2898 2539 2612 2561 3026 2492 2519 2523 2622 2835 2877 2716 2699 2580 2579 2723 2639 2674 2736 2501 2761 2619 
2530 2145 2602 2674 2669 2764 2633 2357 2125 2767 2754 2558 2584 2188 2787 2376 2387 2532 2710 2689 2828 2547 2618 2431 2528 2461 2780 2558 2755 2377 2527 2507 
2506 2247 2800 2509 2737 2894 2607 2672 2237 2694 2754 2490 2607 2532 2894 2522 2602 2476 2696 2648 2764 2544 2611 2582 2672 2551 2625 2810 2798 2275 2592 2810 
2358 2125 2744 2659 2702 2767 2453 2450 2230 2865 2796 2554 2477 2601 2771 2294 2521 2584 2667 2855 2647 2463 2632 2543 2452 2659 2368 2532 2534 2527 2507 2602 
2736 2412 2959 2817 2914 2995 2821 2698 2368 2916 3060 2720 2756 2556 3029 2637 2702 2552 2837 2844 2972 2611 2730 2815 2734 2814 2770 2899 2746 2515 2721 2859 
2466 2159 2698 2895 2790 2686 2614 2569 2238 2768 2859 2318 2568 2453 3013 2598 2592 2390 2638 2897 2631 2495 2669 2711 2659 2832 2776 2658 2620 2461 2625 2910 
2592 2392 3004 2809 3038 3174 2567 2685 2287 2718 3016 2560 2575 2558 2894 2543 2631 2644 2677 2894 2802 2650 2778 2543 2740 2667 2713 2885 2810 2514 2518 2748 
2381 2217 2695 2573 2786 2755 2373 2367 1976 2590 2689 2572 2428 2318 2728 2641 2443 2468 2523 2461 2591 2396 2382 2541 2465 2567 2615 2701 2526 2215 2705 2565 
2429 2110 2580 2063 2591 2668 2260 2353 2019 2491 2500 2190 2263 2306 2766 2151 2267 2142 2454 2508 2371 2377 2512 2242 2330 2497 2341 2526 2446 2083 2340 2389 
2574 2129 2751 2649 2788 2610 2397 2500 2180 2840 2721 2381 2411 2324 2796 2527 2473 2388 2813 2628 2592 2488 2450 2473 2562 2667 2609 2571 2537 2207 2686 2519 
2601 2356 2877 2864 2837 2990 2747 2648 2377 2801 2964 2524 2501 2589 3009 2598 2681 2649 2806 2892 2748 2522 2810 2686 2821 2701 2516 2877 2838 2444 2543 2840 
2563 2192 2857 2692 2799 2972 2566 2521 2030 2719 2847 2598 2417 2487 2973 2584 2449 2443 2771 2822 2760 2549 2617 2529 2641 2707 2525 2697 2840 2529 2575 2567 
2554 2270 2850 2614 2789 2941 2486 2545 2270 2853 2766 2317 2443 2558 2868 2523 2576 2482 2720 2854 2761 2506 2681 2523 2593 2811 2631 2796 2679 2449 2642 2755 
2722 2372 2879 2681 2960 3017 2651 2607 2368 2849 2938 2431 2574 2557 3031 2507 2738 2603 2819 2724 2838 2667 2708 2764 2817 2798 2610 2886 2951 2392 2889 2693 
2712 2415 2933 2872 3001 3018 2644 2887 2557 2966 3029 2850 2774 2473 3111 2755 2670 2644 2864 2881 2932 2801 2699 2793 2620 2941 2711 2973 2895 2436 2797 2815 
2695 2337 2915 2744 2923 2982 2704 2690 2365 2830 2866 2537 2611 2503 3196 2650 2607 2528 2807 2819 2980 2690 2819 2556 2605 2733 2892 2968 2803 2429 2629 2788 
