3890 3617 4055 4216 4007 4547 3922 3787 3648 3877 4136 3884 3819 3446 4436 3865 3977 3752 4001 4467 4049 3683 4010 3540 4099 3850 4128 4057 3552 3823 4082 3961 
3777 3590 3626 3958 4023 4024 3521 3709 3462 3823 3870 3523 3657 3352 4183 3527 3775 3653 3631 4097 3695 3743 3903 3666 3932 3811 3761 3950 3640 3476 3747 3652 
4057 3894 4210 4261 4288 4683 4029 4161 3834 4059 4228 4027 3989 3715 4487 4032 3986 4306 4071 4399 4331 3783 4189 3934 4203 3915 4146 4145 3847 3934 4431 4075 
3809 3521 3895 3846 3851 4348 3766 3705 3752 3793 3828 3661 3725 3516 4245 3710 3840 3918 3945 3999 4060 3455 3902 3635 3847 3643 3790 4040 3582 3488 4062 3865 
4116 3747 4243 4118 4198 4667 3991 3975 3869 3910 4315 3743 4037 3697 4550 4005 3974 3781 4167 4357 4106 3866 4279 3772 4100 4144 4281 4001 3921 4057 4175 3954 
3944 3629 3692 3637 3767 4384 3817 3761 3845 3828 3715 3611 3710 3187 4334 3764 3651 3787 3668 4132 3649 3674 3885 3640 4010 3656 3994 3742 3678 3726 3938 3760 
4044 3650 3818 3806 3906 4661 3742 3853 3451 3941 3907 3574 3717 3569 4193 3855 3600 3803 3847 4226 4065 3679 4024 3822 4209 3722 3833 3821 3564 3758 3839 3917 
4229 3981 4371 4267 4119 4831 3912 3943 3889 4170 4034 4050 3980 3710 4596 3984 4039 4105 4240 4426 4157 3773 4171 3819 4300 4037 4140 4330 3792 4123 3978 4002 
3908 3528 3882 3931 4088 4341 3692 3949 3524 3876 3783 3788 3783 3620 4601 3910 4123 3998 3940 4364 4148 3695 4063 3733 4094 3836 3726 4092 3979 3861 3848 3765 
3726 3384 3907 3629 4200 4207 3586 3846 3526 3912 3706 3649 3655 3615 4030 3584 3751 3603 3969 3871 3877 3374 3795 3602 3875 3506 3551 3755 3616 3466 3601 3905 
4021 3836 3959 3824 3942 4503 3774 3903 3763 4102 3801 3639 3791 3410 4449 3749 3983 3858 3924 4336 4001 3705 3839 3503 3875 3940 3839 3910 3700 3719 3830 3749 
3871 3401 3777 4038 3819 4264 3839 3858 3600 3884 3936 3407 3641 3522 4203 3841 3783 3825 3608 4149 3886 3622 3970 3506 3772 3822 3834 3820 3735 3802 3922 4095 
3643 3484 3750 3659 3660 4332 3483 3563 3518 3899 3769 3492 3771 3426 4032 3527 3742 3444 3816 4079 3643 3652 3734 3595 3912 3832 3600 3674 3377 3559 3750 3799 
3835 3236 3627 3682 3797 4117 3223 3462 3093 3694 3647 3582 3410 3162 3883 3338 3410 3384 3679 3878 3622 3262 3689 3369 3781 3521 3678 3654 3427 3416 3446 3412 
4032 3543 3785 3747 3620 4295 3606 3669 3575 3815 4011 3651 3731 3344 4185 3542 3773 3729 3890 4066 3764 3667 3924 3480 3979 3648 3733 3986 3475 3430 3879 3799 
3640 3464 3875 3802 3755 4392 3624 3910 3649 3828 3982 3568 3539 3485 4119 3833 3845 3754 3573 4026 3974 3654 3877 3370 3920 3671 3617 3731 3626 3613 3919 3699 
3801 3536 4016 3732 3932 4343 3765 3598 3535 3852 3944 3666 3875 3539 4287 3736 3757 3646 3699 4120 3935 3818 3984 3666 3939 3733 3840 3792 3706 3848 4075 3703 
3918 3461 3809 3950 3873 4192 3941 3545 3558 3849 3911 3688 3858 3198 4183 3577 3694 3750 4028 4131 4212 3816 3995 3503 3943 3565 4098 3806 3818 3633 3908 3657 
3652 3329 3730 3637 3753 4111 3690 3779 3294 3585 3778 3356 3653 3325 3971 3477 3703 3495 3655 3724 3715 3553 3750 3507 3855 3470 3764 3879 3568 3438 3732 3807 
3870 3635 4084 3953 3976 4388 3826 3828 3690 4041 4026 3754 3860 3756 4234 3557 3904 3911 4018 4202 4099 3817 4033 3837 3996 3917 3715 3865 3505 3917 3913 3950 
3922 3627 3853 4013 3970 4441 3911 3773 3717 3977 4131 3873 4007 3455 4426 3786 3969 3692 4063 4238 4199 3877 3963 3708 3974 3916 3898 3931 3696 3811 4062 3931 
3912 3569 3943 4258 4059 4324 4039 3886 3800 3999 4094 3680 3997 3429 4560 3973 3973 3753 4030 4480 3961 3884 4101 3951 4292 4153 4175 3922 3674 3964 4276 4169 
3863 3568 4083 4056 4123 4646 3812 3981 3623 3884 4229 3858 3971 3582 4294 3810 4017 3919 3972 4402 3985 3814 4053 3700 4187 3834 4061 4107 3749 3809 3768 3983 
3773 3442 3873 3761 4030 4375 3540 3483 3369 3802 3796 3758 3810 3401 4061 3944 3707 3664 3873 3855 3840 3662 3690 3792 3724 3804 3921 3847 3573 3551 4063 3694 
3822 3361 3613 3244 3725 4103 3408 3581 3401 3597 3614 3418 3563 3317 4158 3392 3566 3409 3792 3878 3619 3558 3960 3480 3759 3641 3728 3640 3383 3389 3683 3428 
3842 3257 3799 3854 3810 4098 3499 3595 3566 3909 3758 3442 3645 3359 4155 3662 3627 3520 3942 4064 3806 3579 3640 3622 3771 3832 3833 3676 3467 3517 3919 3622 
3841 3588 3818 3990 3946 4319 3954 3715 3713 3898 4124 3529 3693 3576 4269 3896 3844 3878 3896 4221 3851 3625 4002 3745 4211 3730 3625 3965 3898 3589 3675 3920 
3950 3569 4110 3907 3943 4528 3774 3719 3423 3836 3973 3916 3691 3513 4435 3784 3769 3711 4095 4370 3995 3744 4011 3633 4130 3991 3858 3954 3829 3794 4040 3819 
3876 3432 3960 3798 3951 4359 3732 3748 3551 4015 3896 3493 3704 3570 4290 3697 3901 3633 3960 4279 3968 3653 3945 3752 3952 3957 3976 3873 3635 3750 3995 3869 
4055 3674 4014 3916 4120 4493 3894 3790 3663 3997 4189 3728 3836 3531 4447 3673 3988 3965 4084 4165 4096 3822 3871 3909 4222 3919 3841 4064 3896 3776 4275 3883 
4295 3839 4273 4241 4206 4772 3995 4229 4274 4239 4404 4121 4237 3599 4774 4068 4212 4084 4290 4440 4440 4302 4218 4085 4236 4222 4120 4302 4029 4000 4387 4107 
4025 3625 4057 4103 4079 4613 3835 3915 3826 3856 3938 3776 3874 3549 4529 3851 3967 3807 4019 4202 4129 3956 4196 3672 4033 3839 4248 4030 3942 3811 3980 3964 
