3814 4093 4137 3777 3776 3896 3760 3911 3806 3998 3801 3931 3886 4004 3874 3592 4429 3853 3709 3887 3912 3741 3632 3684 3947 3791 3695 3691 4131 3823 3922 3679 
3846 3904 4216 3720 3692 3918 3827 3837 3990 3968 3872 3935 3758 4011 3775 3585 4457 3881 3646 3522 3852 3718 3761 3692 3711 3784 3646 3956 3941 3628 3656 3742 
3955 4284 4186 3839 3789 4168 4235 4191 4022 3773 4070 4217 3955 4160 3898 3803 4678 4038 4120 3806 3815 4134 4005 4004 3948 4185 3761 3986 4178 3936 4012 3827 
3629 3841 3899 3551 3568 3747 3955 3671 3302 3741 3864 3934 3735 3898 3626 3257 3972 3618 3502 3509 3632 3677 3679 3531 3645 3680 3595 3716 3962 3627 3914 3480 
3868 4101 3967 3723 3786 3974 4022 4097 3599 3762 3647 3978 3657 3984 3761 3518 4388 3817 3730 3502 3655 3812 3535 3612 3845 3808 3514 3753 3980 3803 3740 3640 
3502 4056 3885 3555 3232 3754 3926 3473 3659 3676 3535 3695 3539 3871 3625 3450 3890 3742 3716 3360 3433 3695 3501 3684 3512 3517 3464 3660 3983 3650 3676 3413 
3793 4143 4143 3740 3516 4017 4048 3958 3863 3757 4004 4031 3765 4067 3844 3563 4392 4010 3919 3613 3642 3951 3605 3720 3804 3978 3775 4026 4002 3804 3860 3540 
3933 4033 4189 3863 3650 3942 3925 3949 3945 3976 3778 4120 3767 4216 3744 3702 4763 4065 3978 3533 3818 3949 3802 3816 3678 3952 3835 4147 4145 3794 4123 3879 
3989 4199 4008 3717 3626 4042 3951 3988 3710 4040 3639 4024 3808 3923 3933 3557 4480 3733 3576 3941 3643 3838 3892 3789 3860 4066 3976 3755 4086 3739 3912 3479 
3726 3962 4013 3531 3339 3636 3758 3702 3663 3734 3363 3681 3524 3907 3732 3572 4258 3656 3633 3439 3639 3660 3404 3492 3477 3642 3683 3850 3838 3423 3509 3403 
3978 4154 3901 3653 3507 4011 3876 4060 3713 3690 3635 3967 3701 4103 3799 3632 4309 3950 3808 3489 3877 4060 3741 3794 3744 4113 3672 3533 4125 3664 3790 3535 
3727 3606 3859 3531 3169 3492 3517 3539 3215 3371 3680 3525 3485 3691 3346 3330 3610 3595 3440 3309 3392 3594 3469 3299 3413 3514 3390 3611 3459 3432 3611 3403 
3905 3895 3811 3842 3443 4020 3855 3780 3644 3638 3525 3965 3432 3905 3810 3666 4196 3816 3758 3205 3729 3895 3644 3679 3414 3767 3628 3840 3859 3570 3811 3347 
3925 4043 3743 3613 3554 3987 3714 3635 3944 3664 3612 3939 3612 3847 3486 3366 4310 3838 3837 3384 3791 3821 3547 3615 3744 3984 3630 3851 3951 3773 3782 3692 
3402 3737 3861 3521 3455 3632 3781 3693 3433 3613 3811 3738 3537 3802 3322 3348 4288 4005 3348 3493 3557 3601 3549 3427 3660 3473 3543 3608 3798 3294 3639 3520 
3583 4008 3705 3370 3501 3755 3785 3835 3572 3640 3803 3730 3657 3870 3425 3450 4263 3598 3605 3297 3654 3854 3598 3485 3739 3612 3602 3659 3889 3544 3633 3287 
3485 3889 3612 3487 3463 3645 3642 3678 3297 3775 3659 3770 3597 3668 3501 3417 4114 3627 3507 3398 3619 3599 3559 3788 3359 3625 3463 3647 3779 3344 3824 3414 
3696 3841 3888 3643 3321 3805 3832 3783 3418 3868 3621 3767 3513 3678 3665 3411 4083 3664 3633 3351 3716 3660 3221 3475 3515 3624 3584 3651 3850 3750 3665 3426 
3488 3790 3571 3450 3292 3781 3841 3652 3503 3423 3583 3819 3338 3886 3714 3580 4122 3584 3441 3377 3422 3527 3264 3433 3447 3616 3315 3804 3896 3374 3618 3197 
3866 3988 3850 3787 3820 3967 3814 4000 3630 3842 3690 4180 3625 3668 3709 3628 4297 3775 3797 3524 3804 3934 3817 3765 3716 3712 3854 3860 3969 3723 3693 3618 
3698 4063 4180 3707 3816 3977 3942 3860 3977 4040 3938 3953 3869 4164 3696 3743 4438 4175 3638 3817 4024 3764 3644 3725 3780 4031 3771 3902 4065 3599 3829 3714 
4033 4188 4330 3845 3979 3975 4153 4253 3877 4124 3916 4041 3732 4256 3894 3842 4503 3966 3915 3771 4064 4174 3772 3954 3833 3826 3880 3936 4242 3796 3946 3734 
3904 4204 3988 3620 3774 3838 4003 3961 3595 3895 3913 3988 3664 4056 3755 3602 4385 3957 3673 3583 3710 3692 3712 3989 3795 3739 3748 3972 4087 3762 3790 3538 
3730 3842 3945 3586 3454 3950 3722 3601 3624 3811 3548 3803 3561 3791 3691 3227 4229 3862 3712 3363 3710 3860 3611 3776 3582 3620 3543 3612 3961 3621 3613 3506 
3586 4052 3813 3506 3331 3758 3598 3694 3333 3764 3524 3682 3486 3720 3742 3533 4181 3705 3556 3261 3503 3620 3309 3541 3469 3477 3347 3882 4076 3377 3709 3444 
3558 3513 3736 3446 3304 3361 3823 3532 3098 3465 3452 3610 3182 3715 3556 3215 3902 3483 3652 3223 3448 3570 3313 3366 3281 3592 3374 3526 3796 3460 3472 3313 
3632 4024 3964 3720 3707 3950 4092 4048 4002 3929 3873 3879 3625 4296 3699 3679 4297 4031 3630 3551 3913 3883 3685 3663 3700 3940 3833 3855 3883 3567 3669 3506 
3615 3912 3760 3589 3722 3935 3919 3645 3568 3790 3672 4064 3641 3819 3746 3376 4118 3835 3581 3375 3415 3627 3555 3620 3501 3831 3591 3746 4033 3566 3664 3608 
3885 4006 3829 3602 3678 3832 3894 3796 3728 3945 3439 3887 3618 3990 3711 3658 4329 3927 3457 3536 3789 3971 3663 3919 3755 3775 3534 3854 3902 3610 3798 3700 
4037 4318 4078 3915 3761 4037 4240 3885 3828 4118 3703 4249 3856 4019 3678 3670 4320 4167 4014 3744 4024 3787 3604 3780 4129 4001 3661 3978 4158 3870 4029 3813 
4086 4398 4219 3949 3893 4398 4087 3987 3820 4391 3975 4319 3854 4185 4051 3953 4321 4133 3949 3828 4003 4032 3904 3762 4059 3950 4044 4154 4334 3820 3975 3904 
4034 4048 4234 3911 3503 4030 3955 3985 3609 4059 4012 4376 3872 4207 3729 3765 4369 4042 4005 3802 3993 3834 3646 3615 3653 3896 3668 3967 4021 3861 3894 3802 
