4459 4899 4890 4571 4379 4603 4380 4790 4656 4692 4507 4629 4598 4745 4846 4376 5210 4557 4426 4557 4722 4510 4114 4197 4659 4578 4481 4371 4955 4643 4695 4532 
4427 4628 4959 4397 4342 4493 4429 4594 4838 4687 4542 4663 4452 4739 4611 4303 5160 4698 4410 4138 4583 4382 4288 4211 4421 4446 4418 4500 4557 4447 4297 4599 
4511 4910 4743 4475 4372 4809 4820 4920 4800 4297 4662 4771 4556 4821 4651 4475 5287 4698 4730 4437 4521 4780 4410 4516 4485 4826 4446 4544 4866 4592 4631 4528 
4370 4627 4760 4440 4272 4409 4573 4526 4189 4505 4548 4747 4492 4710 4545 4002 4787 4390 4229 4180 4424 4489 4239 4226 4524 4347 4475 4443 4817 4432 4609 4404 
4573 4769 4714 4541 4415 4512 4707 4969 4430 4534 4310 4751 4289 4786 4651 4157 5178 4593 4393 4215 4409 4512 3999 4135 4585 4483 4223 4461 4780 4511 4369 4562 
4047 4692 4581 4220 3730 4214 4436 4085 4367 4251 4081 4284 4176 4420 4405 4036 4469 4476 4344 3912 4022 4246 3988 4088 4138 4122 4023 4116 4484 4352 4171 4054 
4331 4703 4783 4280 4112 4605 4490 4503 4530 4314 4496 4504 4346 4639 4507 4102 5085 4623 4366 4150 4208 4514 4025 4210 4392 4643 4349 4463 4647 4388 4431 4153 
4539 4716 4914 4424 4227 4577 4456 4512 4710 4499 4414 4710 4451 4765 4441 4346 5404 4774 4565 4081 4340 4572 4158 4382 4293 4624 4433 4654 4841 4494 4722 4518 
4692 4886 4727 4317 4261 4590 4466 4648 4474 4671 4218 4616 4350 4580 4640 4076 5188 4345 4190 4646 4243 4491 4380 4313 4569 4704 4638 4329 4777 4390 4512 4232 
4391 4677 4787 4139 3965 4172 4314 4394 4429 4331 4040 4356 4185 4470 4552 4090 5002 4384 4279 4050 4160 4382 3906 4047 4191 4342 4248 4349 4531 4143 4115 4091 
4665 4968 4744 4355 4226 4681 4589 4882 4571 4387 4273 4677 4396 4794 4757 4286 5178 4723 4543 4169 4575 4822 4281 4428 4500 4908 4376 4105 4865 4490 4456 4330 
4443 4565 4814 4203 3861 4246 4153 4399 4090 4068 4555 4294 4234 4549 4331 4090 4386 4472 4273 4027 4185 4403 4020 3960 4236 4316 4269 4200 4272 4315 4392 4333 
4519 4623 4632 4660 4158 4663 4499 4577 4610 4389 4295 4761 4270 4697 4706 4463 5021 4802 4529 3843 4512 4690 4088 4212 4174 4573 4402 4511 4722 4408 4528 4167 
4576 4844 4603 4384 4309 4699 4358 4412 4735 4340 4218 4566 4325 4542 4401 4076 5154 4564 4467 4057 4540 4472 4143 4231 4454 4762 4358 4434 4706 4544 4506 4446 
3879 4322 4522 4081 3975 4207 4204 4159 4058 4109 4277 4189 4147 4316 3948 3924 4779 4595 3837 3933 4014 4050 3926 3927 4205 4026 4151 3978 4317 3903 4183 4031 
4108 4653 4284 3856 4014 4234 4246 4387 4212 4163 4300 4221 4180 4368 4020 3928 4827 4170 4066 3761 4155 4362 3980 3911 4212 4127 4002 4076 4373 4152 4110 3896 
4058 4585 4370 4178 4064 4156 4179 4366 3989 4378 4241 4340 4275 4225 4328 4004 4750 4254 4087 3944 4198 4194 3997 4286 4010 4285 4144 4146 4437 3988 4412 4078 
4266 4591 4592 4275 3942 4354 4296 4455 4093 4473 4258 4387 4088 4311 4423 3959 4807 4313 4210 3960 4284 4377 3675 3934 4185 4234 4181 4197 4539 4388 4269 4151 
4227 4457 4381 4143 3948 4410 4453 4390 4374 4063 4175 4506 4049 4540 4492 4259 4878 4344 4085 3965 4045 4189 3745 4018 4157 4339 4087 4365 4634 4168 4295 3874 
4612 4738 4670 4575 4551 4613 4539 4707 4616 4514 4330 4817 4376 4357 4600 4380 5132 4627 4496 4214 4574 4627 4429 4370 4516 4470 4535 4394 4664 4552 4361 4384 
4331 4724 4905 4336 4430 4584 4539 4555 4742 4656 4536 4528 4510 4814 4522 4361 5185 4871 4217 4449 4750 4429 4098 4259 4504 4765 4432 4412 4783 4251 4436 4518 
4598 4831 5004 4354 4468 4644 4670 4939 4567 4651 4525 4581 4301 4906 4668 4460 5143 4614 4515 4359 4704 4808 4251 4527 4430 4496 4614 4405 4887 4509 4569 4476 
4440 4953 4706 4322 4495 4523 4583 4638 4466 4577 4519 4632 4380 4736 4617 4319 5115 4715 4395 4248 4380 4472 4191 4519 4538 4511 4497 4518 4797 4564 4468 4237 
4338 4643 4802 4373 4187 4604 4313 4364 4465 4525 4226 4466 4347 4527 4572 3972 4964 4674 4451 4029 4504 4539 4125 4333 4323 4387 4345 4177 4670 4420 4241 4308 
4242 4845 4587 4330 4019 4377 4205 4447 4115 4362 4085 4260 4188 4398 4585 4182 4902 4431 4199 3960 4180 4313 3819 4146 4165 4195 4092 4510 4817 4101 4320 4240 
4090 4142 4397 4057 3826 3838 4327 4141 3799 4052 3932 4207 3729 4349 4304 3787 4518 4102 4212 3747 4075 4173 3810 3784 3838 4143 3956 3991 4321 4137 3978 3953 
4258 4772 4730 4483 4366 4673 4752 4800 4850 4557 4544 4536 4336 5012 4548 4363 5071 4817 4403 4242 4565 4701 4175 4305 4452 4684 4673 4442 4613 4394 4313 4186 
4267 4787 4633 4211 4422 4689 4568 4402 4397 4491 4412 4802 4427 4516 4634 4104 4919 4712 4272 4011 4032 4415 4090 4273 4239 4599 4336 4324 4787 4417 4382 4387 
4650 4827 4622 4344 4408 4540 4554 4611 4620 4650 4094 4583 4306 4752 4628 4332 5133 4646 4143 4231 4518 4705 4279 4591 4598 4471 4255 4451 4643 4351 4513 4529 
4559 4970 4736 4339 4314 4584 4708 4429 4485 4684 4247 4801 4398 4562 4341 4205 4924 4782 4507 4287 4571 4333 4041 4267 4708 4518 4227 4383 4683 4459 4554 4480 
4720 5289 5015 4744 4611 5149 4734 4813 4696 5070 4795 5028 4671 4941 5051 4738 5145 4976 4745 4510 4794 4873 4427 4399 4842 4747 4792 4790 5147 4626 4697 4758 
4614 4680 4966 4583 4071 4529 4447 4627 4250 4646 4540 4930 4497 4820 4368 4301 5006 4680 4575 4300 4527 4457 4034 4108 4325 4513 4352 4503 4708 4502 4426 4473 
