3110 3215 3391 3194 3115 3301 3296 3385 3159 3335 3173 3165 3343 3232 3211 2969 3469 3337 3037 3222 3203 3134 3088 3057 3303 3034 3118 3002 3449 3073 3271 2985 
2973 3123 3322 3035 3076 3282 3142 3225 3315 3282 3101 3238 3193 3258 3037 2892 3502 3270 2856 2943 3145 3048 3195 2983 2998 3071 3028 3155 3220 2874 3050 3091 
3152 3572 3433 3169 3141 3515 3510 3566 3434 3169 3419 3528 3356 3496 3204 3124 3777 3369 3360 3132 3137 3393 3428 3220 3137 3427 3197 3215 3473 3173 3396 3194 
2999 3185 3296 3060 3024 3216 3467 3247 2935 3207 3211 3399 3245 3335 3009 2809 3372 3178 2998 2969 3052 3168 3309 3035 3041 3100 3049 3107 3336 2890 3377 3026 
3236 3475 3359 3183 3242 3422 3552 3611 3133 3307 3147 3374 3214 3413 3150 3003 3592 3362 3103 2973 3156 3291 3085 3008 3273 3226 3081 3189 3413 3197 3234 3060 
2779 3180 3108 2885 2701 3136 3285 2895 2983 3059 2762 3051 3001 3086 3085 2770 3057 3134 2933 2801 2754 2924 2915 3028 2829 2829 2918 2887 3228 2871 3084 2755 
3110 3384 3312 3072 2952 3373 3400 3419 3257 3063 3273 3393 3258 3375 3136 2937 3492 3356 3185 3035 2916 3251 3096 3049 3112 3264 3239 3283 3244 3073 3199 2911 
3251 3328 3469 3182 3033 3244 3345 3392 3267 3379 3135 3491 3232 3452 3117 3084 3796 3547 3204 2971 3261 3278 3212 3130 2970 3269 3329 3390 3420 3131 3524 3188 
3335 3544 3365 3178 3054 3562 3446 3540 3217 3486 3023 3444 3321 3292 3337 3036 3688 3273 3001 3372 3109 3271 3489 3313 3231 3458 3492 3109 3454 3089 3427 2976 
3054 3278 3387 3027 2796 3164 3277 3232 3100 3173 2785 3016 3005 3290 3205 2942 3457 3169 2992 2903 3068 3128 2989 2959 2937 3052 3225 3221 3157 2829 3017 2939 
3278 3436 3311 3141 2994 3462 3365 3506 3166 3206 3042 3400 3226 3473 3275 3033 3591 3400 3156 2996 3333 3395 3174 3134 3175 3432 3183 3040 3519 3002 3239 2990 
3095 3029 3319 3005 2737 3111 3029 3034 2792 2927 3074 3042 3031 3181 2836 2771 3002 3151 2859 2852 2837 3050 2987 2833 2884 2992 2946 3063 2923 2824 3107 2927 
3266 3264 3049 3224 2846 3440 3267 3310 3040 3025 2878 3338 2965 3225 3176 3106 3365 3233 3083 2732 3120 3348 3183 3084 2788 3161 3120 3086 3157 2918 3294 2734 
2912 2990 2803 2829 2726 3241 2976 2878 3068 2848 2675 3076 2868 2914 2679 2549 3190 3036 2891 2661 2959 2921 2798 2801 2817 3074 2888 2944 3095 2778 2984 2915 
2750 3105 3203 2960 2997 3084 3162 3156 2923 3038 3216 3149 3006 3212 2739 2805 3537 3525 2713 3004 3003 2980 3080 2828 3003 2912 3014 2960 3095 2630 3077 3018 
2964 3226 3080 2780 2944 3197 3264 3221 2994 3058 3151 3178 3110 3161 2941 2878 3513 3100 2907 2810 3009 3215 3129 3020 3036 3066 3048 2938 3193 2819 3073 2690 
2941 3360 2950 2971 2938 3166 3208 3237 2821 3276 3103 3194 3183 3135 2915 3001 3372 3188 2983 2864 3075 3116 3151 3211 2833 3020 3030 3134 3151 2770 3411 2904 
2891 3100 3120 3036 2762 3264 3223 3177 2891 3256 2908 3157 2975 3013 3019 2751 3332 3082 2875 2756 3049 2924 2713 2818 2771 2958 2994 3032 3141 2959 3094 2844 
2950 3139 2900 2909 2808 3143 3319 3190 2928 2862 3009 3173 2913 3208 3104 2993 3282 3114 2812 2770 2912 2951 2877 2864 2877 3034 2874 3112 3130 2767 3088 2687 
3230 3339 3146 3222 3267 3420 3265 3468 3091 3298 3099 3513 3105 3123 3132 3148 3514 3263 3161 3063 3228 3329 3310 3084 3156 3086 3374 3282 3354 3094 3222 3111 
3028 3296 3432 3114 3168 3380 3350 3308 3240 3403 3233 3361 3307 3434 3032 3110 3543 3614 2985 3225 3353 3202 3128 3175 3111 3356 3262 3070 3398 2952 3312 3098 
3236 3429 3581 3204 3467 3442 3544 3690 3360 3556 3193 3503 3229 3571 3259 3251 3694 3427 3257 3213 3407 3500 3220 3260 3135 3136 3315 3280 3542 3057 3415 3125 
3181 3358 3265 3007 3140 3240 3382 3379 3052 3260 3203 3377 3096 3388 3026 2966 3582 3409 3017 2937 3067 3084 3242 3368 3202 3059 3168 3208 3421 3023 3250 2969 
3084 3022 3158 2973 2902 3228 3241 3070 2919 3096 2864 3181 3020 3066 3046 2657 3372 3287 2988 2778 2984 3242 3134 3119 2879 2943 2974 2905 3227 2891 3020 2850 
2964 3287 3132 2834 2763 3123 2998 3102 2775 3115 2846 3047 2943 3039 3075 2902 3340 3154 2799 2649 2887 2962 2878 2956 2789 2872 2767 3133 3289 2610 3069 2833 
3002 2918 3135 2945 2892 2918 3384 3094 2620 3012 2905 3143 2808 3142 3056 2733 3190 3117 3093 2778 2981 3010 2922 2852 2813 3063 2960 3020 3218 2923 3091 2841 
2871 3185 3156 3034 3035 3314 3448 3407 3329 3292 3102 3231 3053 3508 3004 3018 3375 3396 2881 2950 3209 3201 3087 3019 2957 3246 3286 3019 3111 2804 3061 2847 
3093 3266 3150 3022 3141 3316 3421 3222 3007 3220 3117 3403 3165 3211 3096 2836 3319 3337 3001 2859 2858 3164 3101 2994 2974 3192 3124 3089 3361 2995 3119 3073 
3188 3299 3114 3026 3100 3278 3383 3301 3206 3312 2834 3274 3087 3301 3012 3069 3470 3473 2849 2899 3169 3347 3253 3394 3100 3118 2980 3198 3182 2876 3255 3145 
3304 3501 3337 3205 3137 3448 3717 3311 3251 3476 3022 3593 3252 3356 3136 3062 3471 3615 3287 3174 3331 3239 3138 3197 3432 3349 3117 3275 3563 3147 3402 3238 
3508 3629 3589 3393 3323 3708 3534 3424 3287 3725 3308 3745 3311 3509 3440 3357 3648 3584 3320 3239 3322 3479 3487 3210 3411 3336 3445 3410 3599 3114 3344 3354 
3275 3300 3559 3292 2921 3509 3376 3408 3146 3518 3238 3659 3300 3602 3071 3086 3593 3468 3279 3191 3318 3206 3172 2995 3006 3281 3170 3267 3318 3068 3311 3232 
