1125 1020 1339 1167 1097 1256 1063 1208 1239 1333 1369 1350 1265 1411 1106 1120 1476 1284 1095 1198 1408 1303 1336 1243 1327 1243 1084 1278 1239 1037 1277 1348 
1464 1193 1410 1263 1267 1425 1270 1293 1466 1376 1390 1413 1229 1617 1155 1165 1535 1466 1261 1309 1481 1436 1498 1404 1337 1365 1234 1453 1449 1139 1277 1473 
1284 1451 1507 1248 1238 1422 1330 1369 1493 1154 1492 1408 1360 1624 1309 1244 1694 1359 1313 1324 1492 1621 1548 1466 1366 1419 1154 1371 1454 1177 1400 1450 
1223 1148 1392 1203 1215 1201 1263 1260 1202 1206 1361 1325 1247 1541 1189 1069 1499 1212 1176 1204 1315 1407 1481 1382 1243 1295 1198 1365 1267 1063 1288 1316 
1343 1326 1414 1300 1406 1444 1324 1421 1543 1271 1478 1571 1387 1631 1215 1279 1708 1412 1263 1307 1491 1540 1360 1397 1481 1435 1244 1497 1388 1169 1334 1468 
1033 1072 1152 1015 941 1185 1203 1089 1334 1027 1055 1055 1038 1353 1111 979 1293 1127 1026 1045 1102 1154 1188 1248 1090 1129 1062 1078 1245 883 1156 1135 
1145 1216 1220 1053 1142 1219 1072 1207 1335 982 1372 1204 1222 1435 1094 1065 1570 1218 1096 1237 1269 1327 1337 1334 1160 1372 1085 1278 1169 1071 1246 1297 
1223 1073 1303 1137 1118 1153 1115 1155 1369 1136 1222 1422 1163 1498 1081 1109 1512 1374 1206 1151 1294 1344 1329 1299 1177 1365 1211 1365 1276 1110 1398 1284 
1355 1369 1360 1268 1148 1427 1266 1370 1466 1291 1271 1454 1283 1398 1432 1243 1691 1353 1235 1421 1473 1458 1479 1406 1366 1480 1332 1451 1415 1171 1511 1275 
1341 1287 1315 1219 1225 1372 1345 1268 1394 1214 1296 1211 1159 1541 1340 1127 1647 1298 1260 1256 1401 1461 1401 1414 1349 1361 1250 1327 1419 1116 1322 1228 
1323 1340 1281 1163 1160 1432 1134 1416 1492 1105 1351 1324 1248 1502 1171 1137 1620 1323 1267 1158 1381 1432 1303 1303 1244 1414 1205 1302 1369 1047 1435 1285 
1233 1136 1353 1139 1153 1268 1012 1211 1232 1122 1316 1323 1190 1486 952 1130 1427 1289 1084 1189 1260 1355 1432 1303 1230 1316 1135 1378 1218 958 1275 1328 
1479 1290 1301 1254 1122 1430 1212 1406 1452 1190 1257 1491 1149 1423 1271 1220 1555 1359 1186 1111 1502 1603 1449 1478 1256 1344 1290 1369 1238 1072 1462 1249 
1208 1095 1184 1041 1067 1351 1130 1054 1395 1162 1200 1326 1151 1294 1027 1026 1508 1272 1156 1148 1390 1256 1250 1237 1154 1373 1101 1316 1224 1087 1255 1324 
1111 1069 1339 1058 1158 1238 1211 1213 1310 1237 1329 1277 1134 1512 1039 1147 1522 1457 1111 1246 1357 1285 1377 1266 1184 1321 1148 1224 1266 980 1238 1268 
1217 1333 1293 1099 1247 1317 1175 1200 1248 1226 1340 1275 1283 1458 1220 1175 1595 1273 1207 1211 1418 1459 1415 1348 1295 1250 1194 1374 1380 1072 1313 1235 
1197 1252 1155 1127 1153 1257 1230 1271 1325 1205 1301 1326 1207 1353 1028 1071 1443 1313 1087 1184 1334 1417 1406 1474 1078 1181 1181 1407 1137 917 1432 1154 
1163 1103 1259 1139 984 1263 1073 1194 1269 1210 1273 1158 1076 1261 1022 954 1372 1189 1175 1105 1383 1231 1114 1139 1080 1202 1053 1227 1222 1030 1305 1089 
1178 1276 1287 1028 1286 1297 1307 1325 1402 1180 1489 1346 1208 1591 1338 1297 1635 1388 1146 1290 1396 1471 1461 1407 1362 1453 1264 1559 1259 1076 1407 1255 
1312 1217 1244 1151 1316 1293 1256 1341 1285 1301 1377 1427 1155 1358 1219 1251 1596 1296 1212 1307 1451 1504 1551 1412 1312 1212 1308 1355 1314 1142 1324 1355 
1330 1317 1549 1248 1312 1406 1327 1425 1551 1386 1472 1502 1290 1615 1254 1367 1588 1565 1176 1422 1607 1433 1451 1519 1368 1536 1265 1427 1499 1192 1471 1350 
1367 1250 1462 1274 1318 1495 1237 1454 1539 1403 1336 1443 1119 1586 1138 1237 1573 1231 1210 1248 1473 1486 1429 1483 1230 1351 1264 1377 1364 1108 1413 1392 
1288 1313 1416 1169 1369 1273 1273 1267 1403 1355 1446 1551 1277 1571 1251 1157 1650 1441 1275 1260 1388 1413 1453 1584 1440 1460 1344 1513 1462 1238 1399 1328 
1261 1082 1372 1158 1075 1263 1178 1199 1301 1155 1263 1235 1084 1369 1170 952 1505 1317 1234 1076 1380 1382 1359 1243 1208 1204 1108 1207 1224 996 1184 1182 
1136 1108 1102 933 968 1082 941 1083 1048 995 1116 1059 1008 1238 1096 969 1327 1082 974 948 1115 1162 1172 1130 1042 1017 952 1099 1152 752 1110 1111 
1165 1084 1272 1155 1174 1228 1272 1293 1319 1174 1274 1351 1032 1354 1182 1093 1511 1362 1295 1124 1366 1278 1361 1356 1134 1423 1171 1297 1281 1048 1260 1252 
1219 1314 1372 1155 1413 1462 1399 1446 1569 1415 1441 1401 1233 1706 1241 1299 1606 1514 1274 1293 1534 1493 1495 1462 1298 1509 1322 1371 1389 1091 1389 1370 
1279 1173 1249 1104 1203 1270 1166 1194 1319 1207 1363 1386 1230 1458 1143 1124 1500 1354 1200 1159 1360 1428 1358 1338 1165 1364 1119 1388 1187 1024 1285 1332 
1360 1337 1281 1282 1359 1404 1374 1416 1462 1409 1304 1426 1254 1596 1225 1242 1561 1518 1218 1299 1498 1637 1592 1629 1298 1372 1259 1464 1261 1072 1423 1383 
1447 1408 1503 1332 1309 1456 1411 1267 1473 1438 1316 1526 1377 1559 1237 1206 1702 1541 1290 1429 1614 1438 1500 1514 1464 1423 1320 1381 1571 1173 1426 1520 
1330 1225 1375 1149 1230 1384 1324 1280 1403 1335 1431 1448 1138 1466 1272 1254 1550 1371 1306 1215 1466 1457 1423 1437 1333 1333 1221 1436 1346 1089 1300 1327 
1371 1226 1471 1237 1244 1451 1364 1387 1380 1383 1470 1519 1279 1694 1165 1237 1663 1454 1289 1405 1609 1547 1528 1420 1221 1488 1244 1472 1365 1201 1450 1463 
