1853 1682 2083 1915 1663 1866 1811 1883 1834 2031 1928 1878 1890 2014 1708 1717 2105 1871 1638 1854 2077 1914 1766 1841 2011 1885 1695 1774 1918 1655 1832 1971 
1917 1637 2029 1880 1757 1885 1787 1743 1966 1917 1861 1940 1699 2132 1641 1641 1984 1957 1660 1744 2065 1886 1829 1833 1872 1862 1726 1943 1990 1579 1733 1994 
1842 2046 2147 1872 1768 1903 1961 1898 2011 1752 2006 1993 1889 2208 1825 1817 2217 1939 1847 1899 2111 2191 1969 2094 1919 2047 1807 1861 2019 1717 1963 2127 
1786 1799 2031 1881 1732 1690 1898 1816 1652 1801 1982 1991 1892 2159 1614 1519 1980 1726 1679 1815 1983 1900 1895 1951 1796 1878 1739 1813 1863 1564 1933 1909 
2068 2082 2218 2065 2078 2066 2144 2168 2182 2045 2125 2232 2068 2310 1902 1840 2305 2052 1856 1974 2215 2176 1852 2099 2182 2190 1916 2117 2089 1851 1983 2106 
1711 1786 1970 1745 1589 1780 2003 1699 1836 1789 1741 1785 1776 2027 1813 1610 1905 1752 1662 1690 1861 1841 1689 1959 1772 1808 1736 1736 2028 1558 1808 1840 
1869 1889 1986 1775 1689 1874 1819 1881 1945 1664 1970 1871 1848 2088 1731 1596 2061 1756 1636 1819 1892 1908 1832 1947 1790 2071 1764 1835 1887 1692 1802 1873 
2000 1863 2095 1923 1788 1830 1897 1867 1978 1924 1973 2059 1861 2206 1723 1770 2319 2066 1818 1883 2088 2031 1868 1994 1908 2046 1923 1977 2032 1757 2109 2051 
2009 2007 2012 1982 1736 1973 1891 2016 1974 1984 1853 2001 1904 1979 1949 1704 2246 1893 1710 2066 2031 1993 1990 2065 1931 2135 1988 1913 2054 1660 2133 1848 
1966 1910 2049 1890 1755 1949 1959 1825 1892 1890 1762 1733 1726 2168 1948 1684 2241 1798 1750 1764 1951 1981 1905 1949 1895 2103 1904 1928 1957 1611 1791 1886 
1969 2003 1960 1911 1699 1978 1777 1977 1982 1799 1881 1995 1869 2199 1806 1722 2249 1880 1777 1726 2155 2027 1797 1936 1998 2109 1738 1835 1993 1526 1957 1915 
1932 1830 2139 1901 1732 1881 1681 1756 1775 1810 1918 1910 1818 2075 1598 1673 1910 1879 1687 1820 1933 1889 1879 1876 1812 1988 1765 1910 1823 1582 1878 1969 
2086 1902 1841 1976 1533 1975 1778 1898 1924 1815 1669 2124 1708 1992 1811 1765 2105 1845 1725 1626 2087 2202 1910 2081 1754 1988 1818 1932 1889 1523 1945 1812 
1817 1787 1850 1839 1660 1974 1701 1614 2014 1777 1817 1968 1739 1883 1540 1534 2137 1847 1706 1770 2090 1838 1768 1837 1761 2061 1744 1839 1903 1577 1874 2006 
1795 1790 2110 1781 1843 1837 1935 1828 1892 1935 2079 1954 1821 2191 1577 1770 2274 2140 1660 1971 2104 1888 1955 1948 1857 2005 1811 1794 1905 1527 1910 2016 
1748 1923 1905 1644 1762 1800 1770 1806 1790 1777 1801 1775 1774 1985 1706 1638 2147 1774 1705 1737 1986 2058 1840 1918 1837 1885 1709 1784 1963 1571 1741 1752 
1894 1954 1941 1899 1826 1824 2009 1921 1824 2047 1993 1996 1870 2093 1782 1767 2128 1985 1727 1796 2164 2060 1932 2214 1863 1853 1885 2045 1844 1574 2098 1904 
1723 1688 1979 1901 1509 1797 1803 1744 1720 1896 1830 1799 1644 1827 1687 1549 1946 1705 1732 1697 2014 1836 1530 1703 1650 1855 1657 1804 1913 1624 1873 1680 
1842 1972 2037 1877 1843 1944 2038 1975 1989 1857 2081 2062 1845 2260 2004 1959 2241 1977 1721 1899 2085 2079 1943 2045 2010 2211 1886 2173 1998 1653 1993 1920 
1880 1809 1874 1876 1876 1888 1850 1896 1901 1882 1850 2102 1727 1930 1755 1804 2164 1872 1776 1884 2069 2126 2003 1982 1893 1851 1937 1936 1966 1716 1853 1934 
2051 2103 2312 2033 2007 2008 2128 2161 2141 2216 2181 2197 2049 2392 1869 2037 2297 2255 1830 2175 2392 2095 1975 2214 2041 2267 1997 2052 2178 1819 2185 2104 
2083 1971 2220 2041 2001 2060 2081 2182 2086 2228 1956 2085 1825 2265 1816 1899 2224 1875 1865 1967 2235 2135 1907 2174 1961 1994 1912 1942 2100 1753 2025 2060 
1989 1985 2127 1829 1943 1872 1977 1931 1963 2027 2063 2154 1909 2247 1770 1742 2336 2105 1820 1861 2000 2052 1966 2251 2047 2117 2026 2039 2097 1790 1987 2037 
1818 1747 1946 1865 1699 1764 1856 1760 1759 1814 1815 1895 1677 1951 1744 1511 2106 1924 1828 1718 2044 2080 1837 1928 1784 1823 1755 1783 1859 1591 1819 1753 
1860 1844 1875 1731 1646 1746 1660 1706 1605 1746 1791 1760 1701 1991 1848 1675 2017 1733 1480 1623 1868 1832 1693 1824 1735 1802 1606 1808 1913 1299 1760 1786 
1775 1727 1931 1812 1710 1695 2015 1838 1657 1906 1896 1986 1678 1937 1798 1614 2079 1892 1803 1758 2022 1836 1854 1985 1791 1999 1843 1824 1905 1640 1918 1888 
1817 1978 2092 1869 2005 2090 2073 2083 2249 2058 2010 2107 1866 2390 1750 1889 2180 2131 1780 1862 2187 2088 1995 2067 1942 2200 2021 1897 2081 1696 1891 1999 
1846 1824 1961 1839 1798 1817 1840 1795 1853 1911 1972 1956 1853 2024 1744 1647 2035 1919 1722 1750 1964 1942 1790 1892 1725 1976 1761 1925 1882 1593 1864 1935 
1924 1940 1914 1995 1942 1909 2021 1979 2004 2056 1810 2014 1764 2200 1757 1857 2199 2140 1710 1859 2209 2228 2043 2269 1976 2014 1867 1979 1835 1611 2008 2074 
2134 2112 2264 2167 1939 2015 2208 1967 2082 2273 1947 2248 2100 2272 1874 1846 2346 2183 1901 2107 2459 2058 2017 2244 2215 2181 1899 2033 2236 1825 2115 2212 
2138 2048 2206 2055 1904 2116 2022 1897 2065 2172 2091 2161 1882 2208 1989 1949 2268 2115 1927 1961 2206 2105 2038 2079 2025 2100 2017 2008 2106 1677 1919 2099 
2045 1959 2326 2119 1840 2084 2037 1975 1984 2123 2084 2220 1991 2435 1825 1916 2206 2051 1934 2092 2404 2092 2007 1981 1877 2252 1911 2043 2022 1779 2063 2194 
