626 634 837 675 634 757 504 623 735 623 719 787 817 819 741 616 935 693 690 610 791 763 630 674 907 675 497 714 731 590 657 800 
654 536 766 654 617 736 525 610 716 672 569 683 665 790 662 522 774 701 566 592 671 709 619 634 757 633 479 685 691 540 588 752 
633 720 851 736 664 837 614 737 823 549 732 753 803 894 766 557 976 698 769 590 765 904 763 755 917 639 496 669 769 569 723 777 
607 637 809 703 649 700 631 644 696 617 655 732 722 854 763 568 887 675 685 545 700 823 785 789 772 652 533 705 638 510 678 672 
696 743 849 739 858 856 611 754 886 717 764 879 907 943 813 656 1041 721 657 629 764 893 724 800 1003 757 603 832 739 643 753 811 
574 598 686 627 582 749 720 624 815 623 525 592 611 778 761 444 840 605 600 514 575 711 680 741 697 577 568 609 700 468 657 693 
569 633 743 640 654 765 537 678 799 529 757 699 730 810 717 562 975 677 646 614 693 761 692 747 812 681 497 675 669 567 673 742 
519 423 697 571 498 651 450 498 644 509 493 698 570 703 553 480 801 594 558 419 554 617 499 564 692 593 485 599 559 425 631 594 
762 737 765 701 657 867 567 681 811 723 603 781 709 774 908 598 1035 698 731 589 753 769 708 798 826 761 587 767 761 586 738 692 
639 627 785 645 701 752 686 676 784 582 598 673 644 847 831 533 968 708 708 551 675 754 698 824 831 720 582 630 710 534 678 658 
614 717 705 627 602 808 541 708 836 489 620 642 689 771 708 584 946 611 685 509 623 753 692 749 787 711 544 678 698 463 702 651 
537 511 671 596 612 652 375 562 629 495 552 643 620 720 540 542 754 539 518 448 593 733 595 561 700 593 390 618 553 403 539 628 
735 674 718 664 579 830 578 598 750 581 555 757 694 742 811 556 950 658 657 494 707 836 696 814 796 648 550 682 649 524 717 654 
539 511 653 550 620 774 541 491 705 594 469 782 675 644 625 453 848 579 516 533 676 659 519 647 763 629 504 677 609 591 653 743 
503 507 671 536 642 617 539 590 629 583 546 648 612 797 667 457 788 649 572 550 556 660 589 586 689 547 462 573 594 450 583 645 
595 713 686 595 569 699 472 597 652 519 614 660 718 675 673 610 858 542 628 459 721 740 642 654 815 596 493 653 680 534 645 583 
526 642 627 591 677 661 642 587 668 586 555 694 705 688 635 528 845 632 540 528 634 768 671 772 682 565 509 642 596 454 661 579 
537 513 707 580 470 712 500 608 711 607 559 631 601 642 609 444 795 592 671 487 677 612 485 555 712 570 445 576 598 502 616 517 
593 634 741 506 728 727 583 705 780 626 722 729 607 862 840 697 904 724 659 582 739 777 697 785 790 696 561 822 651 493 701 661 
548 618 606 554 648 630 510 599 625 479 596 689 635 660 691 603 838 511 531 484 648 735 673 735 714 503 482 647 629 544 618 638 
600 621 821 648 713 736 626 654 778 600 664 739 730 824 735 560 905 702 609 672 762 724 671 743 853 693 501 762 733 566 695 676 
604 572 749 621 686 789 511 666 823 662 562 711 600 802 701 536 900 521 627 513 649 722 644 712 710 638 536 700 622 504 754 640 
688 673 807 637 749 764 571 653 787 723 616 825 730 832 849 572 966 662 664 587 696 747 647 746 854 749 593 802 750 624 752 667 
624 513 731 655 538 700 480 638 736 530 525 648 595 757 696 444 845 721 708 497 664 739 593 634 733 608 413 574 582 453 574 653 
607 633 639 547 633 597 488 603 609 613 604 650 598 720 798 569 861 668 595 516 535 723 636 675 653 591 469 635 626 369 595 681 
487 535 627 526 582 619 497 602 661 476 511 618 533 635 709 445 816 631 709 472 572 566 553 668 666 702 474 590 592 456 542 573 
621 698 789 616 732 856 700 742 866 749 669 764 667 874 835 615 881 697 702 581 691 849 761 750 758 688 609 750 761 546 757 619 
580 557 706 607 628 696 564 576 675 532 599 734 677 734 687 574 819 699 567 505 662 738 627 688 757 594 495 666 629 465 621 695 
622 627 605 618 693 706 591 639 707 572 482 668 650 744 681 508 826 659 558 463 607 849 673 773 718 624 466 681 538 464 571 612 
721 767 805 744 667 834 636 626 805 709 510 776 829 761 773 527 940 742 712 680 810 743 678 712 894 698 523 674 860 563 731 804 
562 649 782 586 655 810 608 649 817 659 680 777 711 803 821 594 886 677 664 575 692 731 660 747 829 680 549 711 708 560 680 680 
485 539 685 572 623 761 567 628 669 626 598 646 613 809 617 519 842 714 607 564 657 729 617 658 696 598 431 642 601 459 608 663 
