5058 5506 5735 5365 5011 5267 5184 5675 5328 5293 5142 5234 5400 5487 5644 4892 5970 5476 5060 5135 5485 5137 4825 5038 5355 5466 5176 5057 5673 5276 5393 5293 
4986 5108 5611 4977 4899 5005 5062 5329 5506 5260 5060 5185 5095 5270 5310 4778 5777 5447 4959 4689 5266 4999 4893 4908 5008 5096 4990 5055 5213 5032 4928 5169 
5147 5530 5546 5169 5066 5515 5675 5819 5515 4959 5386 5452 5317 5589 5523 5051 6028 5572 5352 5035 5332 5318 5154 5349 5275 5706 5219 5243 5650 5263 5328 5204 
4916 5118 5357 5175 4856 4960 5229 5262 4746 5066 5197 5310 5148 5383 5275 4480 5324 5182 4898 4654 5035 4983 4863 4907 5093 5056 5096 4986 5468 5032 5144 4920 
5300 5404 5456 5491 5242 5308 5542 5906 5246 5208 4996 5533 5142 5618 5526 4794 6033 5536 5233 4900 5234 5213 4746 4900 5476 5514 5062 5241 5690 5287 5149 5323 
4737 5410 5458 5119 4557 5002 5305 5056 5160 4971 4860 5009 5079 5296 5374 4706 5360 5466 5166 4580 4927 4949 4783 5017 4939 5113 4876 4864 5277 5121 4930 4800 
4903 5167 5390 4847 4664 5156 5111 5248 5205 4818 5052 4991 4935 5174 5167 4463 5733 5360 4834 4673 4855 5012 4593 4893 4938 5351 4959 5003 5250 4986 4988 4717 
5252 5336 5693 5259 4848 5329 5268 5474 5514 5254 5134 5346 5264 5553 5339 4964 6216 5716 5307 4740 5142 5298 4877 5243 5031 5564 5192 5430 5660 5237 5441 5212 
5188 5309 5329 4949 4754 5071 5069 5327 5033 5199 4740 4952 4962 5049 5198 4474 5779 5001 4680 5116 4752 5018 4961 4906 5033 5376 5242 4918 5286 4885 5032 4741 
4848 5160 5391 4780 4416 4712 4963 5164 4968 4806 4589 4846 4793 5044 5177 4542 5663 5078 4855 4518 4669 4863 4462 4632 4777 4987 4809 4946 5137 4642 4660 4583 
5240 5471 5512 5047 4844 5281 5297 5656 5223 4907 4885 5202 5071 5410 5482 4840 5842 5483 5133 4667 5174 5422 4933 5130 5093 5684 5096 4707 5541 5004 5014 4887 
5153 5211 5687 5071 4569 4931 5061 5452 4883 4742 5297 4938 5117 5361 5248 4677 5276 5480 5053 4719 4976 5161 4811 4795 5092 5247 5183 4993 5078 5157 5179 5015 
4994 5173 5249 5228 4630 5173 5116 5284 5187 4919 4799 5268 4874 5252 5391 4962 5653 5459 5031 4331 5036 5197 4641 4821 4615 5300 4914 5125 5289 4812 5076 4551 
5058 5291 5187 5029 4871 5218 4956 5113 5388 4884 4721 5071 4940 5055 5103 4509 5816 5196 5042 4606 5156 5026 4628 4861 5038 5464 4956 4973 5266 5110 5104 4997 
4497 4858 5324 4909 4630 4814 4947 5006 4766 4605 4921 4767 4841 4989 4762 4408 5511 5449 4503 4522 4759 4726 4630 4692 5013 4904 4969 4622 5046 4604 4864 4717 
4592 5211 4938 4558 4644 4823 4908 5189 4926 4830 4986 4770 4899 4976 4791 4361 5483 4991 4721 4309 4881 4968 4695 4652 4862 4935 4624 4670 5047 4792 4809 4512 
4554 5134 5107 4964 4800 4747 4843 5158 4794 5014 4977 4966 4984 4854 5124 4572 5484 5125 4799 4664 4922 4848 4755 5046 4783 5121 4907 4746 5262 4658 5173 4712 
4887 5251 5380 5092 4663 5081 5009 5339 4933 5136 5017 5076 4935 4963 5350 4566 5715 5234 4958 4630 5135 5127 4422 4791 4982 5133 4906 4921 5346 5138 5019 4868 
4860 5000 4947 4799 4586 4993 5073 5170 5121 4633 4781 5104 4717 5138 5197 4759 5574 5168 4722 4497 4623 4702 4380 4710 4792 5100 4818 4933 5338 4771 4807 4399 
5156 5216 5334 5286 5165 5133 5218 5462 5252 5003 4926 5363 5059 4935 5356 4776 5728 5374 5111 4725 5270 5202 5039 5036 5221 5178 5165 4944 5302 5179 4941 5007 
4873 5235 5555 5023 5007 5189 5169 5322 5381 5163 5085 5030 5206 5454 5217 4883 5897 5633 4863 5015 5450 4994 4747 4936 5196 5459 5020 5055 5448 4870 5078 5146 
5114 5233 5617 5080 5077 5206 5245 5607 5216 5131 5147 5057 4974 5500 5329 4975 5819 5361 5155 4901 5278 5369 4836 5170 4975 5209 5298 4966 5556 5099 5140 5080 
5033 5461 5410 5108 5168 5163 5317 5454 5270 5156 5156 5342 5001 5335 5365 4811 5756 5506 5097 4928 5136 5035 4892 5200 5345 5270 5158 5099 5641 5269 5168 4918 
4883 5180 5514 5184 4845 5260 5012 5211 5221 5180 4929 5029 5103 5237 5345 4508 5669 5512 5194 4630 5199 5141 4770 5146 4914 5186 5053 4877 5332 5036 4913 4999 
4745 5315 5275 5007 4575 4934 4805 5126 4785 4920 4682 4728 4804 4985 5191 4650 5499 5224 4779 4484 4788 4836 4426 4866 4726 4902 4719 4979 5476 4678 4904 4857 
4696 4688 5227 4784 4488 4513 5097 5022 4550 4633 4595 4799 4499 5102 5133 4288 5288 4989 4811 4281 4782 4765 4492 4661 4537 5057 4754 4652 5034 4785 4616 4705 
4884 5391 5489 5338 5064 5361 5601 5687 5542 5180 5314 5168 5145 5745 5415 4910 5861 5677 5080 4915 5396 5349 4939 5005 5228 5564 5472 5230 5448 5036 4993 4816 
4907 5373 5380 5004 5124 5313 5318 5346 5258 5189 5100 5466 5244 5219 5572 4766 5739 5618 5052 4738 4788 5186 4880 5063 5011 5500 5130 5087 5632 5205 5165 5039 
5218 5369 5394 5124 5038 5169 5309 5423 5249 5140 4772 5123 5050 5399 5343 4793 5874 5547 4770 4703 5179 5336 4967 5312 5281 5292 5025 5100 5348 4997 5206 5190 
5127 5450 5414 5042 4942 5177 5376 5195 5156 5168 4962 5331 5100 5204 5104 4657 5558 5551 5173 4708 5224 4969 4709 4960 5295 5266 4902 5013 5371 5039 5143 5021 
5237 5905 5723 5491 5244 5793 5443 5626 5375 5715 5483 5657 5467 5678 5925 5268 5883 5779 5494 5085 5552 5447 5138 5198 5460 5623 5449 5437 5819 5243 5348 5358 
5123 5190 5644 5294 4661 5136 5114 5387 4903 5198 5178 5533 5108 5422 5002 4807 5622 5535 5192 4827 5174 5015 4660 4836 4979 5129 5034 5017 5442 5076 5019 5100 
