2390 2336 2670 2560 2197 2480 2382 2607 2472 2611 2592 2475 2567 2446 2415 2302 2742 2581 2193 2461 2604 2426 2294 2481 2570 2354 2307 2438 2566 2232 2481 2576 
2374 2331 2649 2539 2237 2590 2381 2477 2594 2569 2515 2599 2494 2608 2298 2265 2729 2662 2194 2260 2532 2374 2354 2504 2392 2367 2395 2597 2577 2142 2398 2622 
2473 2650 2703 2560 2345 2659 2591 2641 2716 2373 2745 2718 2638 2754 2468 2367 3004 2598 2507 2453 2548 2734 2568 2711 2478 2715 2455 2583 2698 2248 2661 2732 
2457 2474 2710 2557 2326 2518 2713 2534 2466 2597 2720 2766 2603 2670 2337 2223 2768 2573 2359 2470 2570 2544 2532 2572 2476 2529 2452 2647 2624 2175 2753 2602 
2514 2623 2716 2571 2405 2605 2672 2698 2541 2590 2576 2643 2555 2636 2379 2361 2844 2602 2272 2366 2627 2600 2319 2534 2630 2613 2405 2616 2573 2312 2499 2665 
2199 2435 2564 2344 2078 2422 2548 2249 2474 2440 2269 2465 2439 2439 2452 2189 2529 2496 2271 2269 2325 2336 2247 2579 2287 2284 2415 2378 2592 2073 2498 2352 
2544 2649 2693 2480 2292 2640 2612 2714 2719 2448 2690 2754 2598 2627 2482 2290 2858 2614 2425 2471 2435 2636 2406 2684 2487 2722 2612 2681 2546 2281 2555 2465 
2719 2564 2844 2601 2421 2505 2604 2649 2724 2675 2569 2898 2588 2721 2457 2421 3154 2874 2464 2484 2635 2707 2470 2702 2503 2651 2746 2819 2737 2425 2888 2765 
2641 2660 2664 2621 2235 2676 2534 2732 2609 2697 2436 2668 2621 2481 2588 2297 2974 2569 2220 2648 2544 2498 2622 2763 2522 2728 2748 2513 2629 2176 2686 2439 
2585 2644 2789 2548 2253 2583 2660 2596 2613 2549 2365 2492 2486 2698 2626 2404 2900 2617 2410 2353 2574 2663 2414 2631 2473 2596 2656 2743 2613 2122 2533 2546 
2576 2618 2694 2576 2290 2601 2501 2686 2589 2470 2493 2695 2556 2698 2558 2346 2946 2628 2378 2356 2754 2662 2377 2583 2520 2735 2499 2552 2652 2107 2517 2563 
2537 2423 2717 2504 2111 2495 2268 2424 2337 2416 2535 2514 2447 2567 2143 2193 2519 2545 2229 2326 2413 2459 2384 2495 2356 2474 2400 2514 2318 2068 2538 2526 
2604 2499 2430 2628 2061 2600 2356 2528 2452 2422 2240 2769 2329 2455 2426 2342 2800 2550 2286 2141 2546 2726 2372 2609 2204 2526 2459 2530 2429 2051 2578 2363 
2296 2310 2300 2327 2054 2520 2164 2163 2516 2264 2202 2502 2295 2248 2008 1972 2676 2343 2185 2127 2475 2284 2164 2407 2199 2438 2249 2411 2405 1958 2406 2504 
2249 2511 2726 2454 2404 2491 2516 2528 2462 2556 2747 2642 2521 2642 2148 2346 3020 2928 2170 2533 2592 2421 2523 2471 2450 2463 2497 2483 2481 2008 2545 2757 
2396 2630 2513 2346 2305 2539 2512 2590 2448 2498 2568 2546 2525 2520 2320 2286 2952 2525 2355 2287 2520 2687 2465 2538 2486 2544 2506 2461 2604 2150 2467 2370 
2456 2564 2465 2530 2248 2461 2514 2545 2323 2680 2619 2584 2553 2546 2320 2328 2783 2625 2299 2287 2576 2552 2435 2753 2342 2367 2475 2666 2423 2086 2744 2498 
2334 2393 2681 2588 2061 2500 2554 2472 2394 2648 2472 2525 2357 2301 2416 2182 2751 2466 2270 2203 2567 2371 2125 2424 2262 2464 2445 2522 2523 2217 2531 2380 
2353 2531 2521 2440 2243 2511 2659 2539 2507 2393 2552 2613 2410 2636 2543 2461 2784 2592 2168 2289 2483 2568 2357 2546 2481 2545 2496 2717 2545 2110 2538 2431 
2595 2500 2551 2611 2428 2556 2427 2628 2490 2630 2444 2796 2498 2373 2431 2404 2816 2529 2358 2441 2615 2786 2624 2638 2546 2438 2680 2573 2608 2272 2500 2665 
2685 2835 2956 2785 2575 2803 2802 2843 2816 2944 2901 2983 2816 2981 2529 2689 3152 3100 2475 2809 2991 2703 2619 2868 2680 2977 2804 2721 2825 2382 2886 2792 
2571 2556 2830 2597 2525 2590 2726 2820 2649 2765 2536 2797 2430 2750 2383 2503 2859 2625 2432 2531 2779 2743 2350 2685 2428 2424 2563 2653 2706 2195 2622 2611 
2583 2612 2715 2459 2421 2504 2575 2635 2513 2672 2660 2721 2559 2677 2353 2273 3008 2776 2303 2336 2487 2567 2526 2887 2594 2496 2592 2667 2702 2295 2579 2625 
2565 2381 2602 2577 2232 2520 2493 2421 2357 2608 2386 2600 2400 2446 2452 2113 2816 2644 2422 2278 2538 2628 2444 2688 2354 2410 2432 2526 2535 2181 2508 2472 
2496 2620 2584 2341 2192 2455 2342 2481 2376 2460 2375 2476 2463 2455 2538 2342 2852 2574 2203 2170 2403 2467 2251 2521 2319 2333 2333 2670 2622 1926 2521 2466 
2359 2177 2503 2333 2119 2196 2564 2433 2144 2442 2369 2513 2175 2375 2337 2070 2654 2463 2282 2214 2478 2397 2245 2477 2179 2465 2376 2418 2442 2114 2414 2409 
2361 2542 2683 2570 2473 2728 2743 2735 2802 2673 2660 2769 2552 2849 2418 2433 2799 2816 2289 2382 2705 2665 2549 2636 2466 2706 2700 2497 2617 2178 2476 2541 
2402 2440 2589 2446 2362 2463 2558 2445 2472 2601 2576 2672 2435 2450 2380 2134 2698 2614 2202 2252 2354 2456 2302 2447 2337 2534 2488 2574 2479 2135 2424 2603 
2610 2627 2583 2596 2480 2553 2686 2672 2668 2744 2351 2663 2509 2644 2385 2444 2914 2854 2273 2307 2707 2807 2629 2942 2544 2559 2515 2697 2512 2181 2688 2739 
2670 2714 2761 2652 2420 2596 2837 2565 2696 2814 2485 2842 2680 2623 2469 2365 2934 2865 2483 2604 2796 2609 2460 2729 2779 2670 2549 2642 2797 2307 2739 2775 
2776 2799 2943 2778 2465 2865 2688 2631 2748 2987 2734 2993 2672 2705 2712 2616 3020 2955 2562 2608 2711 2768 2653 2733 2700 2662 2819 2777 2778 2220 2642 2849 
2709 2653 3012 2775 2353 2803 2682 2690 2645 2872 2763 2953 2700 2938 2501 2517 2976 2851 2601 2717 2901 2660 2574 2589 2460 2851 2648 2765 2683 2373 2822 2860 
