3572 2960 3324 3043 3412 3459 3125 3309 3348 3499 3216 2955 3430 3240 3228 3798 3148 3137 3159 2998 3166 3206 3185 3115 3175 3489 3068 3246 3233 3351 3374 3167 
3358 3141 3539 3087 3414 3578 3164 3247 3228 3405 3271 3062 3490 3351 3305 3571 3105 3081 3296 3336 2828 3380 3253 3074 3341 3318 3264 3209 3289 3355 3286 3057 
3501 3127 3530 3137 3715 3469 3028 3181 3297 3605 3402 3186 3546 3461 3599 3884 3071 3233 3339 3060 3057 3602 3252 3339 3338 3551 3385 3320 3397 3481 3816 3233 
3171 2822 3055 2812 3180 3056 3018 2984 2978 3280 2995 2855 3061 3100 3351 3492 3030 2975 2999 2700 2742 3072 2777 3030 2918 3353 3027 3005 2863 3063 3395 3059 
3330 2877 3208 2824 3361 3139 3009 2900 3333 3215 2960 2779 3221 3150 3086 3345 3222 2759 3302 2843 2684 3019 3103 3113 3147 3149 3015 3235 2765 3239 3212 3067 
3267 3080 3077 2827 3345 3202 3079 2926 3056 3182 3201 2773 3307 3110 3014 3320 2923 2949 3116 2910 2607 3248 3205 2903 3108 3125 2945 2961 3006 3050 3026 2960 
3454 3173 3197 3001 3591 3168 3281 3322 3224 3559 3126 3002 3321 3311 3379 3635 3116 3147 3262 3053 2788 3444 3279 3241 3139 3397 3114 3101 3238 3289 3575 3161 
3800 3436 3500 3151 3799 3452 3352 3385 3345 3602 3310 3115 3680 3489 3628 4006 3390 3375 3532 3240 3024 3624 3252 3451 3479 3441 3367 3294 3210 3589 3753 3121 
3331 3109 3384 3125 3347 3152 3049 2973 3082 3366 3082 3158 3377 3135 3325 3679 3149 3192 3384 3006 3103 3227 3148 2918 3192 3311 3156 3074 2919 3301 3520 3008 
3326 2967 3324 2692 3297 3235 2797 3128 2993 3164 3064 3036 3213 3139 2943 3458 3032 2843 2888 2802 2847 3022 3113 2919 2888 3125 2692 2848 2945 3003 3224 3100 
3630 3170 3297 2814 3143 3451 3231 2959 3419 3315 3176 2949 3242 3183 3419 3601 3190 2977 3224 3129 2914 3167 2994 3127 3188 3204 3051 3223 3082 3307 3338 3034 
3243 2723 3004 2699 3157 3049 2917 2760 3044 3112 2994 2653 3021 3120 3161 3291 3006 2783 2972 2810 2672 3095 2970 2857 2908 3041 2759 3008 2873 3013 3201 2929 
3140 3088 3227 3010 3403 3321 3114 3077 2980 3418 2856 2858 3237 3144 3294 3603 3087 3045 2953 2844 2863 3243 3054 3135 3238 3170 3004 2824 3104 3077 3076 2994 
3491 3069 3333 3117 3443 3395 3192 3195 3196 3249 3238 3057 3338 3116 3483 3649 3173 3234 3190 3150 2905 3445 2853 2943 3276 3276 3094 3311 3313 3345 3361 2889 
3293 2959 3217 3047 3465 3208 2934 2837 2993 3309 2725 2635 3123 3049 3313 3266 2867 2882 3119 2812 2991 3037 2852 3172 3047 3244 2981 3126 3033 3325 3295 2987 
3279 2870 3208 2981 3177 3231 3166 2989 3073 3382 3047 2866 3215 3265 3262 3335 3009 3031 3115 2993 2860 3147 3115 2987 3055 3206 2825 3168 2972 3012 3267 3130 
3195 2946 3385 2801 3358 3180 2869 3082 2902 3337 3088 2992 3211 3095 3156 3600 2839 2659 3064 2907 2816 3140 3047 2748 3064 3233 3091 2895 2866 3147 3254 2815 
3396 3142 3500 3004 3355 3090 2854 2978 3124 3226 3241 2822 3213 3124 3063 3461 3073 3004 3226 3001 2850 3209 3236 3081 3122 3283 3001 3143 2830 3105 3172 3031 
3055 2798 3118 2801 3243 2891 2842 2783 3074 3231 2763 2882 2974 2950 3116 3410 2883 2709 2924 2759 2653 3071 3165 2897 2758 3155 2845 3103 2703 3001 3229 2936 
3568 3126 3471 3044 3564 3491 3233 3090 3289 3478 3271 3086 3316 3558 3295 3725 3223 3138 3171 3067 3071 3240 3353 3237 3316 3576 3177 3505 3228 3422 3680 3206 
3415 3201 3301 3202 3601 3462 3308 3173 3091 3448 3060 2839 3245 3249 3443 3543 3205 2960 3222 2943 3308 3214 3334 3242 3369 3396 3036 3107 3235 3216 3396 3247 
3609 3493 3512 3056 3572 3623 3315 3265 3355 3683 3228 3219 3612 3311 3642 3850 3325 3299 3588 3209 2851 3338 3489 3370 3371 3412 3267 3233 3143 3701 3447 3309 
3365 3046 3286 3072 3495 3316 3067 3259 3215 3451 3089 3006 3334 3339 3455 3531 3094 3213 3165 2911 2926 3122 3186 3106 3199 3382 3108 3084 3072 3397 3616 3116 
3469 2999 3285 3145 3440 3153 3230 3006 3118 3369 3208 2902 3225 3208 3188 3378 3146 2813 3018 3167 2838 3086 3015 3022 3103 3406 2919 3329 2929 3093 3315 3032 
3208 2949 3040 2885 3513 3148 3076 2993 3011 3221 2846 2883 3058 3050 3192 3362 3031 2754 3013 2928 2731 3049 3080 3057 2961 3122 3004 3051 2808 3075 3253 2967 
3116 3005 2968 2780 3203 3066 2918 2841 3027 3096 2939 2692 2951 2988 3202 3330 3023 2894 3019 2768 2796 2723 3001 2711 2895 2964 2874 2843 2911 3091 3183 2863 
3455 2917 3437 2956 3347 3196 3147 3170 3238 3458 3083 3075 3154 3193 3254 3420 3089 3098 3291 2923 2814 3248 3212 3016 3144 3198 2955 3140 3088 3290 3329 2913 
3359 3033 3248 2875 3224 3222 3052 3127 3157 3231 3233 2958 2974 3159 3406 3611 3079 2799 3009 2965 2850 3120 3027 2960 3088 3218 2920 3253 2814 3340 3541 2930 
3401 3100 3461 2904 3607 3301 2954 3122 3112 3461 3076 3117 3403 3293 3456 3708 3121 3079 3086 3126 3082 3176 3249 3100 3224 3542 3281 3105 2981 3370 3574 3094 
3555 3081 3458 2977 3757 3321 3094 3168 3378 3526 3218 3026 3402 3407 3371 3976 3375 3050 3177 3199 3229 3375 3098 3231 3261 3481 3155 3295 3156 3449 3566 3218 
3603 3256 3422 3205 3609 3626 3230 3394 3311 3627 3319 3182 3502 3524 3443 3831 3312 3376 3408 3245 3227 3214 3238 3342 3413 3690 3315 3451 3046 3505 3723 3150 
3564 3148 3568 3109 3559 3485 3095 3434 3166 3520 3336 2979 3379 3339 3472 3925 3264 3130 3482 2959 3048 3340 3326 3259 3364 3394 3202 3316 3134 3426 3550 3185 
