4320 3619 3989 3753 4096 3936 3912 3949 4224 4290 3955 3667 4052 4027 4016 4387 3761 3822 3800 3782 3816 3882 3909 3936 3874 4089 3751 4021 3997 4037 4086 4058 
4101 3797 4066 3729 4136 4144 3857 3865 4031 4128 3843 3683 4082 4079 3935 4213 3703 3858 3857 4070 3425 3980 3888 3800 3965 3798 3830 4005 3987 4064 3982 3751 
4140 3713 4125 3738 4372 3977 3670 3719 4023 4269 3970 3762 4032 4021 4158 4437 3574 3886 3868 3790 3587 4250 3864 4059 3894 4067 3925 3955 4002 4153 4446 3912 
3852 3514 3699 3458 3864 3731 3810 3661 3859 4082 3681 3510 3730 3903 4075 4125 3705 3761 3635 3575 3376 3806 3490 3910 3784 4023 3735 3783 3642 3783 4113 3988 
3924 3546 3824 3477 3994 3751 3663 3469 4168 3888 3586 3364 3744 3806 3727 3995 3823 3506 3886 3639 3274 3636 3708 3921 3867 3780 3713 3948 3489 3949 3851 3826 
3783 3605 3567 3443 3971 3567 3789 3471 3773 3785 3667 3335 3850 3852 3524 3837 3455 3616 3656 3566 3134 3776 3727 3435 3650 3636 3452 3549 3548 3615 3643 3578 
4010 3636 3686 3545 4089 3638 3891 3768 3882 4132 3588 3441 3784 3902 3917 4127 3663 3706 3801 3696 3286 4026 3820 3823 3666 3937 3567 3737 3793 3862 4123 3658 
4357 3992 4013 3776 4320 3895 4150 3911 4050 4302 3816 3604 4203 4084 4158 4471 3954 4039 4122 3899 3567 4281 3891 4116 3975 4025 3849 3934 3795 4082 4369 3841 
3933 3687 3927 3658 3901 3680 3715 3533 3817 3985 3630 3649 3893 3686 3874 4211 3801 3919 3937 3717 3675 3782 3724 3723 3816 3922 3623 3655 3531 3885 4133 3686 
3928 3595 3919 3313 3899 3684 3535 3643 3834 3832 3644 3572 3725 3872 3603 4011 3685 3524 3473 3536 3413 3525 3681 3637 3531 3768 3203 3512 3614 3582 3831 3713 
4406 3811 3937 3567 3860 4095 4018 3548 4313 4015 3806 3512 3819 3925 4167 4334 3863 3790 3929 3926 3495 3773 3714 3906 3990 3820 3642 4117 3871 4013 4043 3699 
4058 3494 3743 3536 3944 3649 3788 3465 3950 3950 3620 3339 3660 3856 3821 3919 3770 3618 3658 3650 3397 3810 3721 3798 3618 3696 3383 3801 3750 3814 3987 3752 
3859 3860 3850 3794 4146 3875 3913 3725 3896 4317 3565 3544 3836 3919 3977 4343 3681 3904 3681 3697 3553 4022 3745 3882 3879 3738 3686 3704 3836 3799 3866 3787 
4200 3645 4007 3848 4142 4013 3999 3851 4043 3981 3856 3644 3953 3936 4233 4368 3776 3919 3849 3985 3490 4126 3577 3692 4044 3913 3720 4201 4068 4064 4097 3597 
3783 3422 3674 3574 3926 3659 3670 3353 3639 3875 3114 3074 3617 3655 3750 3667 3403 3472 3607 3397 3439 3679 3442 3736 3566 3773 3354 3710 3543 3760 3838 3542 
3749 3315 3676 3498 3669 3639 3806 3436 3740 3922 3455 3286 3679 3817 3761 3813 3461 3553 3577 3570 3266 3576 3676 3514 3547 3692 3262 3753 3527 3461 3756 3672 
3764 3565 4011 3410 3920 3629 3616 3625 3701 3923 3665 3577 3761 3806 3807 4064 3435 3220 3585 3597 3282 3724 3654 3473 3772 3856 3580 3475 3493 3736 3917 3505 
3887 3766 4057 3612 3914 3494 3504 3482 3849 3916 3835 3374 3726 3720 3713 3987 3607 3610 3796 3705 3447 3718 3694 3791 3728 3869 3584 3825 3492 3675 3730 3720 
3777 3307 3719 3425 3874 3405 3617 3424 3889 3969 3321 3402 3534 3691 3733 3999 3541 3403 3555 3525 3162 3791 3872 3628 3389 3738 3379 3774 3327 3530 3968 3697 
4244 3720 4057 3722 4283 4008 4113 3710 4193 4262 3883 3727 3981 4450 4066 4448 3891 3866 3813 3857 3605 3907 4101 4050 4079 4244 3786 4275 3977 4121 4530 4020 
4042 3786 3846 3877 4274 3932 4041 3691 3811 4085 3591 3463 3784 3959 4071 4106 3791 3613 3855 3677 3847 3815 3891 3958 3991 3983 3564 3754 3899 3924 4125 3921 
4318 3988 4052 3635 4165 4111 3933 3805 4027 4312 3789 3749 4173 3962 4263 4296 3942 3928 4113 3838 3360 3882 4102 4084 3968 3909 3716 3960 3822 4330 3979 3901 
4100 3780 3898 3735 4246 3823 3832 3822 4056 4175 3739 3639 3908 4032 4140 4172 3711 4018 3827 3687 3556 3816 3800 3811 3865 3966 3641 3868 3670 4077 4306 3768 
4205 3664 3960 3869 4153 3753 3994 3659 3971 4145 3822 3528 3873 3973 3857 4013 3779 3554 3656 4007 3428 3796 3723 3787 3822 3984 3510 4125 3613 3839 4078 3755 
3812 3613 3688 3547 4088 3696 3905 3547 3850 3913 3474 3493 3712 3728 3910 3910 3627 3445 3676 3652 3288 3755 3813 3773 3743 3839 3609 3769 3494 3730 3904 3773 
3665 3440 3494 3371 3842 3508 3460 3354 3729 3567 3452 3155 3491 3580 3762 3891 3537 3470 3520 3374 3259 3170 3536 3335 3495 3427 3426 3505 3500 3640 3712 3410 
4190 3601 4063 3630 4018 3726 3878 3784 4049 4275 3799 3652 3732 3872 3961 3990 3742 3866 3955 3686 3366 3971 3855 3800 3878 3792 3543 3896 3726 3930 4035 3627 
4030 3719 3872 3701 4005 3699 3932 3792 3970 4021 3875 3627 3626 3961 4095 4238 3735 3546 3708 3798 3518 3806 3637 3681 3686 3872 3516 4112 3525 4013 4269 3647 
4077 3768 4081 3615 4314 3862 3885 3807 4037 4130 3724 3822 4093 4178 4179 4364 3804 3800 3683 3963 3673 3815 3952 3955 3981 4298 3873 3851 3730 4041 4371 3893 
4036 3564 3874 3535 4316 3769 3716 3651 3960 4091 3664 3519 3886 3954 3867 4504 3928 3639 3647 3814 3749 3799 3556 3908 3806 3976 3554 3924 3784 4019 4131 3795 
4298 4072 4089 4043 4368 4182 4132 4053 4232 4465 4019 3936 4152 4348 4165 4462 3937 4168 4089 4125 3947 3962 3927 4160 4109 4370 4028 4254 3840 4340 4531 3977 
4112 3692 4093 3670 4095 3920 3708 3964 3829 4193 3860 3479 3906 3969 4049 4367 3790 3711 4066 3658 3523 3979 3855 3887 3913 3903 3716 3904 3652 3943 4150 3806 
