640 429 668 415 508 616 441 591 488 671 552 426 465 500 536 750 524 481 575 419 482 378 554 472 529 588 547 467 376 605 550 503 
681 752 725 602 704 890 640 774 692 785 535 621 712 609 776 756 658 667 751 658 525 567 724 560 797 602 705 672 612 723 717 548 
642 629 714 506 698 715 586 687 629 789 598 507 650 569 708 852 612 622 608 615 492 608 651 556 704 648 636 597 607 663 759 650 
633 517 637 464 599 631 480 631 562 744 507 531 619 508 649 770 550 578 570 488 496 544 606 531 603 616 553 512 504 654 648 615 
600 612 667 544 620 755 575 653 708 644 564 464 564 559 723 675 625 581 724 520 455 491 587 414 712 574 663 617 536 610 566 555 
447 486 478 393 477 565 366 525 449 515 432 366 483 357 502 581 385 467 491 424 349 459 425 348 521 426 498 437 410 447 481 432 
535 463 549 390 594 483 512 640 509 640 446 460 563 411 594 707 467 501 516 465 355 584 465 485 594 536 483 476 505 530 637 524 
756 683 715 584 685 773 602 788 717 769 645 540 749 556 723 857 678 694 751 651 513 669 648 548 786 698 689 568 592 648 788 607 
690 619 757 576 722 648 507 654 546 723 612 595 575 433 612 810 611 540 660 564 631 565 670 503 670 652 653 589 528 599 706 616 
722 693 769 501 635 737 545 755 556 757 515 543 664 542 612 778 487 592 624 563 533 514 682 545 686 692 626 626 588 577 614 616 
694 653 688 531 625 739 654 612 653 729 525 420 629 557 697 798 586 570 679 500 546 561 631 491 710 631 611 529 619 646 620 557 
652 557 649 502 695 674 601 612 642 729 588 549 599 546 751 789 759 622 655 506 573 627 685 505 714 660 668 653 506 688 762 620 
675 659 708 539 706 820 618 694 579 826 391 548 629 425 808 807 596 591 613 540 633 583 701 515 795 641 710 621 693 624 635 524 
520 571 598 515 627 758 532 625 554 625 460 436 602 470 692 700 473 576 632 521 407 550 454 431 722 547 604 615 656 560 611 468 
549 565 647 576 701 739 556 573 621 796 534 501 550 575 743 845 517 553 635 575 572 558 521 513 742 602 673 641 591 699 639 544 
698 624 759 517 555 748 601 696 708 809 614 565 696 697 683 797 662 614 659 603 492 585 665 596 720 690 595 647 560 660 690 653 
619 570 705 501 691 674 578 664 544 726 557 514 566 489 704 851 586 503 648 515 529 619 556 534 720 626 669 505 486 648 684 578 
690 570 677 488 562 610 522 616 477 668 559 423 599 514 620 794 499 621 644 479 486 567 578 481 642 601 588 494 504 570 646 564 
663 576 728 525 699 647 656 645 685 795 552 517 609 544 687 871 576 522 576 550 543 571 694 509 608 657 651 614 589 628 707 647 
790 662 812 597 710 861 625 674 701 831 511 654 670 646 767 780 723 613 754 574 693 521 736 612 792 776 730 747 694 707 742 638 
748 719 738 595 695 805 614 657 622 787 625 522 660 595 797 898 630 680 748 591 691 617 722 496 841 637 691 696 610 656 737 586 
729 782 711 600 726 845 530 765 619 845 547 645 661 562 819 833 624 687 710 635 597 548 709 594 851 629 748 635 589 723 662 604 
698 607 687 520 702 680 575 711 731 732 561 563 653 617 737 845 644 612 687 598 463 634 585 564 716 683 682 578 522 689 795 589 
640 660 702 539 613 629 593 590 568 676 495 482 530 532 645 678 627 430 669 535 514 509 589 465 559 578 609 642 520 642 694 618 
486 516 496 342 528 482 428 513 384 551 335 386 409 326 456 505 434 383 432 374 375 377 461 406 440 474 465 364 350 510 481 424 
689 678 704 597 659 796 607 586 690 754 637 482 614 593 808 809 732 655 751 594 637 529 686 480 762 672 764 694 568 667 724 630 
713 593 717 573 676 696 685 683 718 802 529 553 601 637 804 878 592 694 727 574 510 592 595 589 745 656 702 657 545 686 680 564 
672 628 718 532 644 657 700 729 610 726 580 462 621 563 749 808 560 560 691 555 446 558 607 514 708 610 632 554 564 695 681 561 
858 741 874 614 768 858 676 785 701 896 676 651 731 641 816 982 720 754 792 686 706 615 776 678 905 848 840 641 553 782 827 668 
676 631 702 585 709 789 631 627 727 798 575 535 663 622 748 852 653 598 731 652 636 584 641 604 782 684 735 647 565 791 775 634 
676 592 764 539 621 800 584 686 624 789 466 557 667 638 716 703 589 657 671 501 576 472 655 497 719 700 666 623 582 668 687 556 
737 706 892 609 776 837 750 867 678 931 673 567 730 622 788 1002 702 710 818 674 654 662 739 633 836 772 771 666 587 937 800 719 
