1982 1580 1939 1627 1929 2035 1679 1854 1726 2012 1573 1432 1865 1850 1740 2081 1605 1615 1839 1518 1728 1666 1920 1633 1727 1912 1748 1723 1636 1737 1897 1784 
1840 1729 1937 1838 1788 2231 1689 1901 1726 1916 1514 1559 1962 1787 1858 1870 1589 1650 1856 1769 1558 1772 1823 1647 1902 1809 1859 1777 1716 1741 1917 1784 
1946 1677 2037 1816 2038 2131 1656 1811 1794 2027 1715 1600 1945 1914 2021 2069 1575 1656 1704 1571 1726 1881 1842 1618 1824 2047 1818 1794 1938 1725 2277 1806 
1899 1660 1851 1771 1973 1988 1855 1799 1741 2021 1615 1591 1865 1886 2006 1983 1820 1745 1806 1525 1623 1805 1777 1723 1721 2033 1839 1842 1733 1758 2258 1948 
1818 1577 1880 1680 2048 1927 1754 1728 1728 1897 1498 1495 1799 1729 1771 1737 1780 1551 1866 1569 1599 1629 1866 1567 1853 1837 1780 1852 1626 1809 1891 1901 
1805 1712 1719 1637 1812 2003 1712 1706 1697 1857 1596 1402 1893 1738 1747 1808 1581 1544 1692 1557 1465 1818 1841 1537 1775 1810 1662 1624 1695 1593 1875 1822 
1927 1699 1815 1769 1961 1935 1957 1956 1958 2129 1562 1530 1910 1948 1982 2106 1733 1672 1859 1737 1590 2022 1927 1758 1762 1972 1764 1743 1876 1737 2242 1929 
2306 2039 2144 1959 2289 2239 2060 2179 1990 2197 1780 1724 2242 2020 2212 2337 2053 1958 2108 1833 1973 2086 2054 1904 2136 2223 2050 1932 2009 2132 2472 2066 
1963 1724 1919 1911 1998 1901 1724 1817 1631 1960 1591 1692 1936 1798 1879 2025 1755 1755 1923 1635 1791 1766 1859 1600 1820 1931 1871 1850 1579 1765 2243 1818 
2167 1791 2031 1649 2031 2104 1727 2021 1826 2038 1706 1708 1906 1938 1842 2107 1868 1676 1745 1712 1755 1751 1933 1655 1715 1962 1583 1805 1766 1718 2050 2021 
2186 1830 1869 1616 1900 2187 1933 1751 1900 2000 1586 1506 1930 1982 1977 2074 1781 1622 1913 1683 1739 1822 1881 1690 1901 1920 1836 1828 1836 1873 2061 1850 
2064 1619 1825 1705 2036 2007 1747 1671 1818 2097 1612 1575 1904 1898 1946 2043 1875 1608 1758 1598 1698 1955 1952 1607 1882 1965 1742 1851 1773 1782 2102 1871 
1833 1739 1922 1765 1905 2135 1817 1824 1678 1990 1300 1427 1882 1610 1980 1925 1647 1586 1657 1547 1693 1757 1780 1710 1880 1778 1740 1648 1809 1634 1830 1728 
1705 1526 1726 1717 1789 2012 1602 1659 1602 1770 1406 1490 1738 1564 1858 1906 1502 1688 1664 1509 1397 1790 1422 1356 1685 1757 1667 1744 1668 1689 2020 1610 
2018 1729 2120 1922 2125 2161 1847 1778 1775 2158 1475 1536 1919 1852 2134 2093 1705 1699 1934 1665 1990 1830 1730 1864 1955 2061 1902 1902 1862 1999 2159 1917 
1983 1711 2009 1828 1885 2101 1828 1808 1835 2110 1656 1683 1992 1960 1929 1945 1749 1603 1859 1704 1762 1808 2014 1681 1840 1949 1773 1891 1780 1765 2207 1959 
2002 1759 2078 1807 2144 2099 1785 1995 1676 2032 1808 1677 1951 1875 1956 2073 1700 1535 1854 1720 1824 1851 1922 1689 1923 1949 1928 1765 1784 1818 2084 1780 
2017 1772 2014 1837 1954 1996 1657 1798 1683 1862 1689 1465 1892 1817 1800 2017 1791 1807 1893 1636 1739 1837 1852 1739 1861 2003 1701 1795 1712 1713 2145 2003 
1908 1600 1941 1756 1967 1956 1763 1690 1834 2057 1497 1588 1724 1689 1861 2031 1663 1661 1668 1609 1569 1757 1858 1620 1707 1884 1721 1884 1591 1763 2091 1919 
2101 1773 2093 1837 2057 2204 1888 1865 1869 2111 1686 1813 1908 2015 1943 2113 1856 1679 1889 1739 1917 1773 1994 1766 2007 2173 1981 2098 1939 1926 2252 1952 
2178 2046 2199 2161 2263 2335 2146 2046 1928 2261 1783 1619 2199 2075 2308 2252 1909 1924 2135 1788 2174 1972 2220 1976 2164 2169 2052 2021 2026 2028 2429 2161 
2064 2080 1955 1882 2040 2196 1916 1943 1861 2148 1528 1667 2023 1818 2138 2124 1874 1871 2088 1699 1668 1752 2087 1836 1965 1937 1853 1779 1803 2067 2111 1995 
1963 1638 2023 1826 2008 1983 1821 1913 1842 2052 1546 1543 1942 1911 1983 1952 1649 1733 1913 1684 1662 1775 1888 1687 1899 1969 1850 1830 1782 1886 2285 1808 
1927 1777 2013 1977 2028 1985 1912 1754 1767 2077 1719 1633 1932 1829 1921 1866 1764 1568 1770 1758 1668 1771 1871 1630 1751 2039 1794 1973 1718 1776 2182 1881 
1871 1581 1819 1735 2091 2018 1779 1797 1729 1965 1420 1548 1791 1817 1841 1857 1737 1567 1641 1675 1716 1792 1838 1750 1723 1806 1765 1739 1694 1717 2037 1904 
1897 1763 1753 1728 1925 1961 1821 1706 1703 1864 1601 1438 1700 1755 1976 1972 1816 1709 1799 1527 1689 1513 1841 1493 1755 1825 1743 1790 1753 1775 2040 1841 
1967 1561 2044 1757 1939 2065 1859 1848 1946 2136 1550 1581 1849 1932 1958 1951 1756 1733 1959 1688 1603 1826 1866 1676 1903 1949 1743 1873 1767 1842 2201 1812 
1994 1699 1957 1664 1852 2017 1684 1869 1706 1916 1659 1539 1743 1779 1935 2069 1755 1557 1756 1635 1645 1787 1854 1510 1935 1838 1782 1859 1595 1879 2226 1769 
2187 1775 2172 1824 2280 2156 1777 1965 1864 2179 1732 1789 1990 1906 2102 2240 1832 1809 1794 1808 1982 1869 2014 1857 2050 2188 2080 1883 1789 1912 2381 1993 
2044 1702 2029 1676 2173 2134 1752 1743 1949 2130 1579 1590 1845 2023 1994 2192 1913 1605 1817 1845 1798 1944 1684 1881 1930 1980 1863 1913 1784 1993 2269 1947 
2210 1778 2130 1941 2046 2356 1887 2064 1952 2171 1669 1736 2187 2155 2100 2184 1894 1976 2039 1804 1974 1898 2065 1870 2045 2164 1929 2134 1809 2046 2466 1884 
2168 1856 2239 1966 2224 2380 1931 2143 1943 2276 1793 1728 2146 2177 2085 2402 1976 1882 2101 1822 1986 2078 2019 1868 2134 2181 2002 1972 1890 2162 2291 2020 
