1395 960 1276 993 1324 1328 1028 1208 1110 1312 935 969 1113 1126 1188 1480 1084 1171 1241 1003 1168 1074 1301 1149 1082 1205 1187 1120 1002 1330 1320 1149 
1321 1119 1298 1161 1211 1503 1079 1235 1180 1288 900 1085 1200 1094 1237 1291 1145 1192 1247 1212 1027 1149 1178 1108 1213 1087 1227 1201 1120 1300 1313 1099 
1295 1091 1382 1098 1409 1367 1084 1198 1150 1352 1046 1097 1167 1155 1276 1464 1102 1132 1123 1072 1057 1161 1254 1164 1142 1315 1176 1151 1259 1227 1493 1224 
1251 1021 1249 1049 1258 1181 1055 1124 1018 1320 871 1077 1118 1077 1253 1376 1068 1215 1178 942 961 1101 1154 1117 1076 1195 1195 1102 1082 1258 1347 1187 
1401 1158 1460 1231 1494 1452 1234 1285 1386 1426 1060 1147 1237 1232 1390 1409 1286 1273 1432 1188 1104 1163 1365 1119 1308 1268 1335 1315 1180 1438 1389 1341 
1243 1090 1235 1048 1291 1330 1064 1121 1059 1185 1011 1002 1183 1062 1134 1255 1091 1159 1192 1052 964 1186 1242 1022 1157 1092 1120 1096 1174 1171 1292 1189 
1224 977 1222 1032 1332 1169 1194 1239 1128 1343 854 1001 1133 1043 1195 1365 1078 1184 1241 1055 939 1268 1175 1206 1131 1206 1067 1053 1152 1247 1415 1154 
1569 1324 1539 1227 1604 1517 1338 1600 1318 1486 1139 1185 1491 1226 1481 1659 1372 1471 1486 1280 1258 1396 1444 1328 1374 1414 1450 1246 1323 1488 1677 1344 
1381 1108 1329 1269 1424 1251 1098 1264 1006 1300 980 1188 1177 976 1232 1461 1212 1266 1323 1125 1173 1146 1235 1072 1130 1210 1247 1209 963 1269 1485 1174 
1532 1177 1386 964 1366 1419 1046 1381 1135 1300 979 1174 1216 1113 1150 1432 1160 1192 1188 1110 1203 1104 1320 1117 1155 1248 1097 1146 1127 1282 1284 1269 
1486 1147 1336 1041 1336 1461 1228 1138 1244 1342 976 1042 1240 1193 1294 1442 1131 1209 1318 1116 1147 1223 1252 1144 1239 1174 1227 1175 1226 1340 1350 1154 
1438 1095 1263 1103 1448 1343 1143 1145 1254 1368 1035 1127 1259 1198 1324 1510 1364 1258 1277 1086 1154 1346 1398 1137 1294 1296 1238 1268 1154 1372 1500 1247 
1318 1132 1365 1075 1388 1462 1151 1214 1096 1365 762 1077 1184 1003 1319 1436 1169 1194 1133 1042 1122 1209 1183 1182 1258 1163 1224 1174 1213 1143 1288 1018 
1306 1082 1293 1196 1328 1474 1129 1244 1103 1271 840 1082 1235 1011 1340 1409 1073 1284 1238 1162 994 1232 983 1097 1206 1201 1246 1282 1165 1234 1444 1102 
1363 1133 1475 1246 1557 1483 1224 1228 1184 1492 987 1115 1178 1185 1511 1565 1167 1283 1329 1136 1321 1195 1169 1261 1254 1317 1342 1318 1283 1460 1439 1251 
1349 1080 1364 1091 1201 1338 1135 1165 1217 1423 1019 1174 1233 1171 1220 1357 1166 1171 1224 1135 1053 1116 1307 1095 1169 1223 1105 1208 1046 1285 1449 1274 
1451 1239 1527 1189 1507 1419 1250 1353 1176 1424 1186 1204 1308 1182 1373 1551 1280 1183 1383 1201 1171 1290 1361 1214 1348 1315 1353 1175 1174 1461 1555 1252 
1407 1137 1363 1147 1302 1277 1063 1186 1068 1249 992 983 1177 1062 1185 1445 1126 1314 1245 1043 1084 1174 1191 1155 1172 1214 1130 1135 1049 1203 1362 1246 
1459 1109 1485 1252 1500 1391 1235 1262 1376 1474 966 1144 1201 1176 1321 1580 1215 1257 1231 1205 1182 1266 1358 1225 1191 1295 1311 1339 1135 1304 1502 1315 
1442 1189 1530 1250 1371 1544 1216 1264 1274 1478 935 1246 1235 1146 1284 1457 1287 1236 1361 1235 1203 1157 1368 1285 1301 1425 1315 1337 1283 1361 1469 1287 
1568 1387 1550 1338 1610 1541 1362 1315 1253 1506 1133 1224 1380 1255 1525 1685 1303 1434 1486 1204 1389 1284 1514 1283 1420 1416 1399 1379 1306 1496 1633 1361 
1495 1452 1415 1238 1574 1543 1183 1418 1249 1529 1072 1325 1363 1172 1503 1573 1272 1458 1477 1191 1241 1240 1551 1320 1438 1288 1407 1280 1324 1547 1514 1353 
1480 1147 1381 1142 1436 1353 1179 1333 1260 1365 1008 1121 1229 1272 1391 1469 1176 1265 1362 1141 1123 1230 1307 1180 1231 1322 1372 1215 1174 1385 1620 1172 
1333 1232 1438 1282 1370 1273 1224 1092 1104 1350 953 1125 1185 1068 1221 1282 1195 1041 1237 1144 988 1099 1302 1105 1067 1217 1204 1293 1089 1216 1454 1239 
1281 981 1266 1029 1406 1339 1103 1118 1039 1233 800 1029 1105 1032 1121 1184 1115 1052 1072 1070 1078 1126 1224 1192 1052 1096 1105 1052 1025 1192 1215 1141 
1358 1291 1320 1208 1418 1378 1262 1193 1201 1306 1104 1040 1215 1132 1388 1476 1317 1369 1406 1104 1164 1076 1400 1105 1229 1303 1324 1257 1204 1328 1472 1274 
1419 1055 1453 1150 1389 1431 1294 1287 1362 1507 983 1161 1117 1219 1367 1501 1226 1299 1384 1165 1094 1239 1305 1186 1305 1288 1299 1304 1151 1462 1517 1190 
1339 1106 1403 1129 1331 1322 1202 1356 1183 1301 1051 1042 1208 1134 1310 1479 1191 1172 1278 1146 980 1150 1238 1034 1274 1155 1218 1215 1014 1397 1436 1185 
1627 1232 1586 1190 1569 1513 1155 1377 1299 1532 1078 1291 1320 1214 1422 1627 1244 1334 1294 1255 1341 1226 1415 1325 1375 1494 1456 1209 1186 1423 1566 1308 
1470 1203 1580 1203 1660 1541 1243 1265 1449 1489 1019 1150 1346 1407 1378 1676 1347 1265 1377 1343 1308 1334 1226 1367 1465 1386 1387 1297 1234 1584 1559 1388 
1562 1180 1511 1243 1401 1669 1207 1388 1298 1475 1002 1248 1395 1274 1414 1570 1254 1447 1429 1190 1282 1234 1432 1242 1319 1380 1341 1418 1219 1497 1602 1175 
1563 1273 1602 1255 1564 1635 1331 1449 1345 1568 1166 1252 1401 1318 1448 1829 1373 1388 1463 1305 1326 1429 1408 1350 1428 1456 1405 1343 1223 1666 1584 1380 
