5111 4268 4865 4411 4907 4548 4579 4481 4925 5094 4534 4381 4860 4695 4679 5064 4560 4643 4434 4455 4536 4627 4660 4650 4547 4905 4410 4741 4659 4837 4691 4789 
4745 4394 4724 4329 4760 4760 4397 4356 4725 4820 4318 4329 4640 4621 4497 4842 4384 4526 4576 4659 4047 4611 4522 4365 4539 4455 4453 4631 4679 4665 4583 4304 
4887 4355 5015 4470 5152 4595 4206 4289 4769 5077 4492 4458 4765 4691 4831 5215 4406 4707 4684 4505 4305 5050 4512 4768 4542 4891 4679 4710 4775 4968 5064 4580 
4414 3948 4358 4024 4518 4267 4271 4107 4372 4646 4259 3976 4317 4489 4698 4732 4405 4481 4327 4199 3998 4442 4078 4403 4330 4614 4381 4400 4359 4421 4625 4741 
4775 4275 4896 4142 4780 4522 4328 4101 4954 4802 4273 4030 4492 4520 4733 4773 4726 4434 4717 4596 4162 4350 4433 4674 4570 4662 4562 4779 4379 4822 4485 4666 
4633 4292 4600 4161 4810 4277 4519 4084 4570 4636 4391 4066 4710 4617 4452 4706 4370 4600 4499 4411 3992 4564 4514 4170 4390 4557 4223 4358 4420 4548 4317 4490 
4721 4195 4356 4047 4649 4255 4444 4195 4516 4797 4109 4076 4321 4384 4517 4755 4280 4391 4421 4269 3826 4577 4428 4373 4201 4583 4142 4381 4456 4505 4643 4269 
5166 4717 4892 4445 5088 4621 4814 4552 4819 5142 4507 4335 4898 4796 4882 5319 4875 4914 5005 4748 4316 5102 4637 4787 4625 4958 4621 4786 4679 4921 5075 4648 
4561 4166 4517 4128 4464 4216 4224 3973 4371 4559 4101 4165 4437 4128 4340 4786 4407 4559 4502 4269 4206 4304 4205 4214 4236 4507 4142 4225 4153 4449 4567 4250 
4529 4118 4634 3827 4464 4091 4041 4084 4355 4490 4123 4092 4304 4404 4122 4564 4321 4129 3926 4099 3938 4091 4298 4159 3999 4450 3681 4096 4188 4169 4304 4332 
5085 4401 4644 4143 4490 4653 4597 4007 4956 4645 4311 4063 4518 4561 4694 5014 4567 4516 4625 4557 4136 4369 4278 4500 4544 4505 4252 4756 4588 4649 4568 4330 
4992 4235 4703 4311 4819 4401 4547 3966 4727 4860 4367 4121 4435 4578 4616 4737 4644 4512 4511 4448 4168 4583 4575 4556 4369 4638 4176 4679 4650 4655 4739 4638 
4474 4384 4440 4290 4605 4292 4349 4215 4418 4885 4067 4056 4432 4433 4532 4951 4191 4546 4242 4235 4100 4592 4290 4333 4310 4325 4141 4234 4375 4359 4303 4367 
4816 4159 4693 4299 4689 4539 4540 4325 4650 4619 4324 4220 4522 4422 4942 4938 4443 4592 4470 4669 4083 4645 4074 4175 4606 4639 4295 4835 4732 4692 4570 4276 
4647 4035 4462 4181 4633 4325 4339 3772 4339 4616 3713 3760 4316 4277 4431 4383 4169 4307 4367 4143 4103 4343 4071 4391 4250 4596 4106 4456 4370 4470 4419 4279 
4524 3999 4474 4180 4340 4240 4363 4030 4388 4721 4085 3923 4284 4330 4417 4502 4168 4239 4331 4207 4043 4286 4394 4157 4137 4406 3884 4414 4285 4221 4314 4356 
4520 4289 4894 4120 4517 4162 4224 4228 4537 4688 4277 4232 4449 4425 4534 4800 4288 3963 4386 4313 4072 4403 4374 4151 4412 4662 4263 4205 4327 4447 4539 4269 
4764 4491 5021 4223 4644 4099 4142 4222 4708 4796 4515 4130 4515 4361 4495 4803 4480 4472 4575 4518 4295 4451 4466 4491 4334 4759 4312 4574 4374 4571 4407 4514 
4496 3904 4411 3903 4504 4028 4081 3938 4528 4641 3932 3923 4119 4255 4433 4647 4196 4201 4338 4258 3858 4289 4520 4221 3923 4354 4085 4509 4138 4193 4511 4354 
4896 4292 4789 4285 4923 4529 4632 4204 4769 4913 4376 4357 4594 4990 4699 5059 4666 4590 4474 4466 4205 4553 4717 4599 4694 4960 4422 4952 4656 4821 5061 4718 
4702 4369 4697 4451 4869 4495 4635 4173 4540 4811 4084 4053 4390 4587 4677 4810 4563 4310 4493 4309 4484 4431 4584 4543 4563 4691 4160 4398 4539 4547 4690 4528 
4980 4497 4806 4164 4770 4678 4533 4203 4716 4899 4343 4265 4811 4566 4878 4903 4666 4581 4814 4522 4008 4406 4669 4699 4552 4529 4316 4569 4562 4912 4561 4598 
4845 4436 4723 4314 4840 4432 4396 4391 4782 4939 4243 4327 4605 4656 4887 4803 4585 4798 4574 4452 4206 4509 4390 4427 4560 4753 4394 4626 4462 4781 4867 4476 
4937 4275 4833 4438 4843 4325 4655 4201 4671 4833 4400 4136 4635 4621 4561 4731 4609 4320 4393 4743 4168 4424 4377 4432 4445 4800 4155 4867 4395 4574 4658 4552 
4426 4220 4396 4066 4663 4252 4471 4020 4481 4543 3980 4069 4380 4342 4551 4485 4351 4168 4321 4252 3885 4357 4448 4364 4383 4496 4153 4442 4165 4361 4458 4438 
4441 4123 4375 4004 4632 4116 4152 3876 4468 4327 3993 3810 4280 4252 4441 4617 4317 4302 4283 4093 3993 3834 4245 4060 4187 4257 4114 4289 4241 4407 4308 4151 
4972 4289 5017 4353 4702 4318 4438 4343 4722 5016 4432 4418 4394 4434 4663 4710 4615 4668 4729 4433 4084 4780 4484 4515 4455 4703 4250 4645 4498 4700 4645 4414 
4812 4406 4771 4457 4734 4415 4639 4413 4844 4885 4512 4325 4271 4659 4855 5071 4571 4330 4663 4650 4324 4569 4384 4370 4393 4724 4337 4895 4426 4761 4988 4447 
4979 4457 4901 4257 5031 4480 4502 4236 4659 4902 4373 4474 4867 4806 4845 5031 4471 4544 4328 4591 4384 4470 4677 4695 4574 4966 4461 4489 4437 4777 4976 4550 
4732 4234 4653 4180 4899 4333 4305 4171 4531 4710 4237 4120 4483 4500 4515 5221 4625 4363 4410 4404 4390 4474 4217 4509 4373 4627 4111 4562 4591 4659 4714 4500 
4934 4692 4959 4702 5024 4773 4730 4654 4882 5157 4604 4634 4831 4906 4905 5201 4741 4948 4883 4844 4727 4707 4575 4770 4721 5170 4709 4991 4575 5072 5036 4805 
4743 4323 4830 4227 4720 4436 4234 4466 4438 4843 4394 4078 4548 4559 4649 4929 4569 4438 4728 4248 4115 4657 4490 4490 4528 4647 4331 4576 4298 4644 4706 4386 
