2753 2269 2599 2404 2644 2798 2428 2515 2614 2751 2478 2256 2614 2505 2465 2944 2366 2474 2526 2232 2338 2429 2556 2402 2415 2720 2396 2509 2452 2491 2748 2613 
2597 2363 2673 2392 2553 2974 2432 2473 2459 2567 2407 2292 2770 2484 2497 2734 2283 2423 2583 2498 2027 2513 2477 2293 2575 2641 2516 2523 2479 2451 2668 2491 
2773 2323 2812 2444 2821 2939 2381 2428 2600 2786 2606 2439 2865 2670 2791 3034 2295 2561 2566 2258 2294 2749 2547 2444 2578 2886 2558 2606 2707 2578 3145 2732 
2601 2240 2471 2283 2561 2638 2507 2348 2498 2611 2405 2243 2511 2524 2681 2792 2457 2446 2498 2136 2179 2477 2270 2374 2304 2695 2375 2435 2296 2402 2898 2585 
2716 2238 2533 2292 2741 2645 2471 2265 2625 2601 2367 2191 2612 2539 2444 2660 2583 2270 2680 2242 2127 2385 2549 2436 2537 2567 2390 2608 2220 2552 2673 2682 
2433 2334 2313 2106 2501 2611 2327 2218 2297 2441 2323 2037 2599 2346 2269 2518 2201 2182 2382 2127 1824 2460 2428 2151 2318 2435 2236 2239 2261 2214 2438 2456 
2660 2363 2479 2346 2673 2644 2663 2584 2615 2705 2344 2183 2672 2600 2629 2808 2431 2476 2570 2307 2031 2650 2494 2480 2353 2673 2322 2393 2465 2403 2943 2623 
3017 2727 2797 2494 3002 2933 2659 2723 2642 2801 2572 2474 2957 2758 2868 3188 2700 2759 2793 2408 2362 2758 2594 2661 2702 2838 2638 2541 2509 2844 3156 2691 
2731 2467 2728 2599 2687 2651 2506 2341 2542 2705 2492 2493 2693 2485 2655 2969 2481 2641 2758 2375 2422 2539 2468 2353 2538 2702 2530 2555 2290 2587 3016 2611 
2727 2260 2641 2161 2597 2664 2212 2492 2376 2556 2414 2304 2555 2464 2320 2769 2426 2320 2335 2188 2179 2378 2417 2312 2294 2548 2134 2335 2337 2315 2680 2622 
2947 2543 2618 2333 2578 2872 2599 2335 2730 2665 2411 2283 2666 2641 2717 2952 2552 2425 2674 2356 2337 2552 2437 2470 2522 2644 2434 2537 2508 2594 2772 2609 
2676 2162 2365 2199 2640 2550 2393 2230 2447 2631 2354 2085 2509 2562 2514 2705 2487 2269 2388 2200 2156 2555 2433 2307 2427 2539 2195 2401 2327 2401 2699 2503 
2494 2405 2538 2424 2619 2868 2440 2407 2401 2614 2124 2207 2638 2325 2644 2796 2373 2448 2340 2139 2219 2447 2425 2456 2520 2528 2339 2265 2455 2391 2561 2509 
2465 2178 2401 2267 2494 2639 2231 2256 2300 2264 2208 2164 2462 2143 2423 2594 2187 2327 2346 2084 1935 2398 1982 1972 2260 2410 2230 2348 2300 2340 2575 2223 
2653 2249 2562 2393 2670 2762 2350 2294 2380 2666 2105 2000 2547 2380 2619 2619 2310 2340 2461 2154 2376 2323 2205 2449 2465 2637 2320 2481 2391 2515 2725 2507 
2556 2249 2562 2360 2482 2721 2462 2333 2464 2658 2363 2275 2583 2580 2594 2617 2328 2344 2475 2255 2199 2418 2524 2315 2366 2580 2241 2544 2375 2360 2742 2629 
2600 2366 2707 2360 2737 2725 2382 2442 2366 2663 2543 2413 2613 2510 2617 2877 2233 2248 2485 2303 2261 2500 2445 2218 2458 2654 2510 2404 2328 2543 2789 2431 
2674 2422 2693 2394 2609 2588 2283 2273 2395 2412 2507 2094 2527 2464 2357 2701 2453 2352 2508 2222 2190 2468 2536 2358 2368 2688 2228 2473 2208 2312 2614 2573 
2439 2060 2445 2221 2494 2369 2259 2167 2405 2590 2172 2159 2339 2342 2424 2756 2261 2221 2259 2139 2015 2364 2450 2202 2109 2475 2178 2498 2089 2258 2676 2504 
2877 2447 2792 2447 2780 3020 2620 2459 2668 2794 2574 2547 2767 2833 2678 2979 2577 2564 2603 2399 2412 2503 2729 2547 2643 2991 2594 2901 2550 2704 3054 2735 
2651 2489 2639 2629 2767 2845 2618 2394 2478 2654 2365 2081 2659 2479 2677 2804 2431 2316 2546 2234 2529 2425 2653 2501 2652 2759 2456 2507 2499 2432 2918 2725 
2908 2804 2741 2487 2866 3070 2726 2557 2705 2932 2476 2443 2908 2655 2881 3101 2635 2743 2930 2416 2160 2604 2790 2705 2734 2815 2560 2605 2473 2887 2924 2816 
2624 2240 2615 2454 2651 2701 2408 2468 2578 2697 2326 2281 2722 2609 2650 2782 2345 2576 2558 2234 2171 2425 2513 2341 2488 2732 2429 2473 2376 2556 3031 2555 
2607 2303 2578 2524 2588 2629 2549 2215 2480 2556 2465 2216 2531 2453 2522 2571 2472 2157 2365 2382 2105 2325 2365 2274 2259 2693 2247 2595 2269 2333 2777 2477 
2454 2173 2369 2175 2683 2637 2399 2275 2342 2487 2128 2185 2423 2414 2392 2620 2396 2153 2279 2248 2074 2357 2358 2302 2206 2448 2255 2308 2191 2282 2669 2466 
2555 2449 2324 2344 2628 2604 2439 2292 2452 2503 2398 2115 2392 2481 2621 2768 2506 2459 2479 2159 2221 2130 2387 2221 2323 2524 2360 2362 2365 2468 2757 2515 
2644 2111 2659 2283 2496 2582 2419 2380 2505 2622 2314 2265 2445 2392 2426 2551 2295 2406 2541 2131 2056 2387 2446 2208 2408 2476 2245 2437 2299 2474 2718 2346 
2752 2369 2619 2353 2494 2716 2413 2451 2528 2597 2549 2248 2464 2520 2720 2929 2485 2316 2458 2365 2199 2488 2464 2274 2443 2553 2339 2577 2250 2633 2972 2480 
2753 2373 2770 2363 2866 2742 2412 2446 2530 2767 2511 2421 2618 2569 2733 2974 2489 2510 2421 2428 2398 2460 2580 2477 2553 2882 2571 2517 2310 2544 3006 2573 
2790 2408 2768 2288 2930 2799 2436 2347 2752 2770 2436 2349 2640 2741 2716 3057 2643 2375 2538 2521 2405 2639 2356 2587 2500 2787 2501 2629 2452 2679 2968 2721 
2901 2551 2798 2614 2831 3141 2547 2675 2747 2842 2558 2484 2936 2872 2784 3077 2658 2741 2844 2535 2564 2547 2687 2578 2691 2946 2633 2785 2506 2799 3138 2609 
2787 2343 2830 2466 2833 2986 2547 2681 2481 2785 2573 2275 2786 2755 2701 3086 2584 2523 2773 2343 2422 2655 2584 2556 2619 2736 2480 2618 2472 2727 2921 2680 
