5787 5096 5507 5242 5583 5114 5247 5174 5592 5774 5251 5086 5599 5201 5431 5853 5264 5397 5140 5232 5250 5399 5370 5354 5095 5704 5286 5427 5395 5559 5500 5615 
5232 5082 5386 5021 5331 5348 5032 4912 5299 5544 4863 4958 5291 5061 5227 5600 5058 5214 5158 5266 4686 5241 5096 4977 5027 5151 5189 5274 5329 5252 5239 4981 
5618 5203 5712 5286 5814 5106 4917 4919 5475 5828 5195 5204 5440 5295 5521 6148 5180 5496 5387 5233 5082 5776 5279 5581 5138 5688 5539 5540 5450 5717 5852 5342 
5018 4720 5027 4882 5179 4747 4902 4685 5053 5302 4873 4656 4985 5012 5385 5579 5073 5258 4996 4796 4691 5203 4771 5118 4865 5310 5146 5118 4934 5053 5259 5416 
5529 5201 5615 4954 5502 5231 5140 4744 5728 5580 5042 4778 5235 5123 5528 5693 5464 5242 5466 5459 5006 5157 5223 5487 5158 5545 5442 5578 5186 5668 5350 5513 
5225 5028 5112 4976 5473 4787 5239 4687 5263 5324 4979 4731 5285 5111 5016 5436 5120 5386 5174 4982 4670 5213 5165 4897 4942 5326 4951 5078 4945 5174 4954 5150 
5397 5034 4940 4779 5360 4803 5164 4815 5197 5502 4831 4794 4979 4938 5132 5532 4896 5201 5085 5028 4556 5357 5154 5233 4732 5447 4997 5108 5121 5257 5443 5041 
5761 5450 5382 5048 5663 5096 5424 5092 5386 5710 5089 4882 5524 5312 5435 5966 5486 5578 5640 5305 4909 5753 5183 5376 5162 5535 5341 5325 5288 5499 5702 5235 
5267 5055 5178 4936 5202 4776 5046 4689 5093 5224 4746 4852 5125 4713 5037 5677 5083 5419 5347 4960 4930 5113 5062 4908 4848 5265 5000 5007 4837 5209 5268 5013 
5173 4944 5333 4651 5155 4628 4734 4728 5087 5105 4774 4758 5004 4903 4764 5400 4983 4997 4683 4727 4694 4874 5011 4934 4599 5254 4543 4868 4814 4879 4932 4992 
5722 5284 5191 4824 5162 5188 5350 4701 5581 5242 4965 4746 5149 5191 5220 5822 5206 5176 5447 5278 4761 5070 5067 5229 5146 5181 5077 5490 5250 5374 5294 4976 
5447 4931 5328 4891 5362 4819 5150 4390 5188 5449 4936 4650 4947 4998 5195 5494 5232 5118 5078 5021 4773 5149 5261 5132 4802 5176 4888 5277 5248 5254 5352 5232 
5128 5247 5088 5000 5355 4758 5113 4840 5076 5483 4694 4649 5098 5017 5148 5752 4842 5314 4975 4862 4841 5295 5084 5032 4845 5044 4932 5011 4981 5045 4969 5058 
5422 4927 5220 4956 5288 5028 5146 4915 5252 5274 4893 4785 5163 4948 5677 5559 5164 5224 5102 5301 4759 5303 4645 4834 5083 5385 4948 5311 5415 5389 5163 4949 
5208 4756 4992 4844 5154 4805 4932 4313 5018 5273 4279 4310 4885 4676 5085 5109 4849 4980 4964 4747 4767 4912 4632 5059 4762 5249 4802 5037 4941 5137 5029 4970 
5074 4713 5103 4901 4937 4773 4939 4628 4995 5220 4691 4551 4896 4860 5019 5275 4672 4901 5008 4861 4644 4971 5124 4732 4585 5048 4632 5111 4872 4871 4958 4966 
5159 5037 5451 4885 5219 4709 4905 4825 5269 5313 4966 4837 4947 4967 5208 5527 4899 4663 5007 4967 4794 5008 4947 4879 4866 5353 4948 4898 4920 5249 5187 4985 
5423 5115 5494 4947 5114 4627 4682 4723 5296 5427 5057 4787 5057 4925 5102 5483 5014 5214 5166 5181 4898 5124 5064 5034 4846 5426 4957 5150 5009 5232 5038 5138 
5132 4781 4997 4673 5191 4641 4801 4629 5277 5367 4683 4610 4729 4811 5114 5473 4924 5052 5049 5044 4563 4927 5287 4943 4574 5126 4968 5232 4847 5040 5234 5172 
5491 5010 5388 4956 5522 5049 5267 4763 5374 5430 5004 4977 5142 5490 5313 5799 5235 5275 5118 5082 4845 5179 5321 5277 5150 5621 5156 5675 5234 5494 5725 5343 
5341 5197 5324 5254 5487 5047 5259 4808 5244 5566 4708 4693 5031 5145 5445 5618 5239 5085 5125 5029 5176 5131 5244 5291 5170 5478 4927 5046 5262 5343 5359 5258 
5742 5282 5363 4905 5324 5216 5341 4665 5297 5579 5025 4933 5363 5136 5505 5685 5403 5392 5474 5159 4747 5096 5399 5367 5110 5200 5081 5309 5217 5637 5239 5283 
5592 5283 5356 5147 5511 5060 5163 5095 5521 5563 4884 4970 5330 5252 5688 5626 5302 5594 5373 5146 4939 5266 5069 5121 5142 5538 5174 5322 5201 5567 5574 5219 
5518 4966 5503 5132 5437 4810 5223 4744 5294 5475 4939 4769 5289 5135 5150 5507 5198 5094 5056 5398 4812 5196 5024 5102 4954 5468 4950 5521 4997 5215 5342 5218 
4992 5005 4961 4703 5350 4773 5179 4691 5163 5105 4549 4598 4922 4828 5179 5266 4970 4778 5118 4960 4497 4905 5073 5005 4889 5118 4896 5149 4765 5116 5118 5183 
5047 4816 4834 4735 5218 4608 4748 4509 5092 4862 4551 4462 4865 4760 5024 5345 4952 5019 5020 4631 4540 4545 4808 4676 4760 4899 4883 4835 4804 5041 4875 4739 
5659 5049 5736 5206 5349 4903 5191 5031 5441 5787 5116 5149 5013 5019 5406 5605 5358 5527 5461 5114 4860 5449 5303 5250 5052 5420 5030 5393 5156 5556 5295 5146 
5370 5159 5420 5119 5424 4951 5259 5055 5489 5506 5134 4947 4908 5145 5546 5786 5180 5020 5351 5285 5033 5184 5051 5034 4861 5394 5122 5538 5030 5470 5669 5195 
5507 5231 5527 4945 5724 5005 5214 4777 5332 5523 4988 5077 5394 5318 5460 5870 5129 5252 4958 5185 5073 5099 5287 5419 5072 5663 5175 5227 5072 5460 5628 5204 
5392 5018 5360 5061 5599 4915 5051 4901 5242 5494 4865 4776 5175 5048 5344 6122 5409 5093 5129 5087 5114 5250 4937 5204 4939 5316 4975 5305 5286 5446 5356 5270 
5684 5467 5614 5528 5701 5357 5465 5427 5550 5887 5328 5371 5552 5470 5617 6011 5442 5727 5599 5557 5456 5476 5290 5523 5340 5885 5544 5681 5262 5849 5708 5579 
5341 5148 5388 4919 5358 4952 4876 5077 5143 5598 5106 4759 5112 5027 5306 5670 5231 5214 5379 4943 4835 5261 5157 5217 5069 5343 5085 5207 4935 5413 5416 5232 
