2315 2024 2301 1970 1963 2389 1947 1985 2245 2226 2050 2004 1882 2124 1830 1780 2165 1948 1971 2032 1913 2021 2037 1769 2103 2146 2303 2081 2106 2070 1918 2010 
2162 1814 2087 1789 1950 2048 1730 1811 1872 1989 1958 1611 1774 1708 1928 1674 1941 1879 1951 1715 1755 1666 2171 1912 2074 1805 1850 1962 2135 1879 1884 1795 
2381 1975 2190 1917 2110 2192 2032 2075 2048 2271 1959 1972 1754 1889 1872 1794 2213 2137 2077 2098 1932 2049 2189 1936 2247 2151 2271 2069 2314 2080 2067 2007 
2354 1983 2144 1973 1874 2140 1981 2073 2084 2104 2029 1942 1832 1747 1871 1825 2049 2131 1976 2071 1844 1917 1897 1773 2135 2061 2183 2126 2179 1957 2025 1997 
2134 2053 2201 1787 1899 2251 1769 1997 1957 1998 1790 1981 1841 1867 1767 1903 2191 1798 1855 1839 1855 1864 1995 2022 2000 2210 2252 2134 2180 1949 1907 1885 
2121 1772 2255 1792 2068 2148 1946 1868 1892 2096 2056 1816 1651 1805 1843 1630 2066 2073 1942 1908 1800 2031 1999 1848 2108 1950 2001 1988 2246 1760 1947 1870 
2366 1955 2241 2023 2042 2332 2014 2172 2062 2224 2148 1911 1795 2022 1863 1803 2072 2228 2181 2090 1877 2157 2128 1935 2291 2142 2158 2093 2258 2034 2016 2003 
2350 2083 2387 2167 2190 2399 2024 2125 2253 2129 2189 1936 1835 1901 1918 2038 2090 2083 2341 2185 1835 2180 2272 2056 2294 2145 2256 2183 2528 2206 2039 1924 
2407 2027 2148 1900 1886 2244 1846 2198 2137 2060 2009 2022 1890 1805 1820 1954 2067 1919 2216 2212 1872 2007 2128 1794 2266 2065 2383 1949 2402 2061 2057 1889 
2050 1710 1877 1672 1934 2097 1692 1865 2033 1982 1771 1696 1566 1884 1799 1701 1960 1726 1933 1736 1616 1903 1937 1721 1952 1931 2119 1954 1936 1859 1936 1708 
2342 2039 2236 1903 1902 2440 1887 2038 2152 2211 2048 1891 1793 1995 1721 1831 2128 2021 2246 2071 1846 2115 2175 1840 2120 2081 2315 1916 2326 2041 2023 2039 
2093 1772 1905 1889 1896 2071 1678 1903 1930 1966 1811 1823 1704 1772 1650 1594 1858 1761 1819 1832 1734 1834 1843 1688 2103 1923 2130 2022 1956 1774 1766 1679 
2088 1858 2013 1759 1774 2102 1591 2046 1785 2016 1890 1664 1519 1713 1638 1632 1927 1649 1948 1761 1640 2011 1918 1889 1990 1945 2085 1732 2125 1885 1712 1809 
2000 1723 1884 1718 1757 1970 1673 1954 1820 1789 1712 1614 1579 1654 1575 1771 1744 1719 1871 1739 1665 1767 1901 1652 1923 1909 2024 1798 1994 1884 1762 1556 
2229 1799 1953 1820 1727 2252 1729 1986 1901 1932 1971 1812 1806 1834 1784 1771 2055 1760 1999 1820 1665 1801 1922 1703 1896 2003 1991 1995 2156 1821 1978 1793 
2135 1922 1923 1778 1908 2081 1683 1891 1954 1878 1926 1743 1697 1593 1702 1646 1986 1776 2021 2023 1625 1888 1878 1684 1971 1957 2047 1901 2147 1812 1864 1640 
2225 1871 2264 1732 1954 2075 1889 1958 2011 2120 1887 1809 1757 1754 1778 1718 2144 1962 1931 1974 1675 1923 1954 1877 2067 2003 2118 1986 2216 2046 1928 1847 
2214 1818 2059 1693 1958 2086 1927 1929 1990 2096 1937 1812 1681 1888 1738 1709 1983 1752 1943 1825 1776 1972 2016 1787 1864 1944 2083 2098 2054 1796 1861 1675 
1969 1753 1913 1715 1655 2037 1862 1734 1693 1872 1707 1798 1484 1720 1451 1646 1857 1580 1850 1683 1605 1713 1836 1652 1652 1970 2017 1866 1896 1750 1679 1647 
2291 2032 2184 1987 1952 2165 1827 2118 2028 2156 2125 1959 1829 1732 1912 1834 2214 1958 2074 2039 1883 1955 2068 1882 2236 2237 2187 2166 2327 2100 2124 1858 
2282 1829 2081 1798 1901 2145 1903 2000 1902 2025 2012 1865 1799 1749 1684 1788 2036 1960 1928 1888 1630 1908 1872 1751 2008 1922 2167 2059 2263 1873 1875 1886 
2369 1955 2549 2128 2049 2446 2058 1951 2076 2218 2082 2058 1842 2101 1868 1813 2243 2062 2170 1984 1723 2119 2242 2082 2203 2095 2369 2056 2350 2164 1899 2042 
2352 1913 2055 1768 1915 2228 1652 2086 2022 1996 1860 1933 1795 1798 1862 1785 2155 1787 2143 1965 1738 1910 1875 1622 2068 1982 2220 1846 2175 2059 1980 1911 
2250 1862 2233 1763 1948 2042 1859 2035 1881 2072 1953 1878 1658 1756 1803 1782 2030 1847 1936 1846 1759 1904 1865 1699 1982 2058 2149 2014 2328 1784 2004 1741 
2197 1890 2044 1854 1906 2213 1843 2086 2111 2246 1970 1809 1694 1847 1830 1921 2061 2091 2145 1792 1865 1869 1967 1794 2157 1980 2118 2118 2308 1873 1975 1937 
2080 1735 2045 1783 1845 2057 1585 1866 1882 1889 1762 1861 1586 1630 1610 1743 1819 1749 1907 1667 1611 1806 1857 1633 1958 1905 2041 1840 2110 1963 1678 1690 
1935 1755 1976 1841 1813 1890 1755 1945 1842 1814 1851 1737 1723 1742 1750 1635 1891 1996 2020 1933 1574 1859 1821 1774 1858 1784 2036 1921 2106 1852 1851 1785 
2272 1867 2053 1864 1787 2095 1941 2027 2011 2040 1939 1916 1781 1677 1674 1824 2057 1892 1933 2009 1789 1979 1979 1787 1962 2110 2194 2049 2222 1957 1838 1790 
2182 1870 1947 1710 1887 2164 1798 1920 1983 2103 1904 1787 1642 1777 1742 1805 2054 1838 1996 1834 1672 1967 1936 1652 1907 1934 2074 1760 2116 1881 1870 1704 
2326 2052 2058 1782 2092 2101 1903 2011 2136 2192 1984 1943 1851 1742 1834 1860 2282 2255 2062 1985 1833 1896 2059 2005 1944 2041 2183 2157 2274 2034 1932 2077 
2514 2182 2201 2158 2252 2415 2018 2351 2240 2252 2164 1999 1928 1996 2062 2078 2300 2131 2359 2249 1857 2249 2331 1914 2365 2196 2403 2253 2575 2147 2125 2030 
2223 1939 2119 1988 1997 2106 1887 2030 1974 2153 1979 1850 1761 1890 1811 1728 2012 1942 1957 2036 1863 1841 1918 1758 2131 1948 2201 2158 2227 1960 1933 1847 
