4388 4088 4420 3526 4267 4651 4357 4145 4356 4342 4305 4031 4174 4334 3893 3720 4563 4212 4040 4313 3764 4201 4126 3998 4049 4244 4340 4236 4211 4257 4121 4210 
4145 3882 4089 3570 4019 4322 3918 3843 3958 3979 3972 3837 3932 3849 3925 3613 4142 4015 4107 3859 3600 3696 4090 3924 4252 3836 3686 4055 4255 3685 3997 3744 
4418 3996 4140 3551 4272 4443 4149 4207 4219 4374 4087 4139 3976 3944 3973 3688 4459 4272 4029 4216 3720 4306 4244 4164 4313 4147 4292 4181 4356 3966 4401 4146 
4199 3937 3903 3476 3792 4112 4072 4210 3956 4083 4133 3976 3769 3841 3855 3549 4136 4242 3969 4026 3481 4016 3787 3597 3988 4064 4197 4090 4032 4007 4165 3777 
4281 4139 4162 3404 4091 4443 3991 4248 3987 3899 4071 4273 3747 4022 3811 3887 4477 3929 3841 4076 3722 4150 3914 4223 3922 4293 4121 4292 4201 3996 4102 4019 
4195 3901 4295 3501 4100 4411 4232 4176 3943 4143 4336 3969 3619 4077 3912 3617 4342 4236 4157 4074 3654 4243 4137 4035 4208 3978 4058 4264 4260 3945 4306 3904 
4071 3695 4022 3578 3840 4356 3903 3889 4106 3965 3973 3944 3583 3861 3699 3516 4185 4089 4148 3922 3538 4072 3922 3911 4302 3936 3968 4091 4077 3708 3936 3898 
4440 4029 4212 3802 4196 4463 4034 4190 4331 4232 4274 4119 4090 4044 4048 3929 4284 4355 4431 4435 3575 4306 4379 4033 4476 4243 4195 4341 4466 4253 4377 4009 
4106 3742 3932 3409 3624 4096 3628 3832 3909 3691 3983 3814 3760 3650 3602 3664 3956 3732 4079 3995 3404 3885 3852 3475 4007 3753 4114 3890 4269 3711 3996 3509 
3721 3445 3719 3091 3778 4090 3639 3813 3771 3594 3890 3484 3489 3714 3584 3426 3807 3590 3835 3653 3163 3804 3573 3503 3731 3557 3934 3804 3766 3786 3903 3419 
4267 4044 4120 3438 4005 4500 3980 3999 4111 3915 4139 3925 3777 3970 3610 3698 4222 4067 4248 4090 3582 4291 3849 3796 4165 4063 4280 4018 4282 3996 4375 3842 
4120 3926 3981 3631 3876 4460 3867 3979 3963 3964 4059 4052 3794 4019 3875 3620 4066 4043 4012 4057 3575 3957 3839 3997 4300 4093 4193 4200 4165 4029 4067 3646 
3908 3835 3775 3394 3892 4043 3678 4168 3752 3936 3777 3777 3494 3762 3737 3560 4016 3601 3970 3912 3265 4083 3590 3677 4003 3863 4033 3737 4038 3873 3732 3629 
4155 3920 4082 3383 4022 4324 4052 4172 4086 3714 3915 3950 3869 3920 3755 3801 4223 4035 4142 3953 3689 4079 3928 3936 4215 4159 4105 3992 4048 4129 4264 3731 
4012 3613 3737 3278 3435 4339 3690 3851 3834 3732 3841 3662 3695 3654 3684 3403 3986 3691 3946 3652 3213 3569 3816 3548 3905 3857 3816 4021 4051 3680 4112 3726 
3787 3654 3469 3246 3684 4082 3488 3631 3883 3596 3859 3599 3552 3529 3393 3358 3831 3673 3913 3841 3210 3813 3505 3561 3991 3851 3774 3892 3976 3644 3844 3488 
4091 3745 3990 3344 3720 4013 3932 3981 3884 3993 3772 3812 3730 3917 3719 3685 4100 3907 3927 3885 3425 3920 3723 3642 3945 4083 3988 3960 4117 3943 3967 3715 
4320 3977 3851 3288 4093 4273 4074 4011 4117 4129 4030 3930 3743 3996 3666 3792 4202 3779 4124 4031 3609 4295 3854 4022 3875 4079 4016 4213 4026 3930 4082 3575 
3708 3460 3716 3314 3416 3910 3967 3781 3544 3745 3683 3858 3447 3770 3449 3524 3840 3422 3793 3642 3134 3687 3606 3513 3543 3849 3848 3881 3781 3655 3706 3584 
4218 3879 3980 3561 3861 4261 3912 4243 4079 4104 4249 4025 3835 3835 4109 3674 4203 3984 4069 4034 3550 4073 3916 3862 4351 4224 4180 4194 4192 3960 4398 3863 
4277 3785 4059 3461 3712 4271 3981 3966 3862 3826 4073 3896 3906 3777 3647 3706 4303 4005 3960 3949 3490 3888 3780 3746 4089 3829 4071 4173 4049 3787 3874 3785 
4212 4005 4365 3709 3880 4496 4079 3819 4068 3871 4021 4021 3790 3981 3593 3540 4329 4050 4205 3754 3422 4222 4016 3936 4077 3999 4153 4036 4291 4077 3991 3838 
4432 4058 4173 3410 3926 4515 3865 4102 4282 3955 3959 4092 4056 3929 3992 3764 4384 3976 4265 4038 3574 4006 3828 3597 4140 4073 4171 4142 4219 4061 4119 3832 
4341 3937 4340 3387 4138 4254 4179 4179 3987 4049 4056 4073 3788 4016 3789 3799 4291 3973 4193 3971 3585 4087 3886 3746 4089 4287 4164 4253 4388 3977 4307 3928 
4037 3666 3866 3531 3777 4227 3918 3987 4230 4156 3989 3795 3703 4130 3787 3748 4236 4188 4271 3783 3621 3944 3760 3604 4114 4034 3976 4185 4221 3731 4224 3848 
3735 3425 3734 3190 3665 3955 3530 3555 3706 3623 3562 3606 3472 3563 3255 3431 3736 3628 3557 3642 3211 3667 3656 3525 3763 3594 3698 3737 3920 3679 3550 3458 
3905 4011 3934 3694 3988 4269 3949 4122 3988 3918 4216 4009 4011 3921 3995 3673 4200 4257 4248 4232 3485 4174 3879 3999 4009 4002 4124 4147 4235 4204 4190 3970 
4168 3858 4061 3611 3902 4385 4153 4188 4133 4041 4085 4134 3941 3975 3940 3794 4205 4145 4057 4286 3588 4170 3919 3859 4236 4237 4126 4192 4302 4179 3996 3761 
4120 3720 3915 3229 3930 4305 3998 3991 4002 4078 4092 3789 3805 4009 3789 3672 4385 3937 4121 3889 3568 4131 3904 3679 3931 3912 4163 3957 4189 3834 4052 3822 
4113 3994 3870 3458 4121 4122 3838 3947 4128 3977 3907 3754 3768 3780 3674 3614 4251 4205 4125 3804 3413 3902 3781 3781 3787 3870 3934 4258 4225 3884 3921 3905 
4459 4328 4166 3802 4265 4689 4262 4478 4399 4283 4386 4273 4010 4229 4192 4069 4579 4427 4563 4580 3772 4567 4281 4075 4551 4350 4523 4551 4688 4332 4408 3978 
4021 3660 3848 3461 3819 4071 3967 3932 3865 4006 3925 3816 3692 3994 3764 3513 4055 3935 3883 3936 3511 3768 3689 3543 3944 3947 3935 4022 3901 3833 3953 3529 
