5397 5413 5464 4687 5617 5920 5675 5374 5594 5765 5628 5185 5570 5622 5182 4896 5834 5463 5546 5674 4877 5380 5445 5259 5337 5672 5523 5438 5315 5339 5174 5384 
5218 5389 5217 4712 5495 5569 5189 5257 5135 5339 5356 5079 5344 5329 5169 4940 5440 5375 5686 5358 4698 5101 5651 5230 5629 5529 5020 5330 5383 4960 5107 4983 
5573 5491 5205 4973 5770 5851 5689 5490 5598 5849 5478 5444 5414 5362 5479 5092 5764 5712 5707 5767 4916 5730 5662 5502 5789 5776 5669 5668 5636 5080 5421 5344 
5387 5337 4904 4753 5214 5327 5536 5512 5289 5462 5375 5235 5166 5140 5215 4823 5412 5591 5500 5302 4543 5391 5207 4856 5366 5592 5494 5523 5290 5025 5194 5093 
5575 5691 5349 4670 5585 5705 5346 5561 5258 5310 5448 5527 5239 5553 5397 5246 5813 5386 5468 5698 4888 5558 5504 5606 5347 5901 5499 5762 5515 5206 5274 5350 
5051 5062 5267 4526 5278 5510 5313 5213 5069 5360 5383 5005 4775 5123 5107 4774 5349 5413 5513 5271 4696 5384 5327 5023 5263 5337 5104 5347 5232 4823 5182 4887 
5245 4983 5121 4683 5188 5502 5173 5080 5257 5268 5285 5152 4872 5131 4968 4703 5224 5395 5583 5289 4576 5341 5292 5065 5670 5296 5036 5370 5130 4795 4893 5077 
5427 5351 5315 4881 5593 5668 5347 5502 5490 5461 5600 5483 5584 5374 5299 5215 5575 5693 5840 5744 4726 5644 5804 5494 5830 5527 5360 5616 5526 5310 5375 5298 
5226 5104 5076 4695 5044 5494 5024 5189 5246 5184 5304 5141 5223 5077 5124 4981 5263 5135 5776 5521 4703 5340 5390 4836 5476 5204 5497 5307 5387 4854 5160 4904 
4939 4841 4769 4296 5184 5433 4924 5157 5136 4973 5171 4783 4912 5112 5026 4806 4995 4980 5536 5131 4420 5155 4982 4878 5215 5149 5310 5176 4930 4939 5090 4737 
5335 5398 5336 4670 5412 5795 5340 5167 5389 5346 5484 5172 5232 5287 5016 4965 5518 5350 5717 5547 4715 5651 5236 4998 5493 5400 5573 5303 5396 5007 5444 5150 
5159 5213 4917 4805 5192 5643 5148 5151 4971 5213 5368 5282 5158 5354 5103 4718 5272 5240 5465 5371 4604 5237 5165 5253 5621 5512 5341 5435 5256 5125 5096 4864 
5000 5333 4947 4664 5233 5343 5079 5430 5002 5266 5211 5109 4901 5155 5179 4802 5212 5083 5615 5374 4464 5448 5027 4954 5333 5296 5444 5069 5237 4978 4874 4983 
5169 5173 5163 4382 5293 5555 5258 5342 5145 4882 5149 5084 5226 5160 4972 4940 5388 5377 5601 5375 4837 5308 5366 5102 5381 5569 5321 5146 5122 5195 5311 4846 
4975 4853 4854 4499 4698 5593 4933 4933 4988 4987 5033 4830 5075 4923 4990 4683 5152 4969 5411 4998 4352 4728 5181 4655 5186 5290 4981 5288 5172 4669 5196 4871 
4891 5159 4437 4528 5077 5376 4949 4948 5197 4907 5157 4797 4963 4892 4760 4611 5064 4977 5424 5286 4277 5159 4926 4932 5276 5304 5147 5337 5227 4631 4960 4710 
5239 5184 5143 4403 5033 5180 5204 5108 5093 5352 5049 5062 5091 5330 5072 4973 5335 5292 5492 5292 4518 5177 5098 4805 5190 5474 5210 5302 5325 5135 5019 4922 
5289 5185 4814 4225 5416 5478 5310 5123 5261 5454 5176 5030 5006 5312 4951 4992 5330 4963 5496 5311 4794 5540 5035 5239 5035 5357 5145 5339 5059 4862 5070 4657 
4727 4712 4849 4591 4735 5275 5282 5109 4820 5300 4912 5190 4845 5072 4874 4778 5051 4786 5334 5155 4365 5004 4980 4802 4968 5332 5014 5294 4998 4656 4775 4720 
5485 5309 5185 4861 5247 5596 5325 5489 5274 5452 5527 5309 5334 5377 5569 4924 5479 5327 5670 5519 4677 5418 5392 5158 5700 5745 5570 5631 5454 5100 5536 5094 
5463 5300 5244 4674 5212 5637 5438 5234 5073 5199 5504 5254 5472 5275 5199 5124 5608 5462 5649 5540 4719 5270 5248 5119 5534 5438 5486 5562 5303 5013 4976 5152 
5367 5445 5545 4949 5304 5810 5423 5023 5338 5291 5276 5374 5227 5460 5047 4710 5671 5333 5740 5188 4654 5639 5361 5234 5418 5592 5421 5331 5388 5293 5238 5066 
5706 5539 5265 4598 5418 5806 5299 5527 5512 5447 5213 5464 5639 5454 5344 5055 5766 5413 5820 5402 4738 5467 5321 4985 5623 5660 5463 5598 5474 5196 5307 5052 
5423 5142 5307 4506 5539 5497 5447 5390 5069 5343 5261 5202 5105 5223 4926 4965 5410 5197 5619 5204 4618 5310 5263 4915 5510 5750 5333 5497 5435 5052 5314 5223 
4922 4801 4878 4550 4874 5332 4837 5070 5306 5290 5093 4878 4920 5212 4788 4848 5172 5212 5489 4959 4506 5104 5022 4642 5245 5279 4990 5275 5189 4654 5213 4931 
4694 4731 4883 4326 5106 5291 4740 4843 4869 4902 4678 4923 4871 4796 4577 4591 4875 4939 5090 4968 4374 5040 5009 4841 5157 4937 4993 5088 5077 4753 4604 4764 
5193 5574 5083 4965 5350 5606 5329 5380 5291 5410 5593 5228 5516 5319 5513 5123 5535 5643 5801 5735 4597 5543 5276 5353 5480 5659 5458 5648 5443 5371 5375 5289 
5273 5216 5157 4723 5197 5590 5439 5542 5311 5406 5454 5339 5352 5293 5277 4954 5450 5470 5559 5706 4629 5413 5345 5087 5564 5757 5413 5456 5401 5375 5078 5032 
5332 5394 5106 4484 5305 5547 5309 5230 5286 5573 5507 5058 5294 5490 5235 5098 5672 5317 5800 5428 4754 5530 5465 5059 5353 5635 5640 5422 5405 5093 5211 5189 
5303 5566 5028 4805 5652 5540 5355 5355 5417 5466 5199 5085 5307 5306 5102 4926 5610 5657 5843 5311 4567 5337 5335 5068 5240 5476 5375 5772 5436 5138 5111 5309 
5670 5711 5321 4956 5700 6015 5650 5876 5705 5724 5725 5531 5534 5628 5707 5336 5933 5787 6241 6226 4896 5988 5889 5398 6083 5977 5858 5905 5863 5490 5592 5229 
5150 5135 5074 4779 5303 5428 5439 5289 5320 5551 5443 5214 5197 5362 5281 4934 5395 5300 5557 5556 4664 5097 5212 4880 5411 5611 5227 5348 5054 5083 5072 4918 
