551 573 693 728 640 760 705 679 724 703 542 688 532 722 437 685 616 646 717 642 628 699 662 498 631 598 816 763 663 590 557 595 
455 445 545 642 508 480 500 581 450 563 407 462 537 473 432 603 529 587 581 486 629 398 635 494 542 420 518 648 607 490 470 550 
569 504 654 598 528 595 602 709 487 775 398 618 556 568 454 684 650 609 515 449 533 652 576 443 579 564 775 745 652 553 629 524 
679 572 684 661 465 681 603 697 528 625 550 684 583 586 414 662 556 662 542 561 510 589 511 453 573 548 707 723 618 504 582 619 
655 683 812 751 708 826 724 814 662 737 500 782 637 762 516 866 715 743 635 584 618 770 700 674 626 747 850 915 718 613 645 669 
657 570 841 786 766 776 680 738 659 774 591 762 633 685 565 735 768 864 683 573 689 725 708 635 756 696 839 966 844 574 671 720 
620 577 730 694 662 709 643 825 604 698 542 642 570 689 435 748 635 773 682 539 574 758 654 630 653 727 712 842 720 575 587 629 
672 632 863 809 723 882 741 777 788 778 696 779 658 734 545 862 709 781 787 762 547 836 757 652 720 747 837 888 820 702 719 627 
592 547 661 682 475 617 666 805 566 565 529 674 528 601 431 720 585 555 744 631 507 539 643 486 597 566 725 636 726 548 581 534 
555 427 543 578 596 677 567 675 627 703 470 529 487 647 495 706 583 575 655 453 542 638 684 562 662 627 697 714 569 476 619 443 
580 620 711 685 523 770 598 693 606 687 539 606 560 757 526 641 659 652 699 627 635 655 654 540 622 541 745 710 661 556 618 687 
653 559 672 748 648 722 649 717 615 708 504 698 567 730 401 662 615 726 598 552 588 716 651 538 671 634 753 822 650 574 574 568 
538 466 583 581 468 593 538 705 517 702 454 546 412 595 418 621 605 586 567 479 497 583 578 547 541 593 661 689 592 505 519 555 
610 628 646 749 537 693 645 803 591 653 596 625 620 609 448 779 582 643 765 667 568 591 721 559 640 634 699 684 712 630 616 516 
702 616 701 757 621 792 686 818 675 749 622 637 672 682 544 871 674 728 723 674 562 744 713 582 651 732 781 871 749 614 754 599 
498 531 632 623 564 637 582 640 573 546 429 576 498 529 438 683 636 532 597 548 510 570 534 427 491 514 692 681 641 515 524 459 
684 587 949 748 730 770 772 751 656 767 600 769 658 769 563 780 771 766 716 657 605 739 766 651 689 669 806 833 858 694 676 690 
596 467 679 624 653 652 707 718 595 738 501 646 511 675 447 739 546 605 584 508 598 613 670 548 603 635 703 761 649 494 471 539 
687 603 717 692 599 743 751 812 626 791 545 714 553 753 435 824 632 669 684 611 642 645 656 569 580 643 827 785 669 582 567 651 
542 527 675 700 628 587 642 784 527 641 520 605 574 545 485 737 618 737 671 573 582 588 673 525 593 649 628 770 777 567 601 500 
802 625 865 814 722 793 794 846 778 822 649 826 700 686 566 838 720 784 668 683 584 721 731 576 685 705 857 894 822 650 683 657 
637 554 877 788 773 839 793 717 688 723 615 818 582 723 538 744 698 732 655 647 624 784 718 593 677 644 841 832 780 620 595 663 
665 563 715 721 579 701 697 752 678 719 544 672 628 643 482 762 759 672 752 672 567 646 634 427 636 572 819 801 714 621 698 599 
613 570 757 690 577 675 692 727 571 704 523 737 514 639 464 779 652 664 588 540 478 610 573 466 474 615 738 761 733 574 595 539 
639 590 734 751 589 789 631 811 686 844 578 681 555 738 550 848 702 788 722 602 659 711 676 628 660 691 884 953 758 515 702 749 
631 526 780 641 631 720 645 709 580 678 567 738 541 679 480 664 557 687 602 522 455 714 622 523 606 642 690 713 777 540 560 530 
571 550 745 738 587 669 702 774 592 634 596 620 661 600 491 750 664 831 748 632 611 640 623 595 675 650 702 759 770 623 640 624 
587 519 698 687 541 624 686 718 552 622 478 694 561 591 440 747 564 652 595 562 552 558 627 585 630 618 767 740 677 518 524 560 
523 545 654 634 546 704 652 655 547 757 483 648 560 654 461 758 644 631 653 569 534 653 629 509 498 520 735 657 622 611 635 560 
687 671 749 743 635 685 744 833 651 827 546 717 689 706 580 774 744 842 711 604 713 694 750 737 659 707 794 865 740 629 692 807 
756 603 763 909 605 776 761 942 696 782 610 714 639 806 532 818 701 767 776 811 605 758 786 570 801 715 852 853 866 681 664 608 
776 599 702 777 597 739 685 812 668 842 563 712 622 747 494 726 620 755 607 614 674 681 688 569 711 616 845 847 699 575 637 654 
