3010 2788 3040 2357 2745 3230 2777 2733 3009 2735 2820 2634 2590 2777 2421 2250 3086 2730 2649 2537 2497 2653 2873 2419 2745 2876 2962 2806 2818 2675 2654 2822 
2923 2675 2838 2340 2650 2942 2551 2518 2667 2583 2743 2334 2551 2449 2541 2241 2738 2703 2715 2321 2435 2256 2976 2610 2925 2499 2536 2661 2889 2471 2690 2520 
3157 2667 2901 2448 2783 3081 2751 2813 2918 2936 2756 2704 2494 2564 2557 2323 3074 2906 2836 2621 2556 2768 2948 2636 3035 2873 2914 2806 3013 2641 2973 2814 
2957 2627 2599 2340 2407 2865 2643 2695 2743 2599 2698 2585 2414 2344 2428 2201 2688 2766 2621 2439 2375 2455 2562 2263 2739 2707 2829 2745 2750 2486 2632 2497 
2765 2627 2787 2129 2478 2985 2422 2546 2625 2481 2409 2645 2378 2400 2241 2296 2858 2473 2399 2265 2337 2438 2634 2495 2583 2757 2761 2684 2755 2451 2598 2553 
2796 2538 2926 2392 2718 3028 2706 2577 2663 2679 2883 2557 2318 2499 2427 2154 2810 2766 2735 2466 2455 2697 2813 2550 2923 2687 2785 2752 2990 2439 2797 2614 
2978 2660 2889 2668 2692 3217 2721 2902 2857 2814 2881 2663 2405 2737 2477 2306 2870 2888 2957 2612 2522 2795 2944 2618 3119 2901 2920 2927 2946 2591 2811 2800 
3121 2725 3092 2584 2809 3178 2694 2802 3013 2748 2865 2629 2538 2596 2578 2514 2944 2895 3036 2766 2419 2793 3068 2585 3054 2856 2848 2907 3184 2762 2875 2723 
3025 2629 2749 2342 2428 2928 2511 2779 2782 2558 2648 2634 2586 2382 2355 2422 2797 2540 2857 2658 2459 2552 2830 2274 2821 2664 2975 2621 2991 2553 2686 2529 
2572 2316 2488 2149 2598 2833 2414 2545 2665 2403 2469 2255 2226 2404 2288 2166 2605 2387 2535 2201 2150 2464 2579 2222 2529 2448 2689 2584 2583 2373 2630 2363 
3008 2722 2786 2193 2472 3158 2518 2619 2878 2676 2748 2514 2322 2559 2250 2223 2797 2748 2864 2480 2391 2672 2833 2463 2743 2808 2934 2522 2889 2553 2848 2606 
2619 2410 2416 2218 2355 2719 2219 2366 2486 2303 2409 2393 2263 2293 2153 1922 2436 2377 2438 2208 2202 2328 2402 2296 2692 2455 2740 2521 2501 2271 2425 2148 
2699 2518 2606 2310 2345 2935 2295 2675 2504 2608 2560 2341 2153 2424 2225 2178 2523 2348 2631 2318 2259 2533 2607 2366 2797 2606 2739 2389 2812 2427 2410 2433 
2935 2674 2767 2298 2651 3032 2640 2854 2818 2534 2677 2457 2516 2542 2391 2376 2806 2725 2838 2439 2475 2550 2877 2547 2879 2880 2916 2663 2845 2714 2821 2412 
2809 2429 2549 2247 2293 3045 2403 2617 2573 2397 2667 2420 2407 2387 2396 2142 2759 2400 2662 2235 2153 2395 2589 2256 2587 2589 2599 2665 2814 2343 2718 2502 
2719 2641 2468 2244 2437 2935 2372 2414 2713 2369 2671 2416 2273 2198 2236 2120 2638 2478 2786 2548 2192 2512 2563 2267 2697 2674 2700 2605 2801 2435 2617 2280 
2786 2449 2757 2051 2432 2662 2506 2495 2655 2637 2464 2415 2324 2408 2306 2228 2731 2541 2466 2386 2219 2437 2582 2339 2631 2663 2687 2557 2749 2408 2507 2425 
2907 2602 2676 2145 2609 2936 2688 2521 2793 2655 2629 2568 2258 2506 2258 2149 2740 2432 2676 2373 2389 2638 2784 2436 2606 2646 2805 2781 2672 2367 2686 2386 
2517 2257 2521 2139 2174 2711 2524 2332 2323 2386 2359 2408 2099 2362 1987 2164 2574 2201 2447 2118 2139 2272 2461 2190 2310 2531 2602 2518 2465 2252 2295 2348 
2915 2680 2748 2411 2558 2927 2507 2737 2712 2663 2814 2573 2380 2342 2510 2288 2819 2602 2695 2513 2377 2524 2723 2419 2945 2925 2821 2788 3025 2572 2855 2456 
2906 2554 2817 2345 2486 2962 2544 2671 2614 2578 2768 2460 2607 2429 2259 2356 2834 2731 2628 2421 2240 2441 2634 2373 2775 2562 2756 2798 2871 2472 2565 2578 
3077 2737 3124 2593 2649 3190 2785 2620 2873 2816 2804 2742 2556 2720 2439 2292 3041 2792 2878 2400 2374 2752 2984 2775 2872 2810 2988 2732 3017 2682 2646 2751 
3018 2673 2721 2280 2534 3049 2380 2758 2810 2528 2613 2561 2553 2441 2468 2298 2936 2563 2890 2406 2369 2433 2606 2232 2868 2673 2861 2610 2905 2635 2661 2515 
2920 2567 2883 2203 2667 2817 2591 2757 2707 2718 2708 2573 2325 2508 2384 2319 2771 2563 2715 2422 2395 2523 2683 2379 2785 2855 2854 2700 3008 2366 2759 2557 
2810 2502 2659 2332 2468 2992 2551 2736 2955 2810 2643 2488 2354 2645 2491 2421 2810 2790 2939 2293 2493 2423 2643 2413 2935 2747 2748 2826 2971 2429 2720 2643 
2611 2297 2504 2135 2293 2608 2157 2297 2452 2318 2284 2371 2116 2165 2005 2159 2420 2291 2442 2083 2103 2241 2449 2139 2505 2470 2522 2354 2601 2334 2220 2235 
2603 2549 2680 2450 2467 2845 2518 2670 2637 2417 2677 2515 2460 2397 2379 2166 2755 2833 2790 2460 2225 2569 2642 2431 2688 2466 2778 2769 2828 2560 2660 2548 
2876 2474 2659 2247 2357 2826 2544 2657 2679 2531 2618 2484 2392 2347 2297 2283 2695 2593 2535 2465 2270 2460 2587 2311 2629 2732 2752 2645 2864 2482 2476 2376 
2813 2486 2584 2111 2535 2908 2538 2556 2685 2575 2588 2405 2400 2368 2324 2233 2866 2542 2717 2281 2279 2556 2720 2183 2544 2575 2763 2474 2799 2373 2533 2468 
3015 2787 2761 2325 2823 2933 2661 2736 2931 2777 2739 2641 2517 2382 2393 2363 3072 2944 2801 2544 2457 2545 2851 2584 2602 2714 2856 2925 3013 2630 2702 2782 
3130 2968 2795 2574 2804 3284 2664 2949 3040 2748 2956 2690 2494 2646 2671 2575 2970 2868 3121 2762 2447 2823 3043 2499 3196 2917 3110 3043 3248 2761 2824 2599 
2842 2570 2732 2433 2632 2880 2601 2781 2758 2704 2652 2645 2359 2627 2380 2219 2763 2651 2617 2516 2498 2481 2628 2377 2810 2655 2872 2842 2818 2544 2700 2420 
