4933 4877 4963 4227 5054 5428 5105 4925 5009 5108 5036 4657 4915 5010 4693 4247 5227 4902 4887 5071 4403 4947 4894 4648 4744 5097 4956 4896 4837 4958 4599 4851 
4682 4668 4532 4107 4798 4982 4506 4520 4516 4698 4585 4343 4499 4515 4565 4171 4676 4705 4922 4467 4180 4366 4813 4445 4921 4710 4227 4630 4792 4402 4404 4330 
5024 4913 4617 4304 5012 5215 4970 4813 4894 5219 4855 4764 4689 4630 4856 4301 5146 4958 4961 4965 4399 5033 4996 4828 5125 5056 4974 4892 5075 4611 4836 4741 
4856 4845 4389 4130 4503 4813 4878 4939 4681 4806 4844 4546 4485 4425 4656 4145 4801 4920 4862 4641 4080 4794 4559 4249 4758 5021 4870 4836 4674 4637 4641 4495 
5069 5127 4707 4076 4916 5156 4768 4985 4663 4761 4861 4875 4524 4809 4794 4521 5156 4683 4796 4954 4401 4979 4803 4948 4750 5248 4736 5042 4952 4764 4667 4754 
4686 4641 4814 4093 4795 5096 4877 4778 4611 4955 4946 4470 4242 4593 4669 4190 4858 4884 4963 4719 4257 4906 4794 4495 4836 4835 4553 4862 4810 4467 4782 4438 
4716 4531 4591 4190 4633 5006 4570 4515 4769 4751 4747 4545 4253 4458 4490 4059 4698 4726 5004 4689 4142 4766 4678 4501 5103 4725 4518 4692 4680 4398 4453 4550 
4885 4676 4652 4269 4793 5045 4595 4842 4878 4852 4862 4673 4712 4628 4655 4387 4915 4893 5082 4945 4111 4901 4969 4639 5167 4900 4603 4817 4867 4843 4806 4619 
4732 4664 4473 4069 4363 4892 4337 4590 4653 4492 4699 4472 4571 4297 4404 4199 4577 4380 5046 4726 4129 4737 4694 4170 4860 4596 4736 4631 4866 4347 4626 4249 
4365 4288 4158 3702 4529 4799 4306 4501 4426 4285 4624 4125 4221 4352 4425 4021 4400 4291 4758 4341 3775 4528 4314 4078 4577 4476 4569 4550 4444 4472 4478 4164 
4808 4821 4583 4054 4656 5164 4651 4580 4792 4755 4842 4512 4459 4546 4415 4199 4843 4644 5039 4772 4173 5028 4572 4390 4969 4827 4849 4572 4838 4583 4867 4458 
4659 4649 4321 4185 4436 5036 4435 4534 4462 4547 4681 4540 4356 4543 4517 4023 4585 4593 4688 4657 4060 4529 4454 4551 4937 4857 4663 4734 4646 4677 4495 4242 
4447 4694 4245 4052 4524 4706 4402 4791 4402 4707 4521 4391 4185 4365 4499 4064 4648 4234 4846 4599 3930 4805 4358 4293 4727 4650 4728 4408 4613 4484 4239 4296 
4656 4620 4531 3924 4726 4940 4672 4806 4647 4405 4551 4469 4514 4483 4433 4283 4776 4692 4877 4636 4254 4661 4599 4514 4809 4879 4661 4569 4657 4753 4762 4315 
4487 4314 4189 3832 4034 4966 4221 4427 4427 4388 4437 4185 4369 4210 4370 3933 4485 4271 4711 4253 3786 4160 4450 4085 4598 4624 4263 4615 4671 4216 4628 4276 
4394 4505 3871 3844 4295 4756 4229 4263 4474 4256 4520 4128 4197 4149 4229 3811 4430 4288 4709 4471 3718 4545 4227 4178 4617 4593 4413 4552 4646 4223 4307 4119 
4757 4552 4500 3854 4375 4574 4588 4552 4470 4699 4390 4401 4371 4584 4512 4241 4637 4607 4723 4589 3961 4607 4418 4205 4557 4838 4570 4578 4761 4636 4377 4331 
4790 4649 4266 3754 4767 4942 4704 4524 4688 4829 4631 4433 4367 4571 4377 4301 4725 4295 4786 4605 4242 4910 4417 4615 4526 4756 4459 4728 4556 4419 4431 4077 
4161 4241 4248 3923 4056 4695 4569 4445 4189 4532 4352 4518 4170 4324 4248 3990 4412 4042 4623 4416 3824 4399 4342 4124 4294 4749 4360 4581 4456 4273 4250 4123 
4839 4712 4451 4173 4495 4882 4549 4838 4645 4741 4831 4591 4471 4489 4865 4150 4741 4556 4888 4654 4073 4758 4608 4409 4949 4940 4781 4884 4873 4586 4846 4430 
4923 4662 4487 4036 4462 4981 4660 4599 4482 4556 4790 4512 4634 4428 4505 4318 4869 4697 4839 4682 4082 4557 4531 4373 4905 4697 4659 4842 4747 4454 4364 4428 
4798 4771 4831 4293 4601 5200 4728 4386 4670 4650 4635 4619 4431 4600 4366 3970 4971 4597 4977 4408 4122 4934 4631 4544 4786 4778 4563 4610 4753 4704 4482 4387 
5112 4959 4677 4024 4714 5266 4559 4872 4946 4729 4593 4778 4821 4672 4865 4346 5081 4726 5182 4742 4240 4794 4615 4308 4922 4905 4793 4845 4863 4759 4658 4503 
4916 4662 4775 3934 4879 4891 4768 4788 4571 4746 4680 4592 4446 4545 4418 4291 4795 4575 4997 4502 4190 4735 4590 4306 4919 5077 4659 4882 4933 4628 4764 4605 
4536 4391 4416 4115 4376 4862 4445 4647 4908 4871 4568 4427 4405 4721 4407 4269 4737 4788 5022 4405 4208 4631 4492 4137 4804 4798 4510 4810 4791 4311 4758 4396 
4213 4081 4203 3695 4332 4627 4051 4241 4309 4281 4028 4178 4123 4050 3848 3857 4247 4237 4315 4181 3846 4346 4291 4134 4529 4299 4171 4386 4454 4278 3975 4029 
4556 4904 4391 4301 4704 5069 4665 4770 4684 4727 4916 4604 4742 4557 4909 4283 4840 4943 5172 5001 4127 4933 4588 4643 4813 4926 4741 4835 4950 4888 4757 4631 
4722 4603 4519 4185 4578 5010 4787 4892 4705 4736 4755 4690 4576 4540 4645 4271 4722 4798 4833 4957 4114 4796 4617 4443 4916 5021 4726 4802 4932 4905 4476 4413 
4751 4557 4364 3789 4550 4862 4607 4519 4548 4784 4694 4334 4422 4619 4501 4205 4895 4618 4938 4546 4141 4799 4652 4207 4582 4779 4762 4627 4814 4484 4418 4437 
4757 4875 4348 4081 4916 4912 4600 4694 4790 4790 4582 4356 4535 4492 4466 4141 4877 5003 5122 4520 4051 4700 4642 4398 4583 4733 4601 4981 4898 4623 4497 4649 
5047 5135 4700 4399 4990 5411 4999 5224 5085 5046 5055 4857 4751 4858 5025 4620 5276 5040 5525 5376 4381 5350 5080 4689 5383 5222 5141 5216 5303 4995 4911 4650 
4509 4382 4360 4044 4456 4730 4587 4510 4505 4729 4596 4397 4343 4528 4499 4062 4560 4526 4680 4661 4093 4411 4359 4124 4657 4797 4366 4552 4462 4442 4403 4125 
