3639 3487 3811 3017 3482 3838 3624 3490 3695 3514 3583 3420 3462 3653 3276 3000 3858 3489 3306 3414 3134 3505 3452 3144 3354 3649 3774 3515 3467 3524 3471 3547 
3499 3369 3611 3016 3371 3665 3308 3271 3336 3236 3445 3179 3283 3206 3329 2975 3501 3359 3410 3111 2996 3040 3499 3259 3599 3221 3293 3447 3591 3167 3443 3244 
3645 3275 3533 3009 3484 3694 3491 3464 3564 3503 3358 3432 3163 3260 3291 2935 3709 3491 3364 3308 3044 3536 3492 3233 3594 3514 3637 3404 3598 3265 3711 3457 
3640 3376 3393 3041 3189 3508 3461 3455 3394 3406 3492 3409 3219 3234 3369 2938 3612 3614 3376 3343 3048 3393 3213 2970 3409 3575 3730 3475 3437 3320 3537 3299 
3345 3352 3437 2738 3213 3547 3176 3349 3259 3141 3182 3447 3074 3204 3052 3033 3701 3154 3029 3085 2928 3294 3193 3232 3258 3509 3525 3357 3399 3167 3369 3224 
3310 3068 3575 2813 3208 3539 3395 3263 3202 3297 3543 3224 2884 3241 3141 2732 3535 3394 3308 3129 2939 3325 3344 3073 3491 3262 3410 3400 3429 3090 3514 3145 
3473 3170 3518 3146 3267 3779 3341 3399 3435 3258 3441 3302 3025 3285 3163 2878 3550 3421 3522 3240 2993 3458 3365 3182 3717 3424 3519 3429 3422 3153 3450 3345 
3659 3281 3656 3177 3429 3671 3349 3403 3590 3347 3491 3252 3231 3224 3399 3092 3588 3530 3662 3452 2854 3457 3589 3089 3664 3504 3611 3536 3657 3453 3568 3390 
3568 3292 3461 2960 3016 3557 3087 3341 3399 3123 3388 3318 3221 3108 3176 3090 3456 3185 3496 3345 2897 3248 3400 2847 3431 3257 3674 3208 3646 3151 3390 3079 
3133 2917 3243 2721 3180 3428 3078 3205 3277 2987 3263 3036 2935 3126 3131 2837 3337 3070 3259 2955 2671 3226 3047 2804 3151 3035 3456 3222 3155 3081 3380 2955 
3604 3427 3604 2866 3231 3837 3298 3352 3570 3263 3536 3390 3136 3345 3075 3029 3634 3429 3535 3344 3043 3510 3312 3122 3527 3508 3750 3288 3575 3334 3697 3364 
3367 3202 3307 3004 3079 3496 3062 3162 3152 3075 3215 3272 3008 3136 3123 2798 3301 3213 3214 3097 2849 3163 3059 3013 3418 3357 3632 3392 3279 3146 3303 2912 
3356 3230 3340 2957 3206 3566 3208 3548 3278 3383 3321 3256 2995 3201 3206 2921 3454 3071 3370 3237 2829 3456 3181 3029 3490 3395 3663 3192 3420 3279 3252 3255 
3523 3315 3568 2893 3437 3722 3480 3580 3514 3134 3371 3304 3365 3309 3197 3144 3645 3440 3489 3236 3128 3381 3366 3240 3659 3566 3679 3326 3432 3505 3700 3198 
3322 2933 3159 2753 2784 3535 2961 3124 3056 2938 3154 2948 3012 2948 3063 2657 3297 2953 3225 2787 2547 2875 3092 2661 3140 3229 3251 3250 3294 2932 3433 3115 
3129 3053 2936 2743 3006 3412 2907 2935 3213 2824 3215 2967 2885 2781 2796 2647 3167 2994 3290 3113 2604 3120 2930 2760 3247 3190 3271 3155 3265 2982 3186 2830 
3348 3045 3490 2691 2962 3252 3191 3190 3183 3217 3168 3145 3046 3132 3082 2852 3373 3240 3128 3058 2769 3047 3092 2865 3204 3353 3430 3129 3325 3147 3298 3095 
3458 3149 3277 2696 3294 3435 3319 3087 3382 3322 3344 3218 2943 3237 3001 2811 3467 3106 3291 3132 2920 3372 3192 3037 3118 3267 3457 3340 3205 3074 3361 2969 
3072 2889 3227 2804 2763 3288 3266 3048 2889 3055 3016 3171 2817 3130 2914 2780 3226 2831 3140 2860 2624 2994 3089 2779 3012 3253 3436 3149 3007 3053 3152 3129 
3575 3316 3484 3105 3242 3573 3254 3630 3444 3361 3678 3453 3212 3222 3520 2983 3640 3341 3407 3303 3013 3430 3342 3138 3744 3609 3741 3507 3591 3335 3827 3286 
3523 3201 3497 2926 3097 3536 3295 3358 3221 3135 3510 3277 3265 3170 3098 3049 3655 3361 3255 3174 2811 3196 3122 3013 3450 3225 3498 3450 3410 3148 3289 3228 
3591 3412 3844 3164 3275 3814 3387 3167 3484 3307 3440 3440 3255 3336 3157 2921 3705 3429 3474 3059 2890 3453 3459 3348 3458 3476 3634 3323 3605 3347 3308 3354 
3625 3361 3567 2911 3272 3784 3163 3408 3593 3187 3362 3392 3341 3211 3350 3001 3699 3199 3551 3236 2900 3228 3164 2803 3475 3346 3665 3325 3588 3352 3467 3207 
3594 3258 3704 2861 3426 3562 3448 3523 3348 3371 3409 3430 3085 3272 3253 3090 3597 3294 3433 3191 3009 3279 3246 3051 3464 3639 3591 3431 3689 3206 3582 3334 
3383 3163 3393 2975 3147 3611 3242 3395 3643 3414 3444 3255 3107 3466 3287 3116 3638 3527 3565 3065 3092 3191 3212 2998 3572 3499 3504 3468 3572 3145 3645 3351 
3021 2767 3100 2603 2881 3181 2787 2924 3024 2835 2849 2947 2733 2863 2628 2737 3050 2879 2863 2750 2632 2897 2970 2677 3072 3021 3093 2914 3105 2932 2864 2776 
3208 3228 3449 3122 3203 3485 3306 3381 3258 3085 3442 3308 3193 3169 3311 2833 3483 3522 3441 3282 2779 3390 3210 3067 3283 3249 3549 3387 3478 3398 3512 3327 
3425 3097 3391 2871 3123 3497 3409 3344 3372 3239 3362 3282 3216 3137 3180 2988 3483 3336 3260 3353 2845 3297 3127 2950 3336 3489 3547 3345 3417 3325 3251 3109 
3437 3132 3343 2763 3210 3576 3322 3306 3325 3355 3395 3247 3184 3283 3241 2988 3637 3302 3441 3124 2951 3479 3365 2901 3257 3341 3627 3220 3489 3133 3452 3226 
3490 3339 3335 2890 3414 3474 3205 3256 3489 3291 3318 3245 3147 3001 3065 2971 3679 3522 3398 3136 2913 3157 3283 3099 3156 3262 3487 3514 3526 3190 3261 3337 
3816 3601 3593 3224 3610 3994 3635 3769 3724 3542 3773 3555 3295 3497 3564 3370 3896 3714 3845 3719 3167 3781 3608 3255 3880 3697 3966 3843 3926 3588 3705 3337 
3374 3131 3387 2957 3177 3402 3264 3345 3229 3259 3306 3298 2965 3268 3166 2785 3435 3249 3206 3240 2914 3092 3077 2885 3362 3332 3489 3343 3309 3234 3381 2995 
