1402 1236 1401 1250 1301 1534 1343 1355 1418 1363 1303 1278 1168 1352 1078 1113 1237 1310 1362 1366 1211 1289 1206 1063 1263 1247 1405 1392 1226 1181 1261 1211 
1309 1104 1238 1178 1179 1319 1115 1260 1076 1161 1144 1056 1166 1025 1068 1114 1134 1216 1280 1138 1268 988 1302 1118 1236 1115 1150 1314 1247 1120 1242 1087 
1409 1120 1204 1245 1299 1274 1362 1417 1173 1390 1124 1262 1116 1070 1034 1179 1258 1431 1314 1292 1218 1293 1272 1111 1289 1314 1382 1416 1325 1168 1286 1167 
1603 1307 1419 1332 1260 1460 1440 1496 1334 1350 1367 1358 1279 1195 1156 1255 1351 1505 1334 1462 1172 1322 1185 1129 1377 1386 1431 1513 1318 1214 1416 1338 
1267 1256 1337 1071 1240 1401 1174 1405 1223 1190 1052 1216 1240 1198 1067 1328 1296 1187 1141 1087 1073 1187 1140 1189 1171 1384 1365 1458 1256 1114 1163 1078 
1444 1182 1531 1257 1426 1489 1424 1389 1213 1432 1362 1303 1140 1214 1207 1225 1374 1551 1353 1288 1220 1358 1325 1224 1380 1325 1398 1556 1524 1105 1335 1329 
1558 1334 1431 1316 1438 1556 1416 1615 1386 1470 1391 1347 1208 1306 1155 1309 1291 1617 1543 1449 1182 1539 1419 1292 1470 1457 1338 1552 1446 1321 1432 1361 
1591 1428 1665 1446 1440 1686 1435 1558 1561 1430 1489 1376 1263 1314 1234 1528 1418 1485 1681 1512 1204 1524 1509 1330 1466 1490 1501 1659 1629 1439 1427 1235 
1430 1186 1252 1276 1099 1393 1256 1533 1200 1163 1270 1309 1188 1158 1046 1288 1224 1199 1449 1424 1134 1196 1293 1031 1365 1250 1400 1303 1397 1175 1325 1115 
1438 1106 1246 1181 1260 1482 1196 1415 1364 1366 1183 1169 1149 1276 1190 1252 1327 1253 1374 1246 1077 1372 1249 1135 1314 1315 1434 1469 1232 1200 1411 1161 
1435 1279 1425 1276 1132 1545 1238 1419 1311 1416 1326 1216 1182 1315 1103 1208 1329 1382 1526 1377 1188 1275 1348 1167 1289 1195 1394 1390 1337 1253 1351 1315 
1444 1175 1231 1263 1273 1402 1194 1391 1305 1284 1127 1309 1196 1211 1010 1123 1213 1293 1205 1269 1137 1292 1119 1096 1349 1325 1382 1464 1243 1187 1233 1165 
1253 1091 1225 1063 1096 1279 1106 1398 1097 1231 1175 1069 884 1079 971 1077 1149 1112 1271 1095 987 1195 1159 1134 1169 1196 1237 1244 1299 1153 1122 1126 
1234 1093 1176 1173 1079 1315 1148 1321 1092 1106 988 1058 1099 997 929 1231 1063 1124 1317 1196 1100 1099 1211 1050 1186 1240 1273 1231 1208 1214 1182 928 
1586 1273 1344 1303 1240 1523 1316 1554 1354 1324 1355 1244 1342 1312 1207 1311 1402 1369 1493 1353 1143 1299 1282 1210 1244 1405 1403 1570 1501 1236 1415 1219 
1371 1309 1224 1239 1282 1422 1242 1398 1320 1170 1223 1232 1196 1044 1102 1237 1329 1260 1348 1411 1143 1251 1197 1100 1237 1317 1367 1431 1344 1265 1254 1085 
1414 1212 1523 1204 1374 1392 1335 1382 1280 1306 1299 1296 1200 1179 1155 1202 1388 1367 1344 1334 1170 1266 1266 1252 1320 1353 1354 1472 1485 1292 1387 1206 
1471 1215 1355 1156 1334 1449 1392 1485 1305 1380 1206 1261 1196 1309 1161 1319 1273 1240 1325 1278 1274 1284 1310 1153 1237 1287 1410 1537 1321 1215 1255 1149 
1357 1148 1278 1178 1112 1445 1316 1348 1121 1249 1107 1297 1115 1202 987 1279 1227 1158 1293 1132 1123 1178 1167 1082 1089 1312 1443 1385 1226 1185 1179 1092 
1382 1249 1310 1295 1303 1393 1216 1502 1291 1255 1324 1236 1233 1012 1172 1316 1322 1387 1371 1344 1216 1261 1269 1146 1356 1472 1329 1516 1466 1300 1449 1112 
1688 1301 1508 1381 1466 1565 1489 1708 1498 1513 1516 1462 1359 1260 1215 1443 1413 1566 1509 1555 1232 1449 1386 1283 1475 1409 1600 1647 1684 1380 1477 1382 
1432 1154 1584 1358 1312 1534 1354 1357 1295 1325 1261 1362 1146 1295 1073 1232 1291 1339 1401 1264 1036 1333 1346 1188 1252 1267 1473 1425 1391 1263 1165 1262 
1467 1162 1340 1229 1286 1485 1223 1513 1285 1228 1194 1280 1262 1211 1175 1263 1365 1198 1429 1317 1131 1243 1141 960 1309 1261 1473 1377 1355 1284 1357 1155 
1444 1292 1489 1205 1397 1411 1351 1501 1246 1332 1251 1283 1141 1203 1178 1338 1347 1327 1361 1323 1174 1297 1227 1122 1276 1390 1437 1494 1494 1194 1444 1139 
1517 1259 1453 1315 1362 1652 1309 1614 1449 1527 1351 1296 1175 1331 1250 1512 1415 1557 1583 1305 1306 1357 1376 1236 1439 1398 1491 1662 1522 1233 1474 1330 
1265 1011 1333 1117 1149 1292 1071 1320 1175 1189 1118 1233 991 1035 943 1139 1033 1184 1280 1052 899 1199 1076 1003 1210 1179 1225 1243 1343 1172 1149 996 
1319 1181 1327 1343 1218 1358 1374 1401 1149 1197 1223 1274 1252 1156 1131 1185 1326 1426 1509 1378 1095 1256 1210 1137 1200 1276 1371 1442 1398 1248 1297 1210 
1378 1177 1231 1171 1113 1295 1308 1419 1213 1183 1187 1277 1111 1034 1003 1213 1220 1319 1267 1298 1105 1206 1184 1151 1164 1238 1341 1428 1335 1192 1183 1139 
1338 1250 1252 1162 1271 1493 1272 1421 1258 1318 1228 1226 1117 1196 1124 1391 1356 1325 1330 1283 1158 1347 1248 1062 1207 1286 1385 1321 1346 1240 1334 1143 
1369 1259 1244 1247 1291 1330 1327 1459 1310 1436 1195 1261 1279 1079 1089 1290 1456 1573 1324 1304 1207 1180 1252 1364 1120 1295 1408 1560 1330 1221 1267 1311 
1635 1336 1477 1515 1383 1553 1462 1745 1393 1469 1452 1376 1309 1399 1309 1435 1464 1521 1629 1620 1187 1457 1480 1250 1528 1424 1572 1646 1673 1364 1503 1293 
1581 1327 1398 1355 1359 1443 1350 1603 1381 1508 1296 1320 1247 1273 1175 1311 1341 1422 1387 1397 1246 1273 1316 1210 1415 1315 1529 1605 1418 1308 1307 1253 
