2535 2900 2982 2733 3043 3080 2990 2691 2991 2553 2643 3038 2633 2816 2860 3266 2557 2680 2583 2396 2886 2529 2495 2555 2841 2851 2667 2992 2750 2657 2807 2607 
2627 2935 2971 2591 2921 3079 2834 2505 2927 2292 2516 2970 2559 2725 2967 3092 2493 2624 2610 2475 2819 2437 2588 2470 2660 2913 2584 3038 2606 2603 2857 2644 
2496 2750 2852 2567 2994 3081 2684 2483 2873 2490 2828 2848 2633 2943 3002 3206 2606 2841 2520 2522 2873 2794 2556 2711 2823 2829 2680 3089 2592 2592 2875 2682 
2357 2625 2613 2509 3061 2970 2644 2678 2858 2364 2414 3188 2426 2687 2881 3036 2507 2752 2340 2432 2733 2631 2372 2571 2789 2704 2485 2795 2513 2571 2652 2594 
2394 2361 2371 2427 2642 2822 2643 2395 2607 2032 2418 2632 2352 2443 2584 2781 2318 2440 2237 2129 2408 2407 2180 2268 2394 2464 2466 2751 2333 2275 2622 2505 
2390 2550 2518 2403 2681 2767 2741 2319 2791 2376 2509 2760 2317 2552 2638 2755 2211 2450 2237 2248 2517 2252 2247 2400 2356 2595 2278 2875 2544 2417 2624 2438 
2520 2530 2654 2431 2902 2842 2647 2322 2805 2509 2581 3054 2437 2709 2744 2850 2333 2627 2298 2559 2609 2408 2522 2413 2555 2651 2611 2914 2299 2677 2664 2625 
2616 2550 2652 2279 2756 2831 2736 2570 2719 2320 2777 2831 2580 2748 2714 2829 2689 2745 2463 2490 2792 2661 2612 2388 2558 2700 2594 2939 2598 2567 2681 2610 
2502 2618 2827 2369 2876 2974 2725 2517 2800 2237 2512 2869 2470 2642 2803 2900 2465 2523 2468 2304 2773 2474 2457 2345 2728 2609 2525 2787 2370 2530 2496 2599 
2393 2537 2517 2364 2740 2626 2506 2213 2448 2093 2318 2675 2295 2626 2572 2640 2451 2371 2219 2327 2596 2258 2254 2321 2428 2502 2419 2851 2478 2490 2555 2395 
2618 2753 2696 2436 2842 3013 2973 2563 2726 2333 2752 2918 2540 2785 2796 3040 2495 2488 2349 2337 2559 2581 2496 2456 2669 2695 2703 2957 2563 2649 2753 2679 
2428 2571 2589 2362 2582 2784 2533 2196 2471 2264 2335 2645 2249 2391 2752 2690 2437 2413 2279 2187 2555 2337 2405 2463 2437 2659 2478 2559 2256 2461 2524 2553 
2516 2641 2740 2449 2810 2893 2918 2506 2911 2231 2605 2920 2436 2583 2804 2922 2576 2784 2415 2485 2715 2491 2553 2407 2572 2711 2637 2984 2669 2544 2750 2580 
2468 2553 2752 2487 2809 3031 2988 2741 2776 2571 2608 3153 2634 2760 2853 3019 2467 2623 2410 2328 2733 2526 2574 2459 2563 2866 2695 2933 2687 2755 2775 2724 
2246 2477 2490 2208 2455 2522 2386 2100 2448 2021 2288 2540 2088 2228 2362 2409 2085 2410 2013 2300 2465 2025 2277 2132 2217 2394 2317 2437 2149 2174 2311 2277 
2258 2403 2556 2099 2539 2683 2579 2175 2672 2100 2449 2548 2088 2362 2511 2664 2258 2495 2281 2119 2440 2309 2401 2261 2355 2573 2323 2592 2257 2351 2531 2275 
2184 2301 2341 2230 2481 2586 2356 2266 2381 2050 2240 2600 2231 2335 2461 2767 2296 2278 2296 2084 2347 2058 2103 2138 2485 2439 2291 2631 2276 2324 2354 2245 
2387 2701 2549 2220 2697 2802 2551 2338 2717 2185 2418 2770 2363 2640 2667 2654 2298 2586 2162 2385 2499 2255 2370 2219 2571 2546 2548 2722 2438 2507 2599 2468 
2206 2265 2291 2297 2568 2325 2491 2220 2478 2012 2252 2656 2297 2165 2368 2523 2131 2204 2143 2189 2389 2206 2173 2039 2136 2170 2298 2669 2226 2189 2373 2213 
2448 2699 2774 2396 2921 2776 2851 2672 2860 2392 2517 2873 2634 2647 2889 2858 2648 2783 2504 2498 2644 2503 2377 2472 2746 2939 2743 2982 2553 2632 2780 2503 
2244 2482 2521 2402 2620 2684 2586 2202 2777 2235 2395 2706 2331 2533 2760 2695 2196 2439 2307 2131 2479 2244 2337 2305 2514 2723 2468 2722 2369 2352 2464 2399 
2456 2778 2538 2520 3019 2949 2702 2496 2771 2346 2574 2912 2385 2681 2646 2980 2412 2518 2211 2387 2673 2584 2382 2426 2572 2708 2540 2863 2460 2609 2626 2647 
2284 2629 2943 2436 2823 2830 2616 2297 2717 2227 2401 3014 2416 2584 2673 2720 2439 2640 2329 2562 2741 2521 2448 2441 2625 2700 2477 2865 2518 2620 2507 2416 
2525 2655 2648 2477 2707 3035 2726 2527 2796 2412 2554 3017 2617 2682 2880 3004 2510 2752 2523 2384 2782 2458 2464 2374 2572 2736 2665 2858 2582 2542 2721 2671 
2375 2606 2645 2223 2749 2833 2729 2371 2611 2351 2467 2976 2377 2661 2759 2712 2248 2706 2540 2443 2606 2429 2483 2350 2426 2680 2405 2725 2274 2485 2669 2552 
2106 2107 2158 2119 2307 2467 2349 2190 2404 1859 2287 2478 2000 2244 2286 2596 2069 2183 1966 1976 2277 2111 2008 1947 1964 2359 2102 2439 2060 2051 2381 2006 
2308 2566 2706 2375 2726 2732 2511 2467 2685 2311 2633 2892 2469 2677 2615 2847 2401 2513 2316 2360 2565 2430 2517 2380 2618 2588 2527 2789 2508 2660 2509 2476 
2644 2513 2774 2546 2916 2748 2748 2361 2696 2405 2554 2729 2359 2391 2875 2862 2519 2635 2421 2359 2610 2399 2547 2433 2706 2621 2592 2858 2408 2597 2621 2578 
2344 2632 2670 2362 2839 2885 2688 2602 2746 2340 2361 2739 2620 2726 2769 2892 2388 2589 2500 2450 2747 2378 2458 2382 2569 2742 2532 2822 2460 2501 2495 2554 
2302 2310 2621 2364 2850 2758 2557 2231 2726 2328 2458 2616 2154 2543 2793 2658 2209 2401 2134 2362 2657 2461 2337 2292 2515 2506 2426 2840 2379 2654 2594 2322 
2532 3130 2907 2582 3177 3102 2973 2768 3016 2457 2864 2953 2541 3017 2989 3150 2636 3044 2379 2663 2777 2641 2646 2694 3032 2923 2533 2914 2768 2759 2987 2587 
2325 2559 2448 2258 2811 2698 2429 2353 2620 2277 2437 2736 2256 2269 2656 2720 2309 2490 2190 2314 2521 2409 2216 2221 2558 2433 2413 2517 2361 2419 2546 2484 
