627 639 691 549 592 634 510 481 649 647 555 823 611 506 676 753 543 605 733 503 702 443 628 447 567 649 546 678 681 731 539 588 
677 655 654 525 607 692 506 479 620 537 610 773 631 517 672 762 550 627 705 523 628 500 646 448 621 744 499 659 618 626 558 584 
595 675 638 516 586 702 450 496 710 659 682 756 653 657 718 824 671 640 743 528 614 584 693 611 642 788 555 675 616 652 580 554 
735 721 601 572 710 793 539 532 814 740 675 991 712 693 807 829 722 742 781 651 777 695 744 594 618 829 643 740 765 723 693 709 
525 457 498 396 390 588 336 342 497 449 492 622 513 384 549 550 474 583 556 433 519 445 522 323 470 554 502 504 504 486 441 496 
672 592 561 492 586 664 519 478 608 676 574 770 578 580 721 722 600 574 616 528 563 472 664 419 490 652 549 612 660 642 578 596 
788 697 700 554 713 820 606 485 753 768 751 917 711 721 809 832 781 666 801 603 665 633 753 552 643 787 651 792 710 772 684 647 
812 801 617 472 692 826 553 581 674 799 715 891 746 593 751 857 735 710 700 685 697 753 753 559 612 817 565 726 642 663 655 623 
663 690 697 470 589 698 508 462 674 574 676 810 682 536 666 741 628 646 722 513 645 558 663 504 606 733 532 606 629 556 538 541 
726 700 546 502 711 673 521 509 636 679 646 885 664 683 684 815 737 640 743 599 705 526 646 476 603 680 609 751 758 747 601 646 
673 709 642 492 626 725 523 514 677 630 668 831 704 600 691 831 691 590 737 584 658 582 677 457 591 744 589 625 661 666 592 577 
623 509 543 522 533 598 460 369 595 589 578 784 519 530 619 656 622 578 649 531 586 510 592 458 520 662 554 602 643 593 539 555 
653 536 524 498 515 641 442 456 638 602 598 814 561 501 599 719 582 602 606 591 624 463 579 394 525 723 571 610 593 640 556 488 
547 444 464 314 458 480 365 428 396 540 445 634 535 353 498 622 548 507 475 406 462 476 508 351 448 555 415 536 480 469 434 536 
695 676 620 550 603 695 469 449 619 665 655 703 563 482 659 663 528 675 672 638 654 479 659 475 688 678 534 717 673 634 534 555 
699 670 668 565 642 767 511 424 701 677 729 829 664 599 723 756 651 745 711 556 684 635 717 593 676 790 595 758 634 677 608 576 
549 536 557 494 574 592 430 395 578 562 620 690 592 527 597 683 580 599 648 523 580 504 592 459 606 675 532 625 594 583 575 499 
719 665 648 498 582 736 494 476 657 662 737 873 636 549 734 792 652 724 704 595 669 564 740 433 699 752 619 730 729 642 580 665 
565 451 526 424 552 541 451 407 491 527 515 750 567 349 541 685 499 510 535 571 586 479 460 347 421 529 536 586 594 587 463 565 
673 715 647 462 673 695 500 554 622 679 677 765 788 522 684 756 704 705 744 611 643 655 669 486 709 774 581 722 679 681 639 576 
750 695 647 565 614 715 591 543 823 685 775 887 621 693 774 832 659 783 751 643 709 533 758 581 759 896 619 702 753 645 663 665 
610 652 516 463 595 627 471 490 637 603 556 798 583 515 576 677 580 555 553 557 633 514 578 424 494 652 500 607 618 632 530 546 
586 543 611 491 510 593 398 426 641 604 613 855 581 482 587 675 554 684 666 563 595 464 570 463 564 660 517 670 670 625 416 536 
644 595 659 477 560 674 502 526 733 702 724 915 685 622 719 807 758 733 754 618 672 675 699 447 684 803 650 633 741 611 642 674 
727 717 634 437 669 753 568 506 676 736 681 866 709 657 707 805 709 688 759 655 624 641 686 540 611 749 542 705 626 639 603 660 
556 514 420 363 482 519 387 407 530 490 524 735 552 462 491 691 576 478 576 538 523 500 471 416 412 639 436 482 503 478 483 452 
570 602 598 524 533 670 383 450 553 595 709 789 606 597 658 765 615 575 618 492 556 474 591 420 570 606 665 670 668 640 493 545 
646 538 555 444 643 648 447 456 618 630 574 695 563 431 731 761 568 572 671 628 607 538 625 467 607 625 521 724 601 651 492 548 
583 620 559 435 572 664 487 523 704 646 587 799 672 594 671 724 683 706 775 587 665 611 674 515 636 736 551 671 633 645 514 604 
597 453 472 428 657 589 428 370 543 662 578 677 530 530 632 658 500 514 592 557 533 525 535 493 553 460 519 629 606 621 520 520 
742 790 635 481 718 779 502 597 712 725 812 843 743 694 812 831 708 725 746 666 617 619 717 509 745 749 619 757 761 693 659 648 
643 695 658 457 640 730 439 552 679 746 725 891 698 578 760 827 699 684 633 623 614 630 685 498 624 715 634 708 650 637 638 642 
