1947 2187 2257 2042 2248 2197 2159 1902 2329 2035 1936 2365 1879 2094 2068 2532 1873 1934 1974 1795 2295 1892 1878 1817 2051 2098 1998 2333 2248 2057 2107 1889 
1919 2294 2299 1909 2203 2233 2032 1796 2322 1877 1948 2336 1863 2134 2215 2382 1859 1921 2024 1846 2203 1838 1914 1818 2105 2188 1918 2365 2226 2030 2167 1896 
1994 2218 2241 1995 2335 2377 2021 1913 2421 2096 2221 2227 1978 2373 2331 2552 2108 2125 1994 2007 2316 2181 1957 2132 2183 2235 2058 2468 2268 2093 2275 2059 
1682 1947 1872 1753 2206 2078 1776 1805 2129 1846 1755 2409 1649 1981 2057 2335 1864 2034 1706 1808 2128 1967 1731 1812 2046 1987 1776 1981 2001 1894 1967 1789 
1822 1811 1778 1731 1839 2035 1798 1606 1921 1594 1723 1894 1697 1812 1834 2072 1695 1785 1622 1570 1924 1821 1627 1572 1750 1818 1807 1999 1927 1709 1928 1756 
1859 2011 1921 1817 2071 2112 1992 1699 2279 2043 1933 2210 1748 2028 2041 2172 1697 1814 1687 1724 2022 1780 1832 1847 1850 2007 1820 2293 2087 2000 2057 1889 
1981 2066 2068 1852 2250 2260 1918 1737 2391 2175 2008 2423 1837 2211 2175 2394 1896 2128 1762 2057 2189 1904 1913 1904 2008 2164 2072 2406 1980 2123 2106 2028 
2035 2010 1942 1699 2128 2227 2015 1967 2194 1959 2141 2204 1945 2212 2084 2283 2072 2068 1947 2006 2184 2108 1940 1855 1901 2124 1887 2404 2224 2010 2153 1899 
1905 2061 2228 1771 2161 2236 2015 1878 2265 1861 1977 2182 1894 2016 2128 2349 1847 1963 1856 1732 2163 1908 1875 1804 2117 2021 1885 2219 2072 1943 1942 1913 
1788 1992 1880 1743 2057 1907 1740 1584 1910 1690 1720 1973 1719 2038 1899 2088 1763 1835 1655 1704 2014 1698 1671 1646 1816 1891 1729 2196 2001 1873 1974 1727 
1971 2174 1931 1753 2073 2210 2119 1850 2103 1820 2060 2081 1967 2176 1970 2400 1797 1827 1666 1746 1971 1931 1746 1794 2035 1980 1930 2180 2116 1971 1964 1899 
1679 1791 1743 1582 1701 1818 1768 1499 1757 1750 1662 1894 1470 1673 1799 1923 1609 1589 1509 1469 1807 1580 1668 1619 1643 1857 1700 1812 1822 1708 1759 1715 
1840 1915 1979 1757 2002 2066 1954 1793 2222 1820 1879 2136 1679 1919 2003 2212 1903 1977 1820 1793 2069 1818 1833 1712 1848 2064 1861 2218 2096 1952 2001 1770 
1811 1949 2008 1797 2049 2224 2103 1915 2182 2091 1950 2296 1911 2112 2136 2325 1844 1938 1728 1803 2196 1970 1815 1822 1938 2164 2015 2215 2180 2129 2053 2022 
1707 1923 1823 1717 1917 1957 1748 1551 2032 1705 1779 1968 1536 1792 1841 1922 1573 1849 1536 1820 1924 1581 1710 1687 1720 1816 1765 1955 1808 1721 1801 1681 
1807 2032 1960 1644 2064 2118 1931 1630 2233 1767 1919 2050 1677 1893 2004 2149 1784 1947 1852 1687 2007 1836 1898 1849 1869 1993 1768 2128 1945 1913 1980 1723 
1615 1656 1755 1655 1918 1832 1726 1621 1876 1620 1715 1917 1619 1791 1818 2121 1603 1685 1704 1557 1733 1596 1539 1496 1906 1781 1640 1990 1798 1741 1807 1603 
1855 2163 1869 1634 1975 2079 1822 1731 2107 1805 1877 2135 1787 2025 2003 2153 1711 1988 1624 1811 2000 1748 1835 1592 1973 1992 1971 2150 2027 1922 1973 1823 
1644 1649 1714 1631 1840 1670 1688 1502 1929 1537 1588 1894 1614 1576 1678 1891 1519 1538 1533 1687 1763 1577 1504 1454 1393 1597 1578 1992 1720 1642 1737 1535 
1821 2074 2049 1680 2168 2030 1920 1858 2210 1927 1828 2142 1902 2010 2137 2141 2014 2054 1877 1857 1989 1901 1739 1788 2049 2195 2006 2213 2012 2051 2100 1753 
1668 1898 1863 1725 1894 1959 1812 1560 2221 1751 1785 2031 1642 1929 2015 2087 1611 1820 1638 1611 1941 1656 1703 1655 1891 2081 1815 2001 1953 1715 1820 1722 
1850 2261 1938 1876 2271 2223 2047 1870 2306 1944 1985 2320 1777 2155 1980 2414 1851 1900 1597 1914 2137 2033 1718 1826 2023 2091 1950 2322 2178 2042 2085 2003 
1611 1964 2181 1836 2105 1997 1833 1744 2209 1845 1781 2278 1711 2002 1932 2117 1816 1958 1735 1825 2044 1878 1766 1815 1985 2037 1774 2162 2077 2009 1820 1696 
1820 1959 1942 1811 1983 2167 1917 1739 2195 1972 1954 2296 1825 2096 2151 2235 1833 2019 1824 1796 2148 1854 1767 1678 1958 2044 1993 2164 2130 1879 2053 1920 
1760 2004 1911 1605 2062 2070 1927 1642 2093 1933 1838 2167 1746 2042 2061 2105 1711 1944 1887 1886 2031 1842 1874 1721 1752 1961 1757 2107 1850 1917 1967 1811 
1603 1702 1605 1543 1702 1798 1726 1609 1868 1600 1703 1940 1564 1757 1686 2023 1604 1549 1479 1495 1833 1666 1546 1515 1489 1872 1670 1878 1733 1659 1788 1487 
1677 1907 2040 1760 1931 2007 1768 1796 2103 1835 2013 2177 1739 2124 1859 2234 1769 1807 1674 1782 1904 1779 1895 1631 1944 1985 1892 2141 2050 2043 1876 1721 
1925 1900 1952 1787 2129 1983 1895 1715 2091 1951 1779 2005 1649 1738 2096 2234 1830 1827 1762 1772 1918 1729 1764 1775 2028 1952 1870 2208 1894 1950 1893 1831 
1698 1962 1905 1665 2032 2055 1835 1799 2106 1779 1697 2010 1866 1989 1978 2152 1713 1891 1894 1858 2058 1714 1815 1691 1832 1917 1784 2121 1926 1889 1766 1784 
1760 1840 1988 1762 2257 2111 1931 1717 2203 1978 1946 2098 1627 2054 2162 2157 1640 1844 1631 1851 2097 1996 1700 1813 2075 1943 1803 2267 2122 2084 2068 1717 
1824 2393 2007 1858 2362 2217 2110 2019 2335 1935 2155 2261 1723 2267 2101 2406 1938 2214 1732 1979 2137 1935 1985 1846 2268 2129 1857 2216 2242 2048 2233 1764 
1750 1995 1895 1688 2167 2072 1723 1710 2119 1908 1901 2114 1681 1733 2068 2235 1784 1956 1605 1861 2042 1863 1723 1650 1975 1947 1924 1999 1915 1905 2011 1902 
