1339 1561 1485 1277 1433 1405 1454 1311 1492 1309 1321 1551 1161 1276 1338 1649 1349 1343 1365 1023 1518 1246 1368 1111 1386 1378 1328 1411 1519 1359 1343 1218 
1287 1567 1422 1111 1380 1335 1299 1212 1423 1155 1323 1489 1164 1275 1349 1530 1247 1291 1402 1170 1452 1152 1342 1037 1415 1380 1207 1477 1498 1247 1375 1129 
1340 1517 1450 1223 1529 1483 1328 1276 1560 1365 1497 1409 1309 1447 1511 1714 1505 1388 1407 1228 1514 1416 1412 1406 1532 1530 1328 1563 1559 1352 1442 1317 
1344 1453 1301 1115 1397 1358 1206 1253 1473 1379 1283 1698 1204 1355 1437 1584 1402 1428 1320 1157 1478 1405 1341 1241 1419 1416 1304 1428 1460 1254 1372 1302 
1229 1290 1182 1118 1202 1377 1208 1139 1292 1077 1185 1313 1114 1149 1187 1368 1253 1301 1066 960 1283 1273 1158 1027 1221 1261 1223 1281 1358 1143 1264 1176 
1267 1290 1182 1013 1287 1275 1249 1081 1300 1288 1265 1334 1083 1115 1243 1358 1208 1123 1127 1068 1278 1052 1259 1007 1177 1232 1172 1330 1391 1182 1196 1250 
1421 1412 1292 1076 1415 1476 1326 1145 1477 1456 1391 1535 1204 1372 1440 1562 1423 1369 1264 1237 1456 1234 1372 1203 1355 1455 1389 1466 1404 1357 1326 1353 
1430 1521 1264 1013 1443 1434 1265 1321 1298 1328 1417 1483 1327 1306 1290 1546 1494 1444 1270 1333 1454 1472 1394 1172 1354 1423 1151 1531 1509 1281 1369 1221 
1442 1546 1578 1100 1491 1470 1423 1314 1487 1320 1492 1492 1319 1365 1463 1644 1385 1410 1334 1101 1481 1352 1409 1278 1563 1441 1328 1479 1516 1295 1316 1324 
1267 1372 1127 984 1323 1249 1177 1119 1199 1145 1220 1286 1115 1332 1235 1372 1340 1259 1182 1104 1373 1125 1174 1020 1247 1254 1197 1425 1438 1256 1265 1183 
1455 1558 1376 1140 1472 1522 1430 1329 1447 1246 1490 1423 1343 1412 1370 1628 1392 1346 1248 1168 1400 1371 1314 1192 1436 1391 1287 1436 1521 1292 1301 1322 
1250 1224 1183 1013 1182 1219 1186 1010 1183 1194 1208 1303 1003 1068 1202 1287 1217 1190 1098 1008 1323 1066 1180 1064 1115 1255 1201 1273 1348 1081 1175 1125 
1318 1346 1236 1099 1268 1271 1278 1264 1395 1256 1346 1383 1136 1185 1204 1507 1370 1305 1194 1188 1381 1204 1318 1055 1278 1361 1227 1439 1488 1240 1246 1117 
1135 1145 1092 926 1102 1123 1136 1109 1051 1208 1154 1256 1018 1107 1078 1314 1163 1192 970 955 1265 1074 1106 882 1145 1180 1068 1183 1274 1077 1099 1066 
1166 1342 1178 1051 1201 1273 1168 1026 1302 1132 1261 1237 930 1005 1143 1229 1075 1235 1052 1105 1319 1012 1169 1015 1219 1254 1153 1185 1227 1071 1109 1091 
1320 1399 1363 1022 1404 1338 1199 1023 1417 1213 1377 1321 1120 1113 1322 1417 1276 1319 1296 1116 1357 1197 1295 1199 1346 1299 1222 1403 1337 1195 1240 1139 
1166 1219 1171 1052 1303 1155 1166 1107 1233 1154 1191 1269 1131 1185 1144 1464 1209 1152 1226 986 1162 1155 1184 1061 1365 1222 1038 1328 1304 1152 1179 1047 
1305 1449 1187 949 1230 1278 1192 1109 1355 1213 1286 1354 1109 1203 1313 1358 1258 1340 1153 1095 1316 1099 1269 995 1379 1363 1285 1382 1382 1219 1197 1162 
1118 1118 1028 891 1100 1053 1140 1020 1102 960 1009 1183 1014 847 946 1207 1087 964 946 993 1075 1115 972 846 913 1035 1006 1210 1199 1030 1053 972 
1272 1571 1381 1055 1471 1304 1350 1320 1474 1325 1292 1388 1311 1282 1375 1492 1530 1438 1364 1244 1436 1377 1369 1150 1442 1518 1333 1420 1431 1388 1414 1160 
1160 1271 1044 973 1141 1194 1146 958 1337 1088 1199 1248 989 1176 1278 1339 1053 1241 1084 989 1232 993 1131 988 1263 1343 1152 1225 1301 983 1127 1040 
1331 1589 1234 1139 1540 1365 1327 1288 1542 1273 1330 1538 1180 1326 1312 1596 1384 1337 1167 1248 1466 1311 1227 1156 1404 1365 1304 1468 1538 1292 1343 1353 
1106 1268 1379 1043 1214 1208 1190 1189 1427 1168 1273 1457 1106 1198 1216 1369 1262 1292 1256 1095 1306 1235 1263 1106 1292 1342 1181 1393 1418 1271 1121 1094 
1329 1348 1277 1061 1204 1336 1155 1120 1333 1330 1275 1519 1189 1250 1340 1460 1332 1337 1265 1106 1344 1214 1216 1003 1350 1293 1311 1353 1446 1113 1256 1205 
1234 1365 1244 881 1283 1301 1227 1107 1284 1325 1237 1433 1183 1262 1224 1420 1199 1237 1294 1131 1225 1245 1243 1032 1263 1320 1121 1352 1238 1122 1194 1123 
1165 1247 1054 963 1182 1193 1213 1171 1221 1115 1216 1363 1028 1125 1090 1454 1241 1123 1035 1010 1308 1240 1140 1016 1071 1322 1117 1204 1282 1086 1220 991 
1103 1222 1215 966 1081 1195 1053 1113 1164 1148 1364 1287 1063 1267 1096 1372 1237 1142 1086 1040 1214 1010 1258 878 1249 1189 1191 1268 1379 1238 1064 1066 
1419 1390 1259 1100 1436 1347 1286 1247 1397 1348 1225 1350 1132 1099 1380 1600 1345 1269 1248 1115 1324 1249 1299 1161 1409 1271 1238 1476 1356 1269 1215 1195 
1207 1387 1214 905 1279 1308 1204 1184 1347 1237 1201 1307 1194 1204 1262 1360 1229 1316 1316 1122 1308 1166 1256 1106 1292 1350 1197 1381 1344 1224 1098 1165 
1188 1208 1255 974 1435 1276 1291 1104 1335 1334 1341 1299 1107 1295 1412 1358 1174 1163 1158 1144 1381 1286 1251 1155 1335 1211 1286 1412 1432 1338 1250 1100 
1402 1704 1369 1132 1524 1496 1427 1416 1567 1377 1638 1485 1256 1452 1475 1629 1385 1455 1308 1255 1480 1391 1432 1205 1541 1465 1345 1545 1636 1338 1496 1209 
1257 1391 1207 971 1319 1332 1104 1097 1403 1344 1301 1360 1118 1076 1299 1489 1357 1285 1120 1183 1294 1216 1253 1090 1316 1289 1299 1321 1299 1124 1278 1239 
