5275 5742 5850 5523 5463 5771 5363 5509 5892 5232 5186 5443 5141 5301 5488 5891 5345 5228 5345 4973 5186 5093 4705 5451 5238 5474 5317 5667 5420 5367 5376 5058 
5233 5382 5761 5277 5163 5424 4933 5147 5550 4670 4944 5149 4982 5140 5447 5561 4980 4789 5126 5063 5220 5000 4879 5078 5014 5353 5196 5531 4946 5215 5319 5024 
5424 5573 5708 5347 5548 5627 5087 5272 5882 5377 5537 5194 5343 5707 5613 5886 5458 5395 5287 5236 5578 5454 4960 5552 5329 5621 5291 5714 5431 5258 5493 5258 
4993 5226 5273 5017 5346 5332 4786 5343 5676 4816 4784 5440 4916 5123 5430 5568 5115 5244 4918 4931 5003 5001 4549 5309 5115 5057 4924 5336 5002 4953 5195 4972 
5468 5426 5536 5484 5472 5599 5430 5462 5793 5078 5335 5126 5224 5349 5452 5642 5369 5228 5226 5177 5289 5189 4977 5472 5318 5354 5618 5741 5323 5340 5662 5260 
5191 5269 5392 5129 5273 5370 5352 4948 5610 5095 5105 5231 4776 5125 5334 5478 4755 4983 4890 4923 4986 4933 4643 5172 4851 5318 4848 5461 5286 5083 5315 5002 
5111 5196 5345 5016 5378 5073 5162 5074 5380 5035 5007 5340 4761 5299 5269 5264 4860 4975 4972 5213 5095 4900 4714 5011 4849 5103 5316 5389 4882 5060 5154 4912 
5577 5570 5632 5147 5320 5685 5396 5356 5842 5192 5486 5527 5254 5384 5648 5398 5503 5429 5417 5297 5314 5478 5084 5295 5130 5411 5525 5752 5337 5234 5410 5352 
5161 5232 5566 4860 5231 5457 5003 5441 5682 4777 5028 5189 5054 5230 5411 5279 5020 4997 5093 5033 5266 4857 4576 5214 5073 5018 5357 5456 4837 5131 5055 5300 
5161 5081 5175 5132 5082 5270 4852 4845 5317 4614 4743 5104 4922 5125 5071 5054 5087 4805 4548 4900 4836 4548 4468 5198 4604 5015 4905 5246 5123 5010 5007 4787 
5310 5509 5446 5064 5264 5711 5255 5293 5645 5118 5266 5222 5101 5297 5330 5660 4949 4785 4887 5131 5026 5168 4863 5322 5191 5336 5314 5651 5275 5125 5185 5245 
5293 5347 5449 5204 5181 5356 4971 5040 5562 4954 5058 4936 5004 5084 5341 5322 5276 4909 5288 4951 5168 4951 4904 5233 5047 5439 5236 5319 5111 5207 5160 4973 
5186 5146 5281 5051 5175 5352 5239 5180 5694 4863 5127 5081 4691 4928 5312 5351 4992 4965 4967 5073 5034 5061 4698 5062 4969 5285 5077 5433 5222 4931 5194 4958 
5051 5131 5531 4939 5255 5522 5423 5367 5516 5015 5056 5398 4832 5057 5510 5292 4844 4822 4912 4818 5185 5024 4632 5154 4858 5290 5396 5324 5007 5346 5146 4955 
4988 5159 5496 4974 4837 5233 4828 4875 5314 4644 4874 4979 4687 4944 5285 5037 4658 4874 4735 5018 4956 4696 4514 5016 4638 4894 5026 5086 4869 4859 4957 4667 
4953 5194 5387 4854 5071 5070 4732 4746 5481 4560 4897 4819 4473 4908 4929 5096 4844 4854 4917 4756 4760 4839 4643 5023 4730 5096 5043 5132 4773 4817 4969 4775 
5142 5179 5231 4973 5258 5325 4780 5259 5345 4780 4858 5083 4907 5166 5249 5364 4882 4774 5068 4846 4967 4800 4740 5118 5120 5171 5021 5482 5057 5201 4880 4968 
5235 5468 5321 4914 5074 5410 4852 4903 5289 4754 5003 5192 4786 5167 5187 5103 4912 4990 4701 4979 4822 4823 4666 4842 4797 5284 5232 5467 5012 5237 5170 5014 
4998 5109 5105 4947 5075 5021 4819 5088 5393 4754 4940 5056 4861 4957 4812 5059 4645 4809 4894 4969 4874 4728 4565 4832 4878 4889 5251 5411 4929 4938 5225 4880 
5166 5160 5539 5143 5487 5326 5190 5358 5798 4970 4952 5071 5329 5227 5539 5344 5273 5168 5171 5133 5223 4977 4544 5186 5154 5416 5350 5504 5143 5250 5238 4909 
5165 5192 5590 5388 5227 5387 5251 5092 6014 5011 5092 5287 5096 5411 5445 5415 5054 5259 5113 5027 5146 4939 4849 5231 4969 5532 5345 5639 5278 5236 5316 5128 
5391 5513 5494 5219 5372 5760 5154 5294 5652 5181 5423 5282 5097 5375 5333 5594 5116 5034 4931 5378 5112 5416 4832 5372 4971 5249 5201 5793 5226 5355 5332 5318 
5233 5597 5948 5273 5474 5584 5075 5173 5761 5034 5067 5475 5169 5386 5359 5295 5149 5096 5088 5363 5501 5120 4878 5413 5302 5258 5453 5642 5185 5476 5286 5060 
5259 5248 5480 5034 5118 5525 5136 5143 5705 4934 5134 5359 5176 5261 5406 5404 5086 5182 5107 5119 5001 5043 4647 5170 4866 5213 5230 5468 5184 5264 5319 5188 
4853 4887 5292 4702 4951 5319 5025 4973 5216 4834 4828 5188 4861 4972 5248 5086 4631 4964 4960 4911 4857 4892 4602 4806 4852 4934 4855 5340 4779 4958 5066 4876 
4750 4885 5034 4793 4705 5137 4719 5069 5358 4445 4993 4875 4604 4947 4928 5119 4606 4668 4583 4641 4789 4762 4315 4921 4298 4946 4806 5151 4760 4796 4883 4510 
5319 5474 5565 5400 5441 5290 5042 5163 5652 5075 5188 5439 5161 5464 5504 5561 5136 5152 5036 5367 5270 5213 5103 5281 5232 5358 5368 5488 5320 5386 5159 5067 
5577 5458 5709 5368 5567 5256 5335 5166 5621 4942 5064 5198 4899 4938 5569 5334 5200 5131 5112 5172 5320 4990 5144 5171 5192 5444 5673 5671 5024 5468 5227 5225 
5163 5485 5637 5334 5348 5534 5017 5501 5786 5088 5157 5172 5407 5630 5465 5636 5191 5060 5193 5151 5297 5157 4904 5352 5043 5347 5271 5599 5085 5196 5170 5223 
5182 5063 5789 5129 5360 5504 5068 5179 5745 5043 5176 5274 4897 5220 5711 5407 4932 5045 4911 5162 5145 5254 4742 5444 5185 5358 5252 5755 5209 5490 5483 5070 
5532 6026 5966 5520 5973 5869 5650 5514 6153 5272 5597 5448 5164 5817 5716 5934 5431 5795 5228 5588 5371 5507 4972 5837 5614 5565 5356 5606 5787 5540 5657 5297 
5327 5373 5361 5168 5411 5276 4820 5219 5648 5048 5226 5185 5002 5079 5329 5384 5115 5143 4955 5190 5093 4985 4702 5064 5139 5140 5254 5320 5058 5254 5452 5116 
