3129 3689 3840 3565 3743 3777 3664 3499 3703 3307 3369 3565 3253 3502 3622 4092 3344 3282 3354 3129 3464 3247 3107 3260 3510 3575 3345 3670 3386 3346 3448 3207 
3195 3535 3720 3281 3476 3708 3426 3219 3457 3023 3048 3427 3032 3340 3627 3738 3147 3101 3326 3146 3462 3120 3174 2988 3296 3579 3330 3683 3216 3156 3444 3251 
3204 3545 3699 3425 3734 3754 3338 3262 3616 3322 3518 3389 3199 3663 3761 3954 3362 3502 3303 3249 3552 3489 3211 3386 3543 3614 3428 3705 3249 3184 3547 3316 
2910 3292 3357 3081 3658 3494 3197 3337 3499 2985 2952 3619 2977 3256 3494 3655 3125 3316 3025 3087 3193 3183 2853 3244 3333 3267 3126 3400 3010 3036 3316 3135 
3291 3278 3288 3311 3470 3549 3401 3221 3357 2896 3226 3138 2972 3249 3347 3679 3159 3138 3080 2972 3230 3037 2886 3020 3234 3299 3373 3464 3092 3082 3488 3181 
3189 3426 3517 3251 3558 3538 3571 3189 3590 3272 3351 3310 2951 3338 3500 3691 3016 3121 3138 3064 3246 3050 2961 3214 3112 3408 3203 3648 3308 3119 3444 3137 
3102 3220 3399 3042 3442 3380 3203 2981 3309 3137 3196 3498 2880 3331 3373 3452 2915 3069 2978 3195 3110 3058 3017 2989 3105 3180 3241 3484 2874 3172 3259 3090 
3450 3396 3520 3070 3436 3646 3465 3379 3455 3148 3492 3453 3219 3456 3647 3603 3505 3403 3301 3367 3454 3448 3338 3082 3324 3505 3441 3719 3393 3249 3416 3332 
3044 3255 3484 2891 3354 3540 3197 3189 3343 2855 3009 3313 2957 3154 3398 3424 3059 2900 3024 2884 3193 2953 2957 2897 3163 3228 3086 3379 2838 3042 2983 3091 
2937 3161 3191 2986 3289 3227 3012 2838 3073 2584 2795 3121 2906 3143 3177 3194 3122 2827 2756 2895 3017 2720 2803 2895 2918 3116 2907 3408 3049 3060 3030 2877 
3235 3456 3454 3068 3370 3707 3535 3307 3349 3090 3299 3384 3039 3395 3503 3696 3129 2940 2989 3020 3115 3132 3088 3097 3266 3452 3409 3628 3122 3191 3315 3243 
3264 3468 3589 3203 3351 3564 3306 3091 3296 3063 3107 3197 3008 3204 3610 3534 3322 3012 3208 3021 3311 3216 3192 3288 3194 3493 3382 3379 2991 3193 3253 3238 
2992 3201 3388 3043 3365 3435 3418 3086 3404 2874 3063 3295 2803 3052 3406 3485 3136 3139 3006 3037 3193 3026 2985 2930 3077 3323 3239 3492 3273 3005 3292 3071 
3098 3147 3477 3115 3413 3614 3634 3388 3296 3228 3199 3591 3096 3265 3462 3629 3059 3017 3004 2968 3330 3106 3064 2974 3098 3459 3392 3526 3313 3333 3350 3215 
2945 3326 3403 2968 3057 3245 3046 2893 3085 2733 2991 3047 2704 2954 3141 3160 2807 2966 2761 3083 3102 2736 2952 2812 2877 3079 3132 3130 2735 2788 2991 2797 
2887 3208 3433 2800 3241 3298 3196 2924 3230 2786 3155 3058 2573 3017 3255 3414 2924 3155 3022 2788 3018 3046 3054 2917 3033 3300 3080 3221 2921 2968 3185 2876 
2924 3047 3269 2978 3204 3309 3026 3074 3003 2761 2923 3095 2774 3062 3232 3537 2996 2824 3069 2826 2966 2749 2853 2851 3212 3229 3111 3390 2945 3010 3038 2905 
3146 3536 3565 3043 3550 3652 3251 3143 3389 2954 3118 3364 3029 3396 3537 3465 3067 3206 2915 3108 3136 2991 3180 2913 3234 3443 3388 3519 3162 3250 3320 3202 
2856 3003 3097 2910 3183 2971 2962 2932 3059 2667 2866 3094 2825 2879 2974 3196 2739 2676 2886 2869 2922 2739 2781 2664 2787 2831 3017 3304 2773 2692 3146 2830 
3043 3352 3543 3071 3533 3360 3469 3337 3449 3043 3083 3310 3212 3237 3529 3501 3251 3298 3172 3143 3189 3088 2892 3089 3345 3557 3426 3603 3089 3227 3367 3005 
2897 3153 3296 3101 3243 3344 3210 2902 3392 2873 3032 3238 2891 3215 3418 3410 2900 3022 2970 2863 3071 2776 2984 2841 3111 3366 3121 3336 2966 2978 3010 2957 
3105 3420 3334 3058 3577 3581 3302 3227 3371 2973 3182 3382 2880 3310 3304 3654 3024 2934 2844 3100 3217 3176 3022 3049 3114 3365 3224 3570 2961 3173 3197 3222 
3067 3350 3810 3206 3456 3514 3274 3073 3342 2910 3067 3522 2993 3309 3343 3388 3175 3222 3084 3379 3397 3125 3060 3100 3335 3387 3299 3538 3113 3290 3278 3000 
3201 3431 3520 3126 3420 3746 3422 3307 3509 3162 3313 3594 3191 3297 3628 3766 3215 3304 3257 3205 3340 3116 3105 3096 3160 3452 3358 3557 3217 3234 3413 3320 
2983 3198 3373 2842 3237 3452 3336 3154 3203 2973 3053 3413 2865 3271 3429 3428 2874 3148 3249 3090 3070 3040 2996 2943 3056 3314 3075 3383 2849 3045 3344 3116 
2763 2929 3026 2921 3002 3169 3041 3005 3117 2605 3052 3012 2556 2931 3036 3439 2747 2721 2704 2713 2886 2853 2653 2707 2659 3141 2802 3109 2711 2720 3050 2622 
3061 3301 3456 3181 3439 3434 3215 3146 3383 3006 3229 3395 3062 3365 3465 3479 3128 3056 3035 3127 3194 3141 3202 3103 3349 3328 3295 3491 3175 3332 3107 3058 
3489 3322 3767 3401 3693 3509 3557 3209 3382 3193 3244 3308 2993 3150 3659 3690 3344 3236 3228 3195 3413 3192 3332 3202 3467 3481 3558 3696 3212 3341 3323 3310 
2933 3465 3549 3090 3477 3496 3251 3404 3398 3037 3041 3195 3188 3465 3498 3634 3126 3133 3280 3152 3364 3070 3107 3059 3164 3454 3201 3485 2990 3084 3133 3115 
2909 3007 3396 2957 3428 3387 3197 2954 3353 2992 2961 3053 2647 3135 3530 3330 2762 2874 2791 2974 3217 3136 2970 3010 3162 3274 3165 3490 3009 3236 3252 2889 
3157 3840 3716 3294 3906 3770 3734 3459 3686 3117 3583 3514 3020 3675 3771 3937 3338 3644 3092 3421 3355 3380 3256 3381 3737 3598 3290 3549 3500 3377 3664 3155 
2939 3200 3183 2937 3430 3311 3006 3118 3195 2897 3105 3200 2782 2920 3301 3337 3016 3031 2870 3060 3038 3040 2875 2840 3185 3008 3069 3220 2829 2945 3204 3097 
