4603 4989 5099 4737 4739 5057 4648 4887 5038 4560 4626 4732 4503 4693 4901 5359 4696 4460 4710 4312 4751 4380 4211 4759 4657 4856 4668 4953 4583 4677 4636 4447 
4671 4904 5221 4739 4497 4944 4487 4632 4918 4207 4505 4621 4428 4705 4920 5072 4499 4227 4680 4448 4826 4517 4454 4570 4596 4872 4770 5104 4390 4642 4770 4529 
4833 5012 5187 4696 4892 5067 4561 4671 5125 4698 4948 4583 4704 5091 5063 5391 4878 4710 4798 4662 5094 4866 4511 4996 4776 5104 4803 5138 4741 4658 4764 4665 
4412 4621 4646 4396 4734 4766 4265 4720 4972 4242 4268 4777 4282 4555 4803 4976 4564 4506 4346 4304 4510 4426 4075 4761 4505 4574 4396 4685 4385 4316 4485 4307 
4790 4722 4762 4675 4691 4911 4628 4769 4890 4392 4697 4374 4533 4654 4743 5107 4670 4360 4544 4380 4779 4436 4376 4769 4640 4636 4870 4986 4488 4610 4830 4574 
4428 4595 4713 4369 4452 4615 4685 4298 4770 4395 4478 4376 4030 4482 4634 4890 4104 4148 4228 4177 4395 4197 4051 4464 4196 4593 4348 4763 4425 4214 4496 4301 
4462 4518 4593 4321 4644 4463 4440 4339 4604 4377 4469 4605 4128 4658 4622 4649 4220 4192 4296 4541 4530 4239 4167 4322 4229 4410 4687 4757 4144 4413 4442 4329 
4841 4831 4747 4375 4557 4828 4590 4652 4910 4362 4796 4643 4528 4629 4854 4754 4821 4541 4784 4576 4729 4660 4487 4489 4527 4682 4847 5025 4468 4509 4632 4575 
4598 4530 4916 4273 4531 4934 4380 4722 4917 4230 4515 4637 4422 4613 4808 4774 4518 4266 4509 4356 4727 4293 4149 4498 4471 4507 4671 4762 4191 4527 4449 4651 
4528 4490 4502 4430 4415 4572 4127 4314 4586 3965 4097 4425 4285 4533 4482 4510 4609 4110 4113 4255 4331 4034 3957 4512 4104 4419 4396 4698 4411 4447 4380 4273 
4590 4847 4785 4373 4587 4993 4694 4658 4881 4482 4657 4578 4422 4715 4742 5099 4460 4068 4348 4474 4556 4471 4319 4531 4560 4738 4749 5034 4482 4487 4542 4565 
4623 4716 4775 4468 4406 4727 4293 4455 4735 4293 4434 4242 4351 4503 4711 4761 4601 4131 4603 4304 4645 4353 4367 4558 4395 4739 4710 4659 4291 4447 4387 4432 
4555 4616 4705 4466 4584 4769 4660 4662 5019 4239 4486 4487 4105 4407 4806 4862 4501 4355 4491 4506 4585 4461 4230 4497 4382 4673 4627 4849 4521 4352 4606 4371 
4421 4497 4792 4307 4519 4909 4802 4694 4714 4354 4440 4731 4207 4405 4789 4685 4281 4062 4306 4119 4655 4372 4159 4387 4233 4657 4749 4778 4333 4733 4501 4317 
4289 4507 4704 4195 4120 4522 4119 4165 4425 3901 4209 4208 3995 4248 4528 4394 4045 4070 4105 4335 4409 3996 3995 4257 3981 4268 4401 4378 4070 4184 4212 3966 
4395 4584 4769 4200 4427 4530 4163 4242 4734 3993 4444 4219 3966 4293 4389 4735 4345 4219 4424 4094 4342 4196 4238 4398 4186 4583 4461 4587 4072 4296 4320 4181 
4336 4486 4530 4300 4420 4573 4123 4514 4424 4050 4177 4338 4149 4421 4625 4816 4305 3932 4477 4131 4366 4061 4067 4273 4500 4466 4415 4816 4215 4436 4129 4188 
4566 4836 4733 4250 4405 4825 4179 4270 4503 4167 4363 4515 4173 4598 4664 4628 4371 4267 4160 4309 4378 4168 4132 4256 4280 4679 4655 4781 4296 4484 4471 4399 
4263 4396 4371 4194 4336 4380 4138 4396 4525 4061 4260 4369 4180 4306 4247 4493 4086 4030 4326 4258 4398 4026 4000 4141 4234 4249 4569 4688 4139 4237 4485 4204 
4546 4651 4888 4542 4736 4745 4608 4815 5013 4352 4411 4406 4752 4620 4879 4800 4649 4480 4626 4514 4712 4378 4087 4594 4657 4799 4860 4998 4456 4646 4579 4402 
4403 4497 4782 4585 4451 4644 4463 4389 5030 4211 4427 4448 4307 4667 4757 4780 4382 4350 4425 4269 4591 4197 4265 4529 4344 4863 4669 4880 4425 4506 4468 4387 
4606 4807 4803 4410 4601 4977 4472 4632 4736 4531 4734 4494 4413 4705 4687 5077 4471 4186 4261 4606 4571 4674 4278 4657 4397 4648 4594 4996 4379 4610 4537 4590 
4558 4857 5228 4572 4707 4897 4433 4557 4935 4302 4566 4789 4467 4713 4782 4697 4592 4379 4551 4740 4977 4492 4359 4740 4682 4694 4894 5006 4389 4829 4599 4375 
4595 4646 4881 4384 4382 4949 4549 4593 4874 4262 4561 4727 4554 4600 4842 4952 4520 4394 4518 4501 4536 4370 4156 4555 4265 4596 4664 4818 4405 4558 4601 4593 
4103 4199 4512 3880 4181 4578 4262 4312 4374 4035 4142 4406 4033 4360 4541 4469 4037 4098 4392 4158 4307 4159 4081 4063 4200 4258 4209 4605 3866 4216 4328 4200 
4122 4259 4422 4149 4110 4480 4147 4355 4562 3856 4393 4163 3987 4322 4362 4616 4069 3854 3972 4071 4274 4112 3782 4222 3820 4371 4246 4449 4057 4071 4183 3906 
4690 4837 4840 4718 4674 4673 4404 4528 4927 4436 4716 4740 4490 4806 4861 4891 4549 4396 4491 4644 4735 4552 4553 4588 4713 4730 4841 4939 4626 4757 4467 4418 
4994 4855 5063 4753 4843 4717 4684 4562 4880 4390 4496 4571 4263 4386 4967 4859 4662 4371 4614 4437 4821 4375 4617 4589 4672 4876 5073 5024 4360 4775 4560 4535 
4530 4854 5008 4603 4650 4836 4480 4903 4992 4382 4506 4531 4753 4953 4894 5112 4621 4313 4729 4537 4855 4523 4411 4667 4538 4796 4710 5009 4358 4612 4440 4629 
4484 4440 5048 4335 4609 4815 4383 4440 4870 4329 4452 4514 4137 4581 4996 4777 4216 4204 4255 4405 4599 4520 4166 4717 4513 4635 4657 4977 4385 4762 4578 4372 
4742 5291 5165 4759 5119 5180 4889 4816 5211 4542 4896 4723 4381 5148 5055 5293 4828 4967 4593 4825 4781 4805 4368 5029 4971 4876 4700 4859 4851 4751 4962 4535 
4564 4725 4604 4391 4602 4617 4144 4558 4745 4292 4507 4432 4254 4440 4663 4740 4453 4311 4337 4469 4525 4327 4114 4386 4451 4468 4674 4640 4228 4522 4612 4427 
