3918 4412 4550 4096 4327 4492 4312 4311 4354 4064 4053 4218 3842 4012 4286 4878 4219 4038 4163 3724 4169 3934 3844 4135 4149 4302 4004 4382 3930 4097 4098 3859 
3800 4112 4349 3776 3885 4333 3949 3968 4019 3621 3787 4050 3599 3860 4253 4416 3887 3772 3995 3670 4084 3857 3873 3748 3926 4189 3958 4295 3784 3874 4116 3823 
4057 4206 4389 3957 4278 4423 4025 4079 4286 4141 4160 3964 3922 4277 4393 4852 4243 4184 4068 3887 4336 4301 4028 4221 4144 4395 4002 4390 4018 3873 4125 3995 
3749 3931 4061 3633 4209 4153 3876 4145 4273 3676 3568 4260 3601 3832 4161 4452 3991 4023 3758 3651 3895 3950 3630 4088 3869 3975 3682 4058 3720 3707 3916 3731 
4077 3986 4028 3939 4175 4330 4155 4197 4147 3796 3996 3820 3722 3902 4084 4601 4160 3941 3993 3564 4063 3903 3765 4017 3968 4025 4117 4264 3805 3919 4190 3956 
3920 4107 4150 3765 4070 4205 4308 3912 4197 3970 3946 3932 3521 3960 4145 4466 3687 3799 3777 3657 3914 3809 3643 3907 3772 4113 3783 4209 3983 3694 3982 3800 
3816 3856 4039 3646 4094 3977 3974 3832 3948 3877 3803 4085 3550 4056 4043 4263 3731 3767 3659 3891 3879 3816 3755 3785 3637 3834 3932 4183 3558 3871 3931 3787 
4065 4023 4084 3470 3923 4305 4049 4029 4025 3823 4047 4003 3731 3852 4176 4225 4219 4048 3961 3857 3999 4137 3883 3762 3862 4049 3933 4217 3875 3797 4015 3842 
3862 3867 4192 3519 3988 4287 3900 4084 4087 3638 3747 4011 3628 3847 4154 4255 3896 3657 3827 3622 4029 3779 3680 3721 3769 3897 3850 4000 3517 3789 3699 3896 
3738 3842 3817 3610 3951 3918 3669 3762 3865 3360 3407 3773 3568 3834 3882 4014 3948 3512 3480 3555 3756 3498 3504 3739 3508 3821 3612 4004 3776 3720 3653 3518 
3981 4125 4090 3551 4019 4369 4232 4116 4051 3986 3967 4015 3660 4016 4059 4529 3872 3604 3691 3685 3866 3958 3810 3797 3912 4102 4015 4316 3799 3786 3889 3964 
3836 4004 4089 3643 3801 4116 3814 3806 3878 3725 3738 3701 3589 3678 4122 4236 4037 3616 3906 3568 3886 3861 3871 3912 3701 4035 3911 3934 3539 3827 3846 3783 
3807 3818 4019 3579 3922 4127 4127 3927 4120 3627 3669 3924 3396 3616 4070 4304 3900 3830 3752 3721 3930 3834 3699 3678 3680 4003 3839 4063 3866 3657 3922 3753 
3717 3810 4128 3537 3979 4327 4285 4179 3947 3871 3768 4190 3557 3735 4136 4190 3779 3675 3586 3431 3963 3816 3659 3733 3695 4062 4063 4116 3775 4057 3913 3747 
3583 3845 3950 3431 3507 3844 3638 3602 3648 3378 3514 3586 3268 3487 3804 3773 3521 3599 3373 3554 3774 3424 3567 3499 3404 3655 3680 3663 3362 3451 3514 3323 
3632 3845 4043 3321 3852 3902 3726 3707 3929 3487 3772 3656 3152 3527 3773 4167 3703 3770 3784 3332 3711 3663 3763 3685 3580 3969 3707 3856 3396 3612 3741 3496 
3564 3666 3855 3531 3835 3927 3686 3881 3622 3467 3459 3688 3430 3634 3921 4255 3774 3519 3785 3339 3666 3524 3621 3565 3869 3847 3686 4118 3523 3736 3556 3550 
3888 4086 4124 3534 3960 4220 3755 3770 3813 3627 3691 3899 3512 3856 4020 4130 3780 3826 3561 3568 3689 3626 3725 3579 3730 4042 3967 4088 3656 3844 3822 3796 
3553 3685 3716 3447 3722 3731 3636 3759 3731 3493 3522 3697 3472 3520 3567 3999 3522 3429 3649 3520 3704 3521 3525 3407 3537 3571 3743 3995 3408 3468 3807 3479 
3664 3902 4138 3593 4134 3979 4054 4125 4083 3686 3630 3819 3867 3806 4159 4177 3973 3872 3846 3720 3998 3776 3571 3774 3910 4130 4026 4227 3684 3897 3851 3626 
3633 3829 3937 3679 3860 3986 3835 3803 4092 3626 3669 3822 3557 3829 4056 4150 3738 3730 3667 3409 3801 3570 3744 3675 3713 4070 3829 4065 3657 3774 3655 3586 
3772 3984 3954 3509 4024 4266 3930 3963 3929 3809 3884 3889 3542 3857 3938 4430 3760 3658 3621 3762 3887 3997 3683 3729 3727 3889 3796 4157 3644 3816 3765 3890 
3800 4049 4544 3758 4108 4264 3919 3972 4120 3712 3820 4159 3702 3834 4115 4117 4057 3963 3879 3968 4192 3949 3841 3987 4023 4031 4048 4250 3704 4102 3957 3691 
3918 3945 4165 3689 3873 4333 4042 4044 4085 3780 3909 4243 3809 3862 4297 4450 3976 3942 3860 3781 3902 3835 3705 3834 3663 4038 3957 4114 3769 3833 4006 3951 
3587 3703 3928 3310 3778 4147 3973 3889 3809 3671 3665 4033 3479 3850 4133 4062 3590 3772 3912 3643 3862 3761 3762 3542 3711 3909 3680 4085 3445 3712 3923 3783 
3373 3493 3710 3374 3539 3814 3614 3711 3713 3215 3634 3600 3173 3481 3688 4086 3457 3297 3256 3270 3561 3522 3197 3435 3166 3670 3454 3636 3294 3319 3542 3199 
3874 4033 4098 3854 4013 4115 3852 3967 4123 3844 3925 4083 3755 4025 4116 4299 3975 3895 3829 3805 3956 4000 3998 3859 4042 4051 3985 4179 3911 4100 3756 3761 
4186 4044 4389 3944 4290 4197 4166 3973 4050 3853 3806 3988 3560 3685 4308 4350 4103 3898 3900 3725 4088 3870 4059 3920 4094 4158 4180 4349 3686 4025 3937 3881 
3533 3966 4131 3625 4014 4119 3924 4240 4043 3694 3664 3767 3864 4043 4158 4416 3890 3715 3956 3670 4062 3903 3858 3790 3841 4073 3789 4123 3616 3792 3692 3794 
3659 3664 4176 3514 4012 4125 3830 3821 4039 3691 3694 3820 3347 3743 4313 4075 3629 3670 3565 3561 3912 3965 3711 3910 3828 3958 3875 4165 3641 3988 3890 3638 
3927 4535 4437 3912 4533 4507 4417 4216 4431 3906 4207 4161 3642 4322 4409 4723 4226 4460 3865 4048 4078 4200 3923 4268 4381 4285 3925 4199 4204 4024 4295 3860 
3634 3819 3700 3475 3944 3916 3657 3811 3742 3620 3655 3771 3343 3563 3933 4068 3765 3712 3560 3607 3696 3783 3557 3509 3779 3695 3644 3815 3426 3657 3840 3696 
