4972 5104 5727 5179 5551 5959 5454 4739 5601 5031 5267 5188 5213 5688 5344 5457 5359 5726 5311 5466 5230 5520 4885 5525 5366 5283 5240 5095 5538 5269 5334 5136 
4885 5317 5508 5049 5615 5590 5299 4725 5257 5028 5201 4899 5014 5453 4854 4952 5217 5274 5027 5136 4935 5702 4721 5218 5148 5106 5107 4855 4980 5306 5296 4930 
5045 5603 5589 5131 5634 5720 5483 5080 5343 5575 5317 5189 5500 5696 5277 5373 5395 5439 5331 5421 5131 5853 5087 5378 5565 5495 5561 4972 5541 5761 5549 5063 
4571 5274 5181 5071 5233 5275 5081 4517 5100 4838 5233 4918 5128 5333 5102 5146 4853 5235 5276 5115 4961 5420 4787 5212 5470 4846 4889 4886 5437 5184 5240 4817 
4865 5178 5406 5548 5537 5563 5407 4837 5393 5252 5443 5270 5190 5613 5229 5169 5325 5465 5322 5347 5267 5478 5012 5531 5318 5200 5403 5215 5400 5326 5492 5068 
4577 5244 5398 5142 5325 5365 5178 4721 5009 4914 5222 5131 5020 5336 5289 5090 4927 5009 4965 5147 4862 5363 4737 5247 5229 5007 5162 4598 5166 5297 5216 4741 
4432 5125 5391 4824 5576 5349 5095 4565 5202 4825 4880 5121 5201 5335 5281 5014 5194 5042 4953 5221 5094 5368 4747 5387 5314 5259 4970 4793 5308 5342 5231 4981 
4669 5140 5509 5360 5682 5542 5581 4894 5521 5150 5579 5336 5312 5793 5314 5527 5404 5322 5394 5533 5391 5803 5067 5637 5576 5376 5145 5153 5522 5416 5408 5000 
4732 4932 5267 4875 5334 5217 5070 4337 5234 5036 5050 4940 5120 5714 4905 5062 4861 5208 4900 5106 5134 5624 4471 5097 5554 5091 5067 4780 5061 5298 5176 4769 
4325 4947 4964 4692 5191 5048 5180 4489 5032 4643 4688 4997 4838 5477 4972 4722 4810 4962 4783 4899 4820 5164 4557 5041 5036 4912 4839 4488 4922 5148 4754 4683 
4596 5201 5336 5245 5559 5635 5366 4957 5160 5237 5537 5166 5046 5666 5323 5123 5159 4958 4992 5298 4913 5427 4967 5284 5424 5195 4926 4622 5467 5339 5485 5013 
4671 4924 5221 5039 5340 5533 5321 4586 5315 4913 5131 4951 4889 5229 5113 5152 5208 5133 5071 5301 4990 5523 4853 5020 5264 5026 5164 4905 5197 5215 5102 4845 
4578 5003 5286 4784 5397 5287 4884 4565 4918 4977 5007 5059 4896 5478 5068 4983 4963 5221 4970 5433 4985 5619 4907 5312 5241 4721 4964 4835 5245 5088 5241 4858 
4709 5172 5322 5025 5392 5206 5259 4715 5211 5055 5220 5081 5200 5333 5177 5007 5347 5196 4933 5350 5230 5645 4723 5341 5429 5185 4684 4830 5077 5139 5415 4792 
4282 4891 4922 4957 5202 5268 4928 4602 5036 4740 4647 4853 4910 5220 5056 4841 4615 5008 5034 4763 4699 5181 4400 4881 5086 4729 4794 4731 4989 4527 4948 4435 
4392 4582 5049 4860 4941 5119 4921 4464 5211 4740 4920 4876 4736 5130 4760 4831 4811 4717 4907 5024 4717 5151 4702 4868 4686 4738 4804 4683 5109 5201 4905 4604 
4644 4908 5108 4924 5208 5215 4973 4575 4975 4809 4921 5114 4891 5251 5234 5043 4995 5308 4758 5205 4989 5142 4802 5385 4887 4975 4785 4703 5404 5387 5208 4776 
4403 4954 5197 5245 5011 5297 5007 4626 5251 4997 5134 5033 4916 5522 4803 4943 5158 5064 5100 5148 4991 5368 4950 5062 5047 4996 4870 4858 5150 5398 5135 4781 
4396 4570 4955 5001 5150 5294 4808 4661 4859 4786 4808 5091 4837 5113 4962 4979 4768 4896 5027 4968 5023 5122 4472 5025 5191 4796 4954 4730 4935 4752 5035 4542 
4847 5084 5438 5401 5614 5552 5300 4754 5290 5379 4977 5222 4995 5424 5030 5486 5254 5411 5305 5332 4960 5535 4960 5580 5518 5201 5305 4941 5428 5174 5270 4965 
4571 5137 5509 4844 5462 5542 5413 4942 5333 5122 5077 5068 5128 5810 5118 4883 5338 5303 5058 5143 4973 5441 4778 5340 5332 5196 4942 4966 5094 5157 5214 5003 
4708 5299 5569 5029 5605 5600 5495 4760 5331 5179 5266 5185 5249 5521 5338 5086 5382 5081 5112 5243 4939 5441 4836 5329 5572 5252 5075 5047 5390 5293 5210 5221 
4654 5120 5384 5278 5415 5579 5483 4816 5259 4950 5149 4954 5141 5621 5188 5198 5215 5316 5230 5081 5168 5762 4757 5289 5236 5047 4987 5210 5002 5462 5260 4869 
4712 5203 5412 5061 5323 5275 5185 4629 5347 4908 5265 5148 5325 5488 5309 5004 5178 5285 5301 5454 5003 5205 5034 5193 5052 4971 4922 5026 5246 5150 5229 5050 
4390 4670 4898 4878 5384 5054 4972 4414 4984 4889 4950 4813 4909 5060 4972 4824 4912 5033 4997 5111 4778 4930 4647 5179 5184 4764 4616 4512 5113 5040 5044 4639 
4549 4823 5213 4653 5211 5062 4916 4554 4878 4816 4936 4825 4757 5144 4793 4570 4676 4764 4800 4990 4709 5217 4629 4683 5038 4872 4463 4251 4872 5134 4832 4649 
4658 5144 5303 5124 5507 5532 5215 4720 5566 5164 5239 5342 5229 5704 5430 5327 5457 5385 5105 5032 5106 5824 4804 5598 5569 5244 5532 5077 5282 5451 5506 4847 
4860 5155 5420 5200 5413 5405 5145 4912 5321 5251 5520 5437 5267 5436 5185 5223 5186 5317 5333 5241 5228 5562 4652 5286 5295 5361 5109 5118 5320 5296 5232 4808 
4835 5057 5351 5344 5508 5433 5631 4652 5321 4970 5337 5243 5244 5646 5612 5134 5137 5353 5457 5075 5285 5516 5005 5253 5283 5168 5116 4913 5384 5416 5380 4960 
4896 5315 5631 4957 5451 5613 5320 4683 5118 5036 5037 5253 5079 5462 5312 5095 5156 5363 5266 5178 5195 5569 4896 5401 5501 5167 4997 4782 5289 5480 5298 4957 
4830 5422 5871 5384 5587 5604 5428 4901 5720 5564 5687 5617 5397 5906 5814 5446 5317 5728 5342 5833 5403 6082 5366 5734 5583 5125 5436 5195 5866 5881 5546 5353 
4930 4996 5312 5125 5153 5451 5246 4865 5229 5021 4998 5059 5299 5477 5295 5245 5042 5521 5039 5058 5052 5403 4850 5309 5124 4850 5042 4710 5276 5266 5339 4721 
