3281 3513 3772 3507 3507 3796 3453 3123 3657 3470 3632 3471 3395 3834 3394 3494 3588 3954 3647 3628 3548 3728 3395 3657 3669 3555 3427 3264 3371 3474 3572 3324 
3168 3584 3412 3247 3549 3556 3228 3048 3366 3171 3490 3008 3134 3538 3192 3077 3472 3463 3400 3309 3260 3808 3085 3314 3399 3360 3175 3194 3060 3477 3591 3137 
3199 3828 3632 3461 3583 3688 3413 3260 3442 3673 3585 3371 3501 3771 3263 3432 3586 3539 3639 3571 3313 3824 3255 3385 3582 3501 3515 3365 3588 3645 3645 3188 
2875 3473 3160 3301 3143 3259 2944 2763 3204 3102 3487 3138 3102 3393 3110 3003 3015 3361 3593 3294 3156 3512 3011 3184 3379 2979 3032 3011 3341 3176 3406 2976 
3233 3504 3418 3764 3603 3621 3333 3230 3536 3493 3877 3467 3334 3779 3261 3239 3453 3644 3748 3414 3472 3762 3337 3758 3650 3537 3652 3378 3511 3540 3810 3305 
3004 3564 3436 3622 3291 3359 3180 3003 3304 3277 3640 3421 3245 3498 3403 3154 3239 3285 3438 3333 3355 3582 3103 3273 3313 3357 3268 3014 3321 3444 3512 3036 
2723 3398 3313 3293 3354 3198 3002 2775 3187 3030 3235 3221 3161 3340 3172 2809 3252 3277 3333 3230 3245 3346 3016 3329 3233 3352 2925 2996 3181 3175 3285 2975 
2836 3271 3052 3350 3244 3308 3105 2883 3280 3141 3523 3158 2951 3432 3084 3194 3404 3259 3439 3352 3334 3600 3053 3361 3391 3230 3057 3105 3257 3224 3286 2975 
2870 3258 3150 3219 3264 3318 3044 2661 3284 3161 3389 3156 3106 3655 3069 3009 3149 3397 3309 3115 3134 3579 2816 3110 3574 3221 3108 3051 3028 3318 3438 2942 
2635 3222 2911 3099 3045 3158 2947 2603 2917 2873 3031 3091 2890 3524 3030 2839 3089 3151 3162 2953 3057 3270 2839 3064 3170 3182 2924 2833 2799 3170 2981 2807 
2803 3473 3169 3431 3427 3430 3196 2999 3213 3425 3643 3201 3087 3680 3313 3129 3285 3171 3222 3291 3188 3445 3018 3206 3425 3392 3108 2883 3286 3507 3484 3069 
2949 3221 3213 3385 3364 3369 3117 2807 3305 3176 3504 3148 2947 3306 3205 3080 3260 3267 3342 3234 3183 3608 2998 3223 3418 3157 3238 3066 3161 3172 3256 2952 
2780 3502 3415 3217 3413 3314 3021 2904 3192 3093 3442 3200 3000 3564 3208 3194 3210 3390 3375 3494 3229 3650 3100 3306 3354 3038 3149 3104 3328 3337 3529 2955 
3179 3672 3545 3447 3461 3485 3241 3090 3425 3315 3702 3180 3255 3526 3365 3197 3677 3463 3404 3545 3589 3776 3033 3600 3620 3374 3024 3178 3308 3397 3830 3151 
2582 3090 2941 3103 3015 3103 2692 2637 3031 2867 2995 2896 2789 3116 2999 2785 2901 3132 3231 2862 2806 3172 2597 3023 3030 2985 2785 2855 2887 2712 3010 2612 
2546 2905 3031 3018 2929 3094 2834 2685 2975 3033 3220 2955 2762 3161 2839 2845 3067 2966 3187 3121 2924 3252 2944 2909 2933 2844 2768 2953 3093 3239 3116 2756 
2787 3155 2970 3243 3170 3148 2971 2681 2955 2903 3266 3220 2846 3359 3200 2939 3210 3415 3157 3186 3273 3173 2985 3225 3039 3171 2934 2945 3213 3300 3336 2943 
2699 3297 3145 3515 3067 3283 2997 2809 3199 3136 3436 3214 3002 3559 2863 2939 3347 3220 3420 3183 3094 3400 3199 3178 3279 3129 3054 3089 3122 3438 3366 2965 
2733 2984 2945 3241 3133 3251 2823 2934 2992 2960 3072 3219 3026 3341 3060 3082 3014 3083 3455 2981 3095 3244 2840 3126 3267 3100 3053 2963 2928 2972 3201 2776 
2887 3312 3241 3439 3493 3330 3033 3011 3200 3259 3274 3181 2864 3444 3189 3279 3295 3473 3486 3259 3151 3389 3176 3459 3415 3311 3183 3098 3306 3220 3423 2994 
2601 3093 3081 3036 3179 3095 3028 2862 3165 2988 3123 3017 2862 3485 2980 2710 3383 3225 3110 2959 2927 3253 2754 3137 3235 3029 2799 2983 2891 3019 3135 2932 
2834 3489 3271 3346 3400 3345 3242 2910 3280 3292 3514 3232 3242 3371 3065 3026 3395 3148 3325 3209 3076 3424 3010 3224 3599 3355 3132 3113 3216 3298 3295 3177 
2932 3423 3318 3432 3327 3480 3208 3111 3271 3346 3402 3154 3095 3709 3237 3190 3449 3520 3478 3197 3406 3729 3128 3371 3539 3271 3107 3201 3082 3587 3446 3083 
2875 3562 3370 3355 3312 3336 3046 2941 3472 3105 3514 3232 3252 3474 3272 2940 3390 3328 3550 3374 3264 3239 3124 3162 3266 3062 3099 3243 3236 3170 3461 3103 
2628 3044 2944 3226 3167 3121 2911 2716 3143 3167 3278 3069 2947 3140 3048 2929 3139 3324 3413 3117 3174 3171 2946 3077 3245 3101 2827 2997 2995 3168 3175 2828 
2842 3152 3167 3090 3171 3147 2857 2773 3147 3123 3309 3065 2750 3172 2922 2648 3026 3090 3133 3094 2912 3223 2865 2881 3237 3102 2860 2529 2912 3184 3058 2819 
3025 3432 3291 3363 3447 3467 3074 3021 3518 3348 3557 3392 3184 3742 3412 3235 3540 3522 3441 3211 3304 3805 3106 3661 3572 3332 3495 3226 3320 3449 3624 3060 
3040 3518 3365 3481 3473 3580 3108 3164 3319 3366 3782 3496 3218 3532 3225 3159 3409 3605 3540 3294 3412 3669 3028 3407 3343 3409 3178 3373 3398 3452 3511 2988 
2881 3156 3140 3338 3296 3377 3253 2761 3226 3006 3364 3298 3064 3517 3413 3139 3153 3293 3600 3123 3429 3385 3127 3100 3411 3218 3230 3058 3271 3383 3366 3013 
2987 3489 3378 3186 3286 3284 3160 2889 3132 3161 3275 3307 3050 3466 3170 3117 3275 3516 3508 3201 3319 3568 3074 3366 3545 3292 3052 2999 3222 3472 3233 3011 
2817 3609 3525 3370 3402 3348 3196 3015 3431 3504 3820 3557 3179 3684 3530 3162 3438 3732 3470 3721 3530 3956 3334 3533 3445 3111 3294 3260 3546 3674 3511 3281 
2819 3182 3094 3195 3065 3181 2859 2855 3049 2924 3126 3005 3066 3275 3027 2941 2983 3294 3173 2829 3057 3249 2833 3158 3041 2893 2981 2828 2966 3058 3127 2678 
