1804 2249 2247 2111 2079 2297 2117 1868 2138 2250 2200 2050 2130 2271 2151 2172 2220 2317 2168 2338 1995 2395 2034 2224 2183 2166 2235 2210 2015 1929 2458 1968 
1753 2306 2031 2041 2202 2195 1993 1984 2109 2086 2206 1764 2141 2238 2099 2001 2311 2046 2113 2167 1913 2522 2052 2032 2158 1997 2075 2249 1889 2175 2542 1967 
1703 2426 2044 2020 2070 2069 1992 2013 2061 2223 2065 1861 2123 2179 2004 2024 2255 2031 2143 2175 1955 2366 1948 1981 2088 2110 2100 2234 2106 2050 2361 1895 
1561 2129 1754 1973 1948 1897 1807 1676 1833 1951 2190 1741 1887 2010 1995 1835 1821 2008 2169 1983 1872 2230 1869 1861 2099 1757 1806 2048 2011 1870 2243 1762 
1653 2115 1805 2107 1990 1978 1807 1799 1966 1990 2165 1815 1894 2097 1810 1815 1929 1983 2128 2145 1813 2181 1915 2052 2000 1904 2031 2105 2002 1911 2375 1699 
1577 2059 1901 2066 1885 1831 1755 1763 1796 1830 1988 1732 1890 1904 2058 1781 1940 1806 1864 1991 1829 2147 1873 1788 1865 1809 1892 2008 1785 1873 2237 1667 
1472 2151 1901 1979 2109 1886 1772 1740 1895 1792 1865 1818 2037 1876 1968 1749 2008 1914 1963 1996 1869 2115 1928 1984 2048 1981 1749 1991 1939 1834 2152 1794 
1518 1989 1704 2029 1978 1871 1834 1806 1856 1885 1964 1791 1831 1853 1977 2048 1988 1797 2037 2077 1925 2270 1712 2011 1873 1906 1810 2081 2046 1791 2114 1689 
1679 2136 1767 1962 1816 1941 1879 1581 1985 1937 2004 1852 1913 2122 1910 1846 2021 1957 1910 1954 1859 2407 1745 1882 2141 2010 1914 2034 1881 2037 2379 1649 
1360 1959 1590 1769 1716 1833 1718 1476 1665 1688 1645 1683 1761 1987 1811 1781 1831 1758 1709 1792 1777 2016 1683 1709 1859 1858 1756 1824 1607 1806 2058 1531 
1641 2253 1884 2194 2107 2070 1894 1806 2018 2175 2134 1804 1830 2110 2127 1932 2088 1794 1893 2106 1961 2219 1909 1940 2064 2025 1948 1968 1994 2129 2389 1828 
1561 1877 1768 1973 1908 1880 1794 1660 1853 2006 2067 1713 1800 1914 1903 1845 1885 1801 1802 2021 1733 2164 1744 1839 1991 1751 1873 1952 1888 1858 2206 1690 
1504 2319 2076 2079 2092 2021 1873 1850 2057 1938 2079 1929 1869 2165 2099 2063 2112 2015 2137 2322 1964 2468 2001 2043 2081 1809 2097 2168 2158 2017 2444 1770 
1908 2491 2222 2234 2258 2282 2126 2116 2269 2228 2417 1941 2189 2226 2315 2118 2434 2085 2129 2406 2115 2552 2102 2273 2399 2078 2013 2139 2278 2123 2683 1929 
1232 1763 1575 1734 1659 1655 1497 1583 1632 1650 1650 1488 1712 1618 1799 1645 1592 1725 1869 1701 1541 1870 1527 1684 1661 1653 1535 1781 1709 1491 1893 1412 
1341 1807 1583 1785 1579 1702 1648 1535 1677 1722 1747 1639 1559 1750 1679 1560 1878 1595 1764 1885 1608 2005 1763 1646 1662 1569 1633 1810 1774 1748 2015 1532 
1415 1863 1543 1840 1845 1776 1614 1466 1683 1685 1808 1715 1633 1816 1894 1804 1838 1873 1758 1839 1776 1886 1674 1872 1815 1816 1653 1879 1771 1784 2111 1626 
1417 1977 1729 2076 1764 1839 1782 1665 1863 1789 1918 1785 1830 1967 1750 1828 1972 1851 2046 1895 1776 2088 1912 1883 1894 1815 1843 2001 1801 1984 2190 1645 
1469 1797 1624 1935 1815 1876 1564 1638 1595 1648 1680 1789 1797 1940 1799 1793 1866 1713 2093 1847 1723 1907 1659 1853 1869 1819 1837 1932 1764 1641 2140 1552 
1637 2257 1914 2135 2191 2042 1861 1969 1968 2053 2032 1856 1762 2069 2090 2085 2160 2154 2138 2132 1944 2199 2036 2151 2258 1984 1972 2133 2051 2002 2309 1904 
1291 1789 1630 1630 1796 1726 1783 1732 1819 1731 1747 1611 1686 1943 1742 1705 1980 1761 1710 1802 1480 1982 1631 1667 1914 1640 1637 1869 1611 1613 2023 1506 
1672 2289 1946 2051 2118 2039 1994 1870 1991 2128 2186 1848 2060 1995 1966 1942 2259 1919 1958 2058 1808 2211 1933 1949 2125 2114 1923 2223 1955 2019 2343 1900 
1502 2205 1856 1930 1894 2008 1824 1795 1903 2031 1858 1736 1883 2150 2040 2000 2100 2005 2094 1945 1849 2302 1853 1825 2141 1830 1782 2073 1731 2007 2191 1683 
1600 2226 1851 2067 2021 1923 1883 1808 1989 1934 2176 1795 2018 2058 2170 1906 2000 1945 2087 2157 1868 2097 1838 2002 1964 1826 1896 2287 1991 1791 2324 1751 
1472 1940 1690 2009 1864 1915 1777 1630 1778 2047 2077 1889 1863 1830 1877 1832 1918 1856 2135 2028 1841 2121 1786 1911 2009 1827 1720 2213 1836 1945 2156 1624 
1514 1941 1717 1835 1783 1756 1616 1580 1730 1869 1889 1684 1599 1641 1757 1503 1740 1650 1759 1855 1517 1984 1654 1610 1825 1655 1640 1632 1736 1788 2075 1532 
1629 2076 1818 1980 1998 1924 1769 1685 2058 1858 1995 1793 1901 2142 2084 1944 2147 1939 2004 1943 1901 2263 1870 2114 2014 1899 2024 2090 1903 1910 2318 1648 
1524 2174 1820 2082 2076 2048 1727 1904 1948 2053 2157 2038 1910 1997 2016 1867 1932 1995 1986 2003 1881 2259 1836 1878 1986 1924 1910 2158 2039 1946 2206 1691 
1498 1865 1758 1990 1903 1893 1971 1718 1905 1907 2027 1942 1954 2144 2006 1953 1994 1953 2193 1922 1984 2232 1825 1842 2103 1928 1963 2106 2015 1973 2335 1635 
1601 2132 1825 1909 1933 1849 1891 1684 1747 1875 1833 1769 1875 2037 1901 1787 1922 1856 2004 1962 1879 2244 1911 1956 2092 1923 1826 1911 1927 2005 2227 1681 
1396 2294 1986 2191 2139 1957 1943 1781 1985 2107 2261 1985 1871 2175 2331 1890 2012 2182 2142 2343 2111 2601 2075 2032 2025 1776 2071 2273 2200 2120 2247 1993 
1470 1917 1767 1844 1878 1834 1618 1708 1760 1803 1844 1699 1884 1984 1799 1761 1762 1873 1830 1764 1674 1954 1717 1849 1751 1754 1806 1907 1665 1638 2080 1495 
