648 946 810 688 643 759 585 750 730 799 826 748 677 779 723 663 721 819 672 744 620 930 657 721 766 770 830 760 656 721 857 672 
700 851 693 603 642 690 591 729 648 651 797 588 705 729 608 550 766 690 671 708 665 1006 645 684 686 720 700 833 582 776 834 734 
756 1037 841 689 693 701 595 802 684 743 839 692 721 831 702 638 787 715 665 813 763 1044 713 721 785 795 822 789 796 891 915 729 
529 867 605 605 562 637 535 583 533 666 769 559 631 570 558 474 642 674 588 635 585 798 579 574 664 551 601 709 567 639 695 630 
615 987 711 765 627 715 575 704 656 726 830 648 693 735 622 604 673 724 746 809 637 889 695 759 772 631 767 779 758 747 840 630 
549 663 617 636 470 501 433 576 505 597 706 542 611 646 522 528 511 574 546 724 568 809 529 582 598 584 639 673 588 733 757 531 
581 794 683 584 637 562 563 661 565 649 726 713 670 558 619 534 646 656 543 699 604 807 644 649 776 674 645 689 671 702 693 585 
564 823 631 679 654 558 545 633 544 645 747 640 601 591 639 581 643 534 642 702 661 878 495 634 633 624 635 754 663 689 709 647 
716 1011 739 762 689 701 650 700 702 787 904 686 640 778 640 598 765 709 641 817 770 1033 657 663 771 765 761 815 794 894 881 680 
465 771 586 526 460 535 498 619 484 493 648 547 463 610 478 454 580 538 471 642 584 759 463 535 592 578 620 590 520 656 674 564 
601 939 715 768 686 592 591 697 631 743 822 725 602 713 697 564 672 636 634 795 728 938 528 606 693 702 779 761 716 786 842 618 
494 687 610 624 540 533 489 612 524 634 736 562 593 563 553 476 512 595 562 695 538 701 561 587 625 495 612 642 641 613 726 545 
516 864 702 695 598 635 559 672 615 681 749 682 621 717 705 646 654 619 651 735 662 920 571 698 732 587 748 716 693 695 745 579 
616 845 649 649 561 491 515 633 608 619 727 545 651 608 661 505 612 641 536 643 587 874 473 641 722 676 651 603 619 718 772 521 
425 633 555 484 497 484 410 523 452 595 600 491 523 509 539 409 381 633 536 595 406 657 496 535 532 481 539 544 504 500 636 494 
543 668 561 554 476 467 440 590 499 562 666 578 578 654 566 472 588 604 564 633 558 774 583 523 503 587 608 672 559 577 657 598 
626 778 625 671 610 608 470 579 563 642 637 627 491 567 560 576 710 540 510 595 585 832 502 581 666 626 541 747 580 754 712 560 
465 777 517 643 456 545 477 598 513 495 660 586 524 620 469 460 697 594 597 616 525 797 556 607 647 626 586 736 520 721 657 521 
394 605 495 602 396 542 368 591 349 474 492 541 490 566 454 437 539 474 600 539 498 607 505 539 559 431 591 570 462 608 630 475 
620 871 671 711 621 716 542 770 571 642 760 756 577 674 640 660 769 687 667 676 636 895 694 756 844 749 650 812 639 799 768 645 
366 606 523 415 410 482 407 543 437 478 501 440 395 502 402 388 488 408 412 530 351 618 408 453 495 464 479 530 445 456 510 424 
697 1015 829 722 723 706 648 814 708 736 880 759 715 738 641 621 803 718 700 864 708 1010 754 739 814 784 765 914 748 825 873 752 
580 796 619 629 534 643 534 635 498 607 694 685 543 673 620 576 612 657 668 656 624 877 589 648 731 566 659 700 562 685 711 599 
545 751 577 621 508 573 492 633 551 625 708 545 642 612 587 527 576 535 597 595 508 720 480 544 633 555 623 731 583 583 702 493 
491 556 496 599 484 576 485 506 441 565 681 591 520 542 519 539 555 549 511 654 520 741 486 571 633 528 510 706 458 645 667 536 
540 817 722 684 618 612 593 616 570 741 743 699 600 600 626 512 553 655 613 781 603 851 571 637 738 541 711 620 697 696 738 584 
545 719 542 506 524 433 432 495 557 468 615 479 554 613 550 488 616 593 519 483 537 802 473 656 607 626 615 569 536 643 653 456 
574 847 682 790 643 708 543 698 668 793 793 749 606 680 666 606 691 658 639 677 609 831 577 602 758 675 720 802 676 753 823 564 
524 645 535 647 572 528 521 610 524 585 701 636 523 628 557 519 605 550 610 662 591 761 542 510 634 601 640 738 575 687 724 488 
679 838 723 676 638 604 571 708 550 702 773 672 605 695 632 511 657 611 675 743 694 959 572 631 779 667 725 699 680 862 826 586 
530 908 687 777 661 625 621 610 602 762 855 710 598 733 742 547 654 760 643 841 696 1104 622 674 673 664 742 752 687 793 772 716 
455 703 601 537 470 557 410 612 541 596 623 571 546 631 586 472 606 579 524 576 513 737 592 542 572 654 600 638 587 640 634 547 
