1203 1603 1509 1407 1288 1635 1394 1313 1394 1483 1355 1360 1508 1555 1536 1355 1473 1550 1400 1380 1308 1447 1322 1494 1396 1519 1415 1459 1248 1215 1704 1181 
1219 1603 1428 1334 1435 1552 1399 1445 1352 1377 1413 1206 1578 1529 1410 1289 1614 1362 1408 1335 1305 1588 1382 1383 1348 1373 1319 1580 1273 1415 1751 1272 
1164 1786 1445 1470 1442 1514 1460 1500 1440 1529 1422 1336 1677 1548 1464 1453 1587 1453 1450 1369 1450 1528 1395 1414 1362 1568 1466 1502 1495 1374 1751 1264 
843 1420 1113 1169 1140 1263 1104 1078 1073 1167 1263 1055 1271 1197 1188 1132 1135 1232 1189 1082 1164 1245 1091 1083 1193 1009 1017 1309 1176 1080 1371 989 
1016 1488 1195 1440 1238 1411 1185 1248 1200 1297 1334 1165 1341 1386 1194 1209 1237 1312 1348 1314 1178 1271 1279 1363 1208 1230 1274 1387 1250 1160 1550 1008 
1088 1525 1342 1426 1282 1318 1256 1204 1230 1314 1284 1193 1473 1436 1383 1226 1352 1183 1284 1340 1270 1395 1291 1316 1214 1243 1248 1369 1243 1361 1596 1108 
989 1591 1400 1416 1447 1362 1347 1278 1305 1266 1265 1360 1584 1314 1467 1269 1386 1415 1331 1287 1382 1347 1394 1426 1386 1396 1260 1370 1348 1267 1549 1262 
1024 1446 1195 1413 1367 1330 1267 1334 1263 1307 1366 1222 1389 1274 1385 1350 1464 1190 1361 1366 1392 1414 1193 1340 1165 1281 1178 1445 1380 1213 1512 1051 
1106 1583 1263 1286 1231 1397 1318 1117 1286 1307 1374 1276 1356 1477 1326 1217 1407 1346 1253 1256 1315 1573 1234 1236 1406 1355 1251 1366 1340 1374 1671 1097 
881 1366 1136 1083 1006 1219 1154 1029 1013 1089 992 1119 1237 1302 1149 1080 1203 1108 1047 1049 1119 1240 1013 1098 1111 1180 1095 1209 998 1117 1387 911 
1040 1504 1264 1474 1279 1328 1268 1279 1204 1437 1313 1189 1262 1334 1446 1224 1355 1170 1136 1250 1311 1324 1137 1215 1191 1229 1238 1309 1249 1272 1574 1074 
899 1175 1089 1194 1088 1184 1044 1117 1040 1247 1194 1001 1159 1083 1090 1022 1107 1002 1022 1054 1017 1140 1053 1055 1076 886 1076 1136 1111 1056 1373 905 
865 1559 1366 1323 1255 1326 1260 1241 1256 1212 1306 1299 1346 1405 1378 1244 1329 1261 1294 1386 1262 1418 1272 1350 1266 1135 1308 1341 1409 1268 1576 1028 
1258 1727 1524 1509 1393 1606 1559 1487 1545 1486 1504 1330 1650 1561 1616 1480 1667 1478 1341 1451 1416 1629 1376 1507 1597 1391 1346 1417 1473 1437 1882 1092 
839 1277 1088 1114 1141 1177 1042 1108 1118 1187 1065 1017 1312 1162 1215 1129 1060 1240 1272 1060 1018 1125 1025 1114 1062 1042 1069 1246 1117 992 1314 864 
954 1307 1132 1219 1022 1193 1159 1141 1153 1165 1163 1172 1193 1280 1238 1055 1354 1124 1206 1255 1127 1270 1297 1154 1045 1087 1145 1305 1221 1170 1480 976 
970 1298 1120 1228 1164 1234 1063 997 1108 1109 1099 1127 1121 1177 1181 1122 1263 1205 1098 1027 1100 1183 1034 1179 1150 1177 1005 1274 1127 1209 1427 981 
923 1409 1173 1408 1144 1324 1229 1218 1197 1152 1201 1196 1335 1349 1201 1198 1424 1234 1290 1126 1163 1267 1258 1289 1207 1225 1174 1377 1162 1313 1508 1046 
795 1164 1017 1261 1046 1241 1003 1098 945 985 1003 1174 1253 1235 1098 1070 1163 1070 1361 1053 1115 1049 1067 1121 1081 1083 1109 1249 1003 1040 1355 864 
1032 1573 1282 1325 1300 1438 1203 1364 1251 1209 1207 1199 1295 1359 1338 1300 1402 1389 1310 1216 1259 1306 1287 1429 1372 1338 1177 1404 1287 1309 1454 1092 
760 1224 1095 1064 1041 1217 1137 1180 1172 1122 1043 1077 1190 1219 1090 1020 1331 1044 1010 1044 908 1167 988 1031 1105 1029 942 1192 966 961 1311 872 
1166 1684 1404 1426 1424 1477 1423 1400 1357 1474 1470 1324 1518 1407 1402 1354 1627 1334 1343 1310 1287 1478 1364 1344 1388 1404 1288 1573 1367 1358 1720 1290 
980 1471 1259 1243 1235 1357 1262 1247 1181 1350 1209 1205 1358 1414 1359 1267 1365 1346 1331 1102 1254 1367 1119 1241 1363 1171 1141 1365 1189 1193 1478 1093 
974 1499 1247 1361 1207 1295 1305 1202 1257 1247 1307 1222 1462 1362 1339 1218 1277 1237 1330 1212 1154 1181 1174 1259 1148 1178 1128 1487 1281 1159 1529 996 
917 1245 1086 1268 1183 1291 1218 1105 1111 1270 1290 1241 1332 1181 1168 1220 1271 1202 1296 1223 1210 1235 1126 1214 1214 1109 1050 1406 1161 1211 1465 953 
950 1292 1184 1225 1165 1223 1161 1079 1097 1261 1195 1150 1198 1154 1219 1025 1175 1145 1166 1172 1095 1239 1076 1148 1207 1057 1129 1107 1169 1160 1400 984 
998 1386 1201 1306 1251 1287 1217 1181 1353 1109 1203 1143 1366 1415 1327 1271 1494 1284 1224 1105 1250 1388 1191 1367 1242 1237 1194 1298 1183 1209 1556 953 
931 1425 1163 1390 1301 1348 1106 1248 1251 1377 1326 1311 1310 1293 1320 1157 1254 1299 1176 1156 1240 1243 1108 1165 1199 1199 1149 1415 1257 1181 1464 977 
944 1189 1133 1244 1101 1230 1257 1048 1181 1158 1171 1258 1319 1389 1246 1258 1236 1211 1367 1100 1227 1297 1064 1107 1249 1280 1155 1415 1203 1184 1539 870 
1159 1608 1392 1322 1360 1389 1359 1219 1163 1306 1189 1246 1423 1468 1399 1222 1426 1315 1369 1308 1408 1510 1341 1382 1384 1335 1252 1384 1336 1374 1598 1090 
836 1566 1284 1475 1306 1241 1254 1161 1196 1370 1340 1272 1296 1409 1553 1158 1294 1376 1283 1364 1361 1545 1274 1302 1177 1172 1224 1439 1388 1342 1486 1198 
911 1391 1255 1271 1232 1342 1128 1232 1183 1286 1198 1153 1366 1360 1177 1177 1212 1258 1165 1076 1123 1169 1216 1230 1159 1218 1154 1275 1100 1148 1419 981 
