4453 4576 5125 4638 4711 5231 4826 4224 4913 4541 4752 4547 4581 5001 4740 4715 4876 5224 4749 4857 4636 4877 4372 4950 4813 4594 4570 4550 4724 4701 4694 4519 
4338 4772 4888 4469 4826 4894 4693 4186 4582 4461 4683 4196 4361 4692 4346 4223 4788 4752 4486 4534 4275 5080 4188 4596 4606 4411 4443 4343 4229 4715 4699 4300 
4416 5020 4952 4567 4808 5033 4815 4487 4662 4947 4640 4539 4749 4942 4575 4600 4880 4888 4718 4802 4498 5064 4508 4674 4961 4564 4766 4556 4818 5006 4855 4420 
3870 4525 4361 4407 4352 4528 4263 3848 4249 4208 4454 4267 4373 4566 4286 4284 4223 4622 4589 4495 4287 4664 4073 4464 4808 3926 4142 4297 4600 4455 4506 4161 
4458 4715 4949 4995 5026 5068 4899 4420 4823 4784 5018 4752 4703 5118 4750 4618 4879 5007 4901 4881 4790 5046 4504 5082 4964 4649 4959 4795 4851 4909 5059 4657 
4073 4736 4707 4620 4517 4686 4545 4138 4392 4411 4618 4528 4428 4621 4626 4403 4507 4511 4387 4602 4356 4741 4173 4535 4623 4265 4449 4128 4443 4695 4587 4164 
3733 4469 4597 4221 4642 4542 4305 3793 4379 4212 4181 4337 4472 4448 4488 4166 4594 4484 4297 4502 4441 4479 4093 4614 4579 4346 4114 4241 4477 4537 4459 4125 
4082 4610 4669 4709 4762 4781 4860 4257 4694 4513 4794 4558 4528 4871 4552 4738 4830 4750 4691 4790 4641 5031 4352 4927 4848 4433 4424 4577 4716 4764 4613 4373 
4135 4352 4579 4253 4651 4577 4413 3743 4484 4382 4420 4359 4514 4901 4353 4304 4385 4702 4276 4474 4451 4933 3902 4512 4993 4323 4326 4296 4451 4645 4547 4110 
3846 4384 4271 4162 4389 4279 4457 3866 4224 4140 4092 4333 4133 4737 4285 3940 4293 4425 4153 4206 4198 4436 3955 4376 4444 4155 4188 3899 4027 4471 4121 3973 
3996 4616 4574 4626 4759 4902 4628 4326 4411 4620 4883 4505 4364 4868 4649 4393 4655 4429 4338 4635 4309 4713 4389 4630 4735 4337 4275 4094 4734 4689 4770 4341 
4188 4427 4648 4572 4669 4926 4652 4023 4560 4414 4607 4388 4278 4526 4501 4481 4717 4598 4489 4690 4383 4863 4251 4537 4811 4301 4554 4423 4562 4598 4561 4237 
3995 4614 4625 4252 4702 4612 4294 4049 4256 4452 4484 4384 4265 4729 4512 4338 4516 4727 4416 4845 4415 4940 4320 4683 4698 3989 4330 4320 4543 4588 4659 4294 
4348 4828 4905 4581 4794 4711 4675 4332 4648 4593 4763 4500 4617 4750 4709 4468 4933 4844 4480 4797 4740 5083 4254 4859 4977 4521 4203 4456 4558 4692 4965 4341 
3799 4373 4329 4372 4448 4582 4288 4015 4241 4202 4104 4185 4210 4484 4415 4062 4224 4534 4394 4128 4098 4488 3872 4349 4530 4001 4068 4207 4252 4045 4366 3871 
3725 3938 4349 4234 4163 4386 4228 3845 4367 4118 4284 4184 4053 4366 4108 4043 4276 4175 4294 4351 4024 4418 4111 4219 4104 3870 4041 4169 4382 4476 4254 3926 
4116 4393 4538 4389 4557 4594 4424 4059 4348 4300 4458 4474 4225 4615 4707 4313 4623 4764 4253 4599 4450 4558 4266 4766 4454 4312 4203 4312 4694 4692 4610 4224 
3853 4417 4562 4626 4282 4625 4336 4039 4432 4380 4489 4265 4200 4702 4173 4164 4618 4478 4445 4493 4276 4655 4289 4430 4474 4171 4239 4251 4362 4736 4509 4111 
3987 4167 4372 4482 4497 4727 4219 4206 4270 4240 4294 4429 4329 4519 4469 4411 4350 4499 4566 4484 4475 4597 4015 4562 4641 4157 4390 4308 4361 4302 4506 4071 
4225 4487 4798 4696 4904 4810 4562 4183 4533 4666 4350 4507 4315 4702 4494 4600 4759 4901 4679 4648 4343 4823 4377 4930 4972 4387 4597 4463 4717 4518 4627 4413 
3870 4506 4764 4215 4695 4761 4649 4319 4477 4493 4396 4427 4390 4951 4460 4029 4878 4708 4363 4431 4329 4689 4109 4575 4755 4274 4180 4343 4363 4476 4556 4309 
4209 4843 4867 4537 4852 4880 4855 4215 4622 4684 4696 4636 4655 4819 4633 4468 4941 4619 4521 4638 4419 4804 4330 4830 4982 4532 4485 4511 4696 4836 4588 4616 
4107 4668 4812 4739 4686 4914 4839 4306 4555 4418 4647 4365 4472 4934 4670 4524 4776 4892 4686 4447 4576 5065 4237 4755 4760 4364 4351 4686 4348 4939 4761 4284 
4066 4684 4705 4409 4570 4653 4433 4081 4600 4238 4564 4427 4541 4662 4616 4156 4623 4645 4695 4763 4389 4458 4286 4491 4514 4139 4271 4513 4532 4400 4552 4409 
3818 4069 4116 4243 4498 4304 4247 3767 4235 4332 4310 4071 4101 4246 4289 4067 4399 4499 4359 4391 4128 4211 4039 4381 4517 3969 3934 3977 4285 4360 4290 3966 
4065 4403 4608 4201 4588 4494 4315 4065 4272 4353 4434 4302 4159 4489 4305 3995 4270 4347 4285 4414 4175 4621 4104 4189 4534 4165 4025 3827 4327 4612 4274 4151 
4149 4644 4722 4597 4835 4899 4590 4167 4889 4633 4682 4736 4635 5044 4858 4605 5018 4944 4621 4492 4522 5119 4282 5021 5005 4446 4847 4639 4601 4786 4943 4244 
4266 4628 4793 4605 4659 4849 4495 4280 4568 4610 4877 4737 4587 4702 4585 4509 4738 4905 4713 4651 4606 4889 4080 4731 4636 4560 4443 4652 4699 4691 4629 4222 
4251 4457 4658 4682 4773 4782 4921 4110 4613 4327 4656 4660 4480 4913 4971 4386 4601 4816 4832 4448 4671 4843 4414 4541 4708 4406 4483 4388 4681 4788 4726 4351 
4349 4862 4964 4495 4718 4959 4729 4183 4403 4541 4480 4602 4409 4865 4632 4508 4727 4930 4739 4597 4706 5014 4369 4801 4987 4429 4429 4406 4664 4885 4731 4453 
4169 4820 5119 4705 4771 4814 4726 4210 4941 4884 4979 4897 4673 5092 5112 4510 4857 5179 4700 5154 4794 5328 4686 5009 4973 4260 4658 4655 5075 5151 4852 4686 
4262 4487 4583 4474 4413 4768 4622 4233 4462 4383 4384 4368 4554 4682 4588 4437 4561 4945 4391 4363 4392 4718 4149 4660 4570 4016 4367 4239 4523 4526 4591 4112 
