3877 3972 4352 4056 4002 4373 4046 3729 4169 3977 4139 4002 4010 4331 3895 3918 4132 4526 4177 4035 4029 4210 3809 4227 4196 3957 3914 3936 3915 3909 4036 3878 
3891 4276 4215 3970 4215 4218 4122 3747 3957 3858 4206 3790 3957 4203 3892 3691 4134 4195 4077 3951 3871 4427 3702 4036 3998 3911 3850 3925 3628 4160 4253 3876 
3876 4448 4340 4055 4126 4342 4146 3958 4073 4392 4133 4039 4214 4281 3901 3957 4193 4162 4240 4136 3994 4435 3884 4082 4241 3990 4100 4066 4295 4391 4290 3808 
3461 3985 3751 3898 3647 3873 3592 3376 3726 3677 3984 3718 3750 3911 3584 3535 3553 3983 4159 3786 3712 4039 3549 3894 4068 3355 3612 3675 4010 3757 3953 3626 
3850 4088 4099 4411 4181 4218 4144 3861 4101 4059 4461 4127 4052 4368 3888 3774 4071 4287 4319 3948 4085 4357 3828 4318 4178 3975 4178 4141 4028 4116 4385 3943 
3437 4025 3935 4041 3700 3824 3778 3537 3685 3730 4074 3938 3740 3912 3796 3515 3632 3766 3853 3759 3807 3980 3494 3752 3760 3674 3707 3478 3690 3875 3944 3482 
3225 3884 3832 3746 3852 3737 3614 3283 3694 3557 3669 3756 3830 3729 3686 3324 3840 3786 3806 3709 3759 3764 3462 3853 3813 3754 3422 3629 3733 3738 3811 3497 
3474 3934 3839 3996 3888 3979 3953 3627 3907 3751 4167 3890 3777 4097 3659 3805 4050 3934 4093 3974 3967 4246 3667 4083 4025 3745 3739 3855 3839 3905 3933 3686 
3576 3865 3927 3779 3878 3938 3813 3301 3842 3798 3896 3807 3873 4226 3646 3531 3775 4060 3775 3732 3820 4257 3330 3798 4294 3626 3699 3725 3696 3960 4015 3586 
3337 3851 3607 3674 3611 3730 3734 3304 3606 3500 3551 3825 3624 4068 3623 3322 3641 3779 3692 3561 3669 3790 3329 3753 3802 3590 3548 3446 3390 3835 3537 3432 
3451 4095 3873 4055 3959 4120 3966 3758 3711 4091 4277 3891 3818 4232 3863 3700 3889 3788 3875 3924 3792 4028 3666 3917 4100 3838 3678 3534 3952 4065 4142 3718 
3621 3761 3878 4027 4002 4075 3912 3467 3931 3814 4093 3810 3706 3800 3687 3696 3920 3852 3964 3827 3785 4181 3591 3852 4038 3678 3872 3791 3789 3800 3908 3572 
3486 4166 4093 3771 4020 3953 3741 3585 3714 3876 4041 3859 3759 4152 3863 3685 3840 4067 3991 4180 3857 4313 3727 4021 4082 3508 3801 3795 4015 4041 4111 3691 
3790 4319 4231 3970 3979 4025 3982 3768 3949 3920 4223 3877 3997 4039 3977 3677 4233 4068 3985 4075 4134 4281 3557 4114 4192 3848 3556 3831 3765 3988 4364 3741 
3263 3742 3600 3680 3561 3836 3410 3362 3549 3511 3474 3590 3504 3683 3606 3255 3480 3776 3797 3420 3457 3752 3188 3656 3715 3389 3378 3526 3480 3289 3685 3193 
3205 3464 3703 3752 3476 3774 3625 3366 3675 3657 3787 3679 3523 3748 3421 3404 3642 3595 3827 3710 3531 3840 3518 3604 3511 3345 3431 3671 3709 3898 3761 3382 
3457 3736 3662 3818 3736 3763 3702 3402 3546 3543 3820 3792 3546 3880 3866 3491 3797 3951 3708 3756 3888 3753 3506 3881 3660 3651 3434 3722 3879 3931 3970 3554 
3313 3936 3837 4115 3556 3869 3697 3530 3775 3752 3930 3806 3680 4100 3457 3432 3888 3781 3999 3683 3685 3983 3770 3755 3826 3592 3544 3773 3723 4079 3907 3527 
3377 3609 3614 3885 3718 3931 3537 3649 3552 3579 3657 3842 3747 3836 3635 3647 3584 3699 4033 3633 3798 3841 3387 3790 3944 3500 3686 3730 3619 3571 3814 3426 
3671 3920 4051 4122 4163 4033 3850 3661 3889 3933 3897 3985 3783 4079 3845 3876 4017 4194 4155 3925 3815 4058 3752 4195 4180 3815 3893 3845 4028 3877 4080 3787 
3260 3820 3898 3607 3841 3934 3821 3670 3724 3728 3759 3797 3652 4125 3592 3188 4068 3892 3782 3547 3660 3936 3427 3824 3941 3592 3425 3642 3532 3688 3832 3590 
3609 4174 4059 3957 4068 4049 4080 3651 3867 4011 4118 4009 4020 4073 3781 3579 4099 3877 3975 3764 3786 4118 3655 4062 4275 3889 3763 3841 3887 4033 3919 3936 
3565 4015 4063 4143 3953 4166 4049 3752 3838 3846 3968 3750 3829 4278 3894 3826 4070 4169 4090 3739 4008 4358 3631 4044 4040 3739 3695 4057 3679 4211 4136 3708 
3493 4155 4027 3921 3843 3902 3784 3522 4002 3616 4051 3841 3935 4017 3809 3461 3898 3900 4125 3903 3854 3829 3639 3746 3787 3528 3629 3916 3825 3769 3989 3757 
3153 3430 3385 3636 3619 3477 3494 3137 3525 3642 3694 3520 3433 3514 3428 3315 3564 3772 3789 3558 3520 3515 3365 3582 3719 3394 3229 3396 3452 3624 3590 3279 
3555 3838 3921 3707 3814 3782 3631 3553 3705 3786 3920 3769 3504 3818 3525 3158 3637 3690 3847 3647 3628 3983 3488 3525 3831 3594 3426 3251 3559 3873 3673 3563 
3614 4045 3920 4042 4098 4203 3854 3671 4087 3994 4191 4106 4006 4333 4083 3851 4261 4232 4067 3793 3976 4398 3647 4232 4191 3809 4123 4042 3908 4034 4319 3659 
3671 4136 4062 4069 4014 4195 3880 3843 3893 3936 4422 4193 4015 4095 3892 3752 4065 4264 4229 3858 4024 4223 3566 3996 3879 3888 3713 4117 4047 3991 4089 3669 
3702 3848 4001 4075 4037 4103 4170 3553 3943 3744 4066 4082 3935 4247 4228 3774 3924 4051 4310 3768 4182 4167 3728 3889 4052 3758 3865 3870 4003 4139 4108 3755 
3700 4142 4118 3851 3888 4057 3943 3605 3727 3784 3894 4003 3774 4101 3857 3750 3904 4166 4185 3777 4042 4245 3662 4092 4201 3781 3673 3726 3906 4120 4011 3714 
3486 4223 4251 3987 3983 3946 3928 3590 4070 4169 4357 4191 4010 4288 4234 3635 4013 4396 4088 4280 4125 4513 3911 4117 4092 3554 3855 3963 4176 4364 4138 3962 
3649 3879 3789 3860 3653 3924 3833 3599 3741 3692 3807 3783 3941 3887 3764 3653 3712 4135 3893 3519 3765 3903 3451 3946 3731 3349 3621 3624 3766 3776 3907 3396 
