2501 2896 2897 2895 2856 3070 2786 2418 2974 2875 3024 2815 2670 3065 2767 2785 2955 3022 2884 2934 2744 3072 2830 2808 2930 2929 2875 2541 2718 2672 3013 2656 
2442 2910 2609 2653 2893 2889 2633 2456 2739 2664 2961 2425 2591 2948 2556 2544 2919 2680 2666 2709 2551 3224 2597 2482 2693 2726 2591 2614 2494 2838 3095 2502 
2435 3096 2729 2783 2898 2935 2697 2610 2829 2953 2931 2658 2691 2975 2605 2747 2949 2710 2865 2871 2622 3125 2748 2597 2811 2825 2798 2693 2808 2818 3022 2546 
2072 2737 2338 2649 2478 2525 2282 2150 2551 2476 2872 2475 2431 2640 2436 2452 2400 2526 2870 2575 2412 2809 2506 2330 2691 2252 2387 2377 2612 2427 2819 2254 
2454 2720 2525 3075 2830 2851 2591 2469 2832 2778 3174 2626 2603 2818 2486 2559 2767 2720 2978 2711 2656 3027 2739 2785 2807 2714 2907 2626 2763 2744 3153 2460 
2362 2846 2750 2966 2732 2702 2481 2412 2737 2633 2914 2668 2586 2738 2748 2545 2785 2558 2758 2696 2676 2966 2725 2516 2681 2635 2664 2491 2655 2691 2991 2404 
2033 2710 2476 2600 2693 2524 2299 2142 2570 2358 2596 2442 2432 2476 2443 2254 2603 2469 2556 2519 2528 2708 2516 2491 2615 2622 2264 2352 2497 2457 2619 2283 
2283 2761 2392 2825 2738 2765 2590 2305 2761 2660 2925 2573 2460 2743 2544 2806 2816 2576 2872 2793 2693 3111 2545 2618 2701 2630 2516 2569 2769 2554 2840 2314 
2146 2636 2265 2553 2415 2547 2405 1955 2601 2403 2657 2411 2404 2777 2335 2349 2605 2477 2501 2428 2407 2911 2293 2232 2769 2478 2422 2354 2384 2585 2869 2131 
1901 2486 2057 2438 2289 2434 2273 1895 2261 2144 2304 2322 2167 2621 2298 2241 2499 2375 2334 2243 2344 2583 2338 2233 2456 2353 2253 2125 2105 2343 2440 2072 
2271 2879 2446 2863 2822 2763 2547 2330 2705 2744 2886 2507 2410 2884 2624 2534 2739 2418 2543 2619 2572 2867 2556 2437 2770 2653 2476 2286 2617 2739 2948 2364 
2345 2644 2525 2865 2810 2790 2599 2239 2750 2668 3048 2625 2405 2811 2624 2604 2775 2626 2668 2716 2621 3014 2549 2488 2816 2592 2676 2441 2597 2588 2860 2364 
2102 2905 2624 2586 2689 2548 2412 2272 2661 2434 2734 2508 2311 2809 2516 2535 2713 2569 2658 2841 2496 3021 2547 2483 2637 2390 2528 2463 2662 2573 2935 2247 
2535 3033 2800 2834 2855 2907 2647 2513 2863 2780 3111 2522 2689 2801 2740 2620 3113 2633 2747 2918 2766 3174 2624 2783 2936 2732 2564 2546 2868 2704 3261 2434 
1946 2443 2195 2561 2400 2508 2140 2053 2402 2286 2521 2267 2225 2393 2414 2261 2334 2397 2591 2342 2198 2612 2192 2308 2342 2345 2208 2269 2334 2117 2544 1942 
1936 2398 2284 2464 2279 2464 2268 2029 2461 2390 2614 2374 2063 2405 2242 2218 2551 2203 2498 2566 2296 2653 2489 2175 2291 2211 2210 2276 2443 2512 2608 2130 
2134 2522 2289 2605 2604 2523 2321 2102 2475 2384 2683 2536 2228 2552 2470 2398 2624 2607 2472 2548 2552 2632 2399 2422 2447 2489 2304 2327 2482 2574 2761 2246 
2208 2730 2477 2941 2470 2718 2552 2302 2733 2646 2846 2658 2410 2768 2361 2521 2828 2530 2838 2634 2520 2897 2802 2556 2624 2578 2504 2526 2604 2803 2869 2334 
2078 2387 2186 2677 2447 2583 2171 2191 2322 2264 2440 2522 2319 2623 2311 2383 2465 2265 2725 2412 2386 2605 2332 2303 2520 2385 2454 2300 2284 2235 2688 2044 
2214 2830 2498 2836 2813 2744 2385 2455 2660 2638 2755 2540 2247 2719 2573 2655 2810 2741 2773 2684 2578 2824 2692 2694 2811 2641 2572 2506 2676 2586 2871 2431 
1892 2386 2260 2374 2480 2440 2389 2222 2540 2350 2496 2294 2185 2653 2254 2198 2710 2401 2336 2283 2147 2592 2304 2282 2508 2274 2163 2282 2225 2271 2538 2159 
2249 2865 2548 2718 2697 2691 2579 2358 2713 2666 2870 2549 2633 2633 2432 2472 2948 2491 2622 2598 2522 2759 2527 2408 2804 2711 2444 2535 2559 2641 2864 2486 
2209 2801 2451 2771 2520 2756 2526 2384 2618 2670 2718 2455 2403 2781 2557 2611 2812 2647 2735 2529 2576 3045 2573 2453 2675 2519 2446 2525 2423 2803 2840 2255 
2228 2895 2541 2835 2681 2622 2533 2378 2844 2584 2979 2595 2594 2756 2686 2471 2794 2558 2820 2780 2649 2702 2593 2500 2668 2475 2466 2650 2691 2514 2927 2448 
2052 2526 2243 2671 2491 2511 2331 2085 2477 2593 2746 2514 2374 2464 2354 2380 2543 2497 2768 2538 2564 2727 2391 2369 2597 2434 2257 2472 2461 2628 2622 2154 
2225 2602 2394 2577 2583 2566 2288 2157 2565 2553 2751 2465 2188 2430 2359 2143 2506 2300 2493 2454 2305 2669 2419 2198 2611 2428 2283 1980 2425 2501 2610 2185 
2352 2697 2501 2720 2728 2757 2463 2299 2894 2578 2847 2598 2454 2902 2678 2607 2956 2729 2670 2616 2604 3090 2645 2740 2804 2532 2791 2485 2528 2664 3054 2251 
2374 2959 2598 2889 2912 2950 2510 2471 2762 2772 3202 2868 2570 2856 2582 2543 2817 2766 2800 2698 2689 3116 2494 2540 2701 2726 2624 2684 2792 2718 2948 2335 
2142 2470 2394 2767 2661 2672 2606 2226 2696 2497 2841 2676 2452 2845 2704 2576 2653 2551 2909 2517 2706 2822 2571 2374 2823 2604 2576 2502 2618 2681 2826 2334 
2227 2751 2437 2592 2561 2549 2509 2217 2451 2500 2617 2567 2367 2678 2425 2406 2632 2523 2672 2510 2540 2906 2526 2527 2747 2593 2374 2253 2557 2655 2748 2244 
2081 2961 2692 2852 2745 2684 2519 2331 2789 2781 3089 2752 2481 2872 2821 2482 2791 2861 2772 3033 2812 3321 2791 2656 2681 2397 2673 2630 2852 2842 2955 2561 
2123 2523 2322 2589 2541 2529 2223 2227 2472 2334 2575 2384 2372 2582 2358 2355 2369 2485 2422 2242 2377 2699 2364 2377 2378 2332 2405 2204 2328 2342 2633 2012 
