4163 4195 3861 3933 3714 3642 4312 4044 4065 4070 4034 3764 4160 4273 3900 4051 3910 3738 3759 4411 4086 3866 4062 4140 3860 4087 4203 4261 3895 4015 3859 4059 
3970 3541 3828 3396 3474 3514 4277 3867 3821 4017 3705 3835 4181 3930 3464 3917 3787 3561 3813 3783 4093 3785 3806 3850 3712 4074 4022 3710 3860 3986 3671 3798 
4029 3866 3912 3813 3723 3654 4191 4158 4108 4026 3943 3820 4169 4378 3474 4012 3851 3735 4101 3961 4098 3947 3900 4062 3699 4096 4256 4084 3831 3932 3850 4114 
4059 3698 3706 3463 3392 3488 4031 3911 3962 3723 3701 3805 3895 3869 3669 3874 3422 3529 3566 3925 3724 3704 3892 3895 3742 3702 4205 3860 3835 3834 3628 3932 
4389 4094 3937 3976 3664 3874 4512 4083 4319 4367 4201 4198 4295 4262 3940 4042 4069 3830 4180 4172 4284 3984 4079 4232 4037 4022 4289 4237 3970 4240 4081 4293 
4064 3784 3870 3687 3478 3559 4261 3762 4169 3993 3909 3828 3814 4086 3466 3936 3584 3595 3863 4145 4064 3595 3840 4177 3783 4018 4104 4056 3839 4215 3732 4053 
3906 3483 3710 3403 3419 3397 3900 3680 3611 3616 3792 3755 3964 3855 3467 3761 3601 3576 3588 3835 4027 3733 3592 3722 3719 3784 3768 3787 3767 3796 3394 3553 
4153 4070 4070 3757 3614 3560 4370 4265 3939 3969 4205 4139 4258 4280 3834 4142 3908 4171 3918 4314 4243 4074 3756 4061 4030 3991 4321 4362 3985 4324 3958 4089 
3939 3685 3862 3493 3500 3365 4191 3877 3740 3768 3738 3894 3983 3970 3598 3656 3562 3564 3477 3678 3786 3674 3519 3731 3649 3640 3965 3829 3610 3968 3453 3622 
3981 3903 3635 3543 3387 3393 4056 3674 3889 3988 3827 3589 3880 3803 3373 3754 3552 3354 3526 3879 3680 3628 3709 3757 3856 3586 4062 3784 3768 3960 3659 3627 
4222 3953 4081 3589 3489 3609 4294 3970 4041 4211 3908 3622 4198 3940 3602 3885 3744 3480 3690 4209 3809 3976 3692 4031 3860 3882 3962 4047 3889 4090 3534 3853 
4066 3927 3983 3692 3599 3713 4238 4167 4062 4160 3788 3903 4238 4083 3767 3912 3870 3697 3822 4153 3866 3968 3908 3904 3992 4137 4265 4136 4062 4114 3842 3983 
3852 3663 3698 3526 3375 3652 4254 3603 3773 3935 3825 3715 3992 4014 3674 3762 3742 3478 3667 3732 3953 3784 3836 4011 3720 3770 4090 3867 3678 3930 3642 3824 
4303 3826 3879 3878 3675 3629 4262 4055 3869 4150 4209 4230 4164 4165 3837 4111 4073 3847 3872 4231 4351 4112 3899 4216 3971 3824 4316 3944 4114 4403 3819 4074 
3841 3543 3826 3560 3461 3441 4061 4050 3524 3696 3931 3754 3742 3870 3336 3932 3735 3580 3814 3986 3756 3819 3599 3860 3688 3646 4085 3910 3725 3918 3690 3573 
3844 3722 3584 3487 3232 3363 4049 3546 3828 3649 3824 3710 3904 3828 3277 3719 3709 3393 3572 3947 3685 3571 3513 3697 3471 3681 3896 3782 3589 3815 3427 3747 
4078 3779 3757 3459 3469 3491 4167 3851 3857 3924 3697 3893 4017 4171 3441 3717 3672 3490 3756 4008 3913 3953 3786 3973 3539 3972 3960 3885 3711 4085 3837 3986 
3971 3744 3812 3789 3569 3608 4100 3820 3939 3902 3940 3757 3972 3965 3574 4061 3681 3526 3879 3964 3869 3751 3703 3991 3669 3932 3933 3854 3574 3982 3703 4014 
4222 3798 3870 3629 3500 3591 4063 3927 3811 3978 4033 4005 4012 4049 3810 3942 3679 3715 3907 3870 3944 4041 3842 4030 3861 3934 3843 4092 3735 4159 3756 3894 
4039 3651 3906 3784 3443 3609 4280 4023 3923 4041 3727 3943 4044 4142 3543 3929 3709 3637 3895 4153 3987 3931 3830 4059 3615 3877 3953 3817 3816 4208 4002 3922 
4206 4078 4075 3825 3755 3739 4287 4228 3956 4201 3976 4107 4309 4333 3696 4071 4128 3786 4087 4285 4288 4145 4100 4155 4043 4110 4406 4154 3967 4335 3869 4280 
4054 3921 4031 3706 3663 3744 4182 4120 3859 3840 3781 3857 4281 4029 3726 4017 3835 3462 3881 4092 4074 3754 3935 3940 3808 3947 4005 3913 3693 4178 3691 4063 
4256 3842 4161 3809 3731 3589 4407 4328 3769 3918 4168 3959 4220 4126 3477 4136 4071 3509 3881 4352 4149 4226 4162 3843 4095 4017 3970 4410 4232 4218 4134 4110 
3795 3906 3941 3591 3541 3709 4164 4123 3812 3851 3788 3824 3998 4111 3575 3911 3871 3593 3896 4000 4038 3929 3849 4040 3688 4039 3973 3830 3841 4150 3837 3953 
3630 3625 3545 3530 3235 3354 3862 3695 3480 3687 3711 3675 3953 3726 3421 3620 3432 3424 3560 3858 3966 3783 3589 4004 3487 3741 3901 3758 3678 3916 3469 3516 
3948 3475 3721 3458 3461 3482 4063 3745 3652 3635 3495 3512 3848 3944 3565 3595 3323 3452 3613 3661 3735 3745 3518 3746 3649 3688 3900 3729 3514 4074 3429 3727 
4241 3894 4135 4016 3617 3843 4567 4327 4099 4196 4252 4278 4555 4143 3607 4169 4149 3909 3936 4386 4420 3949 3946 4277 3911 4420 4389 4237 4180 4315 3916 4059 
4453 3701 3987 3593 3601 3547 4340 4188 4019 3805 4060 3830 4214 3878 3717 3918 3978 3770 3877 3867 4295 3898 3833 4020 3832 4128 4189 3924 3900 4344 3880 3985 
4305 3900 3949 3691 3677 3604 4370 3926 4110 4250 4075 3943 4175 4269 3557 4246 3760 3759 4053 4226 3924 4010 4083 4060 3996 4096 4464 4140 4001 4162 3851 4007 
4128 3748 3994 3659 3443 3715 4330 3987 4083 4178 3802 3978 4014 4135 3709 4087 3799 3691 3834 4197 4062 4068 3859 4095 3612 3993 4307 4015 4113 4306 3793 3926 
4282 4151 4218 3982 3915 3970 4447 4344 4273 4163 4177 4041 4378 4476 3865 4254 4088 3983 4042 4547 4298 4013 4316 4382 3811 4228 4574 4256 4069 4305 3884 4297 
4028 3712 3879 3813 3625 3709 4275 4039 4016 4182 3881 3808 4172 4004 3509 3791 3839 3736 3900 4096 3883 3981 3818 3895 3736 4099 3987 3947 3834 4318 3939 3954 
