5789 5670 4886 5062 4999 5254 5599 5442 5292 5370 5500 5218 5490 5796 5319 5556 5158 4975 5070 5858 5555 5352 5390 5448 5405 5339 5664 5629 5209 5442 5159 5581 
5433 4803 4906 4584 4812 5087 5698 5180 5145 5383 5116 5195 5531 5381 4869 5214 5059 4794 5138 5091 5476 5191 5056 5076 5260 5287 5415 5025 5033 5344 4939 5183 
5594 5373 5078 5069 5222 5258 5538 5532 5501 5527 5426 5254 5728 5920 5076 5459 5131 4892 5558 5508 5483 5449 5288 5504 5307 5501 5752 5512 5121 5468 5281 5618 
5616 5104 4712 4777 4737 5006 5461 5281 5224 5012 5246 5107 5271 5270 5067 5291 4663 4779 4819 5281 5170 5165 5100 5182 5390 5036 5646 5170 5077 5269 5007 5386 
5728 5223 4752 5070 4982 5183 5618 5307 5384 5535 5402 5427 5593 5605 5175 5348 5172 4756 5434 5374 5621 5120 5271 5366 5446 5206 5646 5465 4964 5481 5165 5533 
5586 5001 4802 4795 4735 4852 5452 5031 5353 5232 5190 5045 4948 5379 4586 5261 4748 4637 5032 5434 5262 4897 5020 5336 5161 5140 5449 5283 4832 5441 4911 5491 
5505 4928 4804 4723 4770 4923 5353 5099 4960 5020 5270 5295 5441 5437 4938 5029 4870 4820 4954 5296 5443 5398 4808 5094 5405 5022 5223 5180 5036 5163 4719 5111 
5705 5517 5038 5098 4984 5057 5734 5644 5276 5336 5799 5541 5736 5680 5188 5604 5186 5269 5206 5758 5548 5543 5080 5359 5780 5317 5715 5659 5120 5696 5253 5489 
5662 5209 5033 4875 4999 4975 5670 5162 5029 5120 5125 5328 5414 5427 4990 4997 4822 4692 4870 5106 5114 5188 4818 5120 5322 5109 5431 5242 4924 5402 4941 5158 
5470 5272 4495 4666 4657 4809 5249 4942 4969 5257 5115 4797 5108 5116 4586 5071 4700 4466 4784 5044 4956 4958 4929 4949 5267 4764 5273 5091 4916 5235 4816 4973 
5904 5478 5034 4950 4876 5303 5606 5306 5255 5496 5393 5065 5533 5450 4924 5220 4979 4548 5013 5529 5123 5519 4956 5337 5417 5270 5387 5447 5078 5517 4894 5403 
5459 5031 4852 4852 4775 5013 5464 5250 5154 5340 5116 4950 5563 5256 5014 5182 5058 4752 5035 5372 5028 5168 5057 5008 5390 5265 5482 5344 5088 5216 5049 5237 
5267 4922 4646 4590 4687 5052 5543 4914 4978 5170 5201 5085 5317 5420 4905 5230 4953 4569 4975 5186 5220 5139 5090 5242 5271 5081 5500 5101 4620 5241 4846 5266 
5540 4906 4651 4905 4783 4873 5453 5171 4883 5294 5424 5386 5326 5366 4983 5209 5151 4861 4941 5452 5537 5292 5001 5281 5273 5045 5529 5053 5056 5507 4941 5266 
5177 4703 4599 4486 4583 4697 5281 5264 4643 4858 5244 4969 5022 5245 4555 5199 4834 4559 4953 5131 5174 4917 4630 4988 5013 4793 5303 5087 4745 5155 4788 4835 
5287 5025 4564 4642 4510 4812 5375 4717 5067 4871 5206 5005 5242 5171 4642 4978 4956 4444 4863 5169 5011 4881 4708 4881 4968 4897 5094 4965 4726 5208 4730 5054 
5591 4979 4805 4451 4670 4941 5292 4885 4901 5121 4929 5055 5302 5406 4651 4875 4842 4487 4868 5073 5101 5294 4986 5206 4931 5136 5168 5080 4821 5280 5004 5264 
5504 5036 4752 4976 4936 5023 5402 5088 5153 5111 5234 5098 5238 5350 4873 5283 4899 4579 5121 5104 5248 5131 4773 5122 5149 5180 5270 5080 4644 5266 4929 5345 
5420 4758 4622 4706 4505 4618 5128 5013 4735 4942 5213 5079 4990 5276 4831 5102 4606 4497 4953 4877 5096 5073 4896 5023 5056 4996 4968 5146 4628 5334 4679 5026 
5666 5018 4972 5069 4873 5138 5750 5400 5198 5324 5220 5384 5533 5659 5020 5257 5023 4761 5259 5456 5465 5418 5073 5419 5328 5242 5254 5205 5111 5697 5314 5394 
5571 5202 4972 4815 4909 5076 5467 5524 5098 5386 5183 5379 5519 5485 4967 5218 5260 4980 5217 5558 5547 5366 5059 5278 5257 5236 5643 5156 4981 5532 5021 5673 
5520 5321 4991 4965 4969 5272 5480 5619 5148 5139 5368 5287 5650 5604 5132 5377 5085 4587 5248 5393 5404 5145 5198 5215 5388 5125 5395 5297 4969 5527 4936 5561 
5736 5158 5134 4940 4987 4896 5711 5593 4866 5073 5459 5300 5533 5447 4811 5480 5289 4648 5141 5691 5574 5538 5374 5044 5589 5290 5234 5579 5384 5508 5461 5462 
5208 5090 4922 4778 4869 5161 5394 5382 4986 5084 5196 5043 5400 5320 4954 5213 5143 4726 5063 5220 5314 5273 4991 5280 5212 5362 5308 4972 4837 5413 5055 5244 
5156 4970 4507 4640 4485 4795 5148 5007 4609 4883 5002 4993 5155 4986 4775 4888 4585 4615 4781 5120 5354 5196 4837 5289 4949 4993 5193 4935 4830 5213 4759 4795 
5269 4697 4592 4595 4513 4844 5301 4976 4690 4824 4820 4756 5153 5176 4801 4817 4435 4456 4836 4957 4882 5013 4692 4916 5048 4884 5060 4976 4551 5222 4554 4991 
5634 5080 4954 5014 4757 5012 5695 5332 5284 5325 5305 5497 5749 5488 4740 5264 5236 4852 5038 5560 5731 5153 5083 5296 5236 5555 5624 5318 5176 5546 4971 5383 
6064 5085 5083 4855 4837 5023 5718 5457 5286 5030 5426 5132 5541 5330 5062 5184 5082 4721 5060 5094 5672 5278 5038 5271 5391 5489 5565 5259 5007 5719 5186 5408 
5876 5207 4956 4870 5022 5010 5690 5198 5261 5275 5438 5155 5414 5560 4949 5534 4964 4883 5323 5394 5156 5307 5212 5222 5484 5314 5749 5389 5085 5594 5147 5425 
5615 5077 5013 4922 4649 5106 5686 5193 5252 5408 5142 5235 5388 5427 5096 5338 4899 4692 4996 5494 5460 5334 5097 5269 5190 5367 5614 5293 5175 5626 5177 5292 
5979 5652 5295 5211 5403 5622 6061 5788 5710 5578 5704 5610 5832 6118 5323 5673 5537 5161 5435 5924 5887 5611 5604 5786 5518 5650 6034 5701 5304 5817 5256 5816 
5447 5009 4819 4970 4842 5038 5468 5314 5207 5526 5142 5066 5532 5260 4912 5089 5054 4696 5089 5354 5222 5342 5031 5138 5180 5380 5259 5206 4956 5583 5086 5213 
