790 696 713 683 594 512 628 589 697 674 762 810 651 822 667 865 666 655 689 759 621 550 580 850 623 530 679 721 788 554 691 683 
805 646 806 644 764 584 669 650 640 765 766 858 715 868 648 822 685 667 687 686 703 702 723 891 819 541 784 725 837 774 778 741 
779 598 810 617 736 553 542 718 635 690 747 789 661 823 587 873 723 748 797 668 725 657 677 857 752 606 729 742 776 612 690 767 
748 568 624 514 509 461 444 537 503 511 626 680 545 562 403 765 572 510 518 589 455 561 548 700 523 461 616 623 638 496 550 645 
640 523 590 496 426 440 507 506 602 579 590 682 540 682 545 694 545 577 603 474 472 450 410 705 545 433 526 594 637 501 610 526 
730 689 833 679 766 511 685 666 661 742 731 800 719 821 531 840 667 658 640 766 719 650 761 922 769 638 776 719 859 721 716 766 
767 609 806 583 745 599 600 596 640 721 678 841 636 760 634 840 651 684 718 719 704 704 715 918 697 546 728 796 830 562 667 715 
715 623 733 612 560 506 672 703 586 608 747 831 683 832 575 892 716 782 613 622 665 598 543 765 658 560 778 714 755 685 683 768 
712 583 594 484 565 406 490 475 488 618 673 727 536 693 497 731 534 607 573 598 470 585 514 791 625 490 595 571 639 614 576 631 
650 626 610 531 623 409 544 519 533 606 589 681 496 712 438 621 540 465 558 632 555 592 498 708 746 504 556 593 685 585 622 529 
703 520 672 583 571 490 569 678 585 607 666 672 592 681 540 792 579 484 573 569 528 552 554 695 621 516 629 576 725 591 645 561 
562 442 571 474 587 445 456 469 499 622 528 595 515 591 460 560 425 472 489 495 435 418 505 687 635 458 535 493 723 595 526 484 
737 602 679 539 631 470 631 541 504 578 622 800 648 737 526 764 675 648 599 563 614 597 622 763 690 497 712 638 686 658 685 745 
977 810 978 889 886 694 821 841 794 917 961 1017 938 1044 736 1073 933 885 818 904 803 802 852 1070 916 724 1019 828 1080 928 871 915 
620 516 729 561 621 480 477 562 547 600 684 638 564 734 464 719 605 560 671 575 568 540 523 724 701 499 696 642 713 556 592 547 
711 644 691 650 605 435 614 577 560 573 712 787 641 757 432 752 662 630 566 606 551 513 510 752 684 545 737 607 729 636 638 679 
677 506 523 428 541 413 456 469 443 560 546 720 507 643 536 684 538 562 569 418 435 534 533 703 544 444 509 508 537 534 600 649 
730 564 752 613 691 539 566 646 668 710 695 757 608 748 558 815 616 585 615 648 561 592 623 852 667 526 676 694 792 612 740 666 
655 609 608 504 573 504 513 434 468 618 682 724 532 714 573 688 613 674 643 508 550 612 484 745 673 471 648 681 583 556 541 604 
667 501 710 562 598 450 549 550 583 608 558 716 603 726 522 731 572 546 640 575 549 578 633 735 650 477 585 569 676 582 694 596 
671 640 759 590 685 503 573 641 493 656 723 780 654 750 533 699 717 661 602 650 678 629 629 808 742 579 733 702 738 668 559 719 
735 542 713 581 704 509 550 680 597 637 701 776 635 697 528 798 641 600 634 642 623 630 657 803 706 587 692 645 744 596 625 739 
749 623 756 559 645 558 482 618 559 605 747 767 635 679 543 787 628 549 625 703 662 708 678 786 754 554 673 719 702 616 619 656 
714 693 769 618 723 498 614 690 596 720 729 786 727 783 593 838 769 642 675 613 705 613 745 852 658 566 830 721 765 573 699 782 
748 636 714 549 636 551 487 546 515 631 789 785 670 760 574 807 734 703 655 514 652 672 614 804 723 590 798 672 719 652 638 694 
569 444 552 448 528 372 478 434 461 555 559 638 502 586 474 598 471 509 450 425 459 532 478 630 558 424 518 513 516 545 550 528 
766 684 798 709 693 603 671 677 658 675 733 896 674 779 561 812 734 737 672 778 668 652 592 891 785 616 763 773 851 680 644 750 
688 542 654 456 559 484 521 522 521 596 568 673 546 649 594 713 554 589 578 512 559 549 591 724 631 550 633 599 690 528 587 582 
721 624 663 548 604 445 531 521 530 648 771 753 592 683 541 780 609 584 676 628 508 590 509 803 697 487 689 694 656 587 629 603 
778 660 692 584 648 490 609 592 635 663 659 782 571 769 503 845 575 653 597 829 625 634 656 907 674 531 696 594 841 615 690 713 
792 690 730 556 651 581 517 639 552 582 711 744 545 704 514 839 569 560 593 683 602 598 634 754 670 546 748 734 742 536 651 673 
740 595 695 573 592 560 445 547 580 691 651 769 593 728 527 725 701 613 623 602 572 670 611 851 681 549 592 680 757 632 663 702 
