2205 2188 1997 1966 1763 1871 2187 1920 2161 2241 2143 1937 2032 2308 1971 2350 1900 2032 2156 2436 2112 2045 2114 2302 1985 1913 2222 2105 2038 1926 2143 2171 
2157 1932 2085 1577 1682 1758 2158 1854 1972 2152 1980 2017 2059 2156 1792 2034 1844 1800 2006 2050 2073 1970 2114 2158 1945 1872 2153 1949 2025 1959 2038 1898 
2125 1987 2075 1692 1806 1728 1997 2050 2048 2076 1978 1916 2009 2294 1711 2065 1815 2003 2185 2140 2186 1980 2022 2241 1950 1864 2162 2006 1915 1860 2052 2188 
2094 1924 1849 1653 1534 1688 1931 1800 1980 1943 1961 1920 1789 1851 1805 2140 1640 1844 1876 2082 1850 1959 2042 2168 1817 1667 2193 2044 1930 1825 1885 2106 
2204 2023 1905 1809 1492 1794 2140 1772 2296 2175 2047 2119 2007 2119 1998 2177 1808 2018 2242 2011 2081 1995 2131 2210 2033 1718 2080 2097 2019 1840 2193 2241 
2205 1993 2087 1784 1774 1845 2227 1924 2248 2210 2127 2041 1887 2173 1688 2311 1820 1953 2202 2410 2176 1985 2261 2384 2077 2001 2258 2182 2209 2097 2131 2293 
1922 1718 1853 1608 1627 1603 1833 1659 1721 1812 1905 1901 1872 1897 1700 1995 1638 1823 1877 2040 2024 1928 1933 2092 1877 1679 1932 1934 1973 1658 1778 1787 
2073 2136 2114 1735 1663 1853 2209 2142 1966 1974 2306 2084 2035 2224 1804 2296 1953 2258 2001 2203 2091 2043 1879 2230 1928 1873 2206 2223 2028 2045 2178 2179 
1835 1813 1905 1435 1440 1472 1811 1649 1766 1881 1881 1895 1792 1817 1566 1830 1532 1724 1611 1849 1705 1757 1641 1926 1728 1587 1859 1856 1762 1717 1754 1697 
1982 1986 1833 1572 1538 1539 1845 1680 1841 1940 1894 1782 1745 1828 1531 1841 1573 1521 1749 1999 1727 1820 1750 1922 1930 1566 1892 1884 1918 1817 1902 1783 
2164 1912 2132 1627 1653 1685 2133 2045 2051 2088 2018 1912 1999 1981 1777 2075 1789 1628 1921 2115 1966 1946 1935 2085 1964 1689 2101 1927 1978 1961 1951 1928 
2220 2113 2121 1784 1730 1991 2247 1996 2174 2266 2111 2057 2102 2153 1892 2175 1826 2049 2094 2313 2049 2072 2153 2245 2143 2032 2341 2139 2159 2123 2154 2125 
2159 1904 1888 1566 1602 1705 2129 1729 1800 2021 1990 1965 1909 1934 1804 2047 1854 1850 1856 1941 1952 1936 2024 2148 1882 1838 2102 2004 1929 1972 2030 1895 
2360 2111 2208 1982 1851 1815 2191 2053 2066 2167 2343 2242 2211 2275 1954 2435 2093 2079 2144 2409 2246 2252 2209 2454 2168 1884 2329 2119 2320 2221 2129 2181 
1960 1694 1981 1611 1664 1610 1839 1866 1711 1798 2044 1811 1689 1867 1413 2076 1680 1784 1950 2040 1843 1849 1810 1931 1860 1643 2011 1976 1864 1807 1893 1881 
1879 1896 1881 1652 1445 1526 1944 1625 1850 1719 1966 1917 1798 1937 1506 1975 1717 1713 1820 1981 1854 1816 1724 2070 1723 1666 2029 1804 1816 1789 1813 1867 
2041 1857 1860 1548 1487 1655 1883 1700 1830 2058 1876 2053 1838 1986 1652 1944 1636 1690 1974 2005 1891 1997 1988 2102 1662 1677 1947 1890 1838 1860 1981 2085 
2203 1957 2096 1902 1798 1926 1947 1933 2151 2182 2186 2047 1957 2158 1808 2278 1817 1881 2097 2207 2023 2006 2052 2249 2005 1864 2174 2092 2071 1996 2108 2159 
2135 1889 1802 1537 1613 1694 1882 1692 1809 2005 2089 1983 1807 1981 1841 2051 1633 2038 1939 1977 1875 2088 1942 2030 1984 1780 1928 1955 1889 1913 2006 1927 
2092 1824 2022 1605 1535 1613 2036 1797 2033 2054 1930 1989 1854 2043 1640 2145 1663 1889 2120 2204 1972 2034 1921 2192 1850 1714 1979 1908 1947 1940 2121 1985 
2012 1966 1965 1613 1686 1621 1939 1933 1932 2037 1967 1908 1900 2145 1622 1944 1861 1821 2018 2170 2033 1935 2069 2085 2008 1691 2030 1993 1924 1854 1923 2113 
2033 1776 1945 1583 1635 1717 1767 1925 1771 1768 1853 1846 1884 1870 1597 1979 1752 1687 1863 2006 1934 1842 2035 1906 1861 1727 1975 1809 1921 1799 1857 1985 
2170 1923 2168 1772 1658 1738 2047 2083 1828 2084 2259 2050 2057 2018 1570 2206 1833 1742 2070 2285 2026 2108 2179 2028 1976 1857 2015 2171 2197 2089 2201 2032 
2054 2146 2160 1694 1724 1822 2098 2077 2049 2247 2193 2063 2024 2171 1807 2268 2008 1979 2069 2319 2183 2111 2237 2195 1914 1920 2255 2135 2063 2005 2054 2128 
1951 1970 1875 1665 1626 1664 1954 1782 1863 1971 2027 1978 1929 1997 1728 1997 1705 1893 1947 2011 2085 1971 1915 2162 1841 1827 2278 1944 1943 1939 1869 1904 
1941 1731 1743 1508 1517 1574 1892 1598 1870 1893 1782 1747 1753 1816 1614 1920 1445 1705 1856 1840 1826 1842 1734 1897 1839 1630 1876 1747 1660 1867 1635 1820 
2096 2036 2162 1923 1759 1973 2246 2091 2145 2145 2217 2267 2188 2203 1725 2231 2001 2120 2187 2430 2173 2104 2028 2393 2026 2002 2300 2237 2263 2040 2095 2150 
2398 1990 2159 1668 1730 1826 2167 2028 2036 1996 2181 2051 2127 2133 1936 2277 1927 2044 2193 2157 2161 2056 2110 2299 2110 1936 2282 2080 2185 2179 2154 2122 
2243 2101 2144 1660 1674 1707 2061 1760 2129 2155 2152 2068 1918 2140 1774 2232 1797 1919 2191 2208 1911 2085 2091 2167 2003 1815 2319 2158 1947 1990 2037 2106 
2033 1834 1867 1528 1475 1623 1902 1727 1909 1900 1833 1890 1736 1934 1633 2075 1625 1794 1954 2113 1920 1890 1894 2095 1699 1637 2077 1848 1982 1822 1839 1959 
2178 2205 2047 1810 1746 1916 2137 2030 2053 1999 2215 2040 1951 2218 1773 2364 1913 1954 2178 2451 2070 2039 2116 2347 1948 1911 2416 2171 2049 1989 1962 2141 
1868 1731 1784 1662 1578 1645 1799 1739 1893 2081 1884 1916 1780 1920 1512 1840 1658 1739 1859 2073 1846 1917 1844 1973 1742 1749 1911 1927 1905 1886 1949 1886 
