1594 1454 1363 1379 1166 1107 1389 1351 1324 1437 1464 1269 1463 1607 1376 1633 1241 1326 1417 1675 1359 1431 1439 1569 1290 1209 1457 1427 1406 1249 1521 1409 
1606 1370 1499 1126 1209 1141 1465 1368 1284 1475 1427 1427 1478 1533 1291 1512 1246 1214 1376 1471 1385 1440 1548 1509 1385 1186 1544 1374 1455 1437 1492 1316 
1482 1291 1437 1106 1208 976 1203 1317 1182 1305 1268 1260 1373 1534 1131 1454 1231 1272 1400 1389 1390 1312 1351 1448 1308 1181 1427 1286 1252 1273 1377 1333 
1562 1375 1324 1197 1106 1072 1248 1225 1291 1358 1353 1307 1349 1287 1251 1532 1126 1200 1298 1475 1274 1463 1481 1509 1240 1087 1558 1421 1298 1225 1308 1414 
1384 1293 1254 1109 886 970 1261 1121 1341 1359 1179 1263 1297 1383 1378 1315 1091 1209 1284 1248 1257 1260 1238 1399 1247 1013 1380 1281 1178 1087 1292 1251 
1465 1264 1384 1108 1145 970 1320 1279 1260 1387 1362 1249 1274 1356 1049 1463 1147 1196 1302 1526 1287 1279 1415 1549 1316 1214 1423 1354 1451 1361 1300 1319 
1418 1180 1327 1131 1209 953 1222 1105 1145 1232 1320 1370 1330 1280 1181 1397 1096 1186 1242 1424 1351 1337 1290 1412 1310 1058 1329 1409 1421 1186 1288 1200 
1447 1361 1337 1152 1028 987 1358 1393 1135 1154 1462 1310 1368 1431 1134 1544 1179 1405 1200 1373 1303 1302 1201 1407 1202 1103 1491 1332 1309 1353 1493 1387 
1391 1263 1271 1070 1016 930 1203 1123 1151 1227 1306 1307 1295 1239 1092 1314 1006 1108 1161 1313 1166 1263 1187 1307 1174 1066 1298 1269 1240 1155 1283 1171 
1435 1355 1277 1122 997 942 1245 1145 1128 1242 1342 1248 1277 1243 1025 1264 1049 977 1214 1442 1259 1293 1184 1357 1397 1042 1297 1274 1405 1240 1392 1171 
1555 1344 1461 1190 1075 1032 1440 1444 1253 1301 1440 1312 1449 1307 1278 1528 1226 1011 1294 1466 1320 1428 1384 1448 1371 1080 1441 1262 1443 1311 1393 1233 
1404 1344 1321 1116 1143 1118 1332 1335 1227 1412 1314 1224 1380 1355 1174 1331 1090 1169 1329 1466 1255 1316 1376 1430 1330 1232 1436 1302 1396 1371 1400 1223 
1660 1445 1395 1209 1141 1107 1517 1285 1155 1412 1440 1454 1488 1436 1297 1546 1286 1366 1301 1491 1420 1433 1464 1556 1392 1223 1560 1393 1388 1480 1569 1427 
1858 1600 1679 1515 1418 1178 1572 1566 1440 1610 1743 1686 1738 1723 1458 1804 1526 1504 1518 1832 1638 1702 1621 1856 1623 1351 1782 1493 1797 1695 1541 1573 
1204 1093 1258 1016 1088 875 1082 1169 962 1120 1315 1101 1093 1200 875 1301 1037 1022 1222 1281 1129 1207 1124 1198 1158 1019 1236 1271 1238 1176 1205 1055 
1341 1239 1205 1076 969 776 1219 1105 1061 999 1237 1166 1230 1232 861 1278 1077 1061 1124 1247 1112 1135 1080 1310 1121 938 1330 1082 1130 1161 1190 1148 
1357 1220 1137 945 942 905 1114 1075 1007 1278 1182 1288 1147 1197 1099 1259 979 1039 1218 1242 1175 1297 1240 1351 1086 964 1208 1155 1148 1131 1292 1309 
1431 1216 1303 1267 1134 1059 1205 1262 1273 1321 1363 1251 1345 1289 1194 1475 1082 1176 1270 1389 1229 1276 1262 1488 1293 1081 1426 1324 1364 1213 1369 1266 
1434 1329 1244 1013 1147 1039 1240 1117 1108 1338 1386 1290 1263 1343 1242 1411 1122 1329 1301 1365 1286 1442 1255 1392 1337 1099 1322 1384 1235 1286 1406 1222 
1565 1324 1489 1074 1093 1004 1385 1223 1360 1394 1300 1366 1373 1417 1183 1519 1093 1234 1479 1507 1294 1470 1390 1570 1300 1137 1373 1292 1321 1332 1512 1273 
1405 1359 1374 1099 1122 981 1293 1264 1147 1337 1375 1337 1343 1460 1252 1315 1275 1267 1321 1474 1359 1396 1380 1465 1397 1112 1500 1367 1310 1316 1297 1406 
1455 1186 1294 1138 1189 1013 1159 1357 1059 1139 1299 1271 1337 1268 1109 1367 1139 1067 1256 1350 1326 1329 1380 1351 1286 1180 1350 1186 1356 1175 1336 1310 
1549 1319 1524 1183 1125 1062 1349 1331 1134 1314 1525 1365 1455 1319 1080 1526 1205 1034 1317 1557 1322 1443 1464 1357 1414 1216 1390 1500 1455 1423 1439 1243 
1528 1440 1442 1169 1210 1057 1407 1397 1260 1465 1455 1427 1527 1463 1256 1546 1353 1274 1378 1535 1486 1436 1588 1585 1251 1249 1613 1429 1432 1299 1416 1437 
1494 1398 1356 1182 1164 1040 1257 1267 1210 1308 1514 1387 1397 1347 1199 1415 1171 1264 1334 1369 1473 1442 1320 1520 1335 1178 1633 1324 1361 1332 1323 1288 
1315 1035 1110 934 944 754 1118 959 1061 1154 1098 1108 1168 1090 991 1174 871 929 1070 1049 1048 1198 1088 1202 1140 969 1132 1094 1073 1160 1024 1012 
1483 1352 1522 1310 1249 1221 1433 1398 1324 1344 1419 1555 1519 1438 1188 1524 1285 1341 1359 1667 1411 1400 1345 1594 1426 1318 1535 1432 1527 1401 1408 1368 
1635 1301 1360 1108 1122 1005 1289 1338 1163 1231 1424 1283 1379 1380 1264 1486 1175 1268 1385 1407 1350 1375 1379 1474 1386 1204 1522 1325 1442 1436 1425 1285 
1542 1457 1451 1120 1171 958 1315 1227 1239 1391 1496 1375 1368 1473 1218 1530 1170 1236 1501 1532 1229 1495 1346 1507 1331 1096 1556 1467 1279 1365 1413 1351 
1476 1291 1259 1042 1023 932 1207 1170 1169 1190 1243 1236 1191 1297 1087 1444 1012 1127 1253 1469 1230 1293 1311 1461 1185 976 1379 1168 1305 1156 1279 1260 
1647 1525 1490 1209 1212 1143 1359 1396 1290 1349 1497 1371 1429 1558 1186 1619 1236 1283 1382 1664 1363 1395 1421 1603 1373 1235 1714 1479 1397 1390 1405 1427 
1364 1113 1184 1135 1063 1043 1076 1142 1155 1284 1313 1313 1266 1258 1088 1254 1192 1172 1181 1340 1217 1351 1252 1410 1244 1098 1259 1330 1383 1255 1308 1234 
