3588 3538 3226 3247 3016 3012 3620 3309 3479 3440 3343 3028 3384 3518 3178 3516 3269 3231 3229 3653 3346 3249 3511 3396 3234 3338 3589 3458 3290 3193 3301 3536 
3489 3104 3410 2856 2968 3050 3653 3287 3410 3442 3206 3221 3602 3377 3004 3468 3321 3096 3318 3273 3520 3210 3434 3331 3301 3473 3539 3091 3328 3349 3246 3332 
3555 3405 3456 3139 3126 3105 3593 3493 3653 3474 3297 3214 3560 3725 2928 3588 3291 3258 3495 3425 3475 3318 3457 3461 3236 3426 3701 3396 3282 3196 3307 3592 
3441 3245 3217 2912 2792 2930 3421 3180 3504 3171 3148 3098 3259 3162 3042 3507 2918 3016 3029 3316 3087 3107 3497 3265 3144 3058 3635 3230 3274 3094 3058 3373 
3749 3460 3336 3241 2910 3153 3779 3288 3642 3606 3437 3384 3497 3457 3196 3582 3338 3255 3480 3410 3456 3330 3550 3479 3380 3270 3604 3491 3356 3222 3479 3703 
3425 3155 3240 2983 2798 2919 3538 2978 3581 3331 3229 3064 3078 3242 2740 3416 2904 3032 3196 3413 3339 2894 3399 3431 3224 3206 3433 3184 3211 3315 3089 3441 
3298 2946 3172 2722 2789 2758 3235 2965 3060 2946 3129 2988 3235 3048 2743 3317 2964 3010 3000 3198 3281 3120 3065 3013 3097 3065 3179 3056 3167 2917 2812 3063 
3468 3425 3445 3025 2922 2902 3536 3400 3298 3190 3473 3206 3427 3382 3018 3562 3199 3501 3226 3443 3389 3270 3201 3264 3284 3201 3551 3523 3279 3368 3246 3476 
3314 3220 3327 2873 2865 2770 3586 3175 3215 3157 3175 3092 3289 3217 2890 3288 2944 3027 2964 3154 3100 3027 3006 3145 3106 3039 3354 3216 3041 3167 2971 3111 
3470 3383 3196 2898 2791 2822 3394 3032 3385 3271 3159 2979 3254 3210 2758 3330 2862 2823 2937 3256 3019 2966 3102 3150 3291 2997 3473 3144 3276 3178 3174 3150 
3619 3331 3502 3000 2883 2970 3674 3366 3450 3506 3268 2962 3451 3174 3026 3343 3127 2899 3137 3470 3115 3284 3198 3314 3242 3121 3378 3268 3197 3276 3022 3349 
3483 3285 3387 2976 2850 3053 3632 3434 3483 3514 3126 3228 3514 3301 3109 3467 3201 3176 3217 3504 3211 3295 3414 3251 3374 3429 3668 3375 3439 3241 3208 3401 
3454 3205 3238 2948 2883 3058 3711 3127 3222 3293 3242 3130 3437 3332 3097 3381 3198 3031 3091 3175 3375 3187 3407 3392 3214 3165 3600 3277 3193 3227 3181 3349 
3659 3294 3403 3181 3023 2944 3554 3385 3359 3340 3573 3373 3454 3388 3177 3675 3408 3215 3233 3561 3631 3389 3390 3591 3300 3163 3659 3321 3445 3517 3235 3520 
3225 2998 3283 2812 2837 2787 3326 3236 2976 2968 3250 2879 2954 3076 2617 3396 3092 2917 3104 3181 3000 3062 3083 3164 3033 2972 3394 3177 3053 3014 3033 3052 
3323 3201 3110 2896 2637 2795 3447 2970 3333 3073 3225 3045 3261 3242 2705 3344 3115 2921 3008 3279 3054 3091 3098 3157 2985 3078 3355 3143 3096 3023 2939 3268 
3446 3135 3137 2775 2782 2816 3415 3071 3180 3222 3026 3104 3239 3244 2735 3129 2989 2844 3078 3297 3144 3132 3258 3204 2949 3084 3290 3050 3025 3113 3181 3353 
3525 3226 3298 3112 2950 2984 3432 3169 3383 3305 3309 3098 3301 3243 2912 3592 3076 3014 3279 3372 3194 3175 3218 3318 3187 3229 3373 3240 3073 3213 3182 3494 
3648 3231 3310 2884 2821 2870 3342 3222 3193 3292 3364 3264 3315 3283 3101 3449 3053 3170 3258 3177 3196 3374 3254 3313 3258 3131 3271 3416 3135 3297 3206 3325 
3491 3183 3380 3020 2897 2977 3619 3385 3484 3362 3141 3194 3353 3417 2875 3476 3075 3062 3305 3489 3240 3287 3379 3435 3102 3196 3365 3185 3233 3395 3402 3324 
3523 3427 3443 3091 3013 2984 3467 3357 3342 3492 3249 3218 3472 3431 2895 3534 3387 3161 3349 3493 3454 3353 3502 3374 3389 3352 3678 3341 3338 3333 3144 3604 
3443 3277 3379 3049 2940 3088 3475 3363 3167 3142 3025 3076 3474 3172 2925 3474 3146 2881 3213 3301 3288 3110 3397 3144 3201 3127 3355 3040 3108 3215 3082 3430 
3671 3302 3580 3148 3089 3044 3688 3555 3251 3385 3556 3278 3534 3417 2797 3621 3455 2966 3311 3643 3421 3518 3643 3136 3504 3264 3405 3611 3596 3467 3544 3509 
3303 3362 3428 2874 2908 2996 3597 3464 3287 3290 3244 3104 3289 3288 2897 3488 3266 3116 3252 3351 3363 3282 3437 3314 3155 3327 3436 3242 3333 3324 3240 3357 
2993 3018 2967 2763 2598 2679 3131 2952 2877 2942 3019 2880 3154 2915 2726 3067 2778 2893 2878 3140 3188 3039 3006 3240 2902 3001 3269 2956 3014 3074 2913 3025 
3359 2956 3160 2842 2843 2878 3461 2971 3146 3097 2944 2785 3129 3090 2864 3132 2733 2890 3069 3028 3023 3078 3070 3075 3105 2976 3245 3036 2954 3272 2798 3190 
3623 3415 3587 3317 3021 3245 3809 3607 3585 3554 3547 3546 3872 3429 2899 3682 3553 3330 3402 3693 3615 3327 3436 3604 3345 3629 3783 3477 3530 3469 3359 3506 
3905 3244 3485 2951 2941 3005 3608 3471 3434 3179 3410 3146 3610 3223 3074 3539 3370 3256 3329 3329 3547 3333 3334 3444 3324 3428 3590 3308 3364 3527 3411 3388 
3768 3377 3477 3022 3093 3026 3738 3255 3599 3582 3428 3261 3494 3559 2963 3732 3233 3273 3448 3547 3257 3286 3583 3378 3443 3360 3857 3427 3382 3383 3291 3503 
3484 3149 3327 2959 2842 3048 3625 3216 3457 3388 3070 3153 3268 3313 3043 3524 3209 3124 3142 3513 3273 3271 3362 3411 3067 3232 3542 3176 3397 3346 3177 3365 
3646 3531 3548 3148 3111 3247 3638 3553 3576 3417 3414 3267 3524 3579 3093 3709 3308 3287 3395 3786 3425 3236 3651 3671 3144 3390 3931 3423 3305 3365 3219 3591 
3382 3068 3317 3043 2867 2977 3527 3256 3434 3457 3166 3047 3402 3213 2864 3312 3142 3129 3243 3409 3180 3225 3191 3218 3071 3337 3319 3180 3180 3395 3283 3296 
