5032 4870 4225 4554 4277 4404 4948 4693 4617 4666 4749 4406 4798 4944 4558 4838 4499 4376 4211 5047 4727 4615 4612 4719 4548 4532 4805 4910 4527 4604 4411 4721 
4790 4157 4245 3972 4080 4249 5012 4497 4404 4714 4349 4525 4870 4584 4137 4561 4402 4200 4350 4426 4804 4562 4375 4483 4369 4600 4623 4362 4387 4613 4258 4439 
4813 4565 4435 4398 4327 4350 4905 4754 4773 4774 4702 4470 4956 5047 4274 4681 4444 4339 4648 4702 4757 4703 4506 4766 4377 4659 4846 4689 4455 4659 4488 4755 
5009 4439 4150 4243 4106 4260 4852 4657 4650 4430 4573 4487 4666 4626 4438 4671 4100 4281 4140 4644 4519 4543 4508 4566 4546 4320 4896 4544 4556 4677 4287 4771 
5073 4518 4175 4438 4172 4393 5050 4546 4732 4794 4697 4659 4868 4750 4460 4569 4554 4317 4555 4612 4846 4473 4510 4633 4591 4493 4774 4732 4399 4775 4439 4738 
4902 4360 4294 4235 4051 4156 4921 4409 4762 4638 4585 4460 4349 4679 4040 4623 4181 4153 4345 4824 4727 4374 4362 4747 4449 4485 4751 4651 4326 4848 4282 4766 
4841 4291 4228 4108 4107 4208 4701 4334 4329 4398 4617 4587 4693 4637 4193 4472 4222 4311 4246 4662 4840 4712 4222 4413 4529 4378 4459 4523 4446 4503 4071 4292 
5018 4849 4568 4453 4244 4303 5187 5019 4625 4676 5080 4880 5010 4979 4588 4942 4557 4773 4509 5074 4980 4889 4378 4779 4839 4664 4921 5074 4640 5106 4551 4730 
4823 4326 4316 4190 4130 4043 4938 4452 4348 4415 4388 4536 4693 4606 4249 4217 4152 4215 4042 4359 4438 4395 4056 4353 4335 4225 4502 4447 4274 4605 4056 4321 
4896 4671 3973 4130 4001 4142 4767 4363 4442 4700 4549 4245 4544 4563 3980 4475 4143 4020 4144 4488 4409 4398 4342 4373 4597 4149 4611 4511 4422 4682 4277 4340 
5088 4638 4467 4276 4029 4402 4996 4601 4663 4853 4629 4313 4843 4632 4240 4515 4325 4074 4253 4864 4469 4773 4238 4613 4543 4434 4513 4749 4524 4744 4062 4542 
4892 4506 4365 4297 4153 4324 4847 4635 4549 4774 4469 4411 4928 4646 4404 4539 4449 4300 4343 4773 4491 4638 4453 4383 4645 4649 4810 4700 4638 4671 4433 4577 
4580 4227 4128 4041 3928 4277 4898 4232 4301 4545 4502 4335 4627 4565 4276 4477 4294 4058 4182 4425 4585 4474 4398 4575 4403 4319 4688 4435 4112 4514 4151 4441 
4869 4340 4188 4319 4117 4077 4842 4592 4258 4703 4803 4746 4669 4638 4329 4635 4525 4314 4251 4798 4881 4704 4352 4698 4479 4321 4789 4414 4528 4907 4282 4510 
4686 4160 4169 4080 4041 4148 4769 4668 4152 4364 4644 4358 4439 4583 3985 4663 4291 4158 4337 4552 4534 4435 4114 4445 4397 4250 4719 4577 4319 4597 4237 4218 
4716 4412 4123 4171 3855 4093 4813 4145 4477 4368 4577 4391 4714 4521 4040 4370 4352 4044 4147 4664 4459 4319 4113 4354 4211 4241 4482 4407 4267 4506 4061 4437 
4844 4369 4198 3971 4017 4215 4727 4353 4328 4599 4338 4446 4757 4715 4071 4341 4256 4039 4211 4557 4575 4614 4366 4607 4151 4488 4465 4471 4207 4654 4336 4539 
4868 4439 4224 4443 4243 4331 4849 4524 4620 4589 4627 4460 4665 4624 4260 4711 4292 4168 4451 4643 4617 4532 4234 4651 4402 4515 4627 4496 4123 4665 4286 4698 
4866 4311 4195 4222 3954 4090 4679 4514 4278 4418 4654 4557 4548 4654 4325 4538 4164 4150 4272 4400 4565 4615 4364 4542 4447 4432 4359 4605 4184 4769 4163 4420 
4938 4345 4332 4476 4100 4403 5044 4658 4498 4679 4491 4600 4799 4821 4213 4570 4340 4277 4395 4795 4722 4689 4367 4723 4394 4529 4503 4537 4433 4958 4570 4579 
5181 4736 4625 4450 4422 4518 5062 4970 4685 4969 4723 4833 5070 4941 4457 4820 4853 4560 4740 5090 5065 4927 4695 4836 4772 4788 5109 4783 4604 5079 4619 5136 
4746 4505 4333 4277 4107 4346 4812 4727 4368 4408 4518 4453 4844 4689 4313 4699 4389 3995 4402 4677 4709 4395 4434 4440 4399 4406 4521 4511 4308 4734 4183 4703 
5078 4426 4540 4433 4298 4206 5081 4953 4278 4476 4813 4534 4923 4729 4150 4797 4662 4170 4348 4998 4848 4884 4729 4397 4747 4561 4486 4994 4796 4809 4732 4700 
4682 4559 4448 4280 4227 4439 4873 4753 4437 4548 4561 4473 4809 4694 4315 4635 4577 4287 4384 4684 4770 4764 4456 4697 4459 4725 4637 4441 4395 4821 4442 4624 
4515 4409 3989 4154 3878 4168 4628 4444 4132 4387 4443 4431 4637 4404 4171 4350 4048 4135 4170 4583 4761 4648 4267 4727 4240 4442 4468 4521 4328 4705 4147 4143 
4591 4041 4043 4014 3883 4114 4597 4256 4060 4149 4130 4013 4447 4429 4095 4156 3798 3956 4080 4223 4230 4359 4022 4233 4189 4221 4271 4260 4007 4609 3885 4193 
4999 4499 4491 4556 4131 4415 5216 4921 4724 4808 4828 4885 5184 4804 4218 4739 4699 4400 4436 4934 5104 4606 4476 4838 4518 4871 4971 4770 4702 4938 4407 4684 
5289 4350 4470 4263 4118 4214 5065 4756 4665 4406 4729 4451 4895 4516 4348 4501 4445 4261 4301 4485 5000 4583 4353 4561 4520 4675 4773 4542 4412 5021 4374 4610 
5202 4607 4417 4341 4336 4289 5098 4595 4752 4788 4764 4568 4852 4897 4341 4910 4338 4453 4604 4867 4634 4712 4668 4674 4718 4698 5044 4807 4592 4935 4494 4683 
4848 4304 4460 4235 3890 4312 4960 4510 4636 4730 4444 4462 4662 4688 4343 4652 4280 4163 4209 4751 4753 4663 4440 4640 4289 4524 4789 4586 4592 4947 4338 4440 
5213 4849 4663 4614 4601 4731 5262 5049 5000 4915 4925 4761 5155 5219 4586 4933 4757 4622 4619 5221 5141 4828 4892 5108 4595 4892 5221 4972 4678 5095 4496 5023 
4866 4391 4359 4465 4215 4402 4969 4686 4628 4920 4623 4435 4963 4576 4274 4509 4510 4292 4416 4810 4632 4762 4457 4586 4462 4714 4613 4589 4465 4972 4521 4591 
