2950 2964 2722 2681 2310 2607 2878 2685 2882 3001 2987 2640 2764 2871 2640 3050 2708 2641 2773 3113 2965 2812 2820 2965 2656 2749 3053 2860 2661 2623 2867 2994 
2749 2556 2734 2151 2220 2402 2844 2468 2671 2803 2727 2611 2729 2661 2339 2719 2565 2371 2614 2625 2875 2561 2716 2706 2603 2672 2927 2498 2619 2614 2658 2605 
2835 2806 2787 2467 2421 2552 2779 2763 2825 2900 2804 2624 2801 2981 2304 2804 2594 2681 2842 2843 2940 2675 2771 2949 2635 2739 3105 2776 2556 2537 2774 2974 
2771 2655 2505 2314 2117 2445 2654 2488 2759 2652 2727 2594 2576 2461 2415 2871 2375 2448 2485 2749 2629 2581 2820 2819 2535 2461 3125 2681 2617 2492 2601 2760 
3042 2934 2729 2575 2201 2624 2985 2556 3038 3047 2943 2845 2826 2848 2679 2976 2700 2714 2918 2847 2930 2766 2918 2942 2867 2547 3019 2914 2722 2596 2964 3158 
2897 2733 2753 2467 2324 2515 3021 2498 3024 2924 2858 2633 2593 2762 2327 2904 2453 2558 2732 3025 2913 2465 2911 3056 2756 2678 2979 2743 2758 2809 2729 2979 
2707 2484 2570 2219 2232 2360 2618 2346 2440 2523 2692 2483 2635 2527 2269 2697 2399 2538 2488 2762 2739 2638 2555 2673 2618 2495 2733 2596 2565 2370 2376 2611 
2675 2847 2699 2305 2119 2360 2815 2706 2530 2548 2951 2626 2664 2648 2353 2835 2620 2734 2519 2812 2761 2619 2432 2748 2573 2446 2903 2851 2501 2619 2682 2760 
2606 2581 2604 2130 2088 2269 2774 2389 2550 2660 2729 2511 2591 2505 2347 2562 2365 2434 2279 2602 2502 2480 2329 2632 2487 2339 2683 2550 2367 2473 2441 2506 
2737 2775 2542 2203 2084 2281 2678 2341 2614 2680 2639 2412 2539 2497 2192 2597 2325 2155 2328 2652 2439 2467 2411 2610 2667 2316 2809 2530 2635 2489 2629 2494 
2945 2692 2816 2313 2198 2417 2910 2651 2757 2868 2765 2437 2742 2577 2410 2664 2467 2231 2514 2838 2631 2634 2541 2706 2665 2388 2833 2678 2537 2642 2478 2719 
2781 2758 2687 2336 2128 2536 2807 2625 2763 2957 2728 2627 2770 2585 2448 2787 2461 2554 2637 2842 2657 2636 2698 2769 2664 2714 3084 2713 2646 2622 2683 2760 
2835 2607 2449 2231 2133 2460 2971 2406 2562 2732 2773 2546 2669 2615 2428 2683 2581 2439 2438 2607 2697 2563 2668 2809 2598 2532 2934 2702 2495 2624 2667 2602 
3048 2744 2816 2578 2366 2416 2865 2675 2700 2818 3071 2844 2844 2826 2589 3072 2737 2609 2615 3090 3051 2842 2820 3057 2813 2488 3071 2768 2921 2883 2714 2955 
2583 2344 2617 2218 2150 2195 2501 2501 2279 2447 2728 2389 2286 2403 2005 2695 2331 2322 2456 2650 2472 2425 2408 2563 2455 2302 2755 2554 2415 2388 2543 2472 
2566 2617 2495 2300 1963 2251 2670 2275 2531 2411 2696 2528 2522 2505 2080 2586 2461 2248 2381 2617 2559 2529 2368 2655 2359 2381 2793 2503 2340 2398 2461 2597 
2740 2575 2525 2219 2020 2374 2586 2305 2529 2749 2595 2589 2578 2529 2153 2495 2320 2196 2499 2693 2643 2541 2615 2708 2347 2417 2715 2448 2340 2580 2676 2722 
2797 2586 2672 2515 2248 2496 2642 2494 2729 2722 2894 2587 2618 2620 2343 2927 2496 2413 2682 2782 2733 2635 2578 2754 2641 2523 2780 2656 2505 2653 2666 2867 
2902 2625 2588 2222 2084 2368 2583 2461 2456 2802 2837 2723 2614 2535 2525 2742 2351 2609 2617 2615 2640 2812 2571 2810 2605 2489 2681 2704 2439 2668 2707 2723 
2792 2556 2634 2225 2067 2381 2756 2456 2720 2720 2595 2558 2542 2610 2179 2748 2337 2389 2690 2847 2640 2664 2551 2829 2427 2430 2698 2516 2483 2604 2809 2641 
2761 2711 2727 2273 2260 2328 2632 2581 2603 2796 2711 2604 2675 2719 2224 2730 2661 2466 2635 2867 2819 2635 2708 2694 2691 2487 2946 2664 2626 2540 2610 2915 
2687 2585 2602 2313 2137 2416 2558 2573 2432 2523 2544 2448 2611 2435 2274 2661 2456 2253 2546 2667 2613 2386 2625 2548 2539 2389 2696 2479 2398 2499 2471 2715 
2940 2752 2919 2536 2322 2560 2874 2791 2509 2837 3101 2665 2799 2686 2208 2922 2674 2372 2706 3055 2867 2819 2885 2675 2786 2574 2914 2938 2876 2831 2953 2841 
2725 2783 2762 2239 2215 2438 2836 2718 2688 2824 2898 2636 2601 2660 2356 2904 2660 2573 2589 2859 2861 2744 2817 2772 2582 2678 2948 2673 2674 2659 2679 2784 
2604 2631 2482 2296 2137 2306 2625 2441 2416 2609 2783 2454 2587 2502 2321 2592 2331 2404 2428 2703 2787 2654 2554 2874 2460 2516 2878 2602 2452 2660 2498 2556 
2612 2352 2383 2086 2037 2225 2616 2199 2513 2480 2437 2271 2368 2324 2195 2475 2034 2272 2419 2436 2442 2455 2319 2471 2452 2235 2541 2319 2229 2566 2249 2476 
2873 2850 2974 2707 2347 2732 3034 2821 2919 2977 2961 2939 3091 2839 2386 2930 2760 2762 2842 3114 3019 2722 2727 3101 2736 2823 3204 2882 2830 2767 2861 2926 
3132 2675 2826 2285 2206 2464 2810 2689 2730 2635 2893 2669 2834 2627 2497 2849 2663 2592 2714 2785 2947 2704 2707 2953 2712 2713 3059 2731 2733 2852 2835 2845 
2891 2732 2771 2251 2225 2415 2817 2392 2832 2888 2878 2610 2565 2728 2281 2835 2417 2467 2757 2803 2604 2599 2725 2799 2659 2507 3105 2669 2542 2612 2650 2737 
2754 2578 2616 2275 2128 2381 2760 2417 2733 2770 2592 2595 2471 2510 2384 2749 2439 2494 2517 2857 2797 2575 2628 2800 2363 2508 2949 2521 2638 2588 2596 2734 
2954 3010 2864 2477 2413 2700 2839 2729 2814 2845 2925 2697 2762 2826 2401 2997 2642 2625 2793 3187 2917 2670 2876 3045 2588 2669 3274 2847 2670 2708 2668 2895 
2564 2386 2497 2266 2063 2270 2475 2390 2520 2810 2677 2515 2463 2439 2120 2463 2344 2335 2462 2692 2571 2485 2425 2603 2335 2515 2676 2480 2360 2536 2548 2560 
