3105 3141 3348 3223 3053 3470 3092 3084 2985 2924 2931 3162 3013 3395 2938 3033 3021 3044 2997 3166 3008 3083 3108 3123 2992 2962 2987 3390 3074 2986 3078 3047 
3735 3567 3997 3815 3531 3809 3549 3408 3578 3591 3432 3680 3327 3688 3425 3583 3680 3527 3506 3544 3238 3685 3658 3624 3637 3643 3378 3981 3682 3351 3311 3449 
3224 3192 3469 3520 3390 3913 3326 3208 3284 3139 3250 3447 2931 3614 3325 3232 3310 3194 3217 3316 3165 3243 3349 3271 3327 3225 3120 3743 3329 3074 3153 3091 
2928 2934 3540 3186 2973 3408 3206 2987 3027 3211 2865 2926 2941 3290 3176 3065 3000 2879 2734 3093 2941 3073 2757 3093 3184 3001 2962 3527 3098 2981 3046 3115 
3292 3549 3843 3660 3379 3906 3293 3545 3388 3361 3388 3782 3344 3538 3377 3521 3469 3047 3363 3549 3263 3527 3439 3338 3673 3318 3387 3862 3346 2990 3511 3537 
3497 3577 3761 3675 3611 3894 3480 3560 3292 3495 3418 3432 3305 3748 3435 3320 3475 3220 3351 3395 3291 3268 3476 3696 3667 3409 3394 3733 3489 3205 3582 3469 
3160 3347 3650 3445 3578 3706 3469 3312 3279 3184 3390 3266 3021 3480 3321 3381 3532 3148 3262 3453 3197 3037 3464 3420 3527 3143 3279 3642 3542 2979 3477 3156 
3541 3521 3946 3735 3732 3952 3551 3562 3239 3476 3377 3830 3450 3761 3669 3558 3508 3246 3516 3636 3353 3416 3533 3761 3612 3415 3528 4049 3597 3299 3678 3458 
3582 3483 3755 3627 3592 3960 3490 3719 3245 3598 3497 3560 3454 3892 3485 3481 3647 3379 3303 3737 3425 3463 3537 3558 3684 3438 3425 4020 3641 3073 3541 3676 
3036 3223 3443 3116 3185 3129 3046 3177 2847 2952 3081 3026 2914 3378 3024 2962 2931 2968 2795 3073 2931 2913 3032 2910 3167 2868 2931 3272 3077 2832 2942 2986 
3310 3409 3727 3394 3547 3567 3448 3474 3489 3513 3297 3531 3324 3702 3182 3429 3493 3266 3426 3468 3345 3301 3336 3586 3476 3528 3192 3757 3480 3195 3594 3542 
2742 3049 3082 3241 3036 3371 2882 2710 3057 2751 2883 2902 2948 3222 3043 2977 2808 2870 2798 3060 2846 2713 3124 3068 3085 2874 2906 3125 3099 2870 3233 2898 
3043 3181 3388 3185 3142 3537 3043 3044 2946 3240 2964 3249 3056 3389 3211 3312 3161 2912 3085 3317 2965 3076 3244 3057 3242 2942 3120 3475 3060 3062 3115 3013 
2945 3223 3488 3356 3036 3335 3134 2936 2911 3235 3036 2955 2917 3303 3061 3126 3123 3035 3088 2821 3026 3075 3119 3117 3200 3009 3075 3426 3155 3019 3031 3000 
2930 3145 3311 3451 3231 3655 2994 2908 3033 2977 3128 3118 3083 3176 3103 3007 3159 2793 3133 3133 2846 2976 3318 3016 3276 3095 2976 3436 3255 2919 3133 2815 
3225 3183 3432 3411 3425 3650 3369 3350 3229 3155 3191 3144 3084 3544 3003 3378 3133 3159 3065 3225 3155 3205 3282 3395 3299 3256 3199 3631 3190 3068 3231 3287 
3749 3418 3876 3677 3805 4111 3607 3426 3386 3586 3385 3487 3488 3964 3546 3556 3434 3523 3425 3805 3378 3324 3593 3797 3826 3421 3346 4013 3762 3358 3536 3566 
3566 3318 3965 3556 3602 4003 3653 3683 3410 3591 3430 3789 3521 3785 3392 3433 3472 3316 3520 3757 3453 3648 3319 3554 3668 3490 3443 3915 3779 3402 3729 3564 
3538 3320 3653 3538 3516 3830 3351 3411 3210 3473 3246 3487 3232 3633 3468 3288 3351 3120 3474 3526 3433 3336 3314 3527 3559 3434 3236 3868 3161 3154 3509 3531 
3249 3028 3431 3367 3172 3559 3092 3167 3228 3341 3251 3247 2963 3384 3203 3133 3171 3036 3095 3195 2930 3256 3234 3156 3176 2916 3020 3452 3222 2783 3006 3235 
3291 3391 3813 3459 3433 3580 3375 3188 3141 3334 3234 3368 3217 3608 3347 3191 3212 3018 3173 3355 3072 3194 3349 3510 3478 3253 3275 3536 3219 3259 3243 3343 
3450 3356 3824 3731 3601 3985 3300 3398 3172 3260 3426 3583 3468 3781 3441 3372 3360 3320 3506 3810 3304 3170 3484 3587 3857 3263 3226 3806 3533 3069 3525 3557 
3186 3236 3813 3553 3308 3674 3238 3162 3216 3306 3272 3217 3104 3672 3348 3447 3108 3175 3098 3282 3034 3326 3311 3214 3371 3396 3338 3617 3420 2960 3243 3249 
2990 2944 3212 3198 2920 3279 3004 2974 2804 2701 2944 3128 2674 3191 3186 2848 2858 2839 2692 3179 2841 2888 3046 3030 2860 2741 2821 3248 2935 2676 2847 2909 
3252 3287 3407 3298 3366 3544 3443 3181 2980 3062 3136 3133 3189 3456 3236 3219 3154 2950 3269 3262 3202 2768 3095 3226 3478 3083 3021 3578 3339 2997 3329 3179 
3558 3491 4002 3695 3507 4044 3726 3627 3689 3648 3559 3734 3356 4088 3708 3473 3436 3533 3361 3822 3283 3629 3567 3855 3562 3510 3357 3991 3635 3380 3639 3415 
3481 3639 3768 3695 3588 3839 3341 3521 3404 3639 3508 3645 3324 3948 3493 3429 3401 3249 3476 3553 3258 3504 3613 3391 3426 3407 3341 3703 3466 3227 3498 3505 
3381 3262 3926 3427 3488 3916 3279 3480 3491 3656 3390 3476 3326 3728 3384 3486 3382 3369 3234 3581 3268 3535 3344 3551 3733 3447 3447 3696 3527 3148 3400 3428 
3100 2835 3223 3138 3024 3297 2863 3043 2891 3061 2775 3040 2907 3098 2931 2902 2898 2840 2877 3005 2797 2995 2952 3099 3029 2854 2822 3264 3041 2865 3078 3063 
3055 3049 3490 3328 3166 3353 3265 3094 2768 3195 3182 3144 3175 3417 3087 3007 3091 3039 3231 3122 3117 3047 2932 3340 3364 2891 2928 3571 3289 2867 3311 3295 
3418 3372 3530 3370 3590 3865 3541 3384 3343 3309 3453 3635 3182 3651 3418 3233 3450 3250 3237 3547 3325 3384 3596 3523 3297 3310 3303 3673 3553 3045 3309 3285 
3436 3580 3787 3647 3462 3969 3335 3271 3392 3395 3440 3535 3357 3701 3524 3351 3278 3141 3141 3729 3206 3173 3470 3656 3580 3423 3214 3831 3653 3072 3667 3513 
