5239 5229 5184 5001 5128 5383 5039 5192 4989 4694 4797 5131 4932 5368 4837 5039 5037 4793 4671 5173 4860 4949 5209 4788 4969 4831 4961 5286 5029 5161 4987 4854 
5826 5738 6084 5638 5684 5978 5535 5408 5762 5524 5424 5690 5337 5713 5671 5579 5690 5338 5328 5692 5055 5675 5984 5494 5702 5801 5374 5878 5668 5433 5197 5529 
5468 5509 5815 5532 5734 6068 5484 5412 5609 5345 5336 6000 5135 5675 5715 5393 5399 5169 4998 5507 5380 5381 5638 5173 5355 5517 5198 5756 5588 5473 5147 5300 
4965 5004 5498 4977 5069 5476 5040 5070 5087 4967 4789 5107 4871 5425 5325 5039 4906 4635 4428 5111 4651 4974 4937 4783 5034 4968 5066 5476 5219 5110 5032 4935 
5263 5585 5952 5448 5461 5926 5094 5584 5456 5126 5328 5984 5167 5484 5382 5444 5455 4789 5062 5564 4990 5410 5680 5189 5532 5508 5203 5778 5263 5038 5377 5324 
5457 5379 5570 5332 5474 5784 5076 5355 5038 5225 5093 5477 5126 5504 5262 5017 5241 4828 4879 5127 5015 4905 5408 5440 5204 5268 5146 5418 5247 5001 5241 5355 
5339 5355 5626 5185 5708 5748 5306 5368 5487 5043 5411 5483 5057 5639 5595 5294 5537 4977 4913 5321 5112 4842 5686 5282 5518 5251 5237 5614 5604 5061 5484 5137 
5403 5389 5876 5274 5534 5805 5255 5238 5017 5215 5134 5854 5262 5445 5435 5236 5292 4880 5165 5475 5011 5102 5584 5380 5380 5227 5158 5862 5317 5274 5337 5274 
5438 5570 5694 5362 5567 5869 5375 5621 5385 5420 5370 5515 5263 5820 5543 5464 5628 5098 5069 5710 5044 5327 5615 5350 5534 5474 5292 5957 5505 5053 5337 5506 
5066 5255 5405 5035 5192 5085 4880 5271 4924 4645 5046 5124 4761 5432 5065 4989 4853 4632 4490 5065 4754 4851 5210 4715 5102 4803 4902 5186 5030 4931 4688 4954 
5301 5372 5646 5193 5477 5504 5370 5371 5606 5200 5183 5759 5151 5684 5114 5281 5666 5115 5168 5438 5144 5106 5320 5383 5282 5539 5089 5613 5510 5336 5521 5423 
4847 5152 5305 5082 5205 5450 4881 4983 5186 4838 4838 5090 4945 5266 5385 4945 4908 4694 4678 5144 4879 4836 5512 4925 4883 5088 4739 5165 5157 5139 5027 4885 
4782 5147 5156 4731 4872 5338 4682 4832 4883 4727 4816 4988 4892 5093 5050 5017 4976 4571 4589 5290 4409 4695 5138 4836 5094 4682 4766 5315 4841 4942 4606 4726 
5008 5413 5522 5195 5073 5343 5035 5060 5022 5135 4891 5112 4779 5446 5320 5129 5262 4966 4900 4896 4940 5122 5435 4909 5142 5194 5073 5496 5161 5318 4916 5046 
5154 5236 5160 5199 5254 5589 4928 5129 5109 4788 5024 5253 5036 5191 5268 5158 5224 4653 4820 5182 4761 4944 5608 4786 5140 5074 5102 5459 5434 5088 5078 4636 
5175 5115 5177 5100 5292 5708 5135 5165 5302 4900 5129 5051 5005 5541 5091 5160 5079 4901 4734 5231 4849 4963 5340 5186 5163 5225 5152 5329 5128 5148 5080 4989 
5884 5407 5827 5555 5715 6097 5516 5364 5295 5488 5222 5537 5269 5866 5597 5345 5527 5247 5249 5746 5098 5207 5754 5472 5619 5362 5297 5913 5674 5466 5231 5528 
5378 5244 5755 5127 5456 5712 5414 5593 5247 5328 5152 5628 5335 5644 5358 5190 5340 4982 5139 5610 5070 5287 5118 4995 5347 5318 5293 5700 5612 5367 5323 5178 
5494 5242 5364 5082 5464 5669 5144 5324 5035 5220 4839 5474 5031 5382 5361 4999 5173 4775 5087 5417 5107 5126 5185 5085 5264 5288 5055 5652 4902 5121 5077 5231 
5156 5069 5391 5075 5079 5672 5034 5289 5420 5167 5124 5270 4831 5305 5254 5141 5181 4843 4791 5191 4741 5159 5361 4827 5042 4876 4988 5391 5163 4734 4843 4968 
5510 5457 5833 5114 5506 5554 5380 5180 5162 5122 5098 5451 5129 5526 5341 5061 5167 4701 4972 5242 4940 4972 5408 5207 5416 5316 5098 5493 5180 5347 5110 5211 
5559 5511 5955 5691 5845 6069 5383 5594 5406 5220 5473 5883 5422 5840 5762 5509 5388 5291 5251 5828 5167 5153 5868 5498 5891 5493 5136 5789 5628 5247 5568 5697 
5090 5224 5802 5322 5234 5567 4995 5029 5264 4926 5068 5161 4922 5505 5364 5222 5081 4791 4829 5313 4823 5224 5312 5070 5297 5253 5347 5337 5305 4877 4840 5020 
5073 5077 5263 5047 5070 5286 5049 4972 4832 4669 5011 5236 4624 5269 5246 4731 4905 4678 4542 5291 4674 4779 5296 4816 4881 4890 4897 5175 4875 4929 4720 4846 
5244 5384 5297 5036 5386 5645 5280 5196 5114 4991 4994 5362 5093 5538 5386 5120 5085 4674 5043 5093 5165 4540 5312 4995 5377 5140 5059 5505 5279 5088 5219 5012 
5671 5737 6125 5701 5712 6123 5659 5837 5876 5573 5571 6104 5354 6268 5945 5596 5647 5507 5313 6003 5298 5597 6091 5957 5547 5606 5547 6126 5737 5671 5545 5497 
5472 5780 5791 5416 5666 5787 5306 5499 5436 5345 5392 5756 5193 5945 5603 5375 5354 4951 5208 5591 4928 5435 5852 5202 5394 5435 5193 5785 5361 5310 5421 5386 
5395 5256 5913 5249 5499 5872 5148 5291 5345 5309 5234 5593 5241 5540 5339 5352 5231 5124 4913 5512 4975 5221 5337 5226 5617 5276 5456 5489 5400 5123 5219 5352 
4948 4828 5021 4811 4859 5289 4774 4932 4763 4765 4517 4983 4812 4933 4995 4791 4790 4492 4628 4867 4450 4725 4967 4918 4842 4858 4566 4998 4885 4798 4785 4867 
5224 5111 5318 5284 5140 5417 5222 5111 4741 5232 5342 5200 5188 5417 5288 4872 5259 4835 4983 5238 4967 4849 5053 5147 5382 5056 4834 5713 5549 4938 5209 5164 
5209 5389 5263 5030 5442 5782 5203 5279 5430 4997 5235 5541 4871 5636 5413 4979 5315 4836 4829 5388 5019 5062 5728 5235 5030 5146 5180 5371 5353 5061 5032 5007 
5505 5820 5860 5411 5559 5994 5278 5380 5514 5254 5333 5688 5333 5520 5669 5208 5301 4950 4915 5688 5063 5044 5509 5365 5513 5368 5299 5838 5622 5261 5514 5502 
