972 1141 1235 1197 1129 1289 1132 1028 1062 1004 1028 1186 1227 1050 1266 1124 982 1135 928 1066 1131 1182 1218 1271 1030 1084 1161 1268 1330 1269 1161 1051 
1355 1531 1634 1563 1407 1559 1327 1267 1533 1366 1382 1551 1397 1298 1614 1468 1443 1475 1374 1374 1326 1666 1578 1560 1556 1449 1446 1454 1667 1485 1436 1225 
1248 1431 1309 1354 1416 1590 1275 1173 1261 1073 1183 1379 1166 1294 1542 1307 1328 1213 1295 1188 1293 1405 1457 1273 1200 1258 1192 1420 1460 1250 1337 1126 
1158 1355 1421 1382 1290 1458 1331 1196 1310 1120 1257 1262 1198 1300 1579 1226 1276 1240 1083 1254 1218 1328 1247 1244 1302 1331 1373 1413 1470 1345 1451 1143 
1317 1572 1595 1546 1454 1655 1303 1309 1448 1340 1314 1596 1457 1388 1672 1439 1296 1303 1374 1399 1340 1542 1461 1452 1430 1399 1464 1609 1566 1273 1496 1348 
1429 1617 1578 1610 1593 1714 1481 1511 1458 1506 1433 1572 1529 1459 1754 1469 1525 1345 1318 1432 1399 1545 1632 1675 1484 1477 1564 1483 1753 1574 1659 1336 
1216 1501 1524 1506 1492 1638 1520 1256 1457 1305 1296 1418 1341 1344 1522 1372 1629 1374 1315 1354 1464 1486 1554 1355 1443 1386 1445 1522 1690 1394 1520 1184 
1229 1506 1529 1532 1531 1618 1333 1303 1347 1238 1261 1606 1462 1217 1695 1388 1380 1240 1258 1335 1281 1465 1492 1507 1270 1357 1438 1542 1640 1427 1530 1221 
1208 1392 1419 1394 1409 1588 1292 1313 1295 1263 1298 1501 1368 1395 1515 1275 1367 1312 1229 1296 1302 1393 1503 1389 1255 1292 1340 1447 1588 1322 1451 1310 
1010 1296 1254 1143 1147 1253 1090 1078 1065 1021 1161 1160 998 1145 1311 1067 1072 1110 845 1112 1059 1029 1311 1090 1043 998 1163 1099 1362 1128 1082 902 
1046 1361 1364 1335 1284 1391 1310 1222 1347 1182 1112 1364 1298 1276 1402 1253 1289 1137 1228 1230 1323 1294 1375 1377 1134 1368 1199 1320 1471 1294 1455 1227 
1258 1427 1328 1331 1371 1540 1206 1195 1482 1099 1196 1383 1295 1182 1621 1382 1201 1222 1120 1240 1282 1332 1413 1377 1203 1366 1327 1306 1498 1343 1435 1181 
1171 1388 1369 1232 1350 1539 1264 1089 1272 1280 1213 1381 1214 1355 1509 1317 1192 1222 1219 1308 1253 1327 1523 1355 1178 1217 1346 1391 1485 1256 1393 1164 
1086 1333 1238 1207 1078 1364 1189 973 1226 1141 1020 1040 1041 1058 1314 1076 1059 1016 1051 1013 1100 1262 1243 1150 1152 1194 1157 1156 1376 1209 1198 935 
1039 1305 1350 1357 1232 1490 1101 939 1287 1177 1123 1230 1081 1141 1425 1196 1168 1073 1140 1123 1168 1273 1370 1204 1101 1144 1288 1217 1587 1193 1307 876 
1118 1406 1360 1267 1399 1516 1278 1303 1398 1139 1246 1278 1246 1234 1391 1420 1247 1168 1038 1148 1203 1274 1395 1491 1256 1342 1423 1344 1374 1340 1282 1202 
1256 1349 1469 1362 1494 1690 1402 1231 1350 1265 1269 1287 1363 1355 1539 1331 1271 1361 1215 1360 1228 1421 1426 1498 1286 1311 1323 1525 1751 1444 1348 1193 
1237 1322 1494 1322 1336 1526 1429 1245 1380 1319 1262 1491 1372 1270 1517 1233 1318 1154 1261 1301 1310 1508 1356 1337 1234 1264 1296 1413 1636 1367 1457 1236 
1262 1344 1477 1375 1373 1549 1248 1271 1455 1295 1269 1368 1289 1225 1558 1270 1292 1178 1316 1234 1349 1510 1436 1471 1305 1339 1298 1402 1364 1378 1466 1284 
1193 1181 1338 1247 1257 1477 1132 1146 1397 1225 1163 1316 1207 1097 1454 1242 1249 1137 1161 1231 1181 1366 1368 1262 1227 1150 1318 1232 1456 1117 1259 1108 
1309 1473 1640 1396 1383 1598 1391 1297 1356 1362 1329 1420 1384 1310 1574 1217 1254 1221 1249 1343 1251 1467 1419 1555 1291 1320 1439 1342 1615 1440 1410 1135 
1230 1281 1449 1394 1400 1517 1343 1356 1299 1145 1299 1396 1297 1206 1529 1293 1358 1210 1287 1334 1295 1316 1338 1345 1258 1195 1220 1387 1523 1166 1426 1275 
1225 1536 1632 1525 1383 1638 1348 1342 1501 1368 1412 1490 1333 1441 1591 1501 1297 1270 1299 1320 1411 1446 1602 1439 1321 1513 1510 1478 1681 1370 1485 1204 
1202 1357 1346 1444 1235 1451 1269 1149 1274 1104 1240 1463 1127 1274 1592 1212 1271 1233 1117 1318 1172 1427 1485 1366 1192 1223 1193 1359 1429 1214 1317 1155 
943 1220 1157 1102 1165 1240 1159 914 997 969 1013 1033 1116 902 1177 1090 1082 1004 964 1041 1130 1027 1031 1042 1101 1030 1069 1136 1362 1109 1217 1002 
1148 1471 1527 1446 1241 1516 1390 1231 1446 1257 1315 1461 1334 1356 1583 1345 1260 1219 1215 1361 1265 1436 1502 1539 1272 1464 1222 1379 1623 1362 1493 1158 
1341 1430 1377 1329 1491 1546 1246 1266 1430 1282 1279 1439 1224 1412 1565 1325 1294 1226 1271 1319 1254 1380 1497 1399 1200 1278 1372 1315 1585 1302 1435 1199 
1308 1463 1649 1362 1441 1573 1249 1281 1511 1349 1291 1495 1328 1242 1479 1405 1299 1281 1305 1321 1263 1516 1464 1497 1492 1488 1527 1349 1644 1366 1401 1149 
1271 1240 1292 1320 1261 1432 1199 1166 1348 1221 1104 1252 1291 1181 1434 1192 1178 1125 1162 1218 1188 1307 1339 1399 1260 1295 1252 1371 1588 1274 1431 1159 
1301 1473 1464 1574 1395 1603 1496 1296 1316 1252 1460 1528 1407 1381 1606 1240 1353 1208 1449 1414 1454 1499 1475 1479 1328 1264 1331 1566 1732 1245 1585 1202 
1439 1574 1705 1514 1646 1893 1620 1490 1657 1487 1598 1657 1517 1502 1833 1460 1619 1506 1401 1535 1443 1694 1788 1709 1383 1532 1552 1547 1736 1505 1547 1391 
1356 1463 1429 1330 1355 1513 1235 1216 1394 1216 1291 1478 1410 1275 1612 1258 1222 1267 1135 1322 1249 1393 1552 1465 1273 1341 1312 1412 1644 1346 1549 1224 
