4653 4487 4483 4398 4434 4502 4431 4395 4249 4113 4202 4467 4245 4694 4212 4420 4519 4265 4069 4457 4221 4320 4470 4117 4351 4194 4304 4728 4264 4576 4292 4303 
5113 4768 5261 4837 4825 4954 4765 4516 4985 4809 4683 4791 4388 4787 4756 4841 5042 4713 4558 4778 4311 4912 4991 4734 4818 4895 4557 5134 4717 4781 4451 4771 
4869 4696 5040 4997 5016 5193 4803 4606 4895 4681 4760 5169 4367 4997 4985 4763 4860 4591 4391 4784 4760 4762 4870 4518 4764 4792 4571 5214 4699 4896 4460 4675 
4305 4116 4695 4197 4215 4459 4325 4243 4298 4348 4000 4167 3992 4600 4477 4402 4322 3992 3675 4257 4023 4361 4075 4081 4306 4191 4231 4798 4286 4458 4232 4288 
4691 4761 5157 4806 4731 5028 4457 4788 4652 4460 4557 5146 4455 4804 4693 4758 4790 4149 4377 4715 4414 4666 4859 4432 4838 4612 4522 5125 4404 4464 4562 4801 
4802 4643 4940 4710 4739 4935 4514 4665 4404 4695 4507 4661 4419 4771 4587 4372 4664 4266 4261 4463 4375 4355 4587 4693 4657 4574 4451 4844 4493 4455 4544 4740 
4721 4683 5019 4661 5019 4992 4741 4645 4752 4521 4800 4750 4289 4961 4814 4804 5085 4429 4372 4632 4591 4367 4961 4645 4883 4549 4669 5047 4793 4626 4882 4597 
4987 4828 5229 4803 4998 5063 4793 4659 4443 4641 4536 5175 4718 4897 4894 4687 4822 4372 4604 4850 4502 4580 4903 4813 4904 4630 4627 5383 4594 4725 4693 4842 
4951 4865 4999 4690 4835 5071 4754 4918 4690 4838 4737 4778 4532 5123 4774 4817 4964 4522 4397 4924 4547 4749 4895 4732 4879 4730 4613 5299 4719 4542 4669 4876 
4478 4513 4711 4271 4487 4269 4255 4489 4186 4223 4308 4359 3985 4651 4278 4300 4295 4055 3864 4213 4151 4146 4369 3986 4406 4028 4242 4502 4156 4357 3964 4323 
4760 4635 4886 4616 4852 4726 4713 4663 4754 4684 4567 4951 4493 5080 4489 4717 5036 4540 4558 4630 4622 4479 4600 4729 4676 4858 4488 5056 4717 4777 4830 4857 
4233 4407 4574 4478 4518 4639 4281 4104 4360 4181 4261 4292 4160 4524 4544 4320 4342 4144 4053 4411 4181 4167 4674 4242 4270 4345 4188 4486 4266 4596 4380 4321 
4273 4426 4494 4237 4338 4611 4104 4201 4177 4193 4261 4315 4271 4522 4440 4450 4435 4095 4004 4637 3894 4123 4433 4213 4474 3995 4238 4771 4120 4440 4035 4206 
4438 4702 4801 4568 4431 4566 4421 4259 4284 4497 4330 4368 4110 4668 4530 4490 4621 4352 4211 4182 4329 4459 4650 4257 4520 4371 4406 4884 4324 4736 4205 4384 
4566 4551 4499 4637 4645 4819 4363 4362 4482 4230 4462 4477 4330 4553 4512 4546 4696 4095 4193 4511 4140 4338 4761 4160 4592 4406 4481 4910 4617 4586 4439 4043 
4485 4313 4453 4396 4519 4773 4543 4420 4492 4231 4431 4227 4281 4700 4373 4587 4540 4277 4021 4456 4197 4313 4451 4482 4373 4432 4407 4682 4326 4485 4367 4409 
5423 4831 5298 5015 5188 5431 5066 4717 4761 4967 4744 4921 4728 5322 5005 4884 5062 4775 4697 5173 4588 4688 5140 4974 5110 4779 4697 5448 5025 5037 4708 5024 
4888 4606 5146 4625 4881 5051 4900 4947 4647 4697 4657 4962 4735 5041 4722 4745 4836 4524 4580 5022 4604 4829 4587 4541 4855 4686 4745 5176 4887 4876 4724 4679 
4979 4655 4846 4656 4855 5013 4619 4689 4428 4742 4400 4852 4534 4816 4828 4512 4665 4317 4601 4834 4611 4610 4592 4542 4756 4645 4570 5204 4241 4701 4585 4775 
4593 4173 4548 4356 4262 4633 4298 4340 4543 4458 4375 4423 4030 4547 4489 4397 4543 4209 4105 4345 4094 4425 4463 4122 4372 4084 4211 4713 4327 4152 4047 4376 
4923 4742 5238 4630 4826 4771 4787 4467 4520 4536 4558 4722 4479 4897 4697 4492 4712 4204 4396 4570 4295 4363 4735 4588 4812 4621 4534 4959 4350 4806 4499 4695 
4995 4709 5110 4937 5095 5193 4780 4683 4604 4644 4726 5022 4630 5100 4927 4830 4775 4618 4623 5001 4588 4436 4994 4755 5244 4674 4445 5114 4742 4724 4808 5075 
4491 4522 5133 4660 4615 4770 4472 4324 4544 4416 4483 4459 4276 4804 4616 4681 4504 4214 4178 4604 4262 4576 4549 4391 4688 4515 4654 4796 4514 4394 4231 4444 
4573 4379 4588 4404 4451 4565 4467 4355 4237 4084 4398 4495 3947 4661 4626 4255 4458 4198 3981 4532 4200 4210 4601 4326 4249 4253 4299 4646 4187 4395 4088 4391 
4658 4607 4661 4440 4648 4695 4682 4467 4408 4361 4322 4528 4374 4724 4619 4599 4551 4067 4285 4398 4535 4025 4509 4348 4708 4407 4331 4865 4437 4539 4526 4420 
5045 4962 5403 4996 5004 5279 5071 5071 5121 5015 4903 5251 4625 5555 5209 5026 5068 4881 4641 5235 4727 4960 5204 5209 4903 4885 4870 5484 4974 5108 4783 4948 
4988 5009 5030 4802 4944 4959 4584 4817 4688 4820 4708 4964 4456 5294 4864 4732 4736 4433 4621 4762 4431 4787 5091 4516 4729 4732 4586 5138 4532 4761 4726 4874 
4901 4631 5288 4634 4864 5104 4602 4711 4736 4893 4614 4889 4599 4955 4724 4827 4770 4613 4379 4834 4512 4724 4652 4625 5110 4696 4786 4974 4690 4654 4610 4873 
4329 4065 4212 4117 4091 4355 4101 4141 4025 4131 3811 4179 4006 4171 4158 4037 4139 3911 3911 4068 3795 4031 4053 4146 4130 4011 3786 4392 3979 4180 4071 4255 
4594 4404 4677 4621 4469 4633 4689 4459 4077 4583 4649 4383 4415 4700 4447 4350 4677 4264 4269 4451 4392 4296 4324 4508 4688 4297 4170 5026 4622 4362 4492 4582 
4700 4762 4574 4471 4774 4944 4627 4496 4717 4352 4654 4824 4303 4833 4676 4420 4708 4250 4190 4722 4439 4488 4915 4623 4388 4466 4545 4853 4602 4466 4367 4413 
4952 5094 5265 4938 4973 5189 4766 4708 4821 4703 4805 5057 4676 4893 5031 4710 4819 4415 4338 5112 4517 4573 4905 4775 4987 4720 4708 5262 4860 4797 4892 4976 
