3909 3887 3919 3805 3790 4085 3761 3791 3693 3467 3673 3767 3634 4167 3636 3744 3826 3783 3653 3817 3647 3697 3912 3680 3708 3614 3710 4170 3817 3858 3728 3715 
4421 4138 4590 4301 4218 4390 4120 3932 4286 4203 4094 4127 3786 4289 4000 4226 4404 4126 4032 4135 3716 4197 4376 4127 4280 4256 3962 4518 4315 4053 3915 4021 
3887 3846 4090 4112 4050 4516 3832 3736 4035 3726 3853 4118 3485 4204 4016 3846 3942 3802 3735 3906 3839 3798 4058 3781 3893 3880 3803 4344 4027 3792 3684 3724 
3642 3543 4173 3608 3677 4031 3778 3632 3765 3768 3488 3473 3525 4058 3896 3712 3694 3584 3284 3714 3470 3730 3471 3598 3750 3651 3678 4199 3841 3796 3715 3742 
4051 4165 4516 4145 4139 4555 3916 4233 4083 3913 4079 4428 3929 4252 4145 4184 4173 3736 3941 4136 3861 4130 4254 3949 4250 4037 4026 4558 4011 3779 4118 4143 
4096 3989 4268 4074 4149 4399 3840 4058 3782 3950 3837 3988 3732 4214 3924 3771 3931 3696 3798 3820 3765 3669 4042 4110 4066 3900 3879 4272 4019 3705 4009 4028 
4089 4151 4426 4062 4409 4536 4144 4126 4138 3885 4188 4049 3721 4367 4227 4238 4410 3957 3957 4127 3955 3769 4413 4075 4276 3970 4111 4504 4367 3881 4295 3918 
4235 4084 4518 4203 4327 4506 4151 4067 3748 3921 3987 4357 3951 4251 4210 4023 4151 3790 4019 4165 3799 3901 4221 4256 4218 3918 3973 4736 4133 3934 4155 4034 
4253 4230 4430 4113 4278 4566 4099 4414 4028 4169 4161 4113 3969 4591 4169 4164 4339 4025 3860 4334 3953 4083 4336 4128 4325 4116 4135 4759 4358 3876 4117 4259 
3635 3724 3964 3557 3785 3688 3529 3871 3415 3453 3724 3476 3302 3921 3554 3592 3548 3470 3226 3595 3433 3419 3720 3354 3727 3359 3527 3857 3679 3506 3320 3474 
4097 4065 4268 4028 4231 4180 4010 4142 4119 4027 3991 4144 3846 4459 3793 4092 4283 4002 4074 4083 3933 3842 4060 4072 4064 4210 3879 4452 4312 3988 4199 4161 
3480 3787 3812 3758 3787 4113 3606 3390 3810 3414 3583 3515 3506 3951 3860 3665 3627 3591 3517 3699 3526 3457 4008 3698 3659 3635 3641 3885 3760 3673 3828 3617 
3704 3894 3948 3689 3786 4172 3590 3671 3647 3631 3646 3760 3730 3992 3875 3892 3822 3588 3629 4044 3411 3587 3966 3659 3927 3468 3692 4202 3775 3891 3656 3575 
3652 3961 4141 3930 3829 3980 3801 3574 3675 3829 3731 3571 3482 4039 3766 3775 3899 3712 3698 3459 3669 3743 3931 3695 3892 3734 3733 4211 3830 3879 3619 3674 
3753 3895 3913 4032 4024 4321 3642 3716 3813 3580 3842 3741 3711 3986 3802 3802 3975 3546 3751 3826 3439 3604 4133 3655 3960 3777 3770 4302 4112 3834 3796 3417 
3897 3854 3932 3879 4019 4316 3930 3975 3956 3726 3871 3646 3678 4216 3736 4052 3850 3807 3634 3870 3661 3731 3961 3965 3898 3901 3877 4165 3899 3836 3866 3891 
4585 4087 4615 4325 4505 4841 4385 4109 4088 4248 4100 4065 4098 4615 4311 4166 4260 4212 4149 4515 3915 3960 4447 4387 4544 4129 4037 4820 4520 4190 4057 4298 
4328 3987 4584 4095 4337 4640 4323 4352 4085 4160 4180 4356 4118 4553 4021 4164 4269 4018 4138 4352 4051 4211 4168 4099 4296 4173 4096 4606 4521 4240 4344 4106 
4355 4002 4282 4143 4312 4528 3990 4079 3911 4056 3889 4161 3836 4291 4149 3901 4062 3762 4097 4155 4034 3921 4098 4064 4226 4078 3987 4692 3871 3922 4079 4198 
3906 3680 4012 3847 3775 4277 3752 3832 3959 3938 3916 3796 3509 4066 3914 3758 3968 3696 3692 3780 3502 3881 3994 3668 3778 3559 3642 4163 3951 3573 3570 3815 
4165 4055 4509 3981 4150 4317 4107 3895 3819 3890 3975 4004 3831 4314 4075 3860 4022 3717 3858 3968 3639 3767 4163 4064 4140 4006 4008 4315 3952 4015 3920 3927 
4127 3999 4398 4270 4344 4603 3936 3997 3900 3868 4057 4173 3955 4407 4132 4002 4075 3941 4053 4322 3825 3694 4263 4158 4503 3934 3763 4448 4237 3843 4114 4202 
3793 3880 4370 4006 3861 4301 3791 3789 3839 3756 3885 3671 3592 4192 3946 4035 3795 3730 3636 3886 3501 3848 3956 3736 3963 3915 3986 4298 4088 3628 3712 3785 
3959 3805 3985 3876 3843 4082 3887 3819 3678 3465 3858 3820 3382 4098 4042 3699 3894 3670 3553 3966 3593 3629 4089 3791 3656 3668 3710 4140 3797 3752 3594 3691 
3832 3904 3941 3724 3942 4063 3904 3744 3619 3571 3601 3621 3652 4024 3814 3828 3713 3446 3762 3705 3718 3219 3813 3642 4005 3629 3599 4157 3924 3642 3799 3599 
4332 4265 4609 4312 4227 4713 4403 4477 4345 4252 4314 4381 3895 4842 4412 4242 4304 4302 4099 4495 4017 4271 4496 4514 4226 4238 4131 4800 4483 4307 4201 4108 
4333 4386 4461 4231 4393 4482 4004 4229 4126 4224 4182 4273 3932 4716 4249 4073 4104 3979 4157 4218 3855 4137 4476 4001 4144 4129 4025 4534 4130 4023 4167 4230 
4171 3902 4606 3981 4197 4584 3845 4080 4101 4166 4016 4154 3924 4341 4014 4121 4081 4019 3816 4158 3835 4066 4101 4059 4381 4103 4061 4395 4261 3848 4028 4083 
3550 3319 3590 3474 3468 3792 3345 3511 3416 3448 3238 3457 3375 3574 3473 3334 3476 3354 3336 3432 3157 3365 3445 3601 3451 3358 3203 3736 3559 3449 3550 3514 
3841 3772 4076 3920 3886 4102 3938 3807 3484 3824 3885 3710 3722 4127 3793 3685 3929 3687 3840 3769 3682 3679 3749 3937 4046 3598 3599 4415 4099 3637 3940 3903 
4030 4116 4054 3904 4260 4425 4019 3967 4119 3800 4120 4180 3751 4257 4028 3856 4015 3826 3703 4160 3851 3840 4308 4093 3907 3877 3941 4308 4200 3787 3825 3805 
4079 4365 4400 4163 4100 4601 3967 3915 4104 3956 4076 4107 3934 4213 4188 3942 3994 3723 3744 4337 3718 3733 4174 4190 4199 4007 3968 4473 4298 3768 4193 4148 
