2269 2344 2679 2361 2475 2544 2472 2448 2241 2267 2205 2433 2394 2506 2279 2347 2258 2472 2249 2275 2311 2412 2323 2349 2344 2333 2362 2594 2490 2457 2406 2258 
2995 2907 3369 2942 2989 2912 2963 2753 2824 2922 2761 3004 2715 2878 2806 2911 2991 2928 2800 2736 2646 3041 2915 2895 3010 3058 2777 3172 3090 2809 2778 2741 
2438 2631 2768 2591 2772 2961 2594 2504 2517 2466 2574 2733 2275 2792 2605 2455 2554 2488 2483 2485 2462 2524 2575 2554 2592 2534 2407 2883 2666 2485 2528 2376 
2329 2405 2837 2521 2567 2686 2618 2421 2392 2591 2339 2494 2359 2708 2621 2403 2431 2390 2198 2479 2347 2411 2203 2460 2628 2522 2437 2918 2626 2549 2578 2459 
2608 2958 3251 2932 2933 3087 2714 2830 2630 2799 2713 3082 2893 2871 2844 2857 2787 2654 2713 2852 2716 2903 2692 2725 3102 2787 2949 3191 2881 2486 2907 2989 
2762 2934 3083 2889 3016 3043 2871 2907 2583 2898 2738 2810 2696 3033 2846 2636 2822 2689 2581 2671 2659 2595 2768 2972 2955 2785 2804 2988 2932 2712 3023 2752 
2373 2734 2987 2698 2951 2776 2919 2515 2461 2519 2552 2605 2481 2740 2644 2579 2776 2596 2481 2661 2560 2418 2700 2687 2883 2462 2657 2885 2944 2435 2819 2510 
2791 2984 3340 3047 3155 3220 3004 2994 2656 2907 2819 3184 2949 3051 3067 2971 2857 2723 2818 2944 2721 2836 2868 3080 3016 2825 3024 3409 3050 2870 3083 2874 
2703 2862 3051 2731 2970 3037 2799 2970 2443 2797 2818 2872 2820 3019 2784 2660 2882 2711 2555 2781 2700 2658 2731 2781 2913 2736 2790 3237 2961 2510 2921 2875 
2316 2614 2780 2359 2544 2353 2386 2480 2160 2332 2411 2398 2235 2647 2355 2317 2301 2417 2115 2366 2268 2207 2382 2278 2527 2226 2351 2565 2521 2324 2395 2279 
2615 2838 3153 2694 2979 2799 2864 2784 2764 2825 2610 2944 2778 3022 2582 2737 2833 2719 2815 2705 2712 2703 2666 2905 2892 2938 2684 3048 2921 2714 3000 2836 
2271 2545 2706 2664 2673 2808 2497 2401 2586 2342 2458 2514 2530 2645 2675 2611 2361 2444 2365 2526 2447 2307 2615 2592 2638 2495 2490 2648 2698 2582 2833 2410 
2237 2528 2670 2350 2551 2704 2340 2281 2165 2513 2238 2498 2389 2663 2485 2538 2399 2297 2381 2522 2311 2337 2454 2354 2568 2299 2509 2620 2482 2410 2550 2349 
2315 2546 2784 2492 2495 2513 2503 2408 2219 2560 2271 2230 2323 2615 2406 2462 2390 2506 2358 2140 2406 2499 2375 2437 2598 2358 2494 2653 2591 2457 2522 2373 
2175 2389 2580 2423 2511 2641 2254 2147 2264 2228 2313 2253 2263 2360 2372 2220 2362 2161 2257 2287 2151 2246 2375 2247 2443 2325 2351 2463 2568 2221 2522 2128 
2317 2497 2702 2429 2694 2717 2590 2534 2425 2364 2451 2392 2330 2652 2335 2597 2333 2379 2263 2277 2283 2394 2385 2593 2512 2525 2542 2720 2410 2441 2490 2450 
2779 2718 3114 2684 3147 3046 2820 2604 2551 2756 2574 2689 2711 3056 2821 2689 2617 2819 2635 2829 2546 2487 2694 3010 3086 2683 2618 3079 3108 2657 2831 2765 
2897 2905 3478 2924 3140 3218 3171 3078 2815 3064 2889 3278 3068 3152 2887 2835 2998 2876 2958 3089 2938 3116 2773 3012 3165 2978 2956 3306 3328 2954 3252 3008 
2705 2757 3009 2654 2842 2885 2641 2714 2545 2789 2594 2722 2589 2805 2792 2565 2610 2505 2675 2682 2695 2669 2522 2842 2930 2701 2603 3024 2553 2571 2915 2821 
2412 2438 2717 2438 2608 2585 2379 2448 2360 2513 2489 2486 2334 2527 2591 2369 2459 2452 2354 2376 2242 2469 2354 2363 2471 2260 2418 2588 2589 2242 2423 2457 
2607 2757 3154 2665 2826 2776 2782 2607 2439 2716 2505 2673 2683 2839 2671 2469 2571 2481 2483 2654 2465 2629 2647 2801 2847 2560 2687 2811 2727 2762 2732 2581 
2654 2664 3117 2783 2937 3029 2693 2830 2455 2514 2676 2820 2799 2852 2781 2690 2646 2638 2767 2971 2692 2464 2617 2813 3006 2545 2632 2940 2834 2538 2903 2805 
2466 2774 3135 2779 2720 2886 2617 2578 2567 2682 2654 2650 2466 2906 2703 2799 2551 2527 2549 2583 2464 2651 2694 2598 2684 2765 2669 2859 2856 2499 2725 2587 
2333 2435 2675 2588 2443 2593 2501 2343 2261 2201 2416 2649 2148 2587 2620 2181 2327 2355 2191 2470 2274 2374 2498 2448 2425 2266 2331 2586 2474 2197 2367 2349 
2478 2616 2789 2498 2724 2629 2841 2444 2186 2438 2396 2449 2556 2654 2563 2524 2451 2403 2457 2533 2544 2105 2359 2511 2877 2467 2444 2843 2744 2434 2774 2485 
2733 2870 3366 2855 2971 3131 3079 2871 2802 2911 2763 3036 2754 3232 3034 2735 2773 2904 2772 2948 2736 2897 2814 3152 2942 2956 2738 3176 3015 2804 3026 2765 
2669 2810 3015 2719 2952 2839 2585 2779 2652 2806 2678 2826 2586 3044 2819 2660 2622 2689 2690 2615 2565 2703 2734 2615 2665 2614 2731 2856 2801 2613 2829 2676 
2593 2676 3224 2666 2913 3086 2588 2820 2772 2916 2679 2865 2744 2902 2720 2744 2696 2736 2624 2737 2570 2798 2603 2827 3095 2803 2818 2956 2897 2667 2777 2633 
2265 2282 2590 2346 2504 2413 2251 2326 2212 2413 2118 2340 2332 2400 2348 2177 2170 2291 2137 2221 2109 2313 2183 2416 2462 2279 2242 2527 2533 2285 2504 2453 
2619 2611 2905 2728 2776 2742 2808 2647 2248 2628 2691 2750 2667 2959 2624 2477 2570 2549 2731 2672 2644 2563 2445 2802 2832 2432 2491 2961 2878 2475 2944 2715 
2718 2853 3098 2655 3038 3116 2966 2798 2728 2796 2824 3020 2692 2950 2902 2656 2837 2750 2659 2803 2790 2815 2958 2939 2710 2747 2832 3009 3004 2630 2724 2733 
2748 2890 3107 2807 2906 3016 2696 2699 2785 2728 2738 2829 2700 2872 2859 2634 2642 2594 2440 2878 2612 2567 2732 2954 2876 2791 2618 3009 3087 2514 3046 2828 
