577 635 684 759 690 650 645 572 599 446 610 742 634 555 712 592 601 605 544 610 661 667 752 712 590 569 618 872 714 656 580 532 
767 733 782 899 750 703 707 689 787 665 712 857 742 591 814 762 768 747 800 672 712 831 785 817 787 633 690 888 780 759 699 626 
629 646 595 758 729 804 691 613 724 486 631 743 607 610 800 729 737 679 669 589 710 743 737 651 639 570 579 878 719 651 609 606 
578 642 603 673 697 606 627 485 654 450 564 673 576 547 727 572 604 556 554 519 564 579 510 565 605 577 663 785 597 561 694 621 
693 686 748 795 764 725 653 566 712 546 671 771 633 632 807 691 680 659 708 670 665 739 682 685 746 584 738 929 724 591 667 653 
800 790 776 904 907 869 833 791 821 758 734 858 786 718 897 762 859 707 708 690 806 758 872 883 792 625 869 918 903 832 784 673 
677 737 730 868 885 831 802 678 764 635 682 804 757 670 873 714 891 736 702 628 858 736 775 711 725 613 784 909 846 743 878 664 
745 735 766 946 889 857 744 662 769 546 677 893 715 637 957 736 799 696 708 696 751 806 826 832 734 678 814 1033 899 770 797 672 
659 738 691 861 773 812 716 668 758 637 626 834 739 711 830 727 807 666 695 568 777 727 774 750 730 658 740 920 796 751 786 676 
525 605 577 598 558 490 563 541 481 455 504 598 508 436 604 428 570 474 386 476 530 417 622 543 567 361 582 601 612 509 423 401 
468 540 544 665 626 566 623 566 626 462 466 609 577 497 615 550 648 557 544 488 669 538 579 610 522 522 551 698 598 597 622 591 
617 584 562 688 644 647 590 544 748 451 585 681 636 462 774 668 640 594 589 524 589 580 552 627 561 573 606 771 664 579 661 551 
615 608 568 655 673 733 631 528 600 571 546 666 574 648 688 606 619 606 619 637 545 568 708 699 609 507 664 799 684 627 612 602 
618 680 593 669 603 677 644 552 640 491 566 574 533 482 712 592 616 486 620 498 639 655 624 587 657 551 622 667 679 568 602 522 
563 590 581 700 644 673 552 440 633 440 520 606 532 513 708 605 542 467 616 486 608 567 617 577 531 446 668 698 701 557 614 479 
735 793 701 818 887 843 799 814 828 641 773 795 764 720 886 785 762 662 641 637 752 747 777 915 703 644 827 923 789 760 807 721 
600 549 603 656 734 695 647 561 658 448 557 644 600 531 736 599 583 583 542 599 554 634 651 738 561 515 630 888 695 630 512 549 
742 649 756 760 780 766 739 673 754 631 612 820 665 597 818 674 747 626 630 574 675 759 663 702 681 648 754 858 804 758 686 684 
757 664 655 744 745 745 644 663 794 563 615 715 587 561 787 632 685 561 701 600 726 751 747 774 639 630 600 817 649 720 636 682 
628 443 601 586 589 623 562 500 680 529 530 585 504 463 686 591 569 467 540 529 525 564 572 562 541 467 562 666 650 526 512 509 
787 713 813 836 790 763 794 689 735 679 666 776 709 617 800 679 741 693 692 674 706 755 749 778 732 565 796 894 808 731 688 594 
720 613 669 731 706 757 740 657 696 558 719 659 614 546 784 646 742 648 675 616 645 662 652 661 621 522 661 777 716 589 639 606 
771 749 765 830 754 781 739 659 757 658 730 813 676 725 838 707 644 597 664 617 754 676 806 709 643 661 763 823 800 710 773 642 
693 689 643 838 708 758 659 585 724 511 565 786 543 650 824 632 646 624 628 622 694 748 818 735 650 546 619 854 694 655 561 582 
558 637 561 622 630 639 641 475 590 411 611 589 505 448 690 524 643 501 545 553 629 555 567 536 576 507 575 674 646 523 639 460 
575 648 650 692 625 665 681 526 678 529 571 680 650 571 726 601 550 592 597 583 548 607 687 771 562 624 611 754 702 689 615 591 
701 615 633 713 759 691 635 644 706 620 635 728 626 608 703 671 678 606 673 628 640 584 643 699 650 573 705 804 705 628 678 618 
754 664 804 743 774 664 637 611 768 640 680 846 665 554 782 704 633 638 680 676 646 687 652 722 749 647 776 807 808 645 714 623 
741 646 668 709 758 720 580 635 750 613 579 716 704 541 807 675 667 569 603 542 629 663 692 760 682 602 754 862 786 685 709 610 
763 792 797 942 811 892 859 676 738 618 805 834 731 657 871 750 825 710 752 728 820 759 781 806 811 658 832 1004 911 724 738 620 
804 727 799 822 935 948 899 774 816 684 837 834 783 672 906 725 897 809 742 748 773 806 876 880 740 720 786 925 830 801 716 750 
730 705 678 688 640 669 573 593 834 584 592 740 716 538 840 691 621 578 592 564 629 675 732 754 719 724 648 846 719 641 694 592 
