1693 1816 2090 1876 1817 1950 1795 1757 1741 1598 1734 1742 1737 1800 1845 1803 1713 1909 1601 1683 1649 1945 1873 1752 1662 1685 1828 1909 1976 1873 1741 1553 
2336 2358 2658 2368 2276 2374 2227 2158 2354 2142 2351 2329 2033 2227 2328 2256 2408 2388 2278 2146 1998 2562 2423 2256 2366 2357 2340 2412 2495 2204 2247 1958 
1877 2102 2141 2002 2017 2305 1909 1795 2035 1712 1985 2006 1666 2009 2126 1928 2026 1873 1834 1844 1839 2081 2127 1803 1820 1846 1886 2188 2137 1827 1847 1624 
1588 1810 2123 1863 1783 1996 1832 1674 1880 1718 1782 1719 1601 1849 2008 1706 1813 1729 1505 1788 1643 1857 1696 1666 1765 1763 1886 2007 1949 1873 1873 1531 
2047 2454 2634 2385 2278 2537 2151 2164 2175 2148 2260 2340 2241 2274 2428 2360 2221 2096 2092 2249 2027 2377 2215 2118 2375 2145 2430 2554 2360 1945 2258 2157 
2132 2261 2404 2272 2259 2411 2127 2170 2087 2240 2217 2111 1986 2213 2319 2056 2323 2019 1902 2058 1983 2181 2269 2256 2171 2129 2290 2218 2333 2068 2268 1957 
1732 2112 2243 2117 2134 2195 2198 1900 1952 1796 1947 1920 1882 1952 2114 1996 2264 1941 1831 1988 1932 2005 2189 1809 2027 1832 2110 2147 2324 1830 2115 1721 
2092 2367 2649 2396 2397 2528 2254 2273 2177 2077 2228 2398 2236 2165 2505 2301 2292 2060 2085 2203 2002 2301 2370 2267 2149 2123 2375 2556 2475 2135 2350 1965 
2027 2231 2462 2173 2198 2477 2143 2182 1963 2018 2209 2213 2137 2282 2280 2171 2354 2095 1945 2135 1959 2176 2322 2061 2171 2036 2315 2459 2358 1899 2235 2032 
1723 2112 2213 1847 1894 1881 1805 1841 1732 1734 1910 1783 1594 2001 1921 1829 1822 1863 1533 1820 1642 1775 2006 1709 1829 1616 1951 1904 1985 1802 1739 1555 
1864 2153 2346 2040 2074 2120 2084 1925 2126 1981 1947 2124 1981 2118 2025 2062 2190 1964 2072 2014 1904 2052 2103 1985 1975 2170 2047 2213 2174 1980 2138 1873 
1778 2038 2103 2053 1991 2218 1870 1800 2158 1710 1907 1851 1881 1920 2239 2046 1837 1838 1679 1939 1846 1901 2055 1939 1867 1845 1982 1987 2155 1898 2138 1692 
1748 2046 2177 1837 1933 2161 1868 1732 1909 1941 1852 1889 1763 2068 2028 2021 1950 1808 1801 1954 1762 1927 2089 1876 1891 1791 2044 2065 2068 1814 1933 1704 
1717 1966 2095 1907 1736 1976 1837 1766 1760 1806 1686 1514 1566 1827 1907 1830 1836 1761 1636 1517 1684 1987 1849 1705 1830 1770 1917 1903 1969 1771 1815 1526 
1584 1817 1903 1868 1755 2001 1556 1433 1747 1529 1715 1598 1527 1676 1836 1660 1718 1570 1645 1646 1530 1754 1875 1599 1671 1615 1865 1745 2006 1545 1828 1349 
1670 1930 2038 1850 1948 2070 1803 1845 1936 1626 1889 1755 1707 1917 1847 1955 1800 1776 1620 1677 1642 1914 1868 1881 1797 1901 2000 1906 1866 1805 1800 1660 
2017 2097 2383 2041 2320 2438 2080 1931 2010 1966 2103 1886 1987 2144 2169 2046 2061 2121 1927 2140 1801 2092 2165 2150 2097 1956 2105 2301 2385 2046 2052 1952 
2109 2198 2573 2145 2155 2401 2353 2116 2207 2193 2177 2304 2144 2237 2322 2096 2306 2022 2114 2196 2026 2388 2148 2040 2116 2083 2221 2423 2497 2150 2286 1962 
1923 2055 2281 1980 1986 2201 1861 1908 2030 1982 1957 1901 1798 1891 2124 1905 2044 1763 1905 1922 1895 2143 2049 2050 1996 1974 2003 2145 1961 1891 2085 1862 
1934 1910 2206 1921 1986 2159 1843 1916 2134 1847 1976 1986 1739 1891 2064 1901 2008 1906 1831 1867 1754 2094 2043 1801 1870 1782 2039 1973 2160 1667 1911 1748 
1894 2087 2408 1975 1972 2130 2003 1857 1969 1887 1940 1882 1850 1998 2100 1736 1931 1824 1727 1942 1719 2061 2046 1998 1948 1791 2068 1996 2070 2002 1968 1618 
1910 1984 2312 2095 2042 2293 1963 2019 1901 1754 2077 1955 1935 1950 2166 2007 2086 1863 1912 2122 1842 1946 2017 1941 2024 1764 1965 2130 2096 1702 2087 1866 
2012 2319 2591 2258 2196 2459 2107 2098 2263 2126 2278 2174 1996 2379 2270 2318 2100 2120 2111 2093 1989 2252 2328 2094 2139 2229 2306 2274 2401 2052 2222 1943 
1817 2011 2156 2083 1866 2105 1974 1838 1908 1681 1957 2097 1640 2023 2215 1784 1988 1852 1656 1940 1697 2051 2152 1818 1815 1777 1891 2042 2047 1720 1912 1710 
1686 1940 2069 1847 1878 1967 2032 1695 1679 1673 1854 1655 1787 1778 1924 1906 1890 1675 1683 1742 1717 1724 1819 1682 1904 1727 1897 2011 2050 1730 1943 1632 
2063 2250 2603 2245 2084 2365 2285 2043 2210 2098 2208 2266 1998 2348 2401 2125 2226 2189 2002 2189 1968 2306 2241 2257 2096 2221 2088 2342 2354 2069 2282 1844 
2064 2154 2288 2113 2220 2245 1969 2036 2151 2002 2102 2066 1774 2233 2266 1970 2053 2047 1972 2011 1895 2162 2207 1969 1857 1922 2174 2116 2225 1954 2115 1785 
2043 2199 2606 2110 2203 2374 1952 2072 2280 2071 2092 2140 2040 2124 2147 2177 2147 2116 2030 2081 1947 2277 2127 2141 2319 2120 2299 2188 2360 2018 2150 1844 
1751 1732 1997 1851 1830 1911 1736 1675 1851 1772 1648 1695 1652 1737 1900 1669 1760 1722 1561 1681 1548 1844 1800 1792 1805 1711 1801 1934 1969 1767 1936 1703 
1946 2062 2196 2112 2026 2154 2128 1933 1838 1849 2094 2017 1885 2151 2132 1872 2027 1885 2057 1919 1962 2072 2021 2009 1925 1788 1960 2191 2307 1752 2223 1790 
2064 2248 2520 2130 2297 2545 2291 2132 2267 2103 2315 2315 2043 2263 2417 2084 2328 2161 1950 2182 1997 2313 2445 2237 1998 2059 2254 2246 2367 2040 2064 1935 
2001 2211 2355 2092 2066 2349 1885 1948 2193 1957 2150 2099 2019 2023 2299 1993 2012 1927 1764 2106 1862 2056 2191 2080 1999 2031 2054 2140 2417 1859 2235 1935 
