2524 2195 2472 2413 2535 2774 2321 2385 2030 2547 2462 2320 2346 2185 2588 2328 2572 2249 2504 2618 2413 2371 2384 2157 2717 2311 2374 2635 2357 2299 2313 2441 
2957 2721 2835 2569 2950 3138 2584 2862 2290 3032 2734 2703 2731 2636 3089 2684 2899 2466 3014 3003 2800 2632 2831 2511 2997 2666 2712 2818 2927 2727 2789 2717 
2542 2468 2481 2423 2569 2809 2603 2623 2259 2732 2393 2301 2457 2413 2786 2667 2553 2320 2501 2650 2508 2411 2517 2231 2398 2506 2416 2617 2562 2510 2663 2462 
2524 2133 2429 2254 2627 2697 2119 2460 2096 2534 2522 2254 2423 2447 2693 2373 2522 2297 2621 2742 2446 2187 2469 2217 2420 2265 2302 2431 2430 2369 2445 2432 
2645 2605 2777 2515 2860 3080 2527 2489 2259 2919 2826 2357 2465 2648 2983 2753 2647 2387 2650 2817 2627 2610 2816 2424 2605 2633 2574 2742 2592 2697 2783 2629 
2784 2497 2566 2640 2823 3118 2437 2593 2268 2903 2759 2586 2714 2617 3032 2634 2743 2403 2838 2860 2734 2384 2729 2446 2708 2653 2389 2772 2592 2765 2619 2570 
2553 2473 2487 2412 2461 2907 2653 2611 2116 2873 2662 2210 2502 2316 2639 2558 2698 2185 2687 2458 2466 2311 2507 2368 2474 2532 2436 2462 2297 2554 2562 2457 
2829 2688 2857 2633 2838 3150 2624 2758 2368 3023 2896 2580 2829 2724 3026 2688 2924 2625 2649 2911 2712 2447 2787 2315 2867 2583 2708 3066 2650 2587 2628 2720 
2691 2615 2927 2585 2669 3213 2577 2677 2330 2996 2646 2505 2762 2702 2982 2613 2677 2366 2755 2932 2734 2591 2876 2386 2885 2458 2655 2860 2525 2665 2553 2647 
2452 2410 2487 2576 2617 2896 2309 2391 2162 2518 2386 2444 2391 2430 2656 2324 2549 2317 2526 2713 2466 2323 2455 2339 2423 2450 2437 2646 2339 2439 2533 2516 
2908 2698 2989 2711 2843 3389 2805 2764 2277 3049 2988 2570 2743 2539 3111 2819 2869 2409 2952 2946 2692 2669 2823 2514 2981 2806 2787 2860 2728 2598 2783 2736 
2359 2058 2413 2415 2408 2441 2199 2353 1987 2621 2319 2076 2286 2260 2451 2206 2288 2201 2432 2595 2434 2107 2302 2354 2271 2452 2215 2424 2375 2285 2185 2382 
2469 2338 2451 2537 2657 2783 2280 2444 2121 2686 2514 2437 2472 2313 2665 2290 2580 2394 2446 2649 2552 2355 2639 2340 2702 2404 2469 2442 2358 2443 2336 2497 
2454 2406 2427 2268 2683 2637 2378 2569 2111 2777 2326 2374 2545 2255 2590 2346 2599 2180 2315 2353 2404 2383 2512 2265 2748 2241 2386 2530 2464 2270 2291 2469 
2528 2360 2411 2472 2710 2776 2418 2505 2088 2720 2459 2388 2551 2352 2753 2418 2390 2207 2618 2594 2389 2305 2597 2327 2512 2437 2452 2489 2374 2594 2460 2450 
2533 2388 2540 2325 2430 2969 2333 2407 2124 2609 2587 2144 2357 2278 2673 2247 2514 2317 2716 2734 2432 2326 2464 2198 2688 2179 2402 2538 2267 2280 2380 2676 
3020 2799 2871 2853 3045 3490 2931 2862 2710 3269 3047 2736 2982 2600 3153 2869 3104 2678 3115 2990 2778 2714 2951 2615 2894 2806 2973 2979 2852 2919 3068 2933 
2764 2589 2945 2733 3003 3200 2648 2826 2315 3164 2881 2793 2915 2581 3161 2799 2988 2637 2836 3186 2852 2601 2809 2726 2926 2851 2757 2894 2763 2591 2876 2974 
2814 2686 2688 2668 2812 3237 2612 2604 2478 2902 2601 2494 2650 2424 2927 2627 2886 2568 2713 2855 2808 2567 2633 2486 2848 2630 2492 2830 2543 2528 2808 2712 
2530 2529 2645 2368 2694 2959 2300 2607 2371 2920 2583 2327 2434 2505 2780 2450 2767 2257 2745 2682 2631 2456 2814 2357 2721 2291 2395 2524 2426 2552 2492 2477 
2524 2260 2576 2538 2620 2843 2484 2395 2145 2846 2595 2543 2740 2473 2830 2262 2560 2282 2751 2738 2390 2457 2557 2452 2629 2615 2469 2585 2570 2634 2683 2556 
2709 2705 2795 2864 2734 3197 2644 2695 2473 3012 2888 2363 2885 2583 3014 2644 2702 2581 2736 2931 2780 2662 2823 2702 2766 2541 2665 2865 2711 2579 2753 2719 
2466 2494 2567 2450 2685 2866 2278 2417 2278 2685 2597 2220 2492 2400 2815 2222 2597 2501 2705 2699 2460 2382 2757 2331 2540 2298 2631 2566 2328 2479 2462 2399 
2304 2122 2337 2258 2260 2598 2098 2228 1803 2358 2349 2004 2245 2001 2374 2206 2325 1880 2321 2267 2202 2159 2115 2049 2225 2410 2054 2170 2097 2124 2127 2178 
2709 2491 2393 2528 2668 2889 2641 2658 2165 2927 2634 2521 2553 2397 2829 2599 2670 2475 2763 2709 2447 2499 2535 2417 2699 2496 2592 2904 2706 2552 2668 2669 
2949 2643 3141 2840 3022 3351 2946 2935 2583 3203 2930 2582 3035 2798 3294 2673 2975 2521 2897 3177 2937 2742 3042 2638 2955 2973 2646 2881 2724 2780 3013 2892 
2851 2802 2991 2840 2800 3337 2755 2637 2481 3188 2760 2726 2838 2667 3060 2569 2775 2614 2783 2906 2802 2636 2801 2500 2855 2685 2673 2752 2745 2788 2561 2700 
2951 2660 2787 2683 2786 3134 2578 2678 2454 3015 2679 2401 2694 2457 3006 2677 2909 2539 2664 2841 2737 2579 2872 2370 2827 2588 2603 2803 2525 2533 2538 2494 
2159 2128 2307 2230 2357 2660 2252 2240 2082 2568 2429 2076 2267 2158 2481 2272 2300 1907 2395 2485 2185 2068 2324 2091 2123 2190 2157 2077 2098 2263 2355 2246 
2505 2320 2596 2285 2538 2762 2296 2400 2090 2561 2391 2357 2487 2315 2705 2384 2338 2058 2319 2631 2543 2170 2402 2243 2498 2343 2456 2349 2297 2233 2152 2265 
2599 2258 2711 2499 2802 2907 2393 2589 2079 2714 2579 2271 2508 2503 2879 2350 2570 2432 2577 2676 2588 2409 2451 2472 2524 2404 2365 2662 2430 2359 2580 2609 
2888 2635 2900 2629 2962 3129 2522 2764 2408 3136 2787 2535 2940 2456 2934 2769 2862 2450 2802 2779 2743 2634 2862 2477 2888 2726 3010 2911 2651 2699 2624 2714 
