602 371 503 468 713 572 398 533 392 645 587 445 402 577 476 501 608 491 548 503 383 353 470 490 526 478 490 532 455 512 518 470 
824 628 734 718 985 761 556 889 483 722 788 581 586 728 787 738 825 573 779 714 596 441 713 780 721 706 642 718 651 695 747 660 
689 616 680 595 786 659 586 757 542 594 642 454 481 765 657 642 639 384 551 558 556 400 602 634 479 640 506 577 610 682 600 635 
664 506 709 671 881 739 544 745 580 658 791 558 576 778 763 614 681 533 803 711 656 447 743 731 649 696 507 614 606 741 693 642 
790 724 827 679 990 820 582 768 624 687 772 533 560 897 722 758 741 523 680 712 636 538 777 717 645 805 616 660 697 851 697 677 
805 688 753 737 910 789 591 779 553 666 789 533 607 830 915 711 784 563 697 790 598 476 686 678 619 776 564 720 655 805 681 728 
678 638 741 629 851 711 585 861 591 652 755 470 592 706 697 642 773 455 748 655 644 463 736 737 650 641 522 552 618 645 674 677 
757 652 683 689 915 669 510 736 464 663 705 534 598 801 658 675 717 596 574 661 568 413 664 642 643 699 577 682 552 733 659 679 
639 545 719 623 754 726 486 615 548 631 677 476 583 750 620 547 591 489 629 636 592 465 620 611 595 604 517 569 504 736 579 629 
560 537 583 588 789 660 488 673 554 502 698 513 501 646 610 519 628 481 587 597 502 422 619 587 509 743 461 594 517 709 558 648 
812 731 821 723 950 875 652 800 537 702 869 482 628 807 782 733 800 552 673 702 591 569 679 687 680 781 691 679 661 751 716 643 
727 612 719 681 886 729 576 725 595 690 747 501 513 803 822 621 710 569 709 812 567 404 757 746 572 818 560 702 625 880 629 743 
743 601 746 707 940 750 536 781 600 662 728 498 497 791 649 672 792 575 582 710 590 482 676 743 698 742 619 568 581 775 694 755 
590 455 569 425 810 497 463 659 394 591 545 480 439 635 512 556 614 412 522 504 359 332 493 561 527 621 423 581 527 489 589 520 
682 493 686 566 964 633 542 785 518 612 728 524 556 675 735 623 694 486 601 627 489 378 721 638 621 755 490 645 612 614 668 663 
542 463 535 489 644 579 450 605 450 529 648 291 491 622 627 434 614 474 589 587 420 402 574 519 474 508 406 531 465 547 528 527 
790 687 771 715 1065 860 648 900 606 876 902 644 643 813 793 715 918 578 809 705 651 490 803 667 740 757 631 824 733 734 784 817 
698 599 749 665 920 764 505 718 513 649 700 608 557 694 649 674 704 511 660 724 681 391 688 720 676 742 645 555 509 749 627 705 
695 621 707 659 903 732 524 786 529 628 689 521 500 713 655 754 748 517 678 665 660 463 660 697 641 666 545 601 589 672 677 693 
711 646 745 683 872 752 515 771 618 663 713 469 485 678 681 736 751 516 759 688 666 460 769 750 645 678 587 574 636 763 590 710 
684 501 768 510 934 733 479 660 469 640 743 604 616 837 797 549 642 540 601 680 460 417 662 632 582 748 507 714 527 713 739 599 
623 689 740 712 825 768 564 713 510 644 768 417 535 729 713 657 647 464 656 664 667 456 718 599 569 643 550 569 531 726 670 619 
661 600 771 695 960 798 575 721 642 561 831 506 620 786 724 632 757 555 731 671 623 570 818 716 658 779 576 604 579 775 741 646 
590 632 733 590 852 679 480 683 476 507 693 403 515 759 629 608 655 465 567 592 495 425 547 635 589 725 454 527 505 655 599 609 
568 490 440 468 730 515 430 622 395 625 621 443 376 533 537 481 629 348 585 484 372 346 546 401 506 506 468 519 525 535 526 485 
787 596 870 789 1009 823 703 837 661 605 826 528 652 819 897 702 789 529 702 847 698 507 849 804 672 833 558 630 656 772 804 770 
785 680 775 698 878 824 589 757 552 650 779 551 558 751 780 624 706 561 620 685 604 468 665 691 653 829 598 693 647 806 627 702 
778 604 760 714 906 738 585 750 594 718 710 477 616 768 723 688 817 579 773 750 625 485 768 769 668 686 587 699 623 718 723 738 
607 512 684 564 803 682 573 672 504 615 662 433 479 620 698 599 678 413 628 625 502 364 602 604 527 629 485 540 523 541 606 614 
674 592 780 591 871 816 543 687 534 603 669 567 575 724 730 681 634 441 580 695 661 423 633 655 582 719 635 528 534 713 627 643 
853 639 958 756 1023 908 646 875 637 701 864 621 702 926 854 715 792 674 690 787 754 534 792 850 758 805 629 709 644 822 780 784 
735 623 773 624 940 794 530 774 600 733 774 611 622 793 701 668 698 511 709 697 580 477 670 715 625 779 704 695 617 863 606 703 
