4905 4411 4888 5078 4879 5451 4774 4962 4666 4909 4890 4842 4711 4617 5307 4950 4979 5168 5087 5640 5085 4665 5146 4817 5319 5008 4986 5000 4694 4827 4868 5070 
5537 5315 5750 5294 5663 5992 5370 5555 5105 5404 5436 5502 5425 5256 6124 5281 5511 5464 5949 6224 5715 5187 5765 5010 5724 5610 5421 5374 5689 5541 5871 5570 
5042 5088 5468 5279 5084 5680 5534 5444 5202 5275 5209 5002 5289 5208 5878 5701 5260 5526 5302 6069 5297 5049 5493 4940 5217 5497 5284 5331 5164 5431 5688 5472 
4818 4619 4984 4837 4993 5459 4655 5113 4940 4933 5002 4771 4879 5006 5449 5002 4805 5131 5232 5801 5343 4694 5363 4743 5171 4818 4923 4865 4758 4779 5236 4922 
5119 4973 5390 5215 5323 5755 5060 5118 4877 5131 5199 4878 5083 5122 5899 5453 5130 5074 5258 5959 5459 5076 5584 4941 5307 5332 5164 5050 4964 5301 5418 5281 
5080 4861 5128 5169 5299 5637 5234 5002 4764 5118 5244 5220 5439 5041 5717 5142 5078 4958 5386 5803 5400 4842 5637 4799 5233 5355 5059 5236 5052 5421 5238 5318 
5090 5071 5211 5224 5011 5855 5431 5269 4932 5374 5382 4956 5162 4839 5518 5319 5178 5118 5617 5628 5337 4773 5328 5256 5233 5417 5408 5160 4803 5107 5412 5152 
5148 5153 5487 5302 5359 5691 5301 5329 4841 5225 5145 5103 5172 5170 5940 5168 5168 5439 5242 5881 5341 4870 5487 4702 5487 5359 5237 5433 5058 5172 5130 5362 
5138 5177 5577 5390 5084 5785 5182 5149 5100 5219 5240 5184 5311 5293 5672 5275 5004 5285 5361 6059 5619 5044 5699 5008 5392 5316 5580 5529 5016 5223 5392 5437 
4696 4647 4808 5083 5049 5296 4785 4645 4526 4577 4621 4983 4750 4813 5432 4808 5056 4818 5157 5558 4951 4598 5204 4626 4847 4899 5104 5008 4588 4881 4989 5030 
5184 5156 5590 5282 5226 5967 5303 5125 4711 5321 5261 5126 5246 4919 5827 5299 5231 5139 5557 5891 5113 4979 5348 4856 5383 5211 5399 5435 4991 4963 5236 5083 
4810 4355 5114 4980 4778 5122 4924 4881 4642 5028 4948 4433 4846 4704 5399 4879 4669 4939 5036 5717 5144 4603 5133 4838 4757 5244 4749 4768 4657 4861 4958 4957 
4434 4516 4712 4888 4846 5217 4646 4801 4401 4817 4595 4825 4772 4575 5165 4585 4785 5074 4820 5369 4982 4497 5124 4520 5137 4837 4892 4650 4564 4720 4699 4907 
5054 4857 5180 4765 5230 5227 5010 5210 4839 5052 4757 4966 5104 4935 5369 4966 4935 4949 4868 5356 5213 4757 5383 4745 5162 5002 4967 5029 4835 4810 5077 5157 
4892 4856 4933 5157 5167 5374 5077 5134 4858 5113 5001 4814 5224 4829 5530 5049 4737 4977 5158 5632 5142 4817 5468 4817 5006 5063 4903 4942 4802 5179 5213 5068 
4973 4686 5259 4791 4905 5706 5020 4989 4732 4989 5173 4876 4781 4724 5696 4929 5004 5235 5409 5760 5401 4837 5147 4814 5262 4875 5182 5068 4739 4846 5109 5551 
5510 5356 5554 5521 5475 6011 5508 5373 5232 5533 5419 5263 5189 5006 5872 5348 5546 5577 5457 5975 5349 5072 5611 5099 5294 5360 5619 5370 5360 5543 5565 5353 
5007 4805 5413 5300 5373 5749 5032 5290 4801 5240 5200 5302 5225 5172 5870 5289 5244 5371 5346 6061 5279 4986 5320 4985 5239 5263 5096 5219 4950 5015 5446 5425 
5006 5010 5273 5027 5165 5681 5206 5015 4922 5018 4927 5068 5120 4892 5570 5032 5263 5222 5215 5685 5269 4859 5197 4822 5244 5116 4872 5388 4762 4898 5413 5128 
4899 4896 5122 4894 4963 5408 4728 5136 4724 5175 4996 4742 4848 4940 5575 4947 5137 5089 5120 5699 5361 4685 5420 4708 5133 4825 4979 4949 4701 4898 4968 4852 
5011 4871 5374 5222 5205 5694 5043 4986 4813 5251 5218 5147 5375 4925 5811 4954 5076 5332 5492 5884 5118 4959 5231 4993 5317 5260 5119 5032 5116 5304 5287 5161 
5230 5301 5519 5639 5198 6015 5330 5366 5280 5361 5547 5176 5505 5324 5909 5295 5184 5516 5554 6257 5617 5245 5628 5279 5454 5295 5243 5522 5096 5198 5584 5361 
4862 4822 5245 4968 5037 5515 5037 4884 4899 4790 5199 4835 5011 4943 5707 4912 5053 5276 5286 5663 5279 4760 5586 4719 5051 5017 5276 5118 4951 5119 5194 4989 
4799 4536 4975 4966 4817 5296 4799 4901 4617 4838 4701 4596 4788 4644 5284 4823 4780 4895 4951 5335 4796 4504 4799 4634 4691 5096 4688 4577 4660 4861 4818 4972 
5208 4885 4803 5126 4942 5526 5214 5119 4747 5265 5134 5098 5156 4782 5665 5170 5106 5091 5400 5746 5147 4764 5245 4777 5309 5198 5144 5261 4986 5065 5336 5122 
5595 5179 6067 5664 5622 6156 5716 5571 5356 5737 5620 5253 5592 5517 6323 5438 5588 5355 5629 6327 5540 5138 5902 5353 5621 5819 5546 5503 5201 5515 5726 5679 
5195 5227 5580 5445 5220 5949 5216 5199 5196 5519 5116 5225 5363 5189 5790 5161 5089 5416 5381 5975 5548 4982 5550 5016 5375 5235 5456 5309 5125 5335 5175 5158 
5250 5113 5316 5253 5170 5848 5144 5177 5103 5298 5045 4930 5167 4899 5783 5308 5331 5275 5380 5763 5320 5034 5510 4578 5566 5105 5088 5346 4937 4879 5171 5071 
4223 4395 4795 4688 4651 5370 4735 4556 4546 4662 4683 4650 4669 4745 5242 4746 4611 4703 4978 5494 4920 4540 5032 4491 4580 4773 4592 4375 4448 4756 4916 4782 
5122 4889 5424 5120 5150 5562 5058 5139 4874 5191 5050 5165 5408 5039 5601 5022 4699 5130 5109 5733 5529 4887 5319 4892 5127 5285 5093 4975 4885 4918 5022 5081 
4998 4644 5342 5077 5175 5464 5028 5143 4749 4895 5153 5139 4942 5010 5764 5008 5033 5247 5197 5753 5359 4861 5389 5127 5175 5108 5232 5260 4746 5099 5377 5351 
5264 5132 5573 5091 5333 5803 5279 5314 5153 5459 5476 5023 5457 5016 5883 5308 5344 5275 5500 5872 5491 5132 5764 5058 5527 5531 5510 5454 5064 5184 5422 5314 
