4321 3984 4271 4421 4304 4748 4113 4407 4063 4377 4211 4244 4200 4146 4518 4373 4452 4479 4441 5028 4385 4059 4477 4096 4658 4349 4245 4401 4029 4188 4289 4357 
4820 4697 4904 4588 4897 5193 4577 4935 4391 4764 4687 4743 4722 4673 5237 4647 4970 4662 5214 5461 4901 4479 4998 4203 4976 4836 4652 4735 4888 4790 5117 4831 
4415 4560 4768 4521 4431 4960 4808 4911 4514 4765 4422 4378 4682 4664 5128 5081 4702 4775 4724 5381 4577 4438 4803 4181 4557 4779 4587 4716 4479 4733 4976 4761 
4307 4102 4303 4260 4389 4765 4059 4613 4317 4454 4362 4207 4319 4499 4791 4448 4433 4459 4600 5204 4594 4049 4708 4098 4545 4229 4267 4356 4132 4218 4605 4368 
4536 4423 4694 4507 4638 4976 4477 4550 4228 4640 4443 4292 4412 4594 5132 4777 4622 4359 4556 5248 4656 4437 4957 4186 4599 4589 4495 4485 4222 4691 4724 4613 
4386 4224 4367 4371 4491 4855 4355 4399 4074 4501 4446 4465 4643 4405 4799 4461 4468 4142 4641 5008 4480 4101 4777 4018 4603 4575 4153 4497 4294 4682 4566 4495 
4438 4448 4494 4431 4252 5038 4612 4704 4255 4825 4547 4242 4472 4213 4728 4658 4634 4315 4897 4912 4448 4072 4542 4416 4530 4576 4516 4459 4052 4403 4630 4402 
4551 4550 4675 4489 4618 4896 4507 4751 4089 4627 4363 4419 4515 4571 5088 4497 4686 4569 4444 5087 4419 4049 4645 3849 4753 4507 4408 4757 4296 4418 4348 4586 
4520 4540 4872 4641 4409 5014 4349 4584 4377 4672 4422 4514 4587 4658 4922 4621 4493 4501 4677 5357 4752 4335 4940 4213 4783 4503 4770 4857 4283 4550 4622 4684 
4197 4296 4367 4614 4481 4832 4210 4211 4080 4191 4156 4532 4205 4489 4737 4394 4586 4310 4666 5063 4434 4050 4616 4162 4418 4455 4510 4575 4085 4412 4546 4435 
4670 4650 5022 4667 4592 5326 4666 4690 4257 4880 4644 4547 4739 4404 5140 4789 4800 4527 5021 5388 4474 4503 4770 4201 4857 4621 4725 4807 4420 4457 4688 4523 
4290 3878 4505 4339 4182 4472 4329 4473 4074 4546 4291 3904 4321 4262 4710 4340 4225 4269 4423 5075 4481 3976 4480 4223 4182 4616 4157 4260 4105 4322 4316 4375 
3891 4016 4103 4290 4225 4623 3990 4289 3831 4273 3946 4239 4177 4067 4477 4021 4298 4378 4220 4754 4245 3953 4509 3930 4566 4247 4251 4133 3973 4169 4179 4308 
4467 4339 4481 4153 4628 4590 4323 4706 4198 4605 4040 4336 4527 4389 4652 4465 4563 4361 4270 4778 4444 4176 4688 4140 4632 4315 4305 4488 4249 4175 4448 4631 
4447 4415 4351 4581 4669 4785 4409 4686 4216 4601 4389 4321 4637 4325 4911 4554 4413 4378 4620 5031 4334 4164 4815 4170 4484 4403 4316 4369 4246 4637 4608 4496 
4231 4058 4446 4067 4152 4865 4289 4426 4036 4344 4350 4136 4108 4087 4767 4166 4467 4398 4639 4916 4438 4088 4381 3943 4671 4080 4346 4304 4007 4168 4516 4771 
5000 4874 4851 4901 4981 5381 4879 4838 4619 4951 4791 4710 4679 4512 5200 4834 5087 4861 4908 5351 4661 4445 5002 4343 4767 4775 4941 4836 4772 4918 4995 4738 
4411 4271 4634 4568 4729 5024 4249 4699 4089 4727 4471 4672 4599 4514 5113 4696 4788 4558 4625 5399 4464 4239 4536 4201 4607 4558 4327 4671 4195 4255 4697 4746 
4446 4412 4502 4344 4497 4970 4410 4517 4308 4474 4221 4303 4535 4184 4846 4474 4739 4476 4512 5008 4468 4229 4518 3982 4674 4433 4133 4693 4061 4212 4726 4441 
4438 4441 4537 4298 4433 4891 4146 4731 4258 4733 4474 4250 4305 4465 4993 4524 4726 4472 4580 5153 4761 4180 4891 4133 4669 4278 4416 4536 4197 4406 4421 4379 
4359 4299 4612 4518 4480 4924 4278 4368 4192 4662 4466 4452 4640 4320 4958 4372 4524 4557 4695 5156 4256 4213 4468 4252 4598 4560 4402 4406 4339 4631 4662 4426 
4584 4774 4801 4977 4562 5344 4682 4837 4623 4854 4770 4507 4904 4770 5205 4725 4776 4769 4897 5574 4814 4563 4957 4579 4824 4586 4570 4946 4481 4546 4923 4767 
4226 4290 4553 4267 4362 4751 4221 4345 4178 4219 4473 4143 4350 4257 4919 4294 4554 4514 4553 4907 4345 4033 4747 3980 4388 4274 4467 4398 4202 4426 4501 4284 
4212 4028 4258 4321 4148 4629 4023 4360 3929 4225 4076 3987 4188 4050 4539 4241 4300 4093 4320 4593 4060 3841 4033 3841 4090 4372 4033 3984 3982 4134 4190 4305 
4663 4446 4235 4558 4367 4944 4617 4673 4208 4857 4472 4552 4632 4338 5020 4689 4660 4501 4825 5181 4498 4206 4643 4221 4712 4586 4527 4782 4464 4531 4711 4582 
4993 4687 5364 5080 5005 5482 5037 5019 4830 5128 4959 4687 5082 5013 5526 4900 5125 4751 4996 5616 4871 4577 5193 4666 5005 5161 4882 4954 4665 4952 5175 5116 
4631 4683 4960 4780 4587 5306 4560 4726 4585 5026 4456 4609 4712 4642 5100 4602 4582 4701 4787 5328 4766 4402 4940 4414 4809 4647 4759 4701 4448 4766 4561 4534 
4608 4605 4663 4538 4510 5110 4478 4631 4426 4750 4362 4333 4576 4418 5011 4682 4798 4516 4640 5107 4532 4356 4806 3957 4849 4409 4355 4780 4242 4259 4531 4371 
3703 3884 4120 3963 4029 4643 4051 4116 3939 4167 4049 4023 4082 4171 4513 4168 4125 3954 4268 4804 4087 3839 4307 3738 4038 4114 3860 3806 3714 4103 4276 4103 
4440 4265 4602 4334 4443 4805 4274 4472 4096 4563 4201 4425 4603 4429 4705 4366 4234 4249 4381 4960 4552 4098 4540 4201 4434 4502 4273 4294 4131 4202 4274 4339 
4296 4020 4486 4230 4356 4608 4180 4491 4022 4344 4153 4308 4243 4317 4850 4276 4435 4434 4445 4951 4423 4147 4512 4207 4410 4225 4281 4449 4044 4288 4637 4486 
4663 4580 4851 4428 4694 5067 4545 4854 4534 4909 4821 4385 4891 4442 5117 4764 4801 4535 4778 5180 4754 4491 5024 4300 4964 4815 4805 4945 4389 4549 4732 4690 
