3209 2844 3084 3129 3207 3480 2863 3132 2831 3188 3044 2950 2963 2831 3283 3027 3199 3034 3132 3363 2973 2937 2979 2846 3456 2959 3053 3298 2872 2897 3002 3077 
3600 3248 3456 3227 3594 3786 3055 3445 3000 3468 3228 3294 3250 3098 3737 3196 3546 3116 3607 3736 3378 3165 3459 3027 3611 3199 3280 3425 3453 3284 3536 3223 
3168 2980 3084 2985 3073 3481 3179 3240 2937 3318 2910 2876 3081 2923 3485 3380 3185 3038 3116 3384 3068 2938 3125 2810 3115 3120 3066 3164 3077 3117 3435 3069 
3169 2734 2979 2960 3197 3401 2691 3138 2939 3137 3070 2840 3103 2977 3363 3086 3229 3027 3227 3501 3037 2813 3103 2808 3220 2797 2953 3005 2949 2858 3175 3000 
3353 3214 3317 3287 3475 3813 3102 3221 3010 3496 3388 3062 3111 3151 3723 3389 3328 3035 3294 3661 3257 3255 3434 3037 3311 3193 3255 3247 3033 3324 3534 3233 
3283 2908 3005 3125 3253 3606 2851 3129 2770 3355 3216 3088 3225 2929 3551 3085 3255 2893 3266 3436 3190 2880 3228 2843 3258 3085 2911 3184 2953 3288 3162 2986 
3367 3167 3194 3279 3192 3807 3340 3429 3074 3644 3425 2980 3348 2966 3500 3397 3500 3016 3509 3405 3242 3026 3243 3170 3313 3302 3213 3195 2873 3225 3392 3166 
3419 3322 3364 3258 3487 3749 3079 3434 2931 3500 3367 3119 3269 3181 3640 3187 3472 3237 3107 3597 3173 2930 3215 2767 3440 3127 3169 3602 3078 3082 3206 3237 
3389 3301 3540 3339 3227 3858 3155 3353 3146 3521 3258 3180 3390 3265 3661 3304 3373 3055 3369 3674 3367 3227 3486 3000 3589 3054 3325 3514 3091 3219 3377 3277 
3005 2934 2914 3236 3116 3395 2759 2978 2727 2933 2912 3043 2888 2870 3212 2794 3176 2863 3039 3282 2961 2858 3020 2825 3010 2882 3057 3158 2701 2992 3132 3034 
3564 3288 3632 3441 3507 4075 3339 3393 2984 3691 3537 3212 3395 3040 3810 3411 3550 3154 3528 3708 3239 3295 3361 3095 3671 3320 3465 3507 3286 3236 3523 3265 
3138 2671 3122 3140 3050 3235 2845 3032 2761 3212 2993 2681 2935 2829 3311 2925 2974 2877 3080 3397 3116 2728 3017 3063 3001 3151 2908 3016 2896 2936 2955 2946 
3010 2980 2946 3191 3211 3452 2801 3104 2817 3215 2986 3128 3043 2788 3355 2928 3215 3132 3045 3392 3071 2911 3221 2959 3456 2970 3140 3027 2917 3017 3023 3068 
3208 3058 3040 2966 3295 3379 2971 3310 2853 3366 2892 3010 3140 2854 3291 3035 3213 2912 2985 3116 3049 2956 3154 2927 3437 2891 3008 3114 2981 2855 3120 3150 
3259 3023 3063 3322 3447 3506 3068 3309 2942 3396 3153 3086 3359 2949 3519 3164 3179 2955 3287 3416 3060 2995 3295 2991 3299 3073 3144 3144 2935 3306 3314 3072 
3095 2889 3109 2935 3003 3610 2884 3029 2878 3121 3111 2794 2872 2820 3357 2903 3135 2988 3265 3420 2971 2942 3004 2812 3496 2710 3061 3105 2836 2887 3119 3274 
3832 3528 3531 3671 3785 4249 3547 3710 3422 3843 3697 3437 3548 3200 3947 3459 3825 3520 3734 3846 3442 3367 3612 3284 3626 3460 3699 3641 3541 3629 3857 3502 
3457 3259 3477 3547 3719 3912 3164 3557 3067 3768 3399 3554 3478 3194 3845 3460 3689 3359 3488 3976 3459 3246 3374 3283 3637 3395 3398 3440 3247 3175 3662 3608 
3546 3336 3351 3350 3460 3940 3236 3404 3189 3554 3228 3168 3333 2964 3660 3335 3561 3296 3363 3609 3456 3149 3264 3141 3568 3264 3182 3447 3043 3193 3629 3270 
3236 3156 3197 3030 3324 3698 2843 3246 3087 3527 3155 2976 3066 3059 3493 3151 3443 3008 3364 3464 3246 2991 3423 2980 3435 2914 3029 3081 2966 3057 3121 3004 
3264 2986 3243 3329 3358 3577 3058 3160 2944 3472 3239 3292 3382 3046 3590 2979 3279 3063 3376 3603 3032 3106 3112 3102 3337 3190 3175 3249 3127 3253 3453 3083 
3372 3353 3367 3559 3336 3881 3174 3365 3183 3518 3406 3020 3471 3065 3701 3171 3327 3219 3335 3730 3409 3246 3384 3262 3431 3113 3204 3479 3169 3134 3465 3296 
3001 3057 3193 3027 3196 3392 2779 2976 2905 3163 3185 2840 3007 2853 3498 2846 3225 3134 3186 3312 2995 2896 3268 2875 3175 2804 3230 3170 2839 3048 3140 2868 
3200 2924 3144 3189 3118 3489 2798 3154 2787 3088 3072 2799 2929 2755 3286 3002 3136 2783 3006 3208 2956 2913 2850 2853 3110 3179 2864 2953 2803 2956 3078 2954 
3311 2961 2914 3151 3179 3574 3153 3160 2793 3431 3117 3028 3168 2842 3414 3144 3250 2966 3310 3389 3020 2965 3113 2935 3246 3020 3145 3403 3120 3060 3262 3094 
3703 3333 3785 3610 3711 4078 3535 3686 3351 3836 3646 3268 3704 3413 4103 3345 3734 3213 3455 3894 3506 3426 3697 3340 3737 3621 3437 3592 3255 3516 3763 3537 
3642 3421 3708 3606 3489 4110 3367 3413 3282 3776 3397 3372 3500 3223 3803 3210 3413 3286 3411 3709 3421 3274 3490 3210 3573 3337 3453 3392 3306 3487 3345 3236 
3562 3338 3386 3402 3414 3812 3115 3385 3110 3579 3222 3083 3270 2954 3691 3275 3553 3211 3229 3607 3321 3249 3362 2853 3539 3084 3188 3431 2960 3139 3323 3106 
2613 2553 2701 2676 2787 3164 2607 2732 2610 2962 2823 2589 2681 2519 3046 2722 2734 2435 2815 3067 2622 2473 2719 2537 2642 2613 2566 2457 2487 2694 2839 2661 
3248 2945 3249 3032 3249 3463 2939 3146 2864 3174 3076 3028 3152 2913 3408 3027 3035 2753 2960 3388 3257 2869 3018 2947 3225 3041 3057 3002 2873 2874 2943 2855 
3144 2775 3260 3094 3294 3475 2915 3169 2814 3224 3066 2935 3082 2991 3518 3019 3173 3096 3192 3346 3124 2933 3046 3087 3213 3002 3045 3225 2979 2964 3336 3177 
3555 3230 3533 3198 3537 3733 3093 3377 3155 3598 3411 3107 3462 3009 3690 3376 3520 3108 3367 3483 3379 3207 3467 3087 3592 3334 3606 3599 3176 3287 3385 3309 
