1131 907 1312 1120 1325 1172 968 1164 890 1334 1207 1091 952 1240 1174 1055 1302 1146 1277 1174 1014 1101 1087 1032 1341 1055 1146 1331 1091 1085 1000 1119 
1561 1296 1714 1481 1743 1649 1343 1649 1129 1702 1559 1416 1328 1602 1711 1458 1627 1334 1720 1553 1450 1315 1576 1344 1600 1448 1456 1671 1528 1454 1429 1414 
1298 1051 1322 1133 1334 1220 1195 1345 932 1319 1188 1053 1043 1361 1375 1272 1291 1128 1215 1224 1142 1124 1211 1106 1036 1250 1138 1285 1340 1267 1242 1233 
1123 884 1289 1058 1354 1141 945 1216 894 1214 1244 974 1031 1288 1296 1077 1234 1121 1238 1277 1144 915 1172 1031 1157 1123 946 1264 1139 1119 1193 1146 
1466 1403 1719 1508 1761 1691 1319 1530 1172 1667 1631 1295 1216 1666 1528 1540 1546 1369 1459 1575 1494 1357 1555 1329 1416 1546 1533 1578 1455 1565 1464 1414 
1366 1188 1443 1421 1603 1484 1150 1391 1079 1444 1427 1258 1246 1415 1617 1232 1383 1156 1444 1468 1337 1182 1319 1108 1311 1419 1211 1436 1301 1347 1211 1333 
1216 1081 1328 1210 1461 1265 1137 1405 923 1339 1269 1070 1151 1322 1220 1199 1374 1006 1349 1205 1252 1025 1253 1205 1200 1171 1196 1185 1169 1213 1168 1206 
1502 1354 1618 1473 1701 1495 1292 1559 1054 1666 1506 1347 1406 1712 1545 1467 1628 1477 1347 1570 1440 1223 1515 1209 1468 1447 1513 1779 1419 1447 1384 1435 
1361 1225 1576 1370 1425 1568 1297 1399 1120 1552 1420 1210 1383 1539 1513 1258 1379 1322 1386 1424 1432 1316 1371 1207 1362 1302 1373 1529 1320 1437 1242 1385 
1162 1189 1371 1309 1516 1341 1127 1348 1118 1329 1300 1218 1163 1421 1330 1092 1389 1245 1297 1334 1274 1202 1278 1199 1212 1387 1249 1427 1299 1279 1246 1332 
1510 1371 1645 1467 1657 1641 1311 1569 1124 1590 1568 1221 1324 1521 1541 1425 1462 1308 1467 1457 1393 1432 1468 1308 1427 1489 1486 1546 1477 1354 1374 1346 
1380 1115 1396 1339 1548 1269 1138 1359 932 1420 1340 1118 1083 1407 1424 1257 1341 1322 1336 1511 1227 1088 1258 1246 1174 1418 1258 1444 1276 1409 1187 1334 
1272 1085 1388 1334 1644 1344 1055 1404 1080 1379 1315 1194 1095 1346 1210 1253 1388 1201 1203 1424 1341 1138 1229 1293 1370 1345 1266 1308 1249 1249 1211 1368 
1144 1057 1360 1049 1449 1150 1061 1260 921 1326 1121 1152 1107 1284 1232 1122 1223 1069 1181 1158 1117 1064 1126 1056 1264 1152 1141 1275 1226 1059 1126 1160 
1084 775 1149 1059 1366 1145 1025 1278 793 1218 1174 1031 976 1142 1240 1119 1088 904 1180 1152 953 889 1163 1010 1012 1152 1071 1083 1125 1170 1035 1067 
1032 930 1192 1016 1169 1166 918 1134 790 1190 1223 804 931 1120 1141 908 1136 1026 1206 1166 949 1041 1108 908 1108 971 981 1108 1069 1013 936 1124 
1405 1209 1454 1434 1770 1592 1293 1530 1161 1691 1523 1312 1321 1533 1560 1341 1609 1277 1581 1404 1352 1215 1500 1185 1363 1414 1490 1599 1426 1381 1396 1426 
1562 1363 1720 1474 1767 1614 1307 1555 1109 1688 1492 1384 1370 1544 1551 1401 1605 1442 1491 1618 1594 1320 1489 1316 1564 1545 1451 1607 1421 1377 1346 1569 
1295 1144 1345 1278 1520 1383 1125 1377 996 1346 1213 1127 1115 1350 1328 1268 1401 1176 1317 1314 1357 1141 1219 1137 1280 1295 1153 1332 1297 1180 1271 1312 
1290 1248 1531 1306 1510 1436 1162 1431 1098 1508 1401 1201 1091 1397 1436 1386 1497 1153 1434 1394 1417 1184 1454 1189 1338 1253 1282 1420 1318 1353 1205 1283 
1207 907 1336 1146 1492 1280 981 1226 865 1297 1202 1248 1186 1421 1356 1026 1168 1093 1291 1280 1035 1096 1126 1160 1131 1297 1073 1291 1165 1245 1287 1112 
1214 1191 1367 1418 1412 1464 1191 1329 943 1451 1429 1027 1172 1368 1352 1273 1321 1178 1290 1387 1266 1172 1347 1131 1146 1263 1298 1336 1239 1275 1223 1241 
1342 1274 1602 1427 1730 1584 1264 1463 1204 1455 1582 1206 1266 1497 1537 1315 1535 1416 1492 1509 1406 1369 1550 1279 1392 1470 1441 1513 1343 1410 1376 1388 
1212 1130 1410 1235 1527 1303 1078 1255 821 1314 1363 1075 1157 1330 1263 1169 1269 1062 1263 1236 1140 1109 1214 1133 1220 1317 1074 1200 1141 1203 1107 1181 
1213 1080 1179 1206 1461 1258 1118 1366 958 1487 1269 1202 1109 1279 1272 1125 1329 1110 1329 1284 1168 1063 1202 1006 1186 1202 1321 1427 1321 1177 1136 1182 
1550 1274 1764 1627 1819 1706 1479 1659 1270 1698 1623 1377 1506 1718 1697 1346 1610 1307 1515 1752 1563 1391 1636 1346 1440 1618 1360 1601 1475 1424 1519 1540 
1453 1300 1546 1409 1570 1586 1219 1448 1046 1552 1457 1329 1230 1457 1513 1260 1449 1285 1357 1444 1358 1221 1349 1174 1357 1404 1321 1488 1437 1388 1274 1380 
1515 1271 1596 1449 1637 1484 1245 1473 1125 1593 1399 1199 1323 1499 1514 1381 1582 1368 1483 1527 1459 1337 1485 1238 1437 1330 1375 1593 1357 1264 1328 1381 
1027 912 1225 1137 1285 1184 1010 1160 866 1279 1178 980 963 1122 1209 1067 1120 882 1162 1168 983 919 1141 990 944 1098 1068 1005 1013 1009 1106 1069 
1197 1175 1497 1152 1543 1411 1112 1232 1040 1327 1288 1156 1147 1341 1399 1158 1230 1042 1151 1326 1380 1036 1188 1120 1207 1255 1272 1273 1091 1175 1106 1178 
1439 1120 1583 1336 1676 1489 1220 1431 993 1492 1461 1219 1304 1526 1491 1262 1441 1325 1343 1458 1422 1167 1369 1339 1296 1406 1217 1395 1281 1389 1419 1336 
1369 1132 1491 1328 1721 1481 1134 1494 1090 1595 1493 1301 1319 1432 1417 1376 1469 1225 1459 1424 1331 1227 1394 1172 1407 1485 1535 1525 1338 1414 1170 1458 
