3795 3404 3632 3739 3726 3983 3398 3676 3377 3735 3621 3559 3710 3471 3883 3700 3842 3682 3689 4188 3549 3469 3777 3410 4033 3611 3638 3858 3404 3398 3446 3672 
4208 3910 4088 3802 4150 4361 3665 4049 3588 3992 3876 3931 4037 3846 4354 3839 4095 3749 4317 4497 3914 3650 4165 3500 4249 3954 3894 3993 4063 3885 4097 3977 
3951 3841 3999 3881 3822 4263 4098 4096 3806 4152 3805 3757 4135 3972 4400 4396 4076 3961 4015 4552 3850 3685 4114 3528 3917 4100 3920 3987 3885 3946 4160 4053 
3719 3310 3513 3535 3710 3886 3228 3761 3487 3662 3576 3389 3721 3653 3910 3660 3676 3643 3768 4262 3682 3281 3859 3306 3750 3396 3533 3570 3448 3389 3708 3575 
3943 3759 3914 3867 3972 4232 3650 3707 3556 4057 3857 3549 3801 3778 4357 4042 3928 3581 3839 4365 3796 3772 4156 3534 3913 3852 3817 3748 3560 3902 3918 3836 
3868 3584 3695 3789 3876 4161 3548 3686 3329 3934 3800 3762 4068 3689 4146 3829 3855 3508 3949 4208 3718 3435 4044 3394 3875 3879 3578 3793 3636 3920 3708 3754 
3935 3752 3809 3865 3718 4341 3966 3959 3656 4214 3992 3595 4014 3596 4106 4084 4064 3621 4147 4193 3763 3487 3921 3723 3906 3963 3914 3877 3469 3720 3856 3816 
4110 4043 4061 3975 4134 4306 3778 4017 3563 4093 3931 3827 4098 3972 4432 3942 4176 3933 3866 4403 3762 3475 4002 3326 4186 3987 3831 4228 3784 3772 3715 3971 
3994 4011 4236 3997 3788 4431 3716 3880 3755 4046 3835 3780 4071 3961 4241 3950 3954 3735 3966 4520 3968 3714 4183 3527 4206 3719 4062 4117 3657 3832 3847 3997 
3680 3660 3632 4008 3796 4073 3447 3547 3349 3513 3526 3769 3679 3696 3992 3650 3856 3594 3840 4202 3583 3382 3853 3418 3766 3689 3851 3920 3352 3650 3685 3719 
4193 3974 4285 4091 3998 4647 3964 3909 3588 4300 4101 3886 4185 3729 4547 4182 4251 3809 4282 4587 3818 3840 4003 3607 4272 3994 4126 4169 3840 3809 3945 3916 
3723 3212 3782 3752 3590 3757 3588 3684 3388 3880 3589 3263 3762 3611 3921 3655 3566 3478 3683 4223 3755 3340 3860 3624 3637 3914 3528 3632 3495 3498 3528 3644 
3476 3513 3560 3726 3691 3975 3379 3641 3286 3727 3497 3690 3687 3467 3888 3492 3759 3665 3590 4044 3542 3375 3882 3410 4002 3600 3667 3567 3466 3507 3461 3632 
3930 3757 3773 3581 3955 3950 3620 3969 3486 4008 3433 3662 3945 3681 3909 3692 3883 3622 3574 3930 3682 3521 3954 3452 4150 3600 3681 3847 3584 3436 3643 3883 
3910 3731 3673 3984 4050 4070 3613 3938 3527 3960 3781 3752 4127 3690 4181 3831 3807 3730 3940 4269 3669 3520 4148 3541 3929 3733 3790 3796 3568 3909 3870 3792 
3655 3437 3725 3474 3467 4101 3450 3565 3329 3621 3685 3342 3559 3463 3969 3539 3687 3501 3852 4132 3530 3422 3671 3300 4002 3373 3604 3660 3339 3323 3539 3922 
4508 4374 4317 4395 4455 4836 4246 4224 4068 4463 4258 4135 4287 4004 4594 4242 4548 4272 4393 4745 4038 3924 4465 3889 4333 4161 4481 4319 4181 4335 4350 4205 
3959 3742 4049 4091 4183 4456 3698 4036 3533 4181 3954 4136 4113 3912 4496 4083 4273 3907 4083 4679 3845 3714 3952 3643 4134 3992 3806 4090 3728 3626 4096 4152 
4101 3898 3937 3973 3971 4464 3862 3871 3763 4051 3682 3780 4068 3723 4271 3970 4211 3864 3944 4394 3898 3636 3911 3534 4156 3942 3656 4091 3546 3671 4069 3882 
3778 3721 3758 3598 3831 4192 3258 3777 3551 4043 3678 3465 3691 3646 4077 3733 4005 3627 3904 4206 3777 3459 4106 3468 3941 3416 3655 3695 3510 3523 3525 3563 
3896 3684 3949 3961 3890 4244 3643 3694 3537 4025 3893 3876 4138 3758 4244 3699 3897 3805 4001 4436 3563 3596 3874 3659 4028 3905 3829 3834 3717 3897 3949 3762 
4030 4047 4000 4311 3921 4568 3850 3988 3902 4239 4066 3752 4375 3976 4399 3971 4068 3993 4116 4690 3996 3805 4176 3843 4155 3871 3848 4168 3763 3777 4056 4038 
3640 3699 3919 3714 3766 3980 3457 3602 3535 3673 3852 3424 3824 3576 4256 3601 3899 3907 3888 4170 3612 3427 4052 3348 3799 3552 3925 3806 3563 3687 3699 3638 
3718 3467 3610 3737 3585 4010 3371 3673 3366 3595 3535 3397 3687 3429 3889 3597 3688 3370 3649 3908 3412 3309 3426 3263 3652 3798 3387 3442 3377 3482 3543 3595 
4041 3749 3603 3931 3801 4220 3853 3824 3467 4118 3782 3820 4078 3658 4211 3955 3956 3784 4136 4371 3666 3584 3944 3535 4009 3819 3901 4166 3824 3749 3889 3898 
4405 4082 4678 4426 4341 4729 4323 4284 4043 4451 4367 3998 4551 4312 4858 4158 4465 3954 4250 4809 4107 4007 4528 3944 4440 4457 4204 4309 3994 4156 4333 4297 
4215 4048 4252 4188 4017 4631 3960 3971 3910 4354 3913 3963 4143 3927 4404 3847 3957 3867 4038 4492 4012 3733 4225 3736 4174 3988 4041 3995 3839 4078 3820 3874 
4197 3979 4025 4053 3992 4485 3778 3907 3818 4192 3814 3688 4130 3824 4380 4039 4238 3878 4002 4467 3832 3751 4157 3353 4193 3839 3761 4169 3611 3717 3811 3820 
3200 3223 3362 3295 3384 3820 3210 3302 3222 3564 3396 3250 3501 3357 3671 3425 3372 3143 3489 3904 3183 3060 3478 3053 3293 3327 3155 3082 3026 3349 3378 3320 
3905 3632 3952 3693 3810 4023 3561 3786 3446 3836 3632 3670 4053 3718 4035 3683 3650 3482 3569 4189 3877 3499 3835 3473 3882 3783 3668 3643 3505 3472 3502 3616 
3761 3476 3843 3662 3812 3951 3461 3642 3360 3729 3548 3599 3752 3657 4110 3606 3752 3711 3769 4103 3664 3463 3743 3557 3857 3618 3656 3858 3457 3525 3816 3810 
4248 3915 4292 3867 4222 4402 3875 4171 3944 4362 4204 3784 4374 3871 4513 4210 4323 3889 4135 4489 4078 3896 4399 3719 4358 4170 4338 4364 3901 3929 3981 4127 
