1689 1444 1819 1759 1911 1806 1568 1737 1298 1913 1819 1739 1520 1675 1836 1670 1822 1647 1808 1865 1615 1681 1535 1540 1957 1696 1654 1987 1764 1500 1595 1732 
2260 1975 2303 2031 2321 2336 1868 2250 1604 2379 2175 2134 1956 2100 2355 2046 2224 1873 2351 2309 2085 1948 2090 1925 2181 2057 2061 2227 2340 1973 2129 2059 
1892 1642 1933 1805 1907 1916 1900 1974 1495 2023 1858 1709 1689 1814 1988 2021 1914 1613 1845 1859 1777 1736 1706 1591 1631 1962 1631 1967 2025 1705 1904 1820 
1849 1600 2001 1770 2065 1949 1608 1956 1505 2008 2015 1745 1782 1876 2079 1768 1972 1773 1987 2087 1869 1667 1821 1677 1855 1784 1675 2014 1974 1682 1930 1930 
1948 1929 2268 2108 2336 2305 1848 2069 1651 2352 2252 1912 1869 2135 2251 2160 2083 1869 2057 2221 2032 1994 2164 1996 1945 2119 2018 2213 2140 2015 2052 2045 
2010 1776 2076 2059 2205 2250 1734 2005 1593 2219 2101 1981 1976 2019 2294 1930 2094 1760 2187 2190 2031 1810 1945 1862 1991 2049 1694 2178 2048 1926 1977 2027 
1881 1732 1985 1851 1962 2006 1829 2052 1551 2199 1983 1688 1856 1810 1864 1878 2032 1555 2053 1826 1811 1661 1775 1881 1781 1876 1791 1812 1773 1692 1838 1887 
2185 1995 2312 2132 2315 2272 2031 2267 1676 2513 2310 2096 2208 2206 2345 2084 2317 2066 2079 2289 2096 1930 2129 1847 2228 2136 2163 2492 2216 1891 1988 2199 
1949 1783 2226 1966 2015 2240 1900 2051 1595 2326 2034 1807 1994 2113 2210 1917 1935 1768 2032 2101 2026 2000 1996 1773 2026 1896 1929 2202 1999 1917 1794 1966 
1721 1732 1937 1922 2044 1984 1595 1889 1553 1948 1840 1841 1674 1906 1944 1689 1913 1732 1830 2004 1892 1794 1735 1763 1777 1955 1733 2050 1902 1711 1872 1867 
2196 2061 2401 2165 2345 2474 2066 2297 1716 2498 2413 1979 2070 2092 2379 2214 2213 1884 2198 2317 2087 2115 2145 2027 2220 2226 2167 2307 2285 1910 2142 2146 
1929 1647 1997 1989 2036 1904 1765 1903 1499 2211 1963 1696 1807 1920 1976 1873 1924 1763 1988 2069 1893 1701 1813 1852 1799 2029 1720 2095 1982 1819 1775 1938 
1749 1546 1863 1912 2137 1868 1590 1863 1449 2010 1868 1785 1694 1767 1845 1667 1858 1739 1724 1964 1848 1699 1725 1842 1941 1805 1693 1930 1872 1594 1643 1941 
1732 1605 1941 1698 2044 1908 1671 1978 1493 2172 1760 1810 1803 1750 1934 1757 1902 1547 1749 1806 1769 1734 1712 1732 1927 1804 1719 1912 1972 1480 1675 1821 
1736 1449 1749 1746 1996 1829 1601 1876 1258 1981 1802 1719 1667 1726 1915 1709 1677 1459 1828 1863 1644 1513 1792 1653 1638 1835 1641 1774 1773 1706 1683 1714 
1725 1533 1784 1612 1726 1896 1538 1739 1278 1951 1898 1406 1547 1635 1766 1541 1793 1590 1864 1825 1589 1675 1638 1473 1804 1573 1596 1816 1751 1471 1543 1855 
2126 1908 2184 2187 2345 2410 2053 2235 1860 2522 2299 2019 2038 2019 2288 2110 2305 1956 2251 2140 1981 1988 2076 1935 1989 2116 2146 2308 2242 1991 2249 2145 
2327 2084 2545 2282 2584 2456 2074 2362 1778 2644 2434 2322 2325 2189 2577 2270 2478 2145 2343 2569 2370 2112 2254 2270 2427 2353 2216 2470 2349 1961 2261 2502 
2057 1847 2137 2089 2187 2303 1817 2076 1668 2262 1986 1901 1845 1908 2141 1964 2159 1920 2022 2086 2140 1961 1846 1910 2019 2075 1811 2150 2034 1745 2046 2029 
1773 1755 2048 1859 2007 2009 1624 2009 1522 2221 1905 1730 1637 1876 1952 1815 2053 1594 1991 1857 1966 1743 1997 1647 1883 1705 1726 1978 1875 1737 1620 1768 
1892 1546 2073 1877 2121 2052 1672 1902 1513 2214 1999 1995 2004 2066 2079 1663 1906 1698 2079 2049 1792 1844 1804 1914 1876 1988 1700 1984 2015 1837 2022 1904 
1962 1858 2124 2216 2056 2291 1972 2020 1587 2385 2245 1811 2126 1999 2183 2002 1991 1836 2084 2174 2034 1928 2021 2048 1923 2066 1943 2152 2088 1859 1996 2038 
1818 1796 2111 1906 2135 2031 1664 1897 1605 2073 2094 1708 1807 1913 2081 1680 1987 1882 2101 2005 1866 1856 2040 1763 1872 1842 1902 2023 1850 1787 1837 1885 
1737 1591 1909 1730 1884 1842 1532 1775 1294 1942 1886 1563 1674 1653 1753 1728 1778 1479 1726 1672 1645 1607 1567 1644 1719 1867 1455 1721 1669 1486 1615 1671 
2011 1745 1883 1933 2058 2050 1869 2093 1529 2320 2033 1931 1863 1838 2068 1887 2021 1808 2066 2030 1808 1828 1834 1839 1962 1872 1992 2260 2169 1741 1945 1984 
2267 1898 2562 2351 2437 2494 2238 2349 1929 2519 2365 2027 2334 2262 2444 2091 2296 1897 2220 2538 2274 2038 2307 2087 2177 2352 1975 2380 2212 2033 2276 2287 
2057 1957 2206 2121 2120 2343 1916 1987 1626 2440 2111 2047 1919 2019 2183 1800 1997 1858 2046 2151 2023 1883 1915 1780 2012 2050 1844 2139 2110 1910 1793 2008 
2163 1917 2206 2136 2214 2198 1881 2110 1726 2372 2039 1830 2000 1925 2195 2045 2203 1920 2013 2124 2064 2028 2063 1784 2028 2011 1910 2236 2045 1771 1834 1953 
1490 1412 1788 1706 1806 1770 1556 1708 1323 1948 1735 1590 1535 1616 1777 1624 1665 1331 1757 1778 1516 1426 1601 1542 1475 1620 1536 1567 1587 1428 1654 1618 
1952 1839 2246 1799 2077 2160 1810 1896 1604 2113 1960 1906 1899 1865 2173 1865 1845 1528 1758 2100 2002 1678 1790 1810 1973 1963 1874 1931 1883 1666 1742 1852 
1984 1579 2143 1977 2276 2096 1760 2070 1453 2229 2128 1790 1901 2034 2205 1829 2059 1878 2012 2113 2017 1820 1901 1968 1910 1951 1795 2088 1975 1757 1976 2021 
2143 1867 2300 1968 2306 2277 1867 2109 1693 2445 2280 1990 2124 1974 2226 2123 2148 1811 2216 2183 2014 1967 2065 1916 2215 2215 2240 2282 2124 1966 1961 2210 
