2510 2776 2530 2488 2322 2700 2899 2744 2354 2715 2531 2615 2429 2465 2302 2635 2626 2872 2499 2383 2546 2388 2629 2445 2312 2464 2665 2451 2781 2365 2556 2288 
2690 2677 2665 2592 2507 2737 2774 2817 2329 2727 2701 2817 2634 2699 2528 2399 2614 2857 2411 2600 2591 2526 2438 2502 2274 2605 2792 2560 2634 2494 2653 2444 
2492 2742 2568 2413 2343 2446 2700 2633 2394 2586 2383 2551 2521 2414 2366 2537 2540 2623 2326 2473 2465 2424 2566 2562 2204 2577 2704 2270 2382 2324 2710 2188 
2371 2564 2511 2338 2060 2240 2655 2457 2146 2364 2196 2385 2251 2456 2271 2316 2340 2621 2271 2123 2232 2316 2194 2281 2146 2287 2426 2297 2337 2266 2459 2221 
2504 2660 2532 2410 2512 2501 2741 2661 2576 2654 2449 2629 2466 2651 2441 2660 2644 2773 2581 2721 2549 2657 2487 2415 2289 2618 2623 2596 2549 2245 2660 2357 
2422 2489 2327 2366 2373 2405 2461 2524 2211 2494 2345 2459 2240 2280 2113 2130 2299 2522 2254 2280 2403 2303 2273 2349 2034 2320 2566 2337 2564 2089 2445 2161 
2550 2841 2534 2586 2596 2629 2990 2623 2339 2746 2306 2466 2548 2652 2359 2483 2726 2802 2490 2522 2527 2749 2596 2414 2393 2380 2791 2465 2601 2453 2679 2255 
2724 2663 2588 2510 2336 2698 2833 2656 2687 2781 2521 2649 2497 2664 2377 2462 2751 2843 2401 2609 2494 2451 2795 2529 2399 2652 2723 2540 2799 2453 2518 2522 
2820 2909 2754 2556 2647 2728 2980 3076 2517 2819 2723 2829 2896 2776 2702 2514 2733 2664 2582 2822 2442 2542 2664 2684 2520 2716 2752 2821 2946 2626 2667 2649 
2372 2538 2217 2279 2308 2570 2568 2577 2367 2542 2327 2350 2183 2359 2367 2445 2528 2572 2248 2420 2287 2319 2250 2242 2204 2249 2433 2471 2579 2326 2542 2125 
2749 2913 2727 2554 2526 2656 2835 2864 2436 2692 2503 2860 2615 2659 2629 2674 2802 2859 2512 2678 2588 2736 2433 2512 2539 2550 2589 2607 2976 2517 2518 2474 
2443 2577 2167 2313 2066 2330 2331 2276 2233 2328 2269 2331 2161 2370 1980 2106 2432 2344 2221 2125 2172 2224 2322 2113 2017 2485 2411 2118 2199 2071 2382 2106 
2417 2438 2407 2252 2062 2369 2482 2446 2196 2656 2328 2287 2171 2268 2216 2290 2486 2568 2231 2305 2307 2130 2298 2181 2249 2308 2544 2177 2351 2307 2496 2181 
2530 2644 2594 2535 2255 2516 2735 2782 2385 2608 2620 2592 2456 2444 2447 2648 2418 2677 2435 2442 2522 2394 2433 2411 2235 2623 2772 2516 2548 2537 2585 2174 
2439 2627 2502 2528 2434 2542 2625 2651 2368 2804 2401 2584 2507 2457 2606 2463 2683 2695 2445 2647 2435 2347 2358 2297 2196 2332 2597 2468 2551 2394 2783 2341 
2524 2787 2462 2357 2275 2607 2662 2727 2506 2532 2542 2683 2442 2435 2139 2379 2663 2698 2417 2475 2223 2288 2321 2429 2342 2378 2623 2483 2456 2299 2564 2466 
2843 3041 2876 2830 2698 2969 3196 2925 2513 3008 2748 2981 2758 2759 2747 2586 2799 2954 2737 2783 2836 2673 2770 2433 2519 2898 2913 2802 2931 2921 2839 2775 
2833 2799 2810 2743 2606 2694 2881 2833 2648 2857 2615 2831 2633 2907 2445 2769 2913 2917 2660 2702 2830 2705 2744 2640 2547 2715 2755 2624 2861 2586 2741 2535 
2586 2888 2656 2577 2543 2702 2910 2732 2510 2807 2493 2635 2504 2493 2562 2533 2698 2805 2484 2647 2660 2576 2630 2529 2562 2584 2687 2524 2856 2758 2721 2485 
2582 2649 2522 2337 2246 2420 2711 2607 2321 2745 2497 2695 2480 2492 2299 2395 2668 2613 2437 2495 2204 2390 2563 2402 2272 2358 2721 2576 2487 2363 2487 2258 
2545 2665 2292 2430 2418 2427 2744 2621 2478 2441 2419 2615 2431 2494 2379 2291 2769 2794 2426 2514 2614 2531 2466 2326 2247 2502 2710 2425 2531 2458 2649 2317 
2476 2805 2539 2828 2479 2771 2846 2858 2651 2811 2664 2766 2811 2767 2436 2494 2651 2926 2694 2635 2590 2612 2502 2369 2323 2730 2757 2619 2617 2520 2908 2516 
2446 2534 2203 2248 2018 2372 2365 2497 2307 2545 2236 2517 2321 2384 2097 2196 2574 2490 2177 2386 2351 2262 2375 2391 2077 2256 2404 2346 2399 2193 2526 2225 
2414 2753 2406 2289 2247 2452 2633 2591 2228 2439 2235 2508 2423 2250 2166 2289 2472 2523 2340 2368 2225 2319 2323 2007 1967 2312 2491 2277 2237 2430 2436 2164 
2693 2590 2582 2573 2577 2518 2915 2624 2418 2597 2684 2487 2485 2686 2602 2539 2522 2643 2543 2510 2637 2380 2483 2328 2337 2745 2774 2534 2702 2549 2740 2430 
3062 3077 2657 2732 2679 2769 2906 3219 2703 2931 2801 3077 2695 2750 2585 2598 2952 2918 2773 2610 2816 2734 2667 2690 2591 2830 2838 2802 2804 2640 2943 2525 
2797 2965 2591 2745 2585 2730 2789 2822 2582 2808 2666 2856 2551 2634 2549 2541 2881 2882 2638 2699 2731 2860 2728 2500 2456 2663 2759 2831 2979 2754 2835 2557 
2788 2830 2571 2419 2313 2611 2689 2710 2421 2731 2572 2657 2606 2476 2266 2359 2713 2750 2559 2413 2571 2517 2764 2436 2363 2562 2644 2602 2783 2481 2693 2490 
1942 2267 2134 2032 1929 1992 2301 2282 2035 2334 2111 2267 1933 1922 1911 1957 2216 2323 2083 2083 2021 2002 1996 1901 1813 2029 2253 2029 2005 1897 2116 1826 
2524 2440 2476 2248 2027 2408 2628 2600 2442 2533 2433 2351 2115 2403 2241 2241 2459 2514 2139 2196 2397 2120 2186 2226 1990 2211 2506 2298 2344 2412 2323 2014 
2195 2433 2415 2220 2372 2303 2417 2574 2196 2479 2187 2396 2287 2251 2247 2294 2338 2300 2102 2475 2248 2387 2266 2318 2155 2187 2404 2224 2242 2134 2560 2143 
2762 2917 2559 2608 2460 2758 2898 2765 2381 2698 2615 2704 2465 2571 2427 2636 2868 2621 2522 2489 2666 2527 2749 2451 2337 2644 2597 2649 2698 2463 2638 2601 
