3780 4127 3997 3796 3511 3820 4067 3945 3736 3902 3723 3893 3680 3638 3756 3895 4157 4124 3831 3550 3759 3550 3599 3681 3570 3785 3916 3582 4138 3786 3601 3476 
4100 4107 4244 4069 3828 4023 3983 4171 3787 4096 4199 4133 3952 4094 4177 3729 4237 4211 3809 3986 4089 4007 3536 3713 3734 4069 4153 3951 4213 3993 4023 3898 
4020 4583 4211 3919 3777 3729 4063 4048 3956 4143 3976 4094 3927 3989 4048 3979 4365 3996 3872 3903 4098 3956 3726 3940 3852 4116 4128 3860 4067 4064 4091 3768 
3663 4004 3969 3769 3380 3300 3878 3786 3545 3661 3491 3629 3523 3834 3770 3664 3935 3914 3617 3338 3580 3599 3190 3320 3540 3694 3620 3652 3746 3689 3615 3697 
3771 4031 3843 3715 3626 3838 3840 3985 3972 3755 3636 3836 3598 3948 3884 3899 4153 3869 3912 3924 3877 3931 3475 3633 3493 3906 3834 3817 3893 3595 3958 3611 
3743 3857 3759 3524 3605 3558 3532 3797 3591 3857 3615 3760 3421 3644 3525 3296 3874 3827 3507 3541 3810 3539 3265 3466 3464 3673 3776 3633 3965 3447 3623 3514 
3748 4224 3899 3686 3704 3610 3924 3772 3600 4002 3543 3666 3529 3960 3591 3533 4147 4019 3756 3616 3651 3943 3466 3291 3652 3542 3890 3652 3872 3773 3797 3458 
4021 4041 3912 3746 3311 3926 3966 3914 3906 3959 3721 3864 3602 3790 3856 3638 4148 3934 3760 3812 3745 3715 3689 3668 3652 3793 3854 3734 4013 3856 3697 3717 
4135 4314 4111 3684 3944 3825 4064 4215 3786 4014 3947 3947 4048 3991 4033 3659 4211 3818 3844 3992 3620 3861 3606 3669 3891 4022 3901 3960 4286 3966 3861 3922 
3836 3973 3771 3741 3599 3698 3785 4035 3954 3903 3687 3623 3515 3731 3892 3790 4211 4032 3756 3736 3757 3756 3219 3382 3672 3760 3768 3735 4098 3912 3791 3536 
3976 4450 4120 3751 3665 3764 3894 4039 3729 3900 3796 4101 3794 3874 4005 3915 4244 4025 3745 3810 3817 4005 3293 3535 3847 3856 3692 3864 4211 3968 3604 3791 
3708 4195 3589 3488 3380 3534 3408 3528 3745 3550 3618 3693 3398 3769 3390 3383 3990 3752 3546 3434 3481 3644 3334 3252 3347 3942 3572 3277 3598 3575 3608 3363 
3665 3559 3633 3253 3071 3323 3537 3440 3310 3539 3461 3305 3098 3333 3509 3362 3754 3573 3353 3335 3358 3338 3254 3207 3384 3551 3564 3192 3512 3550 3588 3273 
3870 4053 4034 3878 3546 3791 3980 4068 3783 3737 3841 3807 3581 3872 3936 3907 3993 4003 3799 3694 3880 3901 3510 3547 3639 4028 3921 3772 3962 3990 3709 3463 
3668 4083 3924 3860 3658 3682 3754 3941 3707 4123 3743 3834 3759 3806 4064 3645 4270 3956 3759 3850 3730 3668 3288 3284 3509 3642 3747 3740 3915 3758 3890 3606 
3733 4120 3826 3780 3403 3747 3871 4038 3857 3639 3810 3955 3660 3620 3561 3466 4170 3885 3713 3675 3457 3523 3307 3538 3549 3697 3768 3701 3834 3645 3808 3709 
4013 4509 4156 4065 3938 3962 4241 4173 3694 4111 3983 4179 3942 4041 4023 3708 4239 4109 4032 3869 4083 3975 3656 3433 3765 4056 4002 4014 4265 4243 3842 3901 
3900 4025 3903 3848 3669 3646 3789 3805 3723 3781 3662 3871 3603 3966 3720 3764 4259 3858 3614 3750 4002 3807 3649 3667 3685 3820 3689 3593 4009 3808 3824 3664 
3590 4216 3856 3618 3604 3699 3883 3777 3592 3792 3454 3814 3553 3597 3679 3591 4037 3882 3520 3605 3739 3665 3411 3533 3646 3648 3635 3663 4133 3985 3626 3601 
3878 4048 3979 3734 3503 3595 3913 3884 3634 3896 3814 3913 3692 3894 3693 3703 4008 3875 3819 3561 3384 3644 3521 3574 3679 3631 4053 3751 3913 3698 3724 3524 
3831 4050 3820 3695 3593 3537 3839 3782 3817 3647 3644 3740 3608 3647 3803 3415 4209 3987 3714 3615 3993 3764 3327 3500 3436 3813 3920 3563 3924 3870 3688 3453 
3961 4371 4168 4264 3786 4013 4105 4278 4159 4209 4129 4148 4076 4310 3930 3839 4241 4365 4092 3886 3907 4031 3512 3610 3780 4175 4143 3988 4173 3993 4207 4093 
3640 4003 3515 3486 3202 3624 3367 3660 3795 3875 3489 3732 3529 3807 3538 3514 4097 3824 3481 3594 3635 3378 3244 3421 3385 3548 3620 3495 3738 3529 3785 3567 
3572 4063 3705 3421 3254 3598 3637 3654 3428 3579 3312 3572 3388 3436 3503 3305 3794 3583 3376 3476 3373 3453 3206 3049 3145 3492 3549 3453 3426 3621 3545 3316 
3976 4213 4180 3983 3994 3838 4074 3987 3813 3997 4074 3858 3822 4110 4255 3937 4177 3973 3906 3889 4137 3684 3500 3459 3728 4234 4101 3962 4178 3987 4042 3868 
4495 4656 4257 4034 3898 3948 4075 4520 4132 4313 4247 4377 3893 4187 4105 3818 4634 4234 4148 3877 4202 4160 3633 3775 4041 4290 4083 4037 4270 4168 4276 3951 
4063 4291 3983 3936 3696 3831 3947 3999 3877 3938 3835 3993 3706 3872 3859 3789 4316 4002 3870 3738 3965 4122 3723 3565 3773 3910 3925 4037 4247 4195 4032 3901 
3939 4201 4007 3620 3391 3689 3810 3965 3638 4017 3760 3877 3659 3855 3609 3484 4107 3957 3751 3524 3764 3721 3653 3540 3597 3791 3895 3851 4249 3858 3767 3853 
3422 3686 3694 3485 3242 3185 3537 3536 3462 3628 3407 3575 3166 3302 3468 3314 3841 3574 3417 3406 3436 3359 3031 3161 3197 3508 3538 3299 3458 3428 3273 3358 
3858 3931 3893 3360 3309 3683 3659 3765 3834 3786 3681 3614 3177 3761 3765 3338 4166 3775 3317 3457 3752 3435 3239 3302 3258 3662 3608 3496 3686 3804 3562 3272 
3360 3870 3803 3544 3537 3367 3545 3727 3493 3612 3349 3577 3471 3480 3654 3554 3772 3583 3393 3593 3515 3550 3259 3298 3445 3352 3481 3427 3357 3538 3672 3449 
4016 4475 3950 3830 3653 3976 4009 4049 3686 3899 4060 4013 3585 4008 3855 4019 4425 3883 3971 3725 3984 3909 3797 3670 3602 3977 3842 3988 4284 3909 3806 3890 
