4777 5034 5192 5048 4625 4926 5157 5288 4932 4885 4716 4898 4790 4876 5044 4797 5488 5443 4991 4497 4891 4732 4703 4903 4679 4962 4958 4705 5280 4728 4663 4477 
5437 5323 5725 5637 5075 5485 5388 5764 5512 5395 5452 5505 5413 5630 5899 4870 5959 5855 5261 5298 5588 5493 4968 5260 5263 5593 5485 5491 5811 5295 5430 5334 
5094 5625 5582 5250 5005 5047 5274 5409 5261 5259 5179 5259 5339 5427 5453 4907 5794 5438 5117 4951 5463 5366 5031 5204 5252 5534 5281 5235 5337 5202 5426 5004 
4921 5040 5388 5181 4585 4699 5166 5128 4982 4739 4595 4983 4872 5166 5236 4624 5491 5314 4796 4380 5016 4875 4507 4803 4850 5016 4714 4890 5011 4711 4829 4976 
5053 5231 5248 5173 4996 5324 5122 5485 5513 4964 4847 5226 5122 5465 5423 5014 5837 5405 5213 4998 5282 5457 4925 5187 4987 5432 5096 5266 5344 4761 5405 5044 
5006 5207 5367 5082 5026 5160 5079 5427 5152 5250 4959 5129 5015 5184 5131 4519 5667 5462 4933 4807 5281 5041 4755 5056 5096 5181 5217 5078 5501 4760 5113 4933 
5033 5493 5476 5216 4959 5028 5332 5271 5136 5265 4990 5056 5133 5442 5264 4691 5852 5611 5204 4834 5147 5343 4868 4756 5211 5078 5282 5180 5445 5037 5398 4738 
5389 5236 5353 5189 4722 5383 5306 5552 5438 5180 5028 5146 4970 5427 5468 4732 5748 5535 5150 5054 5269 5191 5133 5153 5060 5243 5073 5183 5544 5119 5075 5059 
5276 5434 5435 5089 5318 5139 5341 5647 5139 5047 5217 5271 5513 5431 5450 4753 5756 5337 5106 5048 4964 5190 4898 5117 5419 5419 5158 5373 5642 5215 5189 5164 
4815 4902 5008 4846 4755 4839 4758 5243 5235 4932 4645 4739 4672 4932 5141 4712 5563 5187 4751 4649 4852 4908 4222 4602 5031 4780 4817 4764 5108 4828 4816 4563 
5146 5684 5553 5209 4890 5158 5148 5438 5162 5104 5136 5294 5338 5226 5370 4981 5785 5452 5086 4920 5124 5332 4569 4769 5267 5323 5028 5184 5621 5104 4871 5058 
4905 5211 5010 4860 4663 4901 4685 4984 5192 4639 4832 4889 4787 5161 4827 4326 5570 5119 4673 4479 4781 4992 4686 4576 4651 5323 4773 4629 4916 4690 4771 4766 
4834 4618 5023 4616 4368 4673 4629 4811 4696 4696 4578 4651 4356 4803 4819 4478 5252 4960 4536 4542 4741 4685 4583 4515 4850 4931 4683 4485 5021 4691 4927 4565 
4853 4994 5287 5171 4577 4885 5058 5332 4986 4715 4854 4828 4744 5058 5216 4751 5338 5364 4987 4669 5032 4985 4639 4782 4951 5288 4924 4837 5139 4998 4852 4628 
4864 5136 5213 5107 4798 4982 4806 5149 4914 5035 4886 5015 4949 5052 5491 4650 5676 5326 5031 4810 5067 4923 4482 4608 4836 4986 4719 4969 5256 4907 5036 4752 
4764 5289 5259 5050 4675 5033 5185 5515 5240 4889 5104 5183 4932 4969 5087 4577 5590 5275 4970 4779 4659 4790 4702 4872 4728 5085 4990 4931 5244 4710 5098 4881 
5180 5680 5605 5506 5299 5296 5418 5591 5195 5269 5102 5556 5289 5506 5571 4783 5857 5529 5476 5018 5601 5464 5105 4788 5259 5448 5028 5386 5635 5330 5177 5183 
4998 5052 5369 5321 4908 5004 4810 5105 5234 4846 5015 5194 5014 5291 5180 4788 6019 5240 4913 4880 5487 5127 4961 5134 5149 5324 4867 4864 5324 4955 5153 5127 
4680 5405 5191 5029 4926 5033 5197 5215 4991 4983 4836 5099 4988 5039 5158 4659 5741 5368 4895 4748 5105 4966 4821 4984 5005 5143 4853 4961 5530 5146 4941 4829 
4895 5081 5263 4921 4700 4847 5062 5140 5015 4930 4920 5079 4889 5130 5038 4673 5478 5083 4956 4546 4760 4914 4814 4922 4983 4960 5167 5038 5134 4755 4995 4683 
5003 5151 5284 5030 4837 4835 5098 5190 5228 4849 4789 5004 4913 5058 5393 4504 5807 5522 4995 4771 5250 5149 4560 5010 4921 5244 5074 4753 5299 5007 4903 4877 
5065 5467 5527 5688 5017 5294 5251 5629 5598 5275 5364 5537 5511 5648 5372 4809 5814 5756 5379 5038 5290 5514 4822 5054 5190 5624 5255 5225 5515 5119 5665 5410 
4957 5211 5080 5023 4610 5162 4650 5096 5333 5121 4923 5249 5067 5318 5108 4762 5839 5477 4829 4724 5066 4907 4588 5043 4928 5147 5014 4873 5181 4762 5233 4986 
4784 5142 4900 4735 4558 4845 4837 5029 4771 4555 4503 4847 4773 4742 4957 4358 5236 4940 4624 4534 4641 4773 4458 4343 4603 4846 4722 4722 4791 4864 4716 4519 
5002 5079 5462 5137 5024 4950 5218 5186 4957 4917 5030 4982 4902 5269 5549 4711 5506 5187 4949 4810 5325 4838 4583 4716 4949 5451 5153 5123 5323 4950 5302 4899 
5742 5855 5809 5600 5213 5345 5424 5866 5531 5467 5444 5702 5338 5589 5509 4890 6194 5693 5384 5100 5635 5569 5009 5112 5614 5771 5356 5307 5776 5390 5559 5410 
5189 5508 5397 5340 4977 5268 5174 5336 5301 5038 5056 5275 5179 5287 5295 4950 5934 5486 5128 4809 5373 5473 5027 4999 5272 5395 5156 5468 5654 5304 5316 5278 
5119 5351 5518 4900 4704 5056 5210 5547 5192 5331 5005 5185 5002 5445 5162 4613 5728 5504 5031 4611 5177 5055 5066 5035 4931 5224 5253 5253 5629 4996 5060 5218 
4458 4752 5102 4809 4442 4483 4675 4879 4948 4650 4689 4846 4600 4471 4837 4305 5385 4962 4616 4405 4682 4603 4334 4475 4546 4921 4715 4481 4792 4518 4393 4672 
4954 5119 5332 4891 4638 5075 4854 5218 5311 4916 4988 5051 4739 5110 5254 4351 5927 5257 4669 4586 5280 4981 4600 4814 4918 5193 4815 4869 5060 5034 4983 4731 
4620 5171 5479 5105 5084 4915 5060 5270 5040 4945 4843 5072 5095 5097 5369 4797 5549 5290 4856 5012 5164 5035 4739 4922 5118 5011 4858 4912 4974 4968 5309 4988 
5337 5595 5373 5217 5026 5317 5278 5582 5232 4992 5290 5384 5026 5390 5373 5091 6090 5425 5254 4768 5355 5351 5186 5120 5120 5479 5091 5437 5581 5200 4979 5217 
