1324 1154 1197 1148 1122 1116 1286 1228 1134 1310 1276 1227 1019 1264 991 1240 1279 1368 1043 1257 1400 1190 1227 1355 1141 1215 1322 1103 1273 1077 1183 1191 
1512 1390 1489 1401 1342 1364 1441 1415 1277 1503 1606 1499 1202 1542 1145 1278 1401 1506 1173 1460 1562 1381 1311 1472 1203 1454 1507 1437 1393 1274 1527 1392 
1232 1366 1245 1256 1066 1135 1254 1203 1114 1311 1180 1242 1213 1248 967 1203 1168 1352 1046 1345 1362 1322 1242 1275 1104 1228 1277 1075 1166 999 1287 1263 
1145 1241 1322 1165 957 973 1224 1169 1078 1142 1167 1167 994 1240 1036 1162 1096 1264 971 1172 1237 1219 1095 1215 1096 1236 1192 1109 1136 1008 1128 1257 
1377 1313 1275 1341 1206 1227 1348 1388 1364 1425 1339 1355 1156 1443 1149 1410 1347 1388 1267 1514 1467 1417 1318 1444 1104 1449 1233 1350 1331 1150 1362 1345 
1315 1305 1211 1322 1273 1173 1292 1332 1133 1373 1381 1321 1097 1255 1028 1127 1212 1250 1210 1303 1442 1221 1144 1239 1054 1356 1402 1272 1343 1044 1288 1263 
1213 1331 1163 1241 1134 1124 1326 1112 1107 1334 1061 1142 1139 1260 997 1121 1280 1172 1066 1336 1352 1302 1248 1225 1102 1174 1271 1104 1152 1031 1131 1183 
1592 1523 1573 1476 1336 1354 1581 1443 1532 1571 1563 1489 1399 1696 1241 1447 1577 1586 1352 1578 1623 1475 1552 1595 1351 1607 1545 1544 1563 1313 1406 1646 
1425 1514 1409 1305 1212 1253 1503 1492 1309 1403 1459 1443 1382 1512 1195 1294 1333 1301 1270 1495 1393 1347 1343 1473 1256 1575 1364 1426 1524 1206 1317 1401 
1195 1250 1186 1226 1131 1161 1296 1218 1213 1268 1285 1218 1056 1334 1123 1200 1322 1298 1040 1352 1385 1385 1191 1262 1147 1230 1288 1205 1344 1100 1256 1165 
1542 1554 1566 1471 1350 1465 1596 1434 1346 1439 1482 1555 1343 1630 1310 1481 1502 1495 1287 1486 1603 1564 1259 1478 1277 1581 1426 1437 1628 1275 1337 1390 
1256 1296 1149 1299 897 1103 1086 1071 1106 1264 1215 1188 1041 1272 868 1159 1197 1249 1058 1269 1335 1178 1250 1216 973 1344 1324 1095 1116 981 1248 1267 
1194 1001 1182 1076 956 971 1115 1017 1030 1226 1135 894 916 1171 934 1086 1093 1149 902 1098 1298 1018 974 1048 1001 1146 1136 940 1087 970 1089 1154 
1290 1194 1390 1285 1074 1155 1287 1327 1172 1393 1323 1350 1120 1364 1000 1337 1178 1262 1022 1259 1432 1159 1186 1313 1100 1368 1354 1184 1255 1104 1169 1205 
1139 1065 983 1167 1041 1055 1091 1060 975 1306 1106 1080 1027 1102 893 947 1153 1121 1003 1218 1173 1091 1072 1060 974 1086 1165 1008 1114 880 1141 1171 
1278 1248 1115 1120 1000 1081 1146 1153 1064 1130 1248 1156 977 1192 761 1064 1170 1243 1021 1185 1270 1169 1039 1279 1037 1189 1223 1110 1124 983 1137 1215 
1349 1384 1483 1419 1375 1288 1551 1323 1225 1469 1402 1364 1313 1482 1307 1194 1320 1333 1224 1394 1640 1367 1290 1265 1174 1505 1462 1347 1393 1277 1404 1431 
1731 1685 1678 1703 1452 1410 1624 1654 1581 1608 1623 1696 1392 1810 1301 1613 1647 1739 1474 1713 1841 1679 1461 1693 1517 1684 1609 1560 1675 1477 1620 1621 
1359 1358 1348 1373 1181 1156 1445 1320 1237 1404 1237 1348 1233 1342 1143 1190 1353 1285 1171 1311 1509 1438 1224 1369 1407 1280 1391 1221 1439 1271 1262 1426 
1290 1134 1253 1135 998 1016 1265 1089 1029 1380 1229 1262 1139 1207 965 1039 1211 1116 1002 1351 1162 1131 1291 1201 1050 1115 1378 1254 1220 1017 1109 1207 
1236 1233 1090 1307 1130 1113 1268 1219 1214 1263 1251 1315 1088 1237 1046 1139 1311 1338 1120 1362 1424 1305 1117 1270 1141 1415 1388 1205 1163 1117 1417 1228 
1393 1386 1329 1476 1362 1222 1405 1426 1400 1508 1365 1355 1266 1509 1116 1238 1396 1494 1329 1441 1548 1362 1297 1333 1202 1536 1392 1301 1284 1245 1374 1444 
1204 1211 1133 1257 1040 1089 1214 1156 1163 1270 1307 1250 1053 1320 943 1112 1318 1310 1062 1346 1454 1256 1179 1266 1040 1262 1242 1223 1280 1000 1304 1242 
1155 1200 1115 1100 1003 932 1106 1096 1002 1088 1057 1117 960 1045 810 1055 994 1103 942 1254 1235 1131 1027 1110 827 1101 1105 1052 961 952 1107 1047 
1495 1397 1472 1415 1282 1256 1514 1401 1351 1449 1583 1353 1290 1562 1220 1336 1327 1411 1266 1401 1607 1254 1325 1424 1248 1595 1520 1400 1444 1239 1474 1457 
1675 1507 1367 1497 1367 1341 1458 1620 1446 1527 1581 1533 1266 1534 1213 1240 1491 1533 1424 1389 1740 1478 1357 1577 1261 1597 1457 1518 1532 1283 1574 1476 
1390 1328 1178 1331 1173 1121 1296 1321 1258 1364 1282 1406 1068 1296 1087 1203 1386 1344 1200 1350 1515 1527 1232 1395 1197 1313 1388 1365 1437 1268 1343 1242 
1550 1424 1425 1252 1131 1185 1347 1282 1222 1398 1458 1367 1294 1389 1081 1147 1378 1286 1224 1271 1569 1305 1462 1358 1127 1461 1332 1321 1404 1267 1335 1392 
962 1009 1016 1001 973 861 1120 1172 974 1103 1075 1075 826 975 883 944 946 1044 959 1100 1186 1089 883 985 821 1051 994 994 958 877 1006 888 
1423 1204 1354 1266 1067 1173 1297 1267 1295 1331 1392 1212 941 1319 1056 1141 1181 1289 1035 1203 1405 1108 1098 1207 1025 1274 1297 1158 1295 1141 1154 1165 
1195 1204 1223 1199 1150 1080 1288 1314 1068 1248 1083 1177 1074 1274 987 1162 1200 1206 1020 1349 1311 1327 1133 1374 1106 1147 1215 1152 1107 999 1293 1208 
1481 1437 1442 1449 1268 1316 1513 1336 1203 1466 1444 1257 1167 1438 1183 1350 1500 1379 1276 1451 1644 1427 1331 1407 1180 1508 1357 1400 1381 1162 1321 1501 
