685 556 596 522 520 594 651 648 644 677 667 735 487 714 427 679 696 737 531 685 792 670 789 702 524 709 754 618 678 578 625 593 
930 739 800 731 689 796 809 867 779 855 886 900 669 941 513 765 819 856 661 860 902 852 885 857 633 825 921 856 854 732 853 787 
586 582 615 538 477 571 604 644 590 588 585 661 507 661 427 649 567 751 464 685 692 745 710 670 512 598 644 618 505 478 735 589 
411 466 488 431 296 317 468 476 453 403 443 529 344 554 304 531 439 592 311 472 498 557 572 554 436 516 483 483 425 427 486 511 
789 760 699 628 660 698 805 809 792 806 863 839 637 872 608 777 755 804 720 865 823 850 905 851 542 835 737 792 746 658 819 811 
697 590 548 517 607 579 648 693 556 650 755 638 454 586 397 566 616 622 631 603 767 599 623 592 459 630 661 690 673 524 630 632 
587 577 508 480 482 574 580 523 563 590 556 477 443 626 458 535 579 571 456 698 610 621 673 617 421 520 623 544 544 428 588 519 
842 798 798 694 695 723 810 788 875 813 908 804 697 994 607 786 877 888 738 902 888 863 1022 900 643 914 839 923 877 729 831 880 
786 822 726 610 692 669 785 816 779 731 887 801 707 902 576 712 711 779 728 826 782 746 813 851 632 869 779 831 807 663 795 834 
679 691 585 621 602 681 729 685 736 669 753 711 577 835 571 658 774 740 549 758 789 810 786 708 618 711 746 742 735 597 731 659 
827 806 770 597 648 756 784 687 669 697 804 783 626 880 576 714 806 801 620 746 820 865 743 780 535 814 755 738 821 664 736 707 
687 599 572 530 429 526 586 587 615 572 695 605 442 649 381 594 599 700 531 605 723 628 762 665 487 621 656 608 530 522 667 609 
617 566 562 496 502 532 603 546 564 617 644 550 437 669 488 642 622 674 512 617 755 654 652 556 449 694 609 519 592 524 593 600 
639 610 645 551 510 560 612 730 608 685 761 659 477 684 428 676 545 610 477 607 815 620 659 692 464 698 699 616 690 559 659 581 
488 370 397 407 487 446 471 486 436 552 523 503 407 492 333 371 474 492 483 586 518 488 530 438 321 494 513 446 394 407 517 515 
613 552 448 445 425 490 462 555 499 496 603 580 393 589 231 503 529 629 460 557 603 554 507 595 389 554 566 600 487 451 531 530 
642 608 608 631 691 683 797 716 718 719 775 681 616 783 514 583 797 765 610 777 857 748 827 680 524 751 748 708 731 591 757 714 
947 891 790 739 608 703 776 841 818 706 845 922 656 960 552 794 795 894 678 854 890 911 889 909 702 862 892 858 869 781 860 838 
617 618 550 545 536 563 622 631 581 584 630 628 504 689 455 543 638 590 500 638 675 689 660 595 595 607 647 576 637 541 589 652 
786 619 688 544 609 588 688 631 619 747 735 734 512 720 520 604 704 656 591 759 681 733 834 725 495 625 761 790 682 613 651 648 
515 484 392 474 497 464 567 560 569 479 596 616 424 510 429 522 586 622 507 599 659 628 618 506 436 627 631 561 473 475 658 478 
607 599 503 541 646 543 616 654 724 599 713 631 532 727 438 578 678 786 670 702 757 691 737 636 536 710 642 631 597 563 658 718 
790 733 662 641 613 696 764 780 786 746 828 811 622 881 507 672 796 875 626 780 865 804 853 822 556 795 806 793 776 642 793 746 
701 678 550 529 522 561 537 628 606 518 595 575 423 577 379 610 538 649 514 724 675 663 602 625 346 587 638 672 525 504 670 585 
754 652 587 603 550 656 705 722 784 654 853 685 599 836 476 683 733 777 666 712 816 673 785 752 540 838 742 776 762 566 763 694 
903 764 670 657 694 717 715 883 806 781 902 872 626 851 549 633 805 857 759 763 912 860 865 837 563 829 898 889 853 681 885 741 
728 669 578 578 629 524 639 718 690 644 730 786 477 682 513 680 693 738 650 731 805 810 748 725 546 649 766 734 723 669 715 632 
808 692 735 607 620 585 710 689 690 716 855 790 603 771 524 620 775 748 643 734 877 751 915 753 503 832 797 796 763 734 807 719 
473 478 443 405 434 443 504 585 506 479 545 551 310 435 365 507 449 536 442 533 561 578 501 478 271 509 509 506 440 379 499 433 
710 546 582 526 453 531 603 625 593 617 718 615 440 691 386 531 541 606 498 552 696 519 639 633 422 580 674 651 650 513 605 571 
624 609 531 545 547 592 575 623 561 635 547 608 470 664 471 542 562 664 433 687 648 740 668 695 429 507 657 622 538 458 733 578 
778 683 696 578 590 673 750 687 609 675 746 602 544 769 432 652 740 711 582 756 828 733 806 689 490 741 702 729 636 538 648 760 
