4319 4636 4647 4583 4100 4414 4725 4734 4359 4429 4335 4443 4361 4303 4477 4410 4826 4932 4551 4062 4392 4201 4196 4331 4185 4523 4594 4165 4801 4389 4188 4036 
4712 4710 4923 4946 4507 4670 4743 5088 4601 4796 4875 4729 4765 4817 5053 4321 5085 5090 4585 4637 4806 4765 4249 4499 4495 4978 4937 4705 5008 4748 4676 4610 
4546 5027 4940 4729 4382 4340 4775 4803 4556 4663 4641 4598 4689 4638 4824 4403 5010 4756 4579 4420 4834 4632 4381 4587 4523 4919 4814 4539 4734 4756 4815 4395 
4238 4482 4611 4429 3994 3950 4528 4503 4221 4181 4052 4217 4140 4428 4463 4100 4576 4608 4179 3834 4273 4094 3809 3988 4092 4462 4215 4230 4427 4254 4159 4312 
4349 4520 4510 4447 4247 4478 4535 4798 4711 4298 4258 4469 4338 4642 4709 4435 4848 4673 4632 4401 4562 4581 4128 4357 4206 4734 4508 4495 4671 4237 4660 4304 
4361 4539 4644 4409 4347 4288 4388 4755 4369 4576 4395 4407 4290 4381 4399 3976 4751 4787 4290 4263 4634 4260 4090 4308 4277 4514 4650 4424 4786 4176 4404 4196 
4422 4819 4707 4627 4402 4344 4774 4698 4343 4717 4323 4296 4437 4718 4470 4138 4954 4976 4527 4288 4421 4666 4194 4053 4420 4412 4697 4467 4745 4540 4634 4103 
4739 4642 4669 4638 4083 4676 4757 4894 4747 4579 4495 4560 4423 4585 4765 4230 4907 4895 4517 4489 4605 4444 4475 4445 4397 4663 4584 4520 4913 4566 4385 4439 
4775 4901 4840 4585 4639 4517 4833 5084 4494 4600 4700 4561 4902 4716 4870 4215 4984 4754 4609 4566 4372 4535 4349 4409 4694 4849 4704 4700 5110 4694 4567 4604 
4189 4422 4345 4245 4123 4120 4294 4678 4545 4384 4185 4057 4047 4214 4488 4242 4766 4647 4288 4209 4251 4199 3737 3969 4220 4294 4419 4192 4556 4355 4272 3943 
4491 4930 4751 4512 4248 4319 4596 4759 4326 4491 4456 4551 4470 4447 4655 4398 4835 4753 4377 4324 4394 4550 3879 4100 4373 4546 4437 4470 4868 4518 4162 4273 
4289 4652 4261 4151 4005 4077 4093 4283 4383 4001 4190 4161 4129 4328 4107 3757 4658 4448 4080 3950 4158 4196 3997 3868 3890 4719 4251 3949 4195 4153 4136 3977 
4211 4017 4271 3988 3669 3928 4172 4150 3927 4104 3984 3920 3662 3965 4167 3870 4310 4357 3952 3917 4027 3915 3881 3833 4084 4286 4173 3752 4300 4151 4214 3852 
4291 4544 4649 4596 4066 4331 4617 4783 4366 4287 4444 4324 4227 4431 4602 4326 4636 4736 4460 4195 4499 4448 4107 4184 4317 4729 4534 4308 4597 4684 4372 4037 
4236 4555 4507 4526 4196 4250 4321 4606 4244 4519 4350 4319 4393 4421 4708 4106 4882 4708 4349 4323 4412 4255 3943 3870 4089 4287 4286 4350 4630 4430 4453 4095 
4343 4772 4725 4672 4140 4486 4692 4971 4626 4318 4572 4642 4462 4339 4427 4108 4974 4834 4490 4364 4227 4236 4182 4377 4175 4659 4537 4418 4667 4276 4565 4356 
4483 5021 4761 4795 4527 4485 4792 4848 4309 4588 4517 4688 4570 4618 4721 4217 4818 4789 4718 4462 4809 4554 4379 3969 4369 4733 4483 4570 4937 4801 4392 4436 
4423 4547 4601 4650 4355 4318 4406 4555 4526 4388 4368 4452 4334 4565 4531 4296 5017 4665 4278 4372 4761 4401 4337 4419 4393 4682 4387 4181 4758 4432 4463 4418 
4123 4835 4552 4430 4265 4350 4639 4560 4282 4409 4256 4413 4366 4270 4490 4153 4802 4739 4278 4171 4437 4247 4135 4233 4312 4540 4360 4305 4919 4665 4275 4221 
4334 4465 4613 4331 4056 4061 4495 4502 4196 4359 4318 4309 4280 4416 4348 4117 4528 4454 4331 4025 4041 4153 4108 4157 4289 4279 4586 4278 4475 4204 4260 4079 
4433 4648 4612 4471 4213 4199 4549 4652 4650 4280 4260 4371 4321 4301 4651 4014 5016 4845 4411 4255 4732 4472 4025 4308 4220 4669 4650 4222 4712 4540 4384 4127 
4467 4837 4844 5031 4421 4592 4718 5008 4869 4810 4711 4766 4773 4896 4750 4295 4910 5136 4734 4527 4633 4681 4122 4338 4453 5046 4748 4579 4892 4627 4957 4749 
4286 4607 4265 4375 3910 4357 4094 4474 4506 4475 4264 4428 4309 4533 4330 4136 4929 4806 4228 4180 4343 4076 3926 4266 4090 4495 4436 4184 4564 4243 4517 4261 
4172 4577 4338 4211 3936 4218 4339 4470 4129 4107 4010 4168 4103 4052 4313 3835 4470 4391 4102 4030 4075 4128 3892 3668 3813 4257 4234 4137 4170 4295 4175 3877 
4454 4647 4874 4674 4538 4365 4765 4691 4341 4468 4616 4370 4457 4703 4943 4307 4788 4647 4458 4367 4754 4242 4055 4064 4388 4965 4730 4522 4809 4578 4691 4387 
5062 5163 4968 4853 4518 4511 4797 5265 4758 4829 4756 4863 4479 4808 4703 4285 5272 5011 4743 4476 4871 4764 4306 4380 4731 5088 4769 4580 4999 4792 4835 4610 
4570 4853 4646 4682 4304 4444 4596 4715 4502 4521 4467 4580 4471 4498 4598 4364 5040 4809 4540 4267 4639 4737 4396 4267 4418 4694 4640 4716 4956 4769 4647 4528 
4569 4763 4759 4301 4009 4352 4581 4813 4330 4641 4371 4497 4395 4555 4396 4041 4847 4808 4366 4045 4496 4308 4327 4338 4254 4595 4653 4484 4946 4515 4334 4552 
3997 4245 4408 4184 3909 3818 4194 4338 4242 4192 4123 4155 3896 3870 4235 3868 4584 4415 4043 3989 4129 3951 3769 3905 3788 4290 4233 3916 4205 4073 3850 4017 
4452 4552 4655 4250 4053 4349 4428 4710 4616 4472 4385 4307 3962 4487 4685 3866 4976 4686 4104 4125 4618 4211 4024 4173 4108 4523 4347 4243 4497 4527 4367 3991 
3984 4447 4660 4475 4301 4112 4425 4620 4260 4334 4133 4294 4347 4220 4515 4115 4611 4546 4211 4369 4395 4236 4015 4123 4262 4271 4285 4102 4242 4365 4557 4240 
4647 5051 4657 4584 4348 4546 4783 4909 4427 4434 4727 4565 4361 4599 4624 4498 5162 4705 4661 4246 4641 4504 4562 4355 4295 4799 4603 4612 4982 4635 4340 4554 
