3144 3476 3172 3080 2878 3238 3430 3266 2902 3255 3160 3224 2955 3026 2898 3191 3455 3348 3140 2951 3087 2912 3061 3053 2839 3101 3136 3062 3455 2974 3070 2815 
3326 3318 3342 3178 3066 3321 3322 3336 2812 3306 3402 3379 3133 3299 3182 3016 3335 3344 3059 3174 3238 3230 2902 3028 2919 3233 3294 3249 3307 3147 3212 3001 
3412 3781 3428 3210 3139 3150 3446 3318 3128 3418 3322 3441 3306 3290 3210 3336 3618 3303 3186 3240 3336 3245 3224 3384 3075 3463 3465 3220 3334 3297 3478 2989 
2970 3175 3105 2899 2582 2679 3231 2966 2657 2816 2751 2904 2711 3104 2807 2921 3072 3089 2866 2634 2809 2875 2685 2762 2718 2885 2870 2960 2901 2898 2925 2817 
3106 3356 3193 2941 3005 3040 3205 3214 3095 3174 3056 3193 2928 3225 2990 3182 3389 3229 3246 3238 3138 3152 2945 2964 2782 3191 3083 3170 3099 2866 3199 2887 
3079 3174 3006 2866 2972 2981 2944 3022 2816 3152 2972 3132 2771 2927 2757 2720 3138 3071 2879 2892 3102 2925 2753 2898 2738 2989 3103 3040 3257 2765 3031 2688 
3154 3554 3142 3070 3077 3107 3419 3084 2854 3280 2906 3010 2975 3275 2813 2958 3371 3295 3151 3015 3057 3352 3049 2894 3011 2882 3273 3099 3191 3091 3186 2766 
3485 3452 3354 3130 2837 3359 3365 3267 3234 3457 3227 3294 3068 3278 3090 3101 3616 3398 3178 3182 3194 3091 3227 3133 3094 3240 3260 3224 3463 3198 3152 3087 
3487 3592 3389 3052 3191 3245 3473 3551 3022 3394 3354 3392 3425 3387 3250 3089 3445 3142 3262 3324 3054 3233 3091 3112 3173 3298 3248 3454 3573 3315 3187 3200 
3109 3375 3037 2936 2910 3139 3124 3270 2996 3215 3044 2979 2749 3046 3040 3096 3388 3176 3016 3093 3058 3047 2758 2868 2939 2927 3024 3156 3311 3124 3137 2782 
3413 3725 3404 3139 3138 3192 3291 3368 2971 3231 3212 3459 3152 3290 3160 3257 3510 3330 3103 3295 3248 3334 2864 3028 3149 3195 3084 3292 3548 3213 3002 3104 
3023 3414 2783 2854 2732 2896 2837 2848 2845 2936 2905 3067 2697 3078 2584 2711 3241 2900 2907 2799 2820 2898 2860 2744 2597 3209 2976 2803 2927 2809 2971 2687 
3093 2969 2984 2712 2566 2756 3005 2829 2606 3058 2936 2756 2539 2828 2757 2787 3124 3050 2781 2767 2760 2772 2823 2700 2794 2926 2967 2699 2847 2931 2978 2683 
3229 3319 3335 3159 2857 3161 3361 3365 2882 3115 3258 3243 2904 3198 3063 3252 3181 3271 3173 2960 3105 3137 2996 3059 2915 3243 3278 3244 3278 3285 3077 2731 
3114 3347 3201 3222 3054 3132 3238 3228 2932 3420 3083 3211 3089 3143 3250 3106 3569 3183 3139 3228 3048 2954 2830 2844 2860 2971 3128 3243 3298 3068 3352 2880 
3038 3387 2961 2919 2746 3096 3099 3200 3058 3002 3133 3180 2952 2923 2590 2823 3386 3152 2963 2893 2744 2815 2753 2922 2879 2921 3016 3030 2988 2843 3083 2947 
3592 3870 3576 3464 3356 3470 3806 3562 3105 3633 3480 3686 3389 3471 3325 3252 3676 3517 3513 3363 3536 3420 3249 2988 3262 3521 3497 3586 3663 3741 3398 3322 
3395 3373 3342 3313 3092 3112 3343 3252 3038 3292 3175 3369 3090 3447 3027 3239 3634 3330 3134 3173 3387 3167 3190 3196 3065 3296 3191 3151 3475 3251 3282 3074 
3137 3565 3202 3040 3066 3253 3366 3205 3004 3295 3033 3308 2994 3098 3124 3062 3458 3281 3016 3159 3221 3162 3070 3075 3092 3163 3108 3138 3535 3411 3211 2996 
3206 3236 3139 2897 2790 2851 3206 3049 2766 3235 3092 3222 2924 3047 2755 2912 3281 3077 3050 2924 2668 2883 3014 2863 2829 2914 3180 3118 3054 2954 2989 2716 
3278 3361 3080 2989 2990 2938 3236 3119 3040 3079 3107 3190 2922 3090 3031 2801 3510 3320 3114 3022 3264 3093 2909 2945 2840 3122 3296 3009 3198 3143 3184 2841 
3232 3632 3373 3465 3073 3449 3517 3448 3264 3489 3402 3434 3359 3458 3104 3106 3514 3468 3374 3274 3217 3323 3008 3082 2984 3468 3392 3355 3365 3239 3506 3197 
3090 3378 2852 2827 2561 3061 2826 2972 2999 3247 2902 3124 2876 3123 2726 2853 3402 3025 2865 2992 2957 2806 2777 2963 2719 2910 2968 3031 3117 2905 3205 2823 
2977 3421 3052 2735 2728 3042 3108 2987 2749 3004 2783 3031 2825 2848 2736 2809 3142 3012 2868 2872 2751 2809 2728 2544 2542 2877 2928 2933 2804 2966 2907 2670 
3456 3455 3387 3268 3290 3184 3497 3241 3050 3291 3430 3219 3087 3453 3315 3241 3441 3232 3287 3206 3398 3058 3030 2940 3073 3479 3367 3389 3427 3303 3391 3123 
3844 3882 3426 3332 3222 3310 3512 3760 3334 3597 3621 3731 3237 3427 3227 3230 3839 3506 3515 3218 3466 3459 3110 3291 3305 3491 3429 3502 3539 3427 3600 3204 
3424 3621 3214 3276 3091 3240 3354 3375 3085 3293 3271 3400 3035 3261 3075 3114 3591 3352 3296 3222 3311 3477 3231 2980 3058 3219 3224 3526 3548 3420 3346 3132 
3431 3607 3328 2919 2823 3254 3254 3241 3040 3349 3222 3252 3055 3216 2877 2938 3492 3312 3166 3055 3214 3180 3251 3054 3016 3232 3202 3297 3557 3227 3258 3046 
2686 2986 2925 2625 2499 2566 2867 2771 2564 2910 2765 2868 2409 2631 2580 2617 3026 2814 2707 2689 2727 2667 2475 2543 2432 2771 2819 2667 2690 2657 2628 2490 
3189 3170 3202 2809 2633 3022 3148 3047 3037 3173 3020 2997 2600 3133 2920 2795 3328 3088 2741 2739 3068 2711 2705 2826 2639 2915 3036 3010 3027 3099 2876 2547 
2759 3115 3005 2852 2882 2838 2903 3082 2690 2985 2780 2931 2782 2866 2806 2849 3132 2776 2753 2922 2875 2959 2706 2795 2731 2706 2824 2941 2836 2785 3090 2706 
3517 3834 3296 3336 3137 3403 3565 3438 3023 3344 3447 3473 3053 3413 3108 3412 3738 3286 3384 3179 3348 3308 3391 3220 3015 3377 3200 3485 3602 3302 3285 3231 
