2001 1982 1892 1871 1695 1922 2058 2030 1826 2076 1991 2031 1824 1805 1677 1936 2063 2177 1769 1860 1973 1821 1861 2042 1820 1842 2114 1860 2055 1595 1888 1879 
2118 2065 2220 2125 1906 2056 2122 2162 1875 2170 2258 2234 1977 2037 1896 1895 2067 2237 1747 2091 2154 1966 1886 2170 1779 2078 2244 2124 1991 1820 2103 2040 
1908 2054 1999 1962 1658 1865 1953 1968 1884 2051 1803 2018 1974 1794 1729 1884 1997 2080 1679 1925 1941 1873 1900 2095 1663 1911 2081 1861 1787 1640 2026 1901 
1773 1850 1951 1762 1352 1560 1857 1811 1663 1758 1697 1775 1644 1691 1612 1722 1776 1943 1529 1576 1732 1691 1591 1827 1557 1740 1880 1767 1678 1539 1747 1851 
1904 2017 1909 1855 1714 1795 2023 2078 1955 2020 1895 2073 1777 1912 1727 2103 1996 2151 1888 2078 2003 2065 1812 1999 1656 2014 1962 2030 1908 1579 1993 1944 
2024 1974 1873 1998 1785 1850 1942 2032 1802 2036 2008 2041 1853 1796 1622 1695 1891 2042 1826 1904 2048 1820 1771 1895 1595 1868 2135 1988 2019 1560 1974 1893 
1896 1975 1747 1916 1686 1763 2025 1858 1665 2008 1695 1829 1861 1755 1583 1716 2020 1948 1673 1879 1877 2028 1814 1831 1692 1673 2026 1779 1782 1617 1816 1799 
2230 2123 2137 2073 1850 2003 2157 2049 2187 2266 2136 2167 2051 2143 1840 1984 2236 2257 1849 2158 2066 1956 2164 2184 1935 2146 2259 2125 2178 1804 2038 2220 
2119 2200 2181 2072 1854 2031 2199 2369 1971 2209 2182 2200 2254 2095 1942 1912 2098 2073 1902 2173 1940 1963 2009 2273 1893 2171 2084 2262 2297 1836 2044 2208 
1832 1951 1809 1846 1658 1889 1988 1944 1903 1988 1875 1867 1715 1771 1801 1853 2040 2065 1679 1913 1809 1898 1766 1900 1737 1756 1950 1966 2047 1722 2036 1806 
2147 2220 2144 2090 1927 2092 2150 2161 1903 2093 2052 2203 2006 2021 1926 2021 2169 2240 1819 2081 2042 2150 1763 2064 1919 2027 2052 2122 2244 1811 1968 2075 
1700 1737 1570 1780 1222 1587 1553 1566 1572 1694 1691 1684 1498 1629 1287 1504 1702 1674 1460 1538 1663 1563 1578 1641 1363 1733 1769 1556 1507 1282 1677 1654 
1881 1785 1860 1734 1468 1694 1757 1785 1736 1987 1795 1674 1674 1658 1612 1665 1901 1999 1567 1718 1765 1592 1595 1788 1669 1704 2003 1660 1649 1611 1885 1819 
1908 1895 1991 1967 1563 1771 1927 2048 1832 1957 1975 2053 1835 1820 1755 1993 1820 1996 1736 1842 2014 1780 1723 2004 1681 1924 2093 1920 1896 1724 1872 1771 
1790 1851 1767 1971 1653 1833 1800 1877 1783 2030 1865 1932 1824 1645 1809 1720 1949 2002 1682 1946 1805 1758 1674 1810 1591 1765 1996 1857 1781 1597 2009 1946 
2012 2068 1909 1859 1648 1947 1922 2073 1952 1955 2015 1942 1747 1765 1607 1796 2077 2117 1707 1924 1799 1797 1669 2046 1796 1901 2045 1985 1879 1669 1968 2052 
2079 2257 2306 2235 2047 2124 2295 2148 1972 2306 2165 2213 2189 2062 2118 1950 2189 2292 1983 2132 2289 2080 1981 2034 1900 2203 2312 2251 2174 1947 2238 2328 
2225 2182 2179 2240 1905 1975 2154 2174 2022 2180 2114 2259 1934 2249 1726 2142 2272 2284 1950 2120 2268 2111 1978 2202 1932 2165 2148 2109 2174 1880 2164 2099 
1957 2102 2053 2060 1833 1921 2052 2003 1954 2164 1873 2065 1952 1810 1906 1867 2118 2099 1817 2038 2075 2022 1907 2059 2044 1928 2077 2018 2147 1879 1980 2141 
1940 1917 1962 1847 1602 1770 1935 1866 1768 2118 1959 2112 1974 1798 1684 1776 2042 1969 1721 1970 1690 1799 1865 1946 1682 1777 2132 2107 1876 1572 1901 1922 
1840 1943 1697 1927 1703 1698 1929 1916 1823 1795 1884 1992 1785 1767 1657 1734 2078 2139 1732 1876 2009 1923 1647 1885 1644 1939 2044 1935 1877 1656 2062 1861 
2002 2088 2037 2290 1844 2029 2066 2211 2180 2238 2163 2203 2159 2123 1864 1926 2132 2245 1959 2052 2123 2034 1913 2056 1839 2166 2127 2067 1935 1800 2230 2130 
1814 1843 1779 1881 1468 1764 1749 1802 1803 1946 1810 1912 1837 1801 1517 1654 1993 1986 1600 1828 1885 1780 1757 1969 1550 1756 1878 1916 1824 1534 2044 1833 
1610 1814 1675 1636 1399 1527 1648 1706 1491 1665 1532 1668 1550 1412 1335 1542 1659 1753 1447 1684 1601 1598 1394 1565 1281 1571 1756 1564 1428 1462 1680 1609 
2128 2008 2090 2160 1885 1989 2267 2111 2010 2124 2274 2077 1967 2038 1980 1969 2018 2172 1922 2018 2150 1890 1887 2015 1847 2243 2261 2107 2108 1871 2158 2083 
2315 2245 2056 2200 1897 2033 2089 2377 2043 2270 2216 2341 2047 2018 1855 1879 2189 2296 2025 1959 2210 2144 1899 2247 1937 2195 2245 2210 2042 1846 2300 2155 
2171 2144 1959 2122 1781 1907 1986 2161 1985 2170 2119 2228 1853 1900 1840 1970 2224 2190 1921 2054 2187 2232 1968 2111 1883 2015 2111 2241 2217 1882 2184 2048 
2222 2202 2064 1925 1677 1896 1937 2043 1875 2149 2121 2097 2046 1895 1625 1762 2195 2103 1862 1845 2050 1924 2068 1974 1794 1982 2033 2117 2066 1810 2065 2100 
1599 1736 1667 1638 1513 1538 1786 1797 1630 1837 1731 1768 1486 1471 1534 1604 1743 1871 1576 1688 1722 1606 1477 1599 1397 1670 1802 1656 1555 1431 1682 1551 
1947 1672 1841 1768 1349 1681 1837 1805 1848 1829 1879 1708 1485 1672 1603 1562 1759 1839 1478 1543 1838 1504 1530 1809 1456 1659 1853 1717 1703 1628 1692 1588 
1722 1747 1804 1811 1637 1682 1770 1947 1684 1882 1651 1859 1687 1681 1601 1679 1735 1801 1541 1906 1745 1874 1599 1927 1642 1635 1792 1754 1650 1475 1972 1755 
2120 2188 2076 2138 1748 2065 2158 2002 1866 2191 2095 2032 1887 1954 1793 2061 2268 2080 1897 1963 2249 2001 1974 2090 1770 2111 2053 2187 2079 1709 2052 2181 
