1921 1726 1941 1865 2048 2077 1779 1975 1849 1890 2004 1836 2124 2174 1952 2069 1776 1908 1908 1698 1644 2012 1950 1823 1812 2045 1908 1967 1863 1875 2327 1908 
1980 1650 2053 1678 1894 1745 1801 1828 1845 1942 1857 1646 1934 2130 1865 1896 1717 1544 1803 1732 1608 1915 1754 1810 1770 2009 1728 1872 1761 1714 1933 1910 
2057 1779 1871 1832 1956 2057 1794 1668 1980 1836 1843 1889 2038 1935 2009 2162 1704 1925 1844 1660 1744 2008 1775 1642 1853 2115 1720 1918 1830 1919 2204 2025 
2044 1658 1998 1934 2139 1859 1841 1884 1778 1856 1902 1788 1933 2024 1891 1949 1843 1817 1779 1718 1770 1897 1826 1908 1610 2049 1719 1949 1959 1714 2135 1997 
1741 1725 1856 1849 1963 1961 1872 1674 1912 1800 1698 1615 1944 1887 1812 2024 1904 1763 1733 1787 1546 1949 1677 1931 1626 1854 1626 1775 1830 1666 2023 1849 
1837 1461 1717 1740 1909 1956 1769 1573 1813 1979 1607 1663 1911 1898 1803 1883 1600 1620 1551 1628 1520 1825 1605 1746 1595 1962 1632 1735 1655 1700 2027 1715 
2406 2006 2008 1871 2289 2342 2177 1782 2184 2083 1895 1935 2157 2020 2038 2248 1961 1828 1893 1923 1818 2024 1966 2163 1908 2176 1898 2021 1939 2071 2136 2146 
2012 1598 1952 1698 1947 2008 1665 1588 1811 1737 1822 1617 1974 1959 1825 1929 1794 1802 1822 1497 1806 1826 1657 1900 1683 1969 1593 1897 1870 1762 2190 1718 
2012 1784 2124 1891 2121 2178 2028 1927 2040 1964 2013 1737 2094 2139 1856 2192 1946 1940 2066 1817 1903 2135 1989 1760 2019 2008 1841 1928 1854 1848 2153 1981 
1629 1527 1758 1711 1892 1804 1611 1661 1607 1826 1802 1657 1908 1693 1583 1842 1668 1607 1574 1569 1627 1885 1869 1632 1582 1812 1624 1741 1620 1551 1904 1773 
2049 1652 2044 2029 2093 2041 1974 1901 1921 2072 1835 1724 2114 2065 1898 2007 1875 1940 1975 1773 1892 2071 1854 2077 1805 1964 1863 1903 1955 1885 2297 2084 
1908 1633 1715 1632 1835 1758 1588 1545 1758 1579 1693 1769 1758 1752 1700 1949 1634 1849 1607 1504 1381 1749 1596 1492 1468 1794 1542 1769 1589 1772 2044 1681 
1921 1651 1730 1721 1753 1926 1710 1605 1673 1920 1687 1623 2056 1918 1873 1983 1721 1791 1975 1559 1676 1829 1579 1609 1729 1909 1735 1731 1794 1776 2031 1774 
2019 1846 1921 1662 2056 1881 1967 1923 1869 2058 1890 1741 1975 2031 1843 2085 1830 1948 2037 1692 1706 1983 1902 1838 1746 2011 1752 1927 1983 1955 1992 1975 
2191 1905 2097 2117 2023 2082 2035 1966 2109 2065 2154 2005 2181 2244 2064 2334 1965 1983 2025 1862 1688 2111 1870 2129 1921 2248 1846 2081 1945 1910 2307 2113 
2167 1844 2143 1939 2247 2190 1927 1818 1901 2051 1973 1880 2133 2238 2178 2102 1876 1879 1905 1687 1878 2057 1896 1884 1822 2242 1856 2074 2073 1811 2397 2110 
2382 1954 2138 2087 2226 2321 2120 2003 2216 2169 2198 2037 2317 2209 2112 2381 2158 1974 2172 2141 2085 2324 2200 2062 2000 2345 1943 2189 2226 2050 2385 2337 
2021 1963 2110 2088 2133 2136 2044 1762 1829 1965 1936 1829 2149 1787 2085 2106 1845 1884 2002 1805 1822 1958 1980 2091 1870 2172 1939 1895 1926 2050 2172 2122 
2189 2026 2134 2003 2184 2289 2080 1968 2215 2051 2042 1966 2236 2260 2041 2370 2022 1881 2007 1963 1887 2200 1977 2008 1933 2260 1979 2151 1991 1926 2263 2099 
1921 1742 1882 1867 1860 1951 1894 1845 1821 1634 1900 1601 1973 1890 1931 2070 1826 1916 1878 1612 1684 1744 1738 1745 1450 1877 1648 1741 1805 1752 2074 1921 
2129 1892 2138 2074 2171 2110 2088 1853 2022 2047 1833 1791 2201 1986 1975 2204 1961 1960 2020 1790 1720 1980 1961 2090 1862 2074 1860 1890 1953 1986 2175 2171 
2236 1976 2203 2103 2318 2100 1970 2000 2066 2051 1999 1959 2254 2160 2007 2201 1963 2059 1946 1832 1838 2151 1973 1973 1931 2267 1808 2085 1906 2018 2345 2201 
1741 1552 1671 1575 1752 1747 1562 1403 1538 1627 1624 1577 1910 1758 1694 1851 1530 1559 1533 1398 1406 1797 1415 1550 1587 1709 1571 1572 1426 1503 1799 1649 
1926 1709 1827 1744 2054 1868 1785 1732 1715 1844 1764 1718 1855 1890 1834 1977 1709 1815 1802 1655 1658 1960 1668 1868 1737 1898 1712 1857 1737 1857 1927 2049 
2024 1783 1802 1942 1994 2038 1915 1785 1922 1958 1894 1813 1841 1909 1893 1994 1804 1700 1851 1705 1813 1906 1866 1845 1677 2007 1804 1810 1809 1801 2024 1921 
2200 1929 1983 1943 2251 2054 2004 1877 1999 2199 1911 1896 2207 2269 2074 2217 1818 1903 2018 1963 1862 2088 2028 2049 1977 2262 2112 2012 1890 2044 2321 2183 
2199 1932 2111 1939 2253 2245 2130 1854 2185 2108 2002 1825 2351 2365 1912 2206 1999 1934 2056 2007 1749 2160 1958 2024 2026 2166 1956 2171 2048 1987 2319 1992 
2134 1750 1969 1933 2119 2079 1930 1720 1945 1890 1760 1644 2156 2077 1921 2216 1805 1786 1837 1824 1905 1991 1791 1919 1877 1972 1749 1886 1847 1792 2256 1937 
1638 1626 1617 1553 1751 1771 1674 1426 1623 1680 1478 1385 1758 1747 1659 1637 1564 1537 1628 1472 1404 1562 1565 1643 1521 1714 1496 1513 1658 1653 1920 1793 
1856 1510 1927 1798 1955 1763 1742 1638 1772 1957 1729 1598 1800 1834 1666 1834 1740 1778 1825 1619 1575 1821 1736 1930 1654 1939 1551 1872 1735 1869 2055 1860 
1806 1588 1811 1581 1855 1956 1757 1707 1760 1725 1829 1753 1754 1873 1760 1999 1563 1714 1762 1493 1631 1845 1602 1524 1769 1911 1697 1715 1662 1706 1914 1923 
2052 1810 2025 1812 2258 2164 1933 1808 2073 1922 1949 1868 2207 2230 2041 2219 1903 1850 1974 1789 1853 2041 1915 1894 1943 2281 1789 2038 1789 1956 2214 2024 
