643 472 655 570 670 602 499 580 495 581 429 491 587 592 594 547 479 553 604 506 526 576 652 570 514 541 619 568 589 616 716 482 
707 441 785 569 738 573 501 587 539 628 430 531 582 646 541 562 526 520 543 580 544 577 584 639 582 636 614 570 607 684 692 655 
768 508 652 562 760 732 557 517 624 565 439 602 668 577 593 732 566 626 582 560 552 652 691 567 577 608 515 671 512 670 845 591 
829 545 802 712 787 770 660 679 615 663 532 660 702 715 691 768 604 697 693 622 709 753 724 761 548 711 687 661 742 735 888 728 
570 491 700 665 691 667 496 577 547 550 377 550 608 578 527 713 586 577 553 592 546 681 531 662 538 509 594 557 563 564 678 534 
692 530 701 676 806 700 669 624 545 671 420 663 679 613 613 692 578 650 602 641 563 656 678 696 517 689 642 611 526 693 812 640 
837 575 786 488 832 790 573 578 675 645 453 643 641 574 615 756 595 607 587 632 609 664 689 676 571 672 526 649 613 717 752 676 
827 546 788 593 818 807 635 665 633 690 521 605 621 680 708 736 628 704 738 545 717 682 668 751 536 695 677 741 714 834 839 658 
610 516 710 563 779 697 637 664 608 576 426 563 560 618 564 729 668 692 660 570 594 660 668 617 568 514 577 610 554 664 760 650 
552 452 653 604 664 561 525 584 457 551 405 532 603 517 511 615 543 566 502 514 517 620 611 564 450 486 562 508 554 550 698 534 
807 601 810 716 896 824 713 672 729 766 469 669 696 700 690 725 684 775 746 670 709 818 837 830 650 691 729 703 735 786 867 774 
739 533 563 600 723 616 545 554 549 515 385 653 629 525 513 719 663 686 520 481 545 629 583 589 480 571 521 593 487 652 845 581 
611 423 478 509 532 543 455 516 384 477 410 441 543 508 578 564 532 537 562 433 548 488 461 503 361 472 544 517 490 640 589 455 
723 578 713 537 781 618 602 660 564 656 455 542 554 607 590 668 656 709 700 497 674 624 675 689 505 612 610 553 679 800 718 607 
754 526 729 670 670 677 563 646 584 568 427 581 696 588 630 735 584 693 583 629 559 664 615 692 510 584 644 600 578 633 818 589 
772 498 746 633 758 692 599 564 564 652 418 559 624 655 702 635 529 596 589 538 636 629 635 675 489 687 622 610 642 602 806 578 
839 547 675 644 842 819 646 621 662 644 541 721 684 645 565 774 665 658 667 709 611 764 820 677 607 689 567 679 669 748 766 748 
901 811 996 885 949 848 745 737 722 911 604 822 856 724 870 871 758 834 856 777 822 792 872 923 713 832 873 783 796 947 979 854 
812 612 898 697 881 848 697 758 654 732 589 674 763 734 716 886 663 702 694 760 675 762 726 733 587 736 738 759 707 775 875 695 
549 455 501 411 595 545 555 556 423 416 398 410 488 494 523 646 532 622 547 375 524 467 485 509 328 487 488 504 479 631 633 517 
764 614 790 677 875 689 673 703 602 729 508 715 698 684 674 777 658 707 681 611 637 645 711 774 572 762 749 693 726 830 895 751 
888 670 828 714 969 749 693 785 684 769 468 730 745 693 665 876 786 829 765 702 717 780 713 810 639 736 721 711 637 950 898 764 
511 420 514 448 542 533 413 459 375 398 321 455 520 464 493 561 462 500 405 395 454 518 360 537 374 432 502 486 464 461 574 479 
619 406 575 520 688 538 501 415 471 506 296 456 492 442 459 579 500 564 482 456 503 534 446 516 390 498 400 522 407 564 599 513 
814 606 748 731 903 825 688 685 648 716 523 696 687 674 718 778 700 708 733 663 712 718 791 730 577 756 641 681 673 785 823 707 
787 646 784 609 989 717 662 662 666 784 376 619 726 737 673 734 572 680 688 706 671 730 713 771 684 756 740 622 614 802 828 712 
703 541 691 560 742 708 635 640 561 629 418 559 672 677 535 683 625 640 609 633 542 728 625 667 581 561 667 625 662 681 810 621 
766 540 720 573 713 727 644 583 602 575 448 520 643 635 587 751 602 647 688 649 583 687 617 623 595 605 545 601 568 692 784 574 
524 521 595 470 660 523 561 491 470 586 374 488 561 556 481 561 495 514 553 506 482 556 594 539 495 509 561 457 527 645 654 582 
674 524 774 622 848 688 622 660 630 780 389 530 625 584 610 713 608 663 687 565 725 695 677 778 556 680 618 626 644 841 823 631 
692 551 717 584 763 637 533 645 536 553 452 637 537 605 635 664 597 636 636 521 625 600 610 593 511 583 618 568 628 647 730 666 
823 642 873 638 949 808 625 688 687 720 489 658 761 718 700 757 679 664 631 678 717 731 699 791 675 743 657 686 622 748 848 727 
