1220 1086 1343 1297 1356 1401 1182 1369 1182 1297 1200 1072 1379 1499 1318 1221 1108 1131 1244 1071 1162 1344 1390 1103 1219 1329 1268 1328 1261 1181 1581 1207 
1347 1072 1419 1189 1295 1253 1198 1310 1182 1383 1120 1075 1343 1518 1258 1199 1101 977 1158 1156 1096 1276 1217 1169 1283 1445 1268 1263 1266 1170 1419 1344 
1506 1275 1276 1275 1395 1486 1253 1082 1354 1281 1184 1174 1449 1378 1358 1423 1170 1120 1207 1133 1174 1375 1360 1107 1325 1493 1172 1362 1195 1265 1589 1349 
1361 978 1345 1325 1389 1307 1149 1241 1112 1341 1119 1123 1277 1373 1284 1249 1137 1146 1160 1149 1284 1308 1241 1269 1126 1360 1178 1285 1325 1163 1561 1368 
1113 1053 1219 1282 1242 1286 1198 1125 1208 1140 919 949 1253 1294 1189 1292 1279 974 1113 1172 1068 1276 1080 1262 997 1117 1035 1112 1133 1038 1383 1201 
1342 1048 1317 1366 1462 1424 1346 1269 1256 1503 1051 1217 1418 1427 1367 1300 1146 1151 1124 1170 1205 1350 1198 1210 1178 1441 1199 1246 1208 1192 1579 1253 
1517 1236 1318 1173 1494 1518 1391 1126 1299 1384 970 1082 1382 1260 1329 1326 1182 961 1159 1221 1267 1286 1306 1275 1218 1371 1174 1253 1281 1273 1416 1402 
1398 1103 1387 1225 1434 1481 1168 1194 1213 1291 1169 1085 1315 1453 1293 1249 1191 1160 1277 1000 1388 1287 1198 1267 1152 1363 1152 1343 1332 1256 1573 1168 
1356 1205 1484 1308 1508 1567 1308 1340 1286 1350 1168 1110 1462 1485 1248 1442 1304 1229 1345 1178 1337 1439 1382 1093 1396 1366 1325 1270 1266 1213 1551 1283 
1144 1037 1260 1261 1368 1245 1135 1193 1060 1272 1080 1058 1356 1178 1115 1168 1148 1032 1005 1062 1167 1324 1229 1104 1108 1226 1129 1165 1173 994 1414 1193 
1390 1165 1425 1385 1525 1432 1407 1299 1317 1480 1030 1093 1437 1431 1274 1279 1271 1189 1303 1223 1409 1455 1385 1387 1301 1363 1323 1299 1377 1259 1569 1399 
1142 909 1004 1060 1099 1102 888 970 976 940 885 1028 1033 1057 1017 1150 970 1064 879 793 892 1062 1007 822 922 1058 886 1068 909 1039 1397 1078 
1299 1058 1105 1227 1167 1247 1060 1100 1043 1335 978 966 1329 1365 1249 1186 1097 1001 1226 1007 1216 1235 1092 1058 1117 1260 1207 1145 1221 1172 1306 1108 
1331 1206 1278 1148 1394 1235 1271 1295 1184 1429 1127 1055 1262 1404 1193 1314 1212 1146 1312 1034 1193 1256 1347 1151 1110 1337 1196 1258 1350 1205 1329 1266 
1494 1249 1430 1424 1326 1467 1328 1368 1354 1401 1227 1216 1512 1479 1436 1446 1243 1225 1276 1261 1183 1387 1227 1316 1250 1497 1200 1356 1359 1197 1553 1386 
1582 1275 1535 1416 1518 1557 1267 1274 1301 1475 1275 1211 1429 1608 1477 1379 1289 1162 1257 1157 1445 1428 1337 1303 1286 1565 1296 1440 1444 1181 1751 1404 
1642 1310 1395 1435 1611 1696 1460 1409 1426 1516 1349 1301 1526 1601 1394 1535 1409 1177 1366 1397 1426 1572 1557 1353 1424 1624 1324 1486 1436 1371 1649 1580 
1402 1387 1458 1484 1423 1457 1383 1141 1235 1408 1088 1147 1466 1223 1466 1302 1200 1157 1331 1209 1315 1294 1414 1378 1255 1461 1364 1261 1249 1453 1499 1418 
1487 1352 1500 1384 1551 1642 1438 1441 1429 1433 1315 1192 1547 1584 1438 1561 1311 1136 1300 1338 1424 1477 1384 1309 1309 1535 1388 1444 1429 1255 1655 1372 
1200 1165 1204 1247 1253 1332 1288 1252 1192 1162 1137 884 1291 1345 1361 1373 1147 1151 1215 1102 1205 1157 1181 1134 965 1243 1122 1159 1178 1133 1426 1270 
1332 1250 1431 1415 1513 1423 1402 1331 1232 1425 1020 1088 1454 1336 1363 1392 1228 1188 1309 1144 1236 1250 1344 1327 1240 1423 1303 1242 1338 1379 1556 1478 
1565 1312 1580 1472 1690 1565 1351 1471 1324 1462 1284 1292 1620 1590 1390 1540 1353 1379 1414 1251 1320 1509 1400 1324 1387 1582 1300 1418 1303 1387 1692 1500 
1145 1003 1070 1067 1220 1173 990 990 914 1096 940 962 1286 1166 1144 1138 938 905 862 888 1042 1234 914 1012 1094 1201 1133 1059 1018 883 1249 1111 
1095 907 1020 1045 1186 1120 1005 1016 849 1084 772 869 1013 1055 1008 1029 951 877 917 853 1022 1090 957 996 999 1071 964 1032 949 1022 1142 1184 
1472 1239 1301 1374 1505 1552 1430 1344 1310 1469 1223 1193 1384 1396 1456 1354 1311 1129 1273 1231 1366 1386 1433 1286 1211 1502 1264 1372 1378 1255 1567 1433 
1480 1318 1366 1270 1610 1352 1406 1268 1266 1536 1016 1133 1476 1553 1405 1395 1130 1057 1255 1318 1326 1429 1387 1357 1380 1545 1470 1293 1237 1310 1546 1444 
1437 1207 1458 1388 1538 1521 1445 1371 1362 1386 1179 1143 1565 1645 1312 1398 1296 1220 1330 1265 1320 1408 1321 1267 1362 1440 1283 1450 1405 1291 1646 1344 
1447 1185 1366 1335 1471 1426 1304 1227 1261 1305 1046 1033 1410 1460 1267 1398 1167 1085 1244 1233 1432 1358 1279 1192 1307 1313 1249 1272 1249 1156 1578 1241 
1142 1185 1179 1177 1256 1278 1195 1081 1147 1255 1014 924 1206 1336 1177 1130 1117 966 1183 1104 1158 1111 1215 1171 1088 1220 1117 1078 1174 1163 1348 1292 
1119 900 1233 1134 1340 1121 1049 1116 1051 1391 870 904 1148 1167 1054 1093 1042 1046 1154 1011 1113 1177 1112 1181 1064 1280 1026 1177 1163 1146 1375 1177 
1292 1097 1252 1142 1312 1293 1168 1236 1124 1121 1127 1101 1191 1324 1223 1255 1075 1023 1068 949 1164 1190 1128 1002 1108 1283 1125 1132 1160 1086 1323 1248 
1379 1256 1439 1343 1629 1516 1329 1318 1336 1320 1234 1266 1441 1515 1393 1404 1233 1166 1235 1180 1350 1370 1340 1274 1337 1565 1234 1458 1253 1295 1590 1366 
