3247 2920 3246 3028 3478 3265 3072 3270 3262 3188 3180 3057 3260 3500 3225 3350 3120 3112 3062 3081 2773 3308 3301 3189 3097 3175 3033 3269 3069 3229 3488 3031 
3397 3110 3421 2967 3342 2841 3258 3226 3488 3436 3245 2991 3107 3640 3289 3271 3008 3027 3193 3277 2954 3356 3188 3432 3256 3395 3114 3401 3247 3226 3362 3279 
3690 3399 3435 3276 3673 3314 3388 3193 3632 3541 3455 3399 3429 3557 3669 3895 3186 3513 3239 3392 3275 3569 3283 3381 3543 3558 3151 3567 3423 3560 3663 3481 
3292 3042 3290 3154 3514 3019 3271 3192 3305 3317 3164 3064 3074 3448 3209 3240 3201 3237 3122 3275 3099 3336 3058 3264 2958 3248 2960 3179 3211 3286 3386 3223 
3202 2952 3047 3082 3314 3091 3268 3010 3376 3178 3133 2844 3105 3152 3168 3321 3156 3040 2948 3145 2768 3227 3027 3378 3066 3052 2786 3168 3147 3004 3215 3078 
3199 2752 2926 2954 3254 3047 3096 2851 3163 3342 2882 2943 3168 3419 3119 3211 2873 2940 2704 3173 2764 3172 2840 3197 2916 3235 2807 3118 3012 3124 3349 2880 
3677 3141 3209 3133 3478 3298 3393 2919 3603 3300 3069 2869 3234 3247 3169 3544 3125 3159 3032 3252 3026 3228 3132 3518 3167 3247 3013 3351 3177 3271 3187 3165 
3372 2939 3225 2879 3414 2956 2903 2816 3132 2996 3123 2838 3097 3271 3123 3151 2999 3108 2990 2884 2946 3062 2855 3293 3079 3185 2774 3222 3109 3055 3385 2897 
3321 3071 3310 3098 3453 3058 3394 3056 3426 3182 3184 2887 3200 3489 3128 3358 3078 3214 3315 3155 3052 3372 3165 3085 3288 3231 2981 3231 3032 3160 3360 3095 
3240 2935 3111 3042 3391 2929 3003 3089 3272 3391 3090 2948 3195 3172 2980 3284 3033 3087 3031 3139 2924 3419 3337 3124 2950 3077 2942 3154 2988 3050 3263 3065 
3419 2914 3145 3255 3424 3019 3310 3271 3299 3363 3061 2865 3303 3433 3158 3398 3093 3306 3169 3052 3197 3281 3076 3325 3068 3166 3041 3270 3222 3154 3419 3281 
3297 2919 3038 2944 3188 2834 3100 2789 3342 3096 3078 2994 2986 3151 3163 3345 3020 3175 2826 3023 2709 3032 2866 3069 2925 3108 2721 3179 2939 3087 3410 2872 
3084 2596 2776 2774 2786 2788 2839 2592 2896 3075 2887 2668 3041 3055 3125 3153 2828 2920 3058 2818 2711 2932 2702 2933 2868 2853 2843 2953 3033 2943 3087 2731 
3333 3158 3247 3000 3425 2734 3377 3037 3491 3417 3424 2995 3260 3463 3368 3485 3155 3172 3440 3120 2885 3275 3241 3339 3255 3256 3059 3313 3249 3375 3383 3126 
3401 3319 3405 3441 3511 3067 3420 3261 3565 3423 3493 3430 3432 3658 3458 3633 3241 3257 3335 3280 2949 3351 3130 3486 3225 3466 2996 3407 3272 3311 3587 3224 
3473 3032 3384 3209 3581 3216 3245 3054 3238 3335 3210 3008 3117 3503 3481 3549 3066 3193 3170 3074 3179 3335 3183 3295 3137 3516 3046 3503 3467 3078 3622 3251 
3568 3259 3337 3415 3573 3231 3408 3209 3549 3501 3446 3226 3506 3511 3476 3728 3341 3228 3370 3457 3393 3630 3474 3342 3385 3497 3062 3454 3590 3380 3494 3376 
3084 3057 3193 3063 3235 3025 3133 2712 2994 3133 2962 2952 3141 2802 3319 3421 2857 2860 3004 3014 2812 2993 2955 3306 2999 3311 3012 3054 3113 3226 3263 3185 
3270 3232 3100 3007 3262 3246 3204 2968 3288 3305 3120 2973 3312 3464 3293 3644 3063 2953 3050 3173 2927 3375 3071 3185 3111 3364 3035 3384 3170 3089 3446 3272 
3122 3052 3166 3152 3119 3078 3338 3099 3318 2976 3276 2925 3222 3241 3265 3313 3014 3165 3020 3054 2836 3084 3071 3236 2763 3110 2900 3110 3080 3120 3278 3062 
3426 3017 3526 3296 3581 3122 3322 3115 3422 3536 3100 2985 3345 3323 3269 3609 3048 3128 3223 3186 2845 3220 3331 3453 3275 3132 3024 3222 3233 3354 3266 3358 
3679 3525 3646 3500 3891 3269 3524 3429 3766 3602 3365 3335 3621 3781 3397 3619 3311 3503 3211 3525 3192 3701 3357 3594 3187 3692 3254 3607 3379 3591 3684 3519 
3054 2853 2784 2780 3044 2842 2934 2657 2926 3069 2810 2960 3116 3050 3036 3242 2743 2856 2640 2833 2736 3080 2611 2948 2996 3018 2769 3049 2769 2928 2967 2801 
3089 2882 2953 2821 3384 2737 3067 2873 3001 3077 2935 2897 2783 3171 2988 3055 2879 2973 2872 2959 2750 3205 2689 3204 2980 3100 2822 2956 2913 3042 3002 3148 
3464 3298 3213 3345 3536 3251 3380 3250 3470 3389 3302 3184 3164 3454 3363 3544 3204 3108 3182 3266 3347 3343 3251 3355 3180 3431 3111 3341 3278 3494 3386 3225 
3775 3310 3446 3428 3741 3035 3427 3226 3573 3691 3249 3252 3489 3707 3499 3753 3155 3280 3434 3481 3153 3474 3494 3484 3424 3637 3469 3524 3386 3460 3583 3249 
3561 3074 3260 3136 3617 3229 3505 2993 3580 3373 3216 2883 3476 3789 3248 3368 3282 3207 3343 3327 2817 3487 3185 3418 3321 3255 3103 3457 3314 3273 3519 3163 
3341 3056 3163 3119 3454 3169 3179 2922 3281 3213 2957 2916 3404 3480 3196 3424 3030 3048 2963 3254 3018 3384 2914 3338 3113 3236 3033 3169 3203 3220 3323 3068 
2929 2951 2902 2663 3093 2930 3064 2802 3152 3206 2826 2721 3120 3301 3077 3001 2862 2927 2870 3030 2631 2961 2813 3096 2941 3054 2894 2874 3021 3172 3166 3140 
3148 2735 3196 3041 3389 2713 3182 2888 3155 3300 3047 2920 3002 3315 3010 3187 3085 3069 3055 3068 2944 3080 2893 3289 2974 3258 2709 3154 3159 3329 3364 3070 
3052 2836 2924 2824 3252 2874 3092 2848 3051 2924 2972 2897 2906 3200 3108 3322 2730 2946 2933 2784 2812 3035 2793 2815 3084 3070 2816 3059 2894 2998 3176 3143 
3428 3188 3379 3111 3636 3236 3270 3144 3538 3393 3452 3202 3474 3549 3490 3639 3208 3167 3210 3261 3204 3387 3252 3457 3366 3437 3042 3454 3156 3399 3495 3221 
