3998 3511 4005 3595 4136 3850 3700 3669 3821 3864 3861 3608 3889 4120 3881 3995 3837 3806 3721 3766 3438 3905 3973 3788 3677 3908 3624 3898 3809 3927 4081 3762 
4179 3831 4307 3613 4021 3424 3925 3898 4237 4179 3887 3690 3806 4295 4094 4095 3897 3856 4044 4165 3751 4063 3915 4098 3923 4341 3880 4255 4080 4011 3930 4123 
4474 4034 4310 3946 4363 3971 4031 3621 4263 4263 4042 4063 4114 4106 4298 4581 3967 4158 3990 4062 4034 4248 3875 4040 4107 4299 3803 4215 4194 4221 4249 4230 
3976 3591 4070 3638 4109 3644 3843 3681 3933 3974 3642 3647 3719 3965 3887 3838 3846 3964 3776 3977 3763 3891 3555 3861 3483 3898 3587 3784 3909 3915 3848 3864 
3940 3659 3904 3751 4000 3728 3882 3565 4055 3961 3656 3449 3751 3820 3909 4023 3888 3760 3802 3917 3516 3944 3709 4080 3762 3757 3465 3855 3930 3675 3857 3722 
4039 3457 3913 3663 4042 3692 3756 3443 3989 4175 3528 3685 4023 4124 3834 3990 3778 3807 3543 3958 3608 3931 3552 3942 3577 4176 3582 3922 3850 3925 4000 3669 
4465 3814 4161 3825 4266 4029 3967 3469 4325 4121 3744 3531 4030 3947 3982 4187 3940 3985 3910 4039 3886 3985 3850 4212 3898 4064 3786 4161 4024 3975 3870 4050 
4209 3640 4226 3589 4147 3650 3609 3383 3891 3813 3834 3505 3770 3997 3848 3933 3873 3920 3803 3644 3710 3829 3673 4012 3783 4045 3507 3963 3950 3874 4108 3729 
4123 3723 4219 3742 4213 3734 3936 3584 4096 3944 3839 3524 3926 4146 3860 4023 3882 4033 4175 3915 3862 4098 3870 3792 3987 3999 3761 4005 3845 3890 3979 3860 
3814 3444 3741 3486 3910 3294 3467 3452 3821 3934 3530 3368 3750 3653 3481 3829 3607 3677 3658 3664 3482 3830 3830 3614 3407 3720 3425 3712 3578 3603 3724 3574 
4032 3461 3882 3783 4002 3610 3782 3644 3778 3939 3578 3418 3945 3968 3801 3912 3731 3935 3861 3725 3881 3825 3533 3942 3596 3860 3638 3929 3935 3725 3902 4014 
4011 3455 3852 3501 3846 3478 3721 3205 3968 3743 3549 3659 3594 3597 3724 3962 3675 3842 3473 3651 3360 3579 3386 3721 3420 3776 3357 3800 3604 3716 3901 3544 
3763 3193 3533 3346 3392 3336 3359 3054 3582 3770 3439 3147 3645 3665 3728 3775 3566 3594 3714 3511 3416 3505 3299 3506 3334 3541 3505 3549 3724 3544 3634 3328 
3917 3720 4036 3550 3994 3249 3897 3569 4050 4119 3900 3620 3872 3955 4098 4052 3861 3821 4030 3758 3526 3927 3820 3882 3841 3994 3662 3981 3898 4044 3828 3842 
3941 3804 4210 4014 3985 3662 3950 3710 4178 4006 3991 4016 3903 4161 4070 4288 3876 3893 3934 3792 3499 3996 3755 3993 3721 4057 3581 3959 3929 3855 4104 3867 
4299 3744 4283 3951 4260 3917 4007 3656 4028 4144 3919 3737 3937 4193 4151 4370 3911 4018 3921 3815 4017 4110 3906 3992 3722 4320 3749 4202 4270 3853 4193 4099 
4262 3760 4110 3988 4104 3767 3987 3622 4183 4143 4016 3758 4077 4084 4008 4353 4027 3836 4001 4093 4064 4214 4077 3906 3914 4118 3641 3947 4248 3947 4015 4021 
3897 3686 4064 3592 3925 3600 3736 3305 3754 3909 3579 3552 3858 3426 4014 4063 3671 3634 3778 3837 3584 3644 3562 4011 3653 4091 3674 3720 3913 4024 3881 3912 
3985 3912 4010 3679 3867 3802 3713 3582 3915 4030 3717 3707 4089 4103 4055 4377 3882 3656 3768 3917 3725 4119 3733 3923 3716 4124 3688 4121 3941 3889 3987 4106 
3683 3534 3863 3687 3667 3543 3826 3516 3910 3556 3611 3439 3784 3749 3783 3888 3651 3778 3627 3617 3414 3627 3546 3762 3293 3735 3430 3644 3717 3636 3745 3621 
4250 3778 4351 3870 4222 3702 3982 3737 4208 4341 3701 3666 4097 4031 4006 4374 3872 3989 4031 4005 3572 3907 4053 4100 3941 4012 3706 4003 4037 4091 3906 4076 
4365 4148 4445 4091 4508 3852 4125 4019 4518 4357 3930 3959 4244 4317 4132 4266 4092 4213 3925 4264 3963 4345 3980 4157 3754 4442 3922 4263 4110 4273 4245 4293 
3831 3488 3664 3372 3735 3486 3540 3306 3671 3819 3506 3637 3873 3702 3894 4015 3583 3745 3352 3621 3476 3826 3294 3615 3582 3802 3498 3781 3621 3800 3584 3597 
3858 3547 3788 3453 3927 3295 3655 3426 3646 3779 3591 3502 3399 3812 3675 3870 3688 3667 3596 3652 3422 3884 3367 3798 3466 3801 3428 3573 3670 3804 3616 3882 
4092 3849 3945 3926 4144 3772 3907 3646 4009 4024 3765 3767 3788 3920 4024 4057 3831 3770 3774 3843 3969 3925 3785 3880 3750 4123 3688 3965 3924 4033 3840 3925 
4544 3916 4198 3985 4318 3624 4073 3605 4192 4351 3799 3879 4176 4329 4167 4376 3901 4021 3971 4189 3764 4037 4092 4122 4018 4400 4085 4188 4042 4097 4051 3936 
4242 3665 4102 3706 4322 3780 4002 3569 4249 4055 3751 3487 4161 4322 3880 3994 4012 3926 4103 4067 3608 4144 3724 4106 3818 3993 3806 4097 4021 3977 4056 3764 
4084 3658 3979 3719 4290 3825 3814 3439 3964 3973 3517 3576 4119 4118 3854 4109 3803 3867 3732 4022 3700 4085 3526 4049 3724 4035 3750 3871 3948 4030 3960 3712 
3699 3517 3721 3230 3769 3555 3660 3349 3904 3942 3380 3366 3846 3915 3643 3677 3562 3617 3592 3725 3370 3578 3437 3806 3544 3750 3592 3520 3803 3925 3740 3814 
3967 3462 4120 3771 4127 3318 3882 3563 3947 4129 3709 3640 3663 3881 3839 3972 3949 3973 3866 3859 3772 3846 3686 3921 3620 4185 3460 3921 4041 4074 3969 3898 
3897 3572 3947 3600 4076 3640 3793 3413 3904 3821 3642 3771 3782 3880 3953 4033 3758 3758 3738 3616 3707 3835 3524 3616 3831 3982 3634 3907 3773 3825 3867 4068 
4217 3783 4174 3707 4345 3884 3865 3678 4166 4121 3990 3894 4216 4157 4172 4344 3942 3941 3925 3990 3912 4004 3898 4153 4022 4131 3783 4201 3944 4172 3991 3971 
