2574 2446 2639 2403 2760 2705 2389 2677 2480 2537 2655 2575 2700 2767 2635 2755 2426 2397 2486 2304 2275 2629 2654 2489 2403 2652 2505 2539 2469 2583 2851 2358 
2662 2363 2715 2232 2626 2211 2320 2487 2467 2592 2499 2288 2491 2785 2566 2588 2204 2163 2487 2419 2243 2566 2394 2502 2415 2616 2466 2617 2383 2449 2550 2384 
3031 2740 2807 2645 2969 2767 2658 2596 2798 2822 2795 2817 2882 2893 3001 3229 2581 2785 2666 2619 2726 3008 2618 2580 2791 3018 2589 2812 2737 2901 2998 2712 
2635 2241 2608 2414 2780 2387 2401 2499 2372 2501 2553 2391 2484 2628 2556 2568 2524 2381 2456 2326 2404 2525 2385 2461 2230 2560 2289 2454 2488 2456 2566 2391 
2486 2328 2482 2424 2655 2493 2430 2362 2530 2474 2397 2176 2478 2366 2449 2679 2562 2253 2299 2368 2149 2527 2294 2558 2302 2383 2180 2368 2429 2361 2505 2296 
2538 2126 2354 2326 2632 2481 2384 2234 2374 2660 2297 2343 2577 2653 2517 2618 2259 2248 2161 2387 2224 2583 2199 2485 2283 2641 2297 2424 2365 2426 2662 2250 
3083 2557 2636 2534 2950 2756 2794 2355 2830 2640 2545 2453 2801 2703 2640 2927 2530 2434 2500 2555 2469 2665 2574 2810 2557 2739 2475 2641 2509 2692 2606 2547 
2832 2412 2702 2345 2750 2538 2236 2307 2464 2485 2558 2286 2627 2655 2555 2676 2494 2465 2486 2240 2487 2582 2371 2648 2466 2641 2314 2623 2594 2533 2870 2292 
2728 2439 2723 2452 2835 2642 2555 2531 2598 2589 2648 2305 2697 2827 2480 2818 2467 2606 2720 2443 2514 2728 2611 2382 2736 2540 2490 2565 2427 2584 2671 2428 
2501 2306 2527 2385 2749 2399 2240 2500 2339 2628 2490 2364 2653 2404 2323 2678 2350 2277 2348 2340 2367 2632 2634 2372 2330 2482 2360 2463 2334 2387 2480 2352 
2822 2315 2672 2590 2809 2584 2556 2728 2553 2734 2475 2300 2759 2733 2532 2841 2523 2611 2593 2393 2633 2706 2477 2695 2472 2644 2488 2555 2593 2576 2796 2579 
2660 2313 2400 2257 2577 2391 2337 2276 2468 2295 2467 2426 2399 2440 2468 2719 2368 2521 2213 2250 2163 2476 2200 2261 2254 2486 2167 2452 2235 2495 2688 2181 
2480 2167 2307 2206 2248 2346 2183 2085 2218 2516 2332 2176 2593 2464 2559 2615 2264 2321 2537 2199 2174 2437 2101 2199 2316 2364 2401 2317 2419 2433 2496 2080 
2665 2549 2656 2303 2798 2309 2627 2572 2622 2765 2709 2347 2652 2788 2573 2840 2543 2557 2782 2431 2341 2742 2584 2552 2521 2603 2479 2578 2564 2720 2633 2418 
2829 2659 2811 2729 2824 2674 2690 2673 2743 2753 2846 2774 2852 2943 2836 3063 2631 2569 2718 2550 2424 2847 2626 2807 2561 2887 2511 2709 2611 2700 2915 2611 
2830 2414 2708 2457 2860 2635 2504 2404 2406 2595 2527 2431 2620 2782 2782 2823 2406 2415 2467 2278 2487 2664 2510 2445 2408 2838 2340 2736 2702 2382 2939 2510 
3155 2693 2815 2816 3070 2824 2786 2746 2846 2975 2930 2703 2994 2918 2921 3205 2873 2697 2879 2854 2896 3143 2976 2790 2812 2929 2587 2818 2982 2820 3007 2868 
2574 2547 2703 2544 2671 2594 2522 2330 2324 2591 2451 2449 2718 2297 2757 2860 2388 2337 2527 2380 2314 2592 2462 2650 2369 2802 2535 2476 2542 2654 2694 2582 
2842 2748 2711 2500 2822 2802 2661 2545 2772 2636 2634 2529 2803 2940 2710 3069 2681 2449 2547 2597 2464 2889 2506 2661 2551 2947 2543 2748 2626 2566 2915 2628 
2444 2269 2490 2392 2442 2430 2472 2428 2400 2200 2569 2214 2527 2425 2519 2686 2344 2413 2412 2180 2212 2281 2319 2275 1980 2388 2243 2296 2302 2375 2489 2261 
2806 2513 2908 2674 2931 2591 2678 2587 2686 2797 2487 2491 2828 2688 2613 2964 2483 2472 2581 2447 2368 2617 2640 2772 2526 2637 2498 2507 2591 2715 2636 2677 
3028 2798 2973 2805 3203 2724 2705 2761 2805 2834 2779 2665 2950 2970 2742 3021 2705 2725 2599 2637 2598 2937 2694 2793 2593 3043 2612 2811 2676 2945 2964 2744 
2506 2261 2329 2136 2500 2326 2245 2158 2162 2404 2297 2362 2568 2361 2448 2602 2161 2172 2106 2140 2128 2496 2041 2258 2392 2449 2230 2308 2060 2242 2304 2168 
2536 2349 2361 2225 2751 2330 2327 2336 2237 2497 2388 2343 2360 2545 2433 2567 2325 2372 2276 2298 2277 2632 2145 2556 2322 2507 2308 2408 2313 2525 2394 2493 
2845 2591 2557 2634 2885 2670 2632 2668 2673 2703 2673 2547 2607 2750 2711 2887 2575 2406 2602 2484 2695 2696 2612 2609 2426 2785 2557 2596 2555 2692 2694 2533 
3068 2709 2770 2661 3033 2571 2644 2600 2685 3053 2629 2643 2897 2932 2830 3102 2515 2596 2744 2711 2577 2875 2853 2781 2776 3001 2902 2757 2710 2853 2871 2649 
2887 2552 2717 2548 2939 2746 2719 2429 2803 2734 2696 2324 2917 3031 2571 2849 2685 2575 2733 2643 2352 2832 2521 2702 2674 2708 2575 2753 2651 2701 2837 2426 
2852 2457 2652 2571 2870 2656 2600 2363 2607 2630 2480 2386 2879 2799 2615 2952 2517 2424 2460 2579 2536 2755 2421 2738 2535 2724 2480 2512 2577 2591 2817 2463 
2308 2301 2330 2047 2458 2346 2222 2166 2269 2466 2201 2090 2469 2447 2338 2391 2212 2152 2245 2215 2044 2254 2137 2307 2203 2338 2259 2119 2312 2491 2442 2310 
2494 2164 2587 2356 2711 2308 2407 2315 2354 2628 2495 2346 2522 2652 2399 2566 2466 2385 2408 2355 2339 2562 2353 2610 2371 2624 2182 2497 2437 2697 2676 2395 
2482 2244 2356 2148 2573 2409 2318 2351 2280 2330 2454 2305 2309 2523 2469 2704 2170 2308 2379 2090 2278 2506 2200 2128 2423 2465 2255 2337 2289 2363 2486 2447 
2874 2675 2906 2564 3107 2787 2747 2597 2957 2742 2899 2718 2956 2973 2933 3136 2646 2552 2753 2632 2644 2880 2747 2740 2797 2999 2563 2826 2491 2727 2934 2556 
