5046 4722 5170 4639 5208 5075 4709 4848 5020 5052 4751 4612 4846 5074 5103 5267 4912 4900 5019 4872 4544 4867 5034 4838 4762 5058 4812 5093 4808 5213 5233 4891 
5720 5454 5812 5055 5495 4913 5340 5562 5752 5923 5167 5004 5296 5567 5664 5822 5410 5363 5616 5560 5112 5490 5470 5476 5487 5827 5573 5712 5395 5644 5445 5641 
5681 5331 5607 5167 5557 5162 5273 4896 5558 5723 5254 5145 5174 5101 5545 6068 5363 5370 5201 5086 5263 5229 5162 5162 5137 5547 5241 5343 5200 5515 5508 5523 
5247 4769 5268 4823 5307 4629 4929 4778 5125 5198 4689 4659 4726 4815 5099 5227 5024 5251 4861 4942 5000 4932 4755 4915 4540 5205 4935 4973 4889 5095 5039 5028 
5309 5275 5471 5041 5508 5297 5299 5033 5549 5607 5028 4749 5176 5020 5460 5850 5258 5277 5234 5278 4921 5239 5215 5506 5145 5324 5043 5211 5229 5238 5398 5169 
5391 4916 5185 4897 5383 5034 5152 4659 5312 5609 4656 4870 5310 5300 5277 5537 5081 5201 4967 5091 5010 5137 4897 5246 4837 5607 5074 5239 5070 5315 5375 5018 
5762 5128 5340 5102 5504 5093 5118 4706 5432 5397 4852 4718 5188 4955 5176 5611 5138 5183 5077 5163 5001 5205 5102 5397 5118 5361 5134 5427 5104 5147 5059 5199 
5648 5284 5695 5035 5576 5123 4935 4801 5357 5350 5228 4840 5162 5169 5401 5652 5321 5517 5294 5050 5002 5146 5127 5367 5179 5623 5044 5476 5218 5396 5682 5143 
5626 5308 5510 5032 5624 5150 5278 4942 5459 5362 5222 4798 5343 5302 5341 5646 5164 5519 5515 5207 5151 5424 5160 5099 5391 5352 5289 5247 5076 5393 5545 5209 
5164 4947 5242 4662 5143 4591 4764 4591 5016 5346 4713 4478 4941 4725 4827 5408 4830 4920 4970 4970 4779 4955 5272 4769 4590 4984 4785 5105 4805 4910 5038 4838 
5365 5042 5283 5148 5293 5041 5226 5088 5256 5470 4877 4633 5392 5276 5285 5590 5230 5246 5318 5035 5126 5206 5010 5202 4927 5376 5181 5371 5282 5177 5386 5399 
5284 4770 5240 4650 5189 4708 5050 4445 5135 5124 4624 4885 4767 4539 5000 5522 4940 5172 4856 4757 4633 4779 4652 4951 4601 5188 4818 5105 4796 5002 5390 4801 
5008 4561 4887 4548 4508 4584 4637 4214 4768 5147 4546 4143 4859 4724 5031 5300 4772 4983 4993 4698 4638 4656 4604 4715 4483 4899 4915 4847 5043 4880 4995 4563 
5049 5000 5310 4600 5172 4370 4980 4774 5032 5430 4844 4612 4937 4867 5376 5603 4917 5000 5293 4756 4622 5061 4974 4943 5012 5159 5019 5125 4864 5242 4983 4988 
5125 4982 5341 5100 5046 4645 5059 4767 5127 5122 5018 5010 5005 5157 5151 5645 5017 5034 5230 4785 4449 5105 4849 5005 4848 5108 4904 5026 4914 5058 5197 4923 
5333 4686 5324 4926 5251 4971 5072 4784 5068 5280 4756 4697 4915 5073 5265 5676 4861 5034 5012 4773 4990 5093 4882 4959 4789 5385 4856 5204 5153 5003 5184 5075 
5818 5408 5634 5531 5510 5082 5396 4972 5677 5670 5392 5067 5383 5428 5585 6132 5571 5332 5666 5544 5467 5572 5505 5269 5289 5540 5206 5402 5593 5519 5495 5479 
5515 5355 5447 4963 5453 4953 5106 4743 5185 5379 4884 4820 5303 4522 5422 5710 5095 5210 5180 5181 4966 5097 5054 5357 5134 5779 5302 5069 5260 5476 5482 5256 
5366 5389 5221 4948 5161 4982 4947 4746 5248 5392 4852 4803 5179 5087 5330 5764 5072 5022 5034 5163 4932 5171 5152 5179 4812 5479 5064 5290 5112 5307 5263 5354 
5034 4985 5221 4976 5021 4825 5127 4891 5230 5031 4898 4732 4986 4923 5056 5417 4974 5149 4953 4877 4694 4918 4984 5066 4577 5120 4841 4967 4910 5126 5114 4928 
5436 5073 5555 5046 5469 4836 5226 4863 5396 5493 4767 4644 5284 4907 5245 5715 5090 5108 5418 5130 4716 5047 5100 5254 5006 5235 5112 5217 5193 5262 5232 5296 
5762 5594 5718 5394 5840 5018 5412 5209 5818 5703 5063 5159 5436 5499 5436 5798 5312 5558 5278 5534 5117 5540 5274 5410 4931 5743 5322 5501 5300 5551 5677 5403 
5289 4969 5261 4711 5136 4945 4922 4719 5047 5348 4859 4880 5279 4917 5357 5728 4968 5147 4776 5020 4873 5200 4698 4918 4955 5263 5034 5205 4861 5335 5012 4935 
4941 4857 4881 4550 5130 4457 4805 4588 4667 4971 4570 4544 4671 4717 4884 5258 4783 4867 4830 4730 4570 5139 4532 4926 4660 4957 4814 4661 4764 4868 4887 4985 
5309 5168 5157 5074 5388 5006 5029 4855 5186 5288 4822 4736 4943 5055 5421 5468 4982 5007 5131 4978 5032 5022 4875 4913 4927 5292 4915 5152 5089 5335 5056 5053 
6066 5586 5702 5490 5852 5061 5552 5045 5628 6000 5096 5210 5637 5501 5880 6189 5475 5477 5453 5509 5216 5485 5613 5518 5560 6007 5701 5652 5433 5640 5611 5331 
5648 5274 5598 4963 5746 5115 5298 5042 5584 5556 5006 4795 5473 5465 5224 5612 5396 5237 5558 5345 4815 5477 5154 5434 5169 5516 5372 5418 5329 5334 5527 5095 
5494 5077 5409 5172 5668 5180 5216 4867 5369 5532 4808 4884 5401 5201 5277 5826 5232 5422 5181 5364 5041 5474 4938 5365 5070 5518 5254 5202 5178 5592 5539 5109 
4718 4597 4798 4303 4804 4572 4654 4390 4883 5076 4275 4370 4843 4846 4847 4987 4678 4622 4724 4604 4379 4679 4486 4777 4618 4849 4771 4500 4850 4889 4743 4767 
5133 4829 5234 4897 5422 4470 5047 4685 5065 5369 4824 4692 4799 4872 5073 5491 5148 5190 5063 4949 5054 5100 4844 5121 4818 5568 4812 5084 5119 5349 5259 5079 
5315 5097 5350 4927 5347 4894 5037 4780 5231 5273 4994 5056 5100 4948 5252 5632 5189 5149 5069 4827 5015 5109 4931 5012 5142 5462 5202 5195 4867 5257 5300 5444 
5583 5270 5559 4938 5745 5207 5257 5093 5520 5654 5179 5149 5543 5373 5598 5962 5284 5459 5283 5221 5223 5237 5169 5509 5430 5681 5305 5546 5312 5690 5515 5381 
