4444 4101 4477 4152 4552 4309 4136 4150 4386 4302 4271 4090 4300 4532 4443 4514 4285 4391 4351 4289 3969 4355 4443 4294 4036 4435 4153 4369 4276 4543 4613 4351 
4854 4620 4975 4411 4693 3972 4615 4650 4930 4985 4455 4386 4525 4913 4793 4871 4617 4699 4747 4871 4404 4825 4660 4819 4568 5048 4720 4957 4735 4759 4671 4875 
4962 4768 4862 4599 4990 4495 4720 4228 4936 4967 4669 4629 4653 4563 4974 5351 4657 4831 4543 4634 4721 4774 4535 4705 4566 4927 4528 4827 4795 4880 4847 4965 
4693 4393 4730 4409 4794 4097 4551 4286 4614 4630 4269 4304 4318 4490 4571 4619 4504 4756 4444 4577 4562 4608 4255 4598 4023 4597 4384 4550 4530 4608 4549 4636 
4533 4532 4618 4454 4738 4341 4674 4171 4816 4681 4351 4103 4356 4378 4634 4863 4588 4510 4503 4581 4320 4613 4453 4848 4222 4527 4265 4629 4555 4436 4580 4496 
4680 4294 4513 4400 4733 4304 4525 4073 4678 4871 4178 4405 4701 4688 4546 4811 4485 4577 4315 4587 4395 4625 4278 4703 4120 4942 4369 4670 4502 4658 4698 4413 
5173 4521 4711 4631 4933 4517 4685 4133 4987 4776 4375 4156 4648 4523 4598 4980 4633 4730 4488 4647 4523 4720 4543 4879 4477 4783 4603 4876 4632 4637 4461 4673 
4785 4436 4807 4281 4704 4189 4258 3900 4581 4404 4431 4117 4373 4474 4466 4653 4513 4712 4431 4283 4382 4448 4291 4702 4273 4822 4225 4708 4549 4553 4814 4420 
4779 4498 4715 4354 4824 4318 4598 4137 4719 4521 4522 4131 4534 4683 4469 4705 4459 4719 4747 4532 4507 4751 4371 4500 4519 4636 4504 4641 4491 4595 4672 4519 
4428 4184 4397 4024 4433 3796 4117 3878 4346 4535 4085 3873 4329 4095 4084 4543 4164 4334 4246 4322 4206 4412 4461 4204 3887 4323 4107 4397 4235 4243 4377 4240 
4623 4253 4495 4559 4654 4220 4482 4344 4456 4627 4220 4138 4648 4549 4504 4770 4468 4587 4576 4419 4550 4586 4265 4667 4137 4678 4480 4605 4625 4420 4621 4683 
4649 4249 4565 4181 4512 4049 4487 3843 4599 4458 4214 4413 4232 4089 4368 4784 4358 4632 4227 4311 4111 4266 4087 4484 3968 4516 4171 4580 4289 4389 4693 4300 
4368 4054 4179 4072 3990 3854 4079 3654 4222 4432 4128 3741 4260 4171 4423 4552 4277 4337 4403 4233 4111 4182 4024 4239 3856 4233 4321 4220 4438 4304 4383 4048 
4330 4356 4541 4115 4502 3727 4428 4064 4576 4669 4326 4120 4394 4370 4640 4722 4414 4402 4640 4246 4038 4484 4338 4414 4323 4505 4384 4536 4383 4568 4351 4398 
4591 4551 4819 4701 4634 4141 4621 4283 4665 4621 4578 4619 4550 4719 4677 5085 4532 4607 4632 4400 4081 4706 4420 4583 4349 4666 4406 4630 4539 4561 4680 4476 
4813 4229 4772 4551 4685 4418 4551 4192 4528 4656 4378 4286 4432 4596 4689 4982 4422 4570 4491 4373 4538 4611 4424 4523 4125 4845 4304 4760 4757 4446 4685 4630 
5054 4654 4846 4855 4821 4349 4749 4295 4970 4879 4697 4452 4751 4777 4820 5283 4858 4693 4845 4880 4885 5003 4828 4677 4534 4877 4494 4719 5050 4829 4763 4842 
4627 4532 4596 4308 4579 3997 4404 3819 4386 4471 4262 4172 4467 3966 4571 4748 4333 4415 4401 4489 4261 4423 4195 4740 4165 4919 4467 4386 4563 4637 4652 4597 
4612 4739 4535 4407 4510 4273 4389 4095 4618 4689 4357 4305 4613 4614 4683 5101 4471 4465 4438 4627 4437 4792 4450 4640 4207 4816 4414 4774 4560 4639 4665 4837 
4362 4312 4477 4430 4367 4044 4565 4144 4606 4237 4325 4133 4327 4332 4375 4662 4306 4639 4263 4256 4107 4369 4276 4505 3839 4491 4209 4334 4374 4387 4415 4274 
4851 4572 4926 4537 4900 4232 4640 4381 4831 4902 4312 4250 4805 4448 4649 5057 4524 4648 4782 4654 4236 4556 4548 4815 4469 4711 4485 4670 4635 4762 4606 4835 
5038 4935 5018 4757 5176 4280 4811 4548 5150 4972 4560 4560 4810 4901 4715 5015 4719 4873 4538 4957 4650 4991 4655 4875 4223 5145 4632 4977 4739 4961 4990 4931 
4539 4247 4430 4106 4404 4084 4264 3895 4290 4514 4214 4271 4572 4268 4602 4792 4253 4488 3997 4377 4278 4572 4020 4335 4093 4541 4337 4512 4297 4590 4274 4316 
4329 4281 4278 4068 4530 3818 4302 3951 4169 4283 4121 4016 4071 4251 4286 4538 4249 4277 4213 4235 4025 4525 3968 4435 3917 4434 4164 4165 4269 4354 4244 4432 
4630 4498 4418 4446 4647 4181 4435 4123 4527 4537 4180 4184 4252 4466 4611 4600 4379 4324 4357 4396 4518 4368 4275 4375 4169 4647 4226 4478 4456 4654 4317 4466 
5220 4736 4860 4799 5004 4152 4804 4239 4877 5102 4472 4554 4850 4850 4927 5237 4702 4786 4621 4817 4522 4735 4856 4842 4606 5219 4928 4912 4669 4839 4773 4673 
4844 4538 4767 4382 5000 4348 4693 4243 4907 4749 4443 4199 4830 4835 4487 4803 4709 4652 4776 4734 4274 4861 4440 4829 4439 4775 4672 4832 4714 4681 4795 4486 
4736 4383 4607 4585 4901 4441 4506 4111 4751 4699 4211 4341 4705 4625 4521 4893 4551 4748 4427 4709 4409 4806 4216 4780 4280 4797 4569 4577 4581 4787 4699 4483 
4247 4125 4231 3907 4331 3999 4228 3899 4437 4519 3895 3971 4406 4434 4246 4401 4220 4200 4220 4212 3971 4231 4013 4433 4010 4390 4284 4016 4353 4473 4288 4335 
4588 4258 4616 4448 4835 3756 4559 4108 4584 4731 4415 4235 4215 4432 4426 4714 4678 4647 4464 4461 4460 4547 4297 4691 4093 5013 4249 4514 4678 4742 4683 4553 
4590 4480 4653 4409 4811 4254 4531 4166 4682 4554 4422 4506 4518 4417 4680 4918 4514 4608 4436 4315 4455 4611 4275 4458 4494 4847 4575 4687 4452 4683 4629 4885 
4877 4681 4791 4396 5060 4469 4624 4341 4871 4784 4679 4538 4869 4780 4864 5171 4669 4770 4643 4694 4632 4713 4545 4929 4643 4918 4622 4898 4742 4934 4820 4732 
