900 737 681 598 852 854 767 862 703 758 798 700 750 596 751 657 759 852 817 891 660 714 726 738 764 862 847 778 775 808 812 683 
921 666 705 604 696 837 606 808 730 672 782 614 649 591 581 537 694 727 809 835 588 630 711 641 721 762 761 722 737 686 747 652 
984 720 755 627 695 858 745 759 763 667 799 642 621 613 654 608 642 702 786 821 750 729 777 655 790 772 669 699 713 678 761 671 
738 595 512 454 644 671 497 737 640 491 637 511 591 522 586 525 655 550 689 673 564 567 520 481 619 609 573 683 649 594 624 539 
733 729 614 535 656 699 522 664 664 675 673 521 648 534 581 556 661 680 672 734 435 617 619 625 585 588 692 658 668 637 646 592 
859 669 649 655 726 745 674 774 658 634 719 629 633 597 667 519 751 717 825 841 606 680 585 550 751 777 726 738 798 648 716 637 
845 749 683 617 639 811 601 710 722 607 767 641 669 528 661 563 711 640 789 692 590 619 613 653 774 810 644 701 733 720 728 558 
736 662 565 574 645 615 657 661 571 570 700 567 567 469 640 507 696 645 624 825 571 649 504 542 579 602 668 713 648 603 672 572 
972 770 769 640 770 828 695 835 775 683 756 642 708 656 741 532 769 725 772 874 719 755 669 646 832 832 687 779 684 732 815 712 
812 747 676 481 798 723 735 762 685 615 775 568 638 593 732 533 733 712 666 773 637 676 591 615 696 740 581 684 701 573 678 602 
808 693 665 492 703 716 521 783 722 570 733 505 620 581 655 485 705 637 696 716 559 582 504 579 698 657 603 683 714 613 687 575 
578 367 350 416 462 516 482 489 466 382 414 523 371 333 423 355 356 437 515 484 437 436 430 407 451 528 500 429 417 533 484 443 
899 811 700 597 755 821 662 785 758 660 749 650 702 595 712 590 760 656 801 817 645 615 687 635 745 726 657 804 783 695 671 569 
871 689 700 532 680 821 664 656 754 693 779 612 662 598 598 524 640 754 764 788 554 607 699 641 631 725 601 704 614 638 686 621 
1007 853 921 722 810 909 769 749 855 760 865 707 711 662 709 558 767 745 932 850 667 693 804 776 698 781 808 863 828 744 850 685 
1035 759 759 667 828 865 773 925 940 781 876 765 790 638 759 640 829 839 796 942 792 740 632 747 799 756 796 873 757 823 884 771 
1066 817 848 636 843 916 782 943 925 820 934 713 780 679 779 655 903 872 907 930 735 747 729 814 825 882 829 892 902 835 913 794 
708 527 539 431 516 600 517 605 525 434 599 460 482 412 499 445 487 480 538 587 512 553 534 559 626 684 533 460 566 556 523 530 
924 696 796 567 739 785 794 775 759 751 854 615 586 581 689 543 742 813 779 867 644 719 658 686 709 709 672 689 793 694 809 691 
940 751 711 622 781 827 684 772 791 682 825 676 594 610 677 559 697 772 791 852 614 776 738 717 730 716 715 722 771 723 840 753 
834 690 690 533 669 778 655 733 674 657 730 601 577 655 596 583 632 723 807 647 554 618 675 634 641 698 666 609 757 657 598 610 
961 729 721 721 760 809 831 688 737 672 775 774 655 594 765 546 674 755 779 872 664 773 715 704 737 843 788 809 679 685 869 765 
846 639 635 532 668 719 694 692 637 526 694 572 504 527 662 559 654 638 663 698 654 654 619 555 760 787 593 652 729 497 673 581 
649 545 553 404 568 671 450 701 593 512 626 465 536 342 489 542 582 504 650 503 512 409 494 567 610 591 580 638 664 668 572 396 
843 686 660 592 711 767 709 744 740 653 836 618 622 523 599 476 697 763 809 845 588 698 643 657 693 743 625 725 713 695 754 666 
923 796 661 565 670 827 555 761 810 577 848 615 626 535 646 544 682 651 706 781 581 685 698 662 812 837 649 722 770 647 770 653 
1016 872 814 695 875 826 762 833 889 754 887 760 743 700 827 599 745 789 873 911 664 740 763 758 839 911 789 751 815 749 835 779 
911 707 620 536 682 732 661 802 773 580 822 649 599 598 739 522 730 715 754 780 634 685 563 586 796 765 563 685 796 669 772 662 
816 708 640 548 635 734 640 727 701 666 785 638 645 545 641 538 746 627 698 776 581 629 575 623 611 608 690 726 703 737 754 626 
687 463 478 412 552 617 487 594 567 448 483 484 538 490 523 460 515 481 609 582 522 424 467 402 530 510 488 593 459 477 533 436 
756 633 647 525 648 631 619 607 631 588 716 511 479 441 624 410 492 604 586 694 534 617 520 551 683 663 554 583 560 534 710 610 
922 726 753 566 700 802 719 668 716 620 722 622 662 538 690 598 644 708 791 760 678 661 761 715 752 906 741 722 741 719 826 575 
