2782 2632 2745 2246 2744 2890 2851 2780 2736 2657 2833 2607 2628 2581 2945 2242 2822 2787 2748 2639 2507 2634 2763 2533 2889 2863 2888 2521 2828 2813 2938 2718 
2846 2619 2877 2368 2574 3016 2660 2673 2807 2462 2972 2743 2577 2719 2689 2169 2989 2806 2948 2759 2321 2752 2878 2680 2853 2907 3161 2711 2849 2638 2992 2746 
3172 2996 2941 2317 2962 3241 2929 2966 3121 2732 3101 2826 2840 2792 2882 2475 3022 3013 2895 2825 2625 3130 3014 2696 3082 3094 3136 2697 3042 2926 2936 2871 
2685 2520 2638 2167 2477 2762 2490 2538 2591 2339 2848 2533 2533 2552 2610 2209 2856 2628 2727 2616 2290 2578 2511 2354 2695 2603 2729 2639 2691 2496 2740 2402 
2648 2753 2730 2130 2597 2693 2495 2403 2784 2504 2701 2450 2609 2714 2557 2246 2854 2592 2427 2565 2039 2609 2638 2469 2556 2675 2773 2595 2586 2476 2769 2539 
2605 2480 2563 1951 2537 2658 2376 2509 2475 2151 2586 2536 2462 2354 2573 2021 2899 2434 2700 2478 2064 2633 2303 2397 2595 2656 2512 2313 2644 2391 2557 2411 
2851 2795 2738 2412 2680 2809 2458 2645 2744 2525 2826 2668 2526 2429 2689 2171 2946 2549 2827 2585 2347 2666 2572 2671 2932 2717 2788 2489 2907 2901 2719 2668 
2504 2472 2487 1951 2544 2523 2586 2319 2531 2246 2600 2498 2205 2373 2392 1906 2595 2333 2450 2503 2089 2531 2337 2273 2464 2524 2660 2352 2628 2337 2632 2434 
2781 2573 2770 2339 2578 2860 2545 2631 2778 2466 2877 2655 2509 2636 2740 2047 2793 2525 2800 2753 2458 2684 2682 2496 2868 2833 2909 2650 2573 2572 3060 2794 
2648 2820 2729 2133 2645 2812 2752 2647 2803 2428 2876 2616 2485 2624 2762 2102 2998 2500 2683 2570 2282 2708 2585 2599 2860 2737 2732 2557 2616 2473 2876 2764 
2674 2544 2632 1988 2649 2755 2447 2587 2733 2432 2821 2343 2487 2551 2605 2136 2934 2613 2605 2597 2315 2572 2537 2320 2709 2652 2760 2461 2642 2643 2623 2486 
2823 2394 2443 2127 2492 2611 2521 2408 2652 2332 2698 2500 2388 2494 2719 2203 2641 2491 2508 2333 2107 2578 2454 2464 2560 2809 2720 2405 2405 2760 2577 2379 
2747 2658 2541 1977 2343 2603 2383 2461 2592 2380 2436 2353 2448 2358 2596 1963 2721 2473 2505 2497 2232 2267 2459 2267 2645 2424 2706 2379 2566 2466 2577 2377 
2911 2652 2769 2359 2550 3032 2703 2649 3024 2647 3057 2701 2609 2883 2766 2289 2863 2711 2686 2722 2381 2751 2712 2594 2850 2718 2854 2610 2658 2619 2824 2550 
3030 2917 2973 2527 2805 2972 2753 2583 2914 2715 3017 2738 2732 2779 2858 2221 3038 2834 3148 2725 2463 2637 2798 2741 2709 2853 3037 2889 3048 2874 2860 2781 
2865 2579 2901 2193 2606 2814 2616 2805 2897 2511 2993 2670 2660 2693 2852 2245 2971 2706 2622 2918 2387 2642 2590 2601 2846 2668 2883 2724 2703 2728 2980 2579 
3007 2727 2863 2189 2900 3053 2840 2748 3199 2732 3046 2611 2602 2636 2677 2434 3144 2682 2894 2807 2560 2702 2756 2577 2742 3084 2819 2834 3053 2692 3088 2688 
2525 2219 2296 1930 2391 2554 2392 2153 2371 2083 2460 2114 2202 2356 2413 1825 2555 2304 2187 2072 2058 2531 2251 2217 2406 2481 2523 2117 2448 2286 2290 2230 
2694 2434 2679 1938 2511 2718 2538 2513 2667 2434 2890 2442 2279 2286 2515 1973 2835 2584 2552 2494 2159 2707 2405 2353 2638 2616 2718 2305 2671 2401 2673 2411 
2974 2777 2831 2307 2633 2884 2587 2704 2719 2596 2938 2619 2535 2618 2868 2302 2736 2802 2651 2698 2362 2854 2620 2434 2666 2875 2972 2540 2879 2694 3109 2675 
2816 2717 2732 2173 2807 2864 2744 2590 2775 2359 2852 2531 2483 2570 2632 2133 2748 2641 2760 2535 2253 2611 2735 2547 2679 2733 2772 2297 2780 2590 2719 2670 
3089 2838 2885 2412 2701 3112 2963 2659 2886 2767 3067 2853 2684 2727 2954 2273 3086 2776 2834 2787 2457 2872 2837 2591 3012 3139 3129 2896 2879 2741 3115 2927 
2838 2487 2548 1950 2561 2649 2495 2614 2685 2480 2645 2455 2277 2379 2475 2191 2819 2495 2634 2490 2353 2564 2523 2402 2772 2744 2669 2483 2587 2383 2758 2472 
2716 2479 2779 2164 2632 2801 2563 2528 2629 2476 2824 2325 2382 2363 2576 2199 2826 2425 2538 2388 2225 2417 2625 2477 2773 2651 2736 2575 2756 2735 2689 2494 
2746 2803 2881 2231 2704 2943 2705 2656 2828 2338 2873 2595 2604 2400 2574 2302 3064 2853 2836 2578 2410 2694 2659 2622 2644 2707 2810 2696 2735 2655 2738 2694 
3093 2903 2916 2265 2776 3120 2712 2765 3018 2608 2955 2833 2545 2721 2810 2440 3143 2504 2705 2808 2560 2730 2932 2677 3046 3074 2810 2752 2829 2858 2976 2892 
3014 2754 2957 2408 2667 2887 2751 2564 2948 2540 3030 2821 2670 2658 2881 2114 2916 2626 2773 2809 2412 2642 2783 2588 3019 3016 2967 2663 2743 2735 3048 2829 
2742 2654 2612 2094 2533 2824 2523 2680 2688 2269 2864 2455 2421 2420 2571 2049 2885 2508 2728 2578 2184 2596 2434 2378 2936 2809 2676 2448 2880 2490 2691 2566 
2695 2507 2531 2061 2391 2701 2455 2554 2636 2353 2801 2521 2608 2535 2570 2079 2846 2491 2566 2529 2253 2392 2460 2389 2604 2518 2739 2459 2614 2440 2785 2544 
2709 2390 2557 2158 2585 2667 2406 2521 2661 2377 2702 2446 2541 2568 2619 2126 2720 2392 2677 2448 2259 2428 2466 2434 2637 2383 2777 2555 2637 2377 2572 2452 
2513 2472 2561 2164 2356 2605 2374 2457 2643 2387 2635 2429 2251 2457 2575 1960 2622 2552 2432 2409 2232 2392 2304 2356 2805 2497 2588 2414 2363 2488 2729 2596 
2967 2843 2777 2252 2560 3024 2627 2570 2848 2598 2852 2605 2468 2409 2818 2272 2888 2769 2877 2626 2475 2658 2804 2696 2864 2865 2870 2617 2781 2769 2848 2320 
