4944 4952 4982 4444 5166 5411 5280 5155 4937 5051 5056 4995 5010 5078 5016 4775 4968 5174 5387 5072 4543 4924 5067 4855 5310 5297 5117 4938 5092 5163 5055 4887 
5437 5556 5535 5062 5658 6076 5575 5636 5464 5535 5564 5778 5726 5740 5288 5277 5677 5820 6169 5739 4806 5741 5845 5681 5831 5951 5881 5927 5569 5248 5739 5430 
5432 5527 5220 4587 5309 5823 5421 5464 5519 5442 5542 5360 5403 5352 5202 4867 5507 5754 5707 5612 4805 5550 5604 5136 5735 5829 5721 5332 5466 5297 5268 5162 
5103 5078 4946 4585 5152 5275 4911 4988 4916 5056 5131 5007 5113 4960 4950 4728 5173 5140 5402 5086 4567 5219 5010 4840 5156 5045 5326 5500 5149 4684 4918 4704 
5244 5665 5327 4663 5339 5259 5207 5263 5473 5443 5397 5119 5322 5632 5200 4999 5541 5527 5548 5630 4539 5450 5605 5143 5321 5631 5490 5623 5361 5172 5381 5157 
5333 5320 5050 4604 5332 5535 5229 5417 5116 5172 5293 5216 5416 5140 5263 5023 5467 5305 5803 5565 4466 5537 5035 5127 5296 5618 5245 5270 5449 4850 5166 4934 
5124 5472 5088 4801 5320 5620 5111 5511 5290 5343 5342 5188 5112 5205 5116 4763 5672 5122 5848 5430 4688 5550 5131 5212 5644 5563 5413 5443 5250 5387 5150 4918 
5119 5412 5095 4765 5761 5633 5496 5122 5343 5431 5353 5362 5182 5430 5237 4987 5395 5386 5766 5502 4789 5643 5388 5198 5436 5590 5547 5544 5450 5040 5236 5075 
5381 5297 5213 4720 5263 5521 5283 5520 5368 5432 5465 5434 5316 5517 5408 4875 5603 5319 5876 5684 4834 5666 5392 5290 5606 5729 5636 5737 5286 5081 5466 5319 
4663 5203 4812 4557 5058 5106 5129 4972 5014 4918 5085 4847 4853 5181 5106 4756 5379 4737 5316 5259 4285 5121 4916 4914 5113 5142 5060 5162 4968 4616 4958 4922 
5152 5282 5220 4631 5718 5697 5394 5549 5410 5424 5620 5093 5315 5453 5061 4951 5600 5570 5722 5643 4838 5579 5189 4946 5235 5554 5703 5589 5341 5080 5050 5015 
5232 4818 4873 4449 5031 5227 5047 4865 5079 4945 5303 4945 4956 5034 4934 4741 4980 4971 5363 5050 4156 5109 4981 4886 5211 5478 5030 4984 4842 5189 4702 4614 
5038 5016 4628 4247 4909 5101 4697 4913 4872 4806 4692 4672 4953 4839 4883 4368 4965 4804 5149 5147 4469 4610 4993 4672 5117 4954 4888 4819 4685 4778 4750 4522 
5162 4905 5001 4549 4988 5503 5011 5243 5449 5262 5378 4987 5047 5423 4896 4758 5087 5316 5393 5171 4591 5248 5149 5060 5376 5357 5111 5282 4956 4956 5086 4912 
5165 5231 5137 4735 4997 5411 5086 5144 5144 5235 5062 5051 5029 5122 4982 4559 5424 5299 5809 5076 4562 5013 5261 5088 5027 5307 5298 5536 5216 5234 4804 4899 
5190 5068 5207 4446 5120 5402 5106 5297 5276 5221 5141 4947 5155 5309 5027 4873 5416 5169 5366 5385 4507 5281 4945 4879 5271 5221 5348 5467 5128 5064 5404 4625 
5584 5511 5326 4844 5761 5957 5571 5581 5691 5749 5470 5275 5298 5467 5273 5162 5808 5459 5835 5653 4994 5514 5671 5231 5741 6022 5603 5860 5673 5176 5544 5287 
5339 5150 5150 4782 5569 5625 5518 5357 5177 5127 5351 5197 5328 5473 4983 5065 5494 5306 5320 5305 4787 5762 5215 5282 5242 5424 5524 5467 5247 5066 5003 4870 
5175 5222 5102 4479 5234 5358 5023 5316 5178 5414 5233 5001 4988 4986 5052 4782 5471 5191 5554 5411 4457 5617 5027 5141 5269 5482 5426 5264 5390 4869 5266 4941 
5250 5266 4946 4576 5214 5433 5031 5263 5021 5104 5211 5063 5104 5053 5147 4554 4985 5283 5434 5329 4476 5368 5116 4993 5244 5460 5340 5211 5245 4867 5326 4801 
5201 5206 5280 4686 5487 5539 5372 5499 5269 5147 5217 5247 5203 5336 5113 5055 5243 5494 5599 5428 4557 5396 5422 5061 5268 5560 5264 5167 5326 5098 5035 4947 
5690 5500 5323 4992 5405 5665 5748 5406 5433 5668 5772 5567 5378 5525 5479 5153 5838 5466 5720 5862 4772 5698 5702 5364 5775 5907 5708 5812 5468 5352 5479 5379 
5316 5173 4920 4260 5285 5262 5223 5390 5177 5269 5358 4949 4946 5142 4850 5016 5390 5053 5563 5375 4770 5311 5253 5115 5349 5414 5259 5465 5110 5018 5127 4885 
4997 4942 4760 4414 4996 5035 4947 5033 4835 4893 5000 4598 4671 4963 4933 4626 5002 5005 5303 4893 4351 4825 5071 4791 4980 5073 5005 5175 5015 5096 4802 4662 
5048 5258 5259 4472 5334 5539 5087 5192 5183 5127 5232 5167 5084 5078 4864 4946 5572 5451 5627 5261 4719 5337 5238 5138 5264 5306 5339 5490 5202 4982 4999 5028 
5832 5794 5568 5019 5911 6248 5761 5641 5668 5600 5802 5666 5471 5694 5327 5258 5896 5572 5925 6097 5178 5689 5836 5482 5641 5922 5641 5846 5576 5415 5564 5625 
5360 5391 5353 5023 5545 5653 5425 5342 5474 5240 5772 5393 5543 5391 5397 4888 5568 5425 5792 5840 4829 5400 5529 5404 5755 5858 5426 5675 5480 5274 5484 5238 
5290 5320 5084 4631 5550 5707 5257 5590 5196 5237 5589 5009 5317 5160 5149 4640 5523 5371 5639 5592 4499 5448 5359 5135 5774 5722 5068 5260 5595 5012 5191 5137 
4837 4829 4735 4153 4789 5055 4879 5031 4936 4620 4998 4630 4985 4767 4620 4452 5080 5075 5142 4933 4262 4804 4662 4724 4888 4896 5080 5132 5010 4616 4888 4600 
5128 5090 5062 4724 5339 5310 5106 5337 5277 5132 5290 5020 5242 5387 4908 4841 5205 5082 5539 5466 4631 5155 5154 5268 5225 5137 5096 5403 5257 5061 4775 4854 
5101 5288 5058 4536 5162 5553 5178 5237 5221 5360 5231 5261 5037 5294 5219 4742 5432 5290 5598 5427 4842 5310 5020 4989 5497 5307 5354 5443 5067 5166 5486 5224 
5606 5517 5423 4748 5364 5909 5441 5354 5409 5660 5427 5292 5241 5292 5296 5146 5433 5627 5867 5521 4827 5514 5750 5579 5650 5874 5614 5762 5384 5306 5256 4780 
