2252 2062 2021 1732 2136 2277 2075 2079 2168 2026 2198 1883 1945 1867 2102 1686 2126 2097 2113 1921 1909 1890 2103 1913 2229 2182 2120 1962 2309 2053 2105 2006 
2156 1889 2002 1639 1797 2301 1760 1800 2026 1701 2100 1812 1688 1826 1688 1378 2106 1944 2107 1898 1664 1799 2133 1902 2105 2084 2154 1944 2086 1838 1992 1883 
2570 2377 2268 1717 2193 2631 2171 2262 2463 2057 2354 2058 2048 2031 2041 1821 2277 2271 2281 2040 2042 2238 2478 2037 2491 2390 2329 2087 2412 2165 2216 2149 
1992 1838 1800 1486 1733 2032 1554 1696 1925 1569 2013 1651 1746 1728 1691 1437 1966 1820 1920 1719 1659 1737 1904 1612 1925 1865 1854 1892 1980 1703 1847 1674 
2078 2038 1940 1548 1824 2077 1704 1723 2025 1816 1974 1666 1757 1870 1689 1528 2052 1888 1834 1713 1448 1680 2020 1858 1903 1976 1901 1852 1932 1784 1886 1811 
2049 1805 1832 1389 1880 1976 1634 1818 1878 1597 1860 1690 1779 1672 1758 1335 2119 1767 1992 1761 1540 1807 1794 1729 1933 1975 1822 1681 2018 1703 1853 1782 
2313 2189 2130 1802 2008 2267 1842 1971 2181 1905 2205 2001 1873 1816 1956 1507 2272 1936 2202 1901 1856 1997 2111 2062 2289 2112 2104 1893 2313 2186 2044 2028 
2091 1886 1863 1508 1936 2017 1924 1752 1925 1742 1952 1839 1542 1628 1734 1361 2028 1764 1973 1856 1646 1853 1834 1790 1963 1936 2000 1802 2106 1754 1965 1854 
2258 2077 2149 1747 1978 2286 1834 2022 2166 1839 2146 1873 1812 1881 1950 1412 2172 1923 2143 2006 1898 1938 2178 1851 2216 2184 2143 2105 2000 1924 2219 2075 
2024 2178 1972 1482 2026 2199 1958 1814 2152 1759 2075 1756 1752 1845 1816 1443 2242 1857 1957 1742 1743 1925 1974 1928 2107 2049 1858 1867 1983 1737 1944 2022 
2190 2002 1997 1440 2056 2236 1728 1933 2146 1765 2120 1704 1747 1838 1865 1559 2232 1937 2035 1765 1761 1808 2046 1753 2089 2044 2017 1838 2147 1956 1939 1902 
2114 1765 1782 1469 1803 2038 1861 1659 1998 1644 1933 1738 1633 1712 1750 1516 1869 1779 1805 1601 1553 1757 1949 1807 1934 2109 1924 1740 1878 1896 1788 1659 
2277 2109 1886 1502 1800 2115 1731 1896 2022 1831 1858 1734 1747 1695 1869 1356 2144 1886 1983 1833 1749 1601 1943 1737 2095 1909 1992 1806 2063 1875 1920 1820 
2295 2055 2090 1718 1850 2425 1978 1924 2286 2047 2252 1893 1817 2019 1896 1563 2078 2055 2096 1950 1730 1895 2191 1894 2252 2081 2114 1980 2069 1880 2020 1837 
2463 2346 2352 1953 2104 2418 2016 1892 2323 2070 2290 1971 2022 2016 2075 1553 2338 2173 2470 2021 1925 1922 2304 2154 2190 2136 2353 2241 2436 2078 2191 2089 
2326 1853 2025 1642 1918 2184 1742 1974 2189 1905 2206 1846 1884 1854 1965 1415 2175 2029 2024 2071 1839 1865 1941 1913 2126 1988 2070 2000 2063 2022 2093 1920 
2587 2290 2277 1783 2331 2548 2261 2214 2674 2188 2458 1989 2021 2046 2079 1816 2518 2134 2376 2196 2034 2065 2309 2083 2309 2531 2246 2267 2515 2153 2391 2186 
2014 1755 1723 1443 1772 2031 1764 1650 1777 1560 1880 1483 1589 1650 1765 1250 1874 1717 1699 1429 1519 1757 1853 1657 1944 1994 1878 1595 1976 1729 1667 1677 
2289 1906 2116 1439 1946 2240 2012 1991 2138 1975 2287 1849 1647 1740 1843 1420 2156 2053 2060 1857 1760 2073 2059 1912 2139 2110 2146 1803 2289 1862 2088 1919 
2262 2017 1981 1608 1894 2181 1782 1884 2060 1791 2129 1781 1706 1790 1869 1525 1907 1982 1942 1786 1696 1966 1971 1763 1973 1970 2047 1783 2155 1870 2114 1900 
2284 2143 2041 1638 2095 2298 1992 1926 2143 1862 2191 1807 1717 1912 1819 1527 2023 1998 2202 1853 1735 1860 2223 1991 2101 2127 2031 1743 2271 1861 1996 1987 
2423 2159 2220 1793 1947 2500 2228 1866 2217 1940 2282 2010 1925 1906 2033 1580 2266 2021 2093 1925 1891 2020 2253 1937 2290 2289 2265 2167 2246 1919 2186 2161 
2245 1860 1883 1389 1934 2091 1857 1913 2057 1803 1981 1705 1623 1665 1718 1469 2028 1892 1961 1785 1758 1828 2018 1749 2156 2106 1954 1749 2004 1762 1962 1850 
2206 1981 2174 1660 2059 2341 1819 1923 2090 1911 2191 1658 1749 1578 1891 1637 2193 1821 2022 1698 1740 1723 2109 1917 2232 1975 2018 2038 2245 2078 1937 1823 
2155 2083 2034 1597 1995 2215 1903 1930 2114 1744 2176 1767 1815 1695 1780 1529 2245 2140 2127 1861 1797 1962 2106 1989 2020 2045 2050 2006 2079 1934 1960 2036 
2482 2302 2173 1731 2116 2495 1901 2070 2398 1966 2253 2026 1835 1933 1974 1668 2376 1880 2087 2019 1979 1972 2382 2011 2384 2355 2119 2055 2200 2059 2213 2208 
2436 2180 2280 1751 2042 2311 2036 1883 2319 1964 2327 2079 1868 1923 2060 1530 2222 1960 2155 2033 1875 1908 2277 2012 2287 2307 2118 2041 2205 2050 2264 2052 
2311 2063 1948 1553 1956 2262 1894 2039 2181 1727 2191 1762 1777 1823 1929 1446 2231 1921 2119 1857 1706 2007 1982 1849 2323 2123 2029 1869 2280 1923 1980 1995 
2086 1828 1783 1400 1666 2072 1702 1761 1945 1660 1949 1673 1787 1691 1671 1349 2038 1759 1801 1723 1642 1560 1865 1685 1854 1812 1896 1735 1945 1728 1870 1771 
2174 1846 1918 1548 1927 2091 1675 1889 2023 1759 2001 1666 1887 1774 1855 1398 2011 1790 2023 1740 1699 1650 1967 1757 1999 1820 2059 1887 2050 1677 1839 1776 
1946 1852 1900 1570 1717 1983 1674 1715 1961 1795 1921 1664 1551 1620 1802 1293 1841 1874 1841 1705 1645 1675 1785 1758 2141 1828 1883 1752 1879 1775 1931 1898 
2486 2258 2136 1698 1967 2452 2055 1986 2305 2016 2228 2008 1829 1862 2073 1672 2235 2101 2294 1989 1955 1982 2314 2127 2346 2364 2244 2095 2246 2147 2270 1828 
