4437 4432 4254 3802 4641 4758 4622 4523 4431 4450 4583 4342 4488 4461 4622 4091 4316 4561 4761 4498 4059 4282 4482 4376 4792 4761 4367 4240 4449 4577 4451 4305 
4842 4968 4811 4421 5076 5396 4923 4903 4948 4856 5094 5096 5052 5093 4842 4470 5052 5085 5609 5193 4320 5059 5204 5091 5245 5302 5181 5098 4970 4718 5086 4828 
4787 4944 4546 3818 4766 5135 4735 4731 4880 4767 5010 4644 4844 4722 4764 4235 4896 5042 5092 4985 4312 4934 4992 4647 5079 5213 4905 4651 4754 4724 4736 4609 
4382 4391 4155 3777 4437 4472 4253 4152 4242 4194 4619 4256 4453 4255 4393 3862 4410 4413 4754 4475 3929 4413 4251 4221 4450 4371 4428 4532 4383 4032 4207 4057 
4725 5184 4677 3997 4858 4731 4568 4553 4935 4787 4913 4529 4852 5103 4738 4277 4914 4904 4923 5082 3942 4890 5003 4633 4835 5099 4798 4870 4655 4603 4777 4596 
4648 4688 4327 3869 4809 4843 4555 4549 4490 4444 4697 4455 4806 4523 4783 4225 4858 4569 5103 4924 3977 4886 4409 4580 4715 4991 4445 4503 4698 4302 4501 4354 
4511 4883 4474 4064 4706 4892 4414 4790 4632 4563 4790 4575 4564 4504 4554 4035 5039 4390 5176 4845 4151 4851 4431 4660 4998 4857 4680 4723 4604 4810 4506 4353 
4470 4791 4326 3989 5102 4851 4774 4320 4678 4656 4794 4715 4509 4697 4680 4230 4673 4685 5056 4864 4102 4884 4607 4563 4676 4861 4708 4677 4716 4369 4541 4406 
4778 4716 4516 4067 4710 4802 4642 4749 4729 4763 4896 4756 4824 4893 4896 4118 4989 4600 5192 5143 4261 4959 4827 4680 5022 5046 4828 4919 4554 4581 4840 4720 
4171 4717 4137 3899 4547 4502 4581 4351 4500 4314 4614 4205 4395 4661 4681 4050 4783 4109 4753 4695 3847 4511 4403 4405 4672 4673 4411 4448 4264 4071 4413 4415 
4468 4634 4375 3812 4976 4821 4588 4732 4665 4607 4919 4281 4679 4707 4530 4083 4880 4702 4941 4965 4111 4807 4485 4298 4598 4878 4797 4654 4563 4460 4362 4263 
4610 4364 4202 3756 4550 4570 4378 4126 4414 4305 4681 4242 4393 4444 4527 4099 4462 4308 4723 4452 3693 4555 4381 4398 4575 4929 4348 4384 4141 4608 4191 4192 
4640 4630 4024 3685 4434 4576 4195 4383 4366 4333 4312 4203 4456 4311 4503 3834 4462 4363 4610 4691 3924 4153 4345 4181 4543 4470 4306 4203 4103 4256 4272 4070 
4536 4428 4294 3870 4356 4788 4313 4475 4817 4623 4762 4353 4424 4741 4396 4040 4440 4529 4678 4534 4035 4540 4503 4476 4779 4741 4457 4496 4229 4385 4403 4338 
4611 4675 4418 4000 4470 4721 4440 4368 4555 4546 4546 4342 4462 4494 4516 3749 4776 4568 5148 4474 4070 4409 4554 4483 4473 4695 4550 4806 4469 4609 4221 4342 
4601 4432 4524 3791 4567 4654 4467 4551 4664 4464 4651 4293 4563 4626 4596 4078 4736 4496 4723 4853 4000 4561 4316 4349 4727 4561 4518 4683 4493 4443 4724 4065 
4836 4908 4577 4039 5032 5212 4925 4823 5044 4883 4919 4552 4744 4710 4720 4465 5168 4738 5181 5061 4345 4761 4940 4673 4928 5358 4805 5000 4899 4608 4921 4631 
4513 4471 4169 3851 4753 4717 4575 4404 4359 4283 4630 4337 4548 4666 4364 4000 4638 4442 4544 4465 4063 4923 4367 4596 4576 4637 4580 4389 4346 4317 4205 4141 
4530 4492 4273 3650 4557 4621 4330 4470 4540 4559 4732 4257 4346 4248 4427 3968 4644 4417 4793 4727 3776 4856 4224 4446 4569 4745 4546 4357 4475 4124 4524 4229 
4762 4796 4382 4020 4771 4842 4548 4619 4478 4596 4745 4497 4579 4548 4702 4026 4553 4674 4898 4906 4009 4844 4557 4465 4698 4904 4712 4589 4596 4438 4817 4384 
4576 4570 4380 3944 4848 4727 4604 4618 4589 4396 4610 4430 4460 4616 4567 4208 4527 4706 4902 4784 3957 4611 4670 4421 4548 4783 4410 4276 4505 4413 4296 4353 
4904 4890 4513 4119 4691 4905 4903 4495 4657 4872 5074 4789 4687 4769 4905 4294 5119 4684 4879 5069 4137 4959 4865 4662 5008 5177 4963 4976 4657 4631 4795 4693 
4912 4745 4389 3733 4918 4713 4748 4870 4702 4730 4911 4448 4504 4673 4467 4456 4986 4587 5094 4955 4298 4826 4728 4666 4877 4960 4673 4883 4612 4590 4663 4470 
4436 4450 4279 3807 4533 4536 4418 4429 4332 4335 4556 4097 4221 4446 4526 4097 4529 4469 4759 4372 3913 4364 4568 4361 4544 4636 4509 4646 4436 4635 4362 4165 
4271 4642 4488 3697 4660 4779 4361 4348 4517 4268 4628 4453 4477 4311 4335 4116 4919 4736 4899 4647 4102 4532 4501 4528 4532 4569 4491 4618 4410 4356 4289 4374 
5100 5099 4806 4271 5239 5478 4983 4846 4947 4843 5145 4913 4815 5000 4888 4507 5163 4829 5102 5348 4585 4932 5136 4876 5028 5227 4814 5045 4897 4762 4885 4904 
4871 4813 4602 4267 4979 4972 4783 4633 4805 4580 5155 4750 4945 4778 4867 4180 4858 4665 4966 5224 4180 4741 4824 4774 5068 5208 4728 4877 4718 4617 4832 4599 
4611 4720 4406 3887 4918 5083 4664 4839 4556 4574 5066 4433 4751 4546 4665 4028 4819 4649 4939 4958 3948 4815 4658 4570 5072 5045 4379 4495 4822 4394 4601 4524 
4296 4302 4082 3529 4262 4454 4306 4438 4355 4100 4470 4020 4444 4274 4182 3829 4525 4414 4564 4424 3765 4219 4158 4208 4433 4390 4473 4419 4414 4145 4342 4053 
4509 4536 4323 3949 4673 4602 4405 4534 4605 4466 4697 4446 4613 4701 4481 4036 4581 4362 4840 4730 4118 4315 4480 4604 4601 4413 4477 4558 4532 4382 4213 4279 
4544 4727 4353 3947 4566 4853 4466 4567 4646 4653 4717 4577 4499 4680 4674 3991 4771 4703 4934 4914 4208 4665 4391 4512 4946 4765 4528 4718 4413 4624 4770 4648 
4941 4897 4641 4037 4678 5115 4648 4550 4683 4808 4816 4563 4622 4536 4800 4293 4747 4900 5151 4884 4236 4719 4996 4901 4991 5091 4736 4894 4697 4681 4594 4151 
