3414 3242 3235 2748 3395 3636 3515 3498 3338 3291 3497 3192 3201 3340 3475 2919 3401 3429 3424 3343 3059 3285 3365 3219 3545 3462 3323 3120 3465 3545 3605 3257 
3621 3367 3482 3046 3384 3805 3411 3459 3536 3218 3685 3578 3344 3523 3346 3012 3644 3586 3707 3675 2966 3593 3607 3592 3595 3680 3695 3591 3666 3457 3785 3331 
3827 3677 3513 2820 3575 3990 3503 3612 3777 3375 3736 3479 3527 3518 3408 3072 3720 3653 3574 3584 3279 3839 3597 3432 3843 3770 3670 3432 3657 3674 3678 3522 
3379 3185 3249 2666 3151 3377 3067 3147 3171 2943 3459 3149 3131 3151 3155 2811 3472 3307 3357 3353 2838 3281 3064 3088 3227 3171 3217 3365 3327 3124 3341 2973 
3379 3431 3372 2734 3296 3446 3156 3126 3454 3221 3377 3154 3273 3511 3211 2868 3535 3331 3116 3411 2700 3332 3303 3245 3271 3318 3319 3372 3321 3177 3440 3179 
3429 3277 3202 2604 3375 3521 3190 3342 3217 2970 3351 3234 3365 3149 3265 2917 3716 3169 3564 3415 2831 3559 3021 3294 3392 3462 3154 3207 3455 3227 3334 3016 
3624 3565 3399 3005 3475 3591 3202 3529 3519 3328 3618 3421 3303 3179 3347 2988 3770 3264 3738 3507 3060 3571 3127 3477 3716 3472 3369 3418 3665 3752 3443 3252 
3329 3244 3134 2562 3406 3393 3387 3104 3310 3085 3344 3186 2939 3159 3114 2763 3295 3176 3335 3334 2757 3350 3028 3120 3245 3248 3245 3207 3375 3196 3323 3128 
3510 3278 3376 2876 3278 3644 3317 3456 3572 3260 3633 3352 3296 3349 3359 2857 3553 3228 3609 3616 3146 3467 3280 3325 3607 3543 3490 3534 3312 3335 3755 3365 
3148 3348 3124 2615 3188 3380 3327 3180 3273 2938 3357 3055 3066 3236 3275 2703 3508 2959 3186 3163 2733 3314 3087 3151 3353 3259 3108 3119 3195 3002 3363 3197 
3248 3149 3117 2509 3314 3333 3028 3229 3294 3070 3492 2930 3117 3186 3070 2741 3564 3159 3337 3337 2856 3316 2992 2912 3236 3282 3254 3197 3258 3270 3189 2908 
3408 2981 3040 2628 3154 3322 3129 2881 3278 2951 3331 3084 2998 3049 3269 2783 3255 3114 3186 3094 2667 3232 2979 3216 3171 3383 3213 3134 3111 3403 3144 2988 
3462 3255 2985 2505 3056 3286 2971 3168 3135 3021 3083 3011 3085 2984 3110 2615 3311 3055 3078 3281 2821 2883 3061 2949 3250 3045 3149 3008 3119 3116 3169 2893 
3542 3229 3336 2823 3085 3704 3268 3324 3629 3322 3661 3278 3196 3546 3323 2915 3437 3311 3275 3424 2978 3427 3299 3370 3454 3351 3346 3351 3244 3296 3384 3135 
3658 3510 3517 3056 3379 3650 3337 3262 3568 3379 3516 3268 3275 3344 3433 2825 3592 3475 3861 3331 3020 3290 3331 3452 3276 3399 3488 3591 3615 3510 3338 3277 
3621 3334 3548 2854 3478 3599 3359 3565 3596 3270 3696 3338 3364 3490 3487 3045 3734 3476 3474 3798 3097 3554 3255 3420 3669 3358 3546 3547 3530 3608 3762 3219 
3673 3373 3355 2704 3508 3794 3451 3461 3763 3339 3541 3159 3163 3242 3176 3065 3697 3317 3554 3479 3123 3341 3344 3232 3414 3684 3281 3407 3630 3368 3713 3163 
3268 2961 2812 2486 3074 3300 3093 2939 3036 2814 3157 2762 2895 3055 2949 2658 3213 3000 2918 2921 2697 3397 2903 3046 3128 3142 3142 2950 3203 3082 3027 2822 
3433 3155 3213 2471 3246 3411 3190 3332 3283 3219 3518 3092 2970 2984 3020 2738 3564 3219 3333 3326 2755 3578 2965 3177 3256 3310 3347 3129 3415 3173 3331 2956 
3626 3339 3317 2820 3265 3502 3145 3302 3208 3237 3438 3111 3096 3125 3363 2833 3239 3366 3268 3389 2869 3504 3153 3068 3218 3421 3460 3199 3449 3232 3671 3152 
3610 3474 3262 2828 3564 3632 3472 3375 3487 3158 3490 3286 3264 3362 3299 2980 3422 3375 3515 3477 2932 3454 3446 3419 3411 3468 3291 3095 3566 3343 3408 3201 
3767 3498 3385 2969 3361 3803 3559 3355 3548 3450 3670 3602 3253 3390 3541 2999 3747 3377 3545 3650 3093 3619 3443 3354 3714 3803 3623 3618 3565 3496 3728 3558 
3618 3194 3124 2517 3333 3396 3252 3506 3379 3224 3401 3122 2906 3153 3093 3075 3547 3168 3444 3333 3010 3423 3165 3297 3387 3391 3230 3338 3360 3216 3447 3077 
3441 3190 3309 2720 3369 3485 3194 3258 3257 3126 3420 2948 2973 3104 3177 2974 3458 3086 3238 3090 2842 3172 3212 3211 3436 3328 3254 3335 3355 3493 3319 3060 
3328 3398 3406 2688 3327 3598 3245 3287 3407 2953 3467 3143 3149 3011 3141 2857 3643 3432 3457 3301 2930 3314 3139 3328 3251 3275 3219 3339 3334 3323 3309 3273 
3839 3448 3429 2822 3527 3852 3400 3373 3605 3314 3593 3451 3100 3356 3321 3083 3737 3209 3378 3598 3161 3371 3561 3417 3619 3668 3293 3437 3447 3487 3592 3426 
3661 3416 3452 2968 3357 3613 3389 3301 3537 3181 3739 3447 3446 3332 3443 2843 3581 3180 3437 3663 3041 3368 3372 3384 3628 3691 3457 3383 3457 3408 3700 3335 
3422 3295 3201 2681 3272 3626 3195 3358 3284 3029 3657 3119 3192 3161 3215 2736 3508 3278 3331 3458 2799 3303 3198 3244 3606 3411 3186 3114 3631 3169 3403 3194 
3410 3180 3147 2580 3120 3447 3177 3283 3276 3074 3413 3103 3305 3141 3094 2847 3519 3171 3318 3247 2817 3224 3039 3178 3307 3135 3331 3294 3385 3176 3433 3055 
3498 3147 3188 2800 3385 3504 3161 3373 3487 3209 3475 3198 3297 3433 3393 2974 3412 3153 3474 3381 2970 3181 3223 3369 3439 3200 3293 3365 3447 3219 3306 3158 
3365 3205 3199 2747 3096 3492 3148 3222 3409 3248 3384 3259 3052 3274 3180 2758 3539 3333 3335 3388 3041 3311 3037 3216 3621 3316 3229 3245 3145 3352 3549 3360 
3692 3447 3471 2770 3307 3795 3394 3280 3493 3344 3519 3204 3111 3037 3391 2984 3507 3492 3569 3375 3020 3416 3379 3540 3516 3501 3411 3483 3557 3455 3518 2887 
