1671 1447 1453 1271 1595 1572 1380 1462 1471 1515 1511 1269 1279 1238 1553 1164 1519 1432 1489 1536 1341 1349 1491 1393 1598 1517 1568 1330 1663 1578 1388 1388 
1579 1243 1395 1227 1278 1516 1214 1247 1373 1295 1434 1134 1112 1176 1080 990 1324 1268 1363 1402 1128 1199 1397 1221 1372 1437 1466 1290 1492 1317 1302 1226 
1683 1401 1454 1146 1321 1530 1181 1374 1476 1338 1372 1176 1135 1191 1217 1206 1266 1311 1336 1386 1265 1420 1480 1239 1543 1427 1450 1169 1469 1358 1239 1290 
1413 1200 1215 1066 1308 1296 996 1215 1285 1139 1359 1057 1133 1132 1214 974 1337 1173 1311 1275 1128 1270 1230 1106 1318 1263 1288 1244 1453 1229 1154 1109 
1521 1377 1380 1172 1298 1439 1080 1109 1338 1355 1363 1065 1248 1194 1224 1062 1410 1245 1257 1279 941 1236 1365 1302 1293 1299 1389 1214 1438 1358 1202 1240 
1427 1156 1163 991 1215 1256 1000 1128 1169 1140 1164 1135 1054 1012 1106 883 1312 1061 1272 1233 993 1212 1119 1018 1260 1309 1189 1064 1399 1179 1171 1074 
1769 1540 1595 1348 1409 1556 1155 1386 1562 1405 1546 1389 1334 1284 1479 1119 1598 1364 1534 1418 1369 1416 1446 1468 1678 1581 1524 1332 1741 1573 1384 1341 
1435 1221 1203 1060 1236 1240 1195 1120 1155 1203 1279 1075 947 995 1217 898 1289 1061 1209 1328 1050 1212 1099 1099 1176 1232 1289 1120 1430 1194 1191 1128 
1710 1491 1552 1288 1379 1504 1219 1381 1493 1447 1470 1215 1234 1275 1425 1052 1504 1300 1398 1492 1352 1373 1397 1313 1598 1522 1494 1447 1416 1410 1437 1334 
1434 1424 1301 984 1339 1350 1184 1149 1283 1206 1337 1044 1082 1136 1243 933 1377 1143 1152 1222 1084 1233 1174 1158 1318 1286 1136 1120 1315 1165 1174 1191 
1606 1347 1362 1031 1437 1444 1042 1275 1446 1245 1376 1037 1107 1214 1357 1068 1439 1264 1360 1332 1140 1162 1257 1139 1453 1377 1372 1189 1503 1361 1294 1252 
1460 1018 1206 1074 1194 1249 1115 1071 1239 1124 1161 1133 1002 1009 1122 978 1136 1056 1083 1084 1016 1183 1272 1124 1202 1301 1241 1052 1225 1294 1044 1066 
1656 1531 1378 1136 1331 1488 1211 1337 1474 1415 1338 1164 1193 1152 1353 1078 1438 1293 1437 1441 1243 1149 1282 1229 1558 1343 1431 1271 1632 1430 1245 1316 
1593 1377 1505 1238 1313 1613 1311 1296 1508 1492 1509 1134 1237 1307 1264 1063 1379 1288 1367 1392 1137 1285 1485 1318 1502 1412 1410 1269 1401 1313 1245 1211 
1822 1668 1699 1418 1561 1615 1331 1284 1607 1571 1550 1326 1265 1362 1426 1036 1593 1425 1710 1533 1341 1332 1618 1588 1490 1489 1710 1489 1706 1528 1458 1418 
1806 1348 1515 1274 1421 1532 1248 1452 1610 1468 1565 1268 1327 1283 1430 1037 1563 1466 1411 1641 1343 1322 1302 1348 1532 1366 1478 1428 1516 1516 1441 1395 
1958 1614 1669 1196 1660 1709 1495 1506 1845 1633 1740 1352 1316 1325 1487 1303 1691 1434 1593 1592 1418 1443 1581 1419 1603 1778 1632 1535 1866 1569 1621 1520 
1467 1222 1297 1129 1247 1342 1147 1080 1177 1108 1303 874 1035 1126 1229 939 1230 1089 1172 1125 1032 1201 1231 1211 1390 1385 1247 1010 1397 1246 1060 1175 
1765 1426 1598 1121 1375 1509 1373 1366 1510 1551 1581 1236 1088 1205 1274 1000 1514 1369 1471 1500 1259 1462 1436 1399 1508 1462 1483 1164 1644 1328 1430 1348 
1710 1392 1444 1176 1426 1483 1153 1326 1461 1351 1536 1213 1173 1226 1324 1146 1361 1382 1339 1406 1206 1486 1413 1359 1451 1410 1474 1210 1573 1375 1401 1374 
1711 1352 1507 1133 1391 1496 1209 1249 1423 1342 1516 1174 1110 1250 1313 1110 1366 1332 1512 1315 1171 1331 1479 1389 1387 1502 1412 1170 1649 1336 1312 1301 
1723 1347 1484 1321 1321 1578 1412 1173 1408 1392 1461 1324 1218 1228 1354 1043 1439 1265 1344 1481 1210 1371 1458 1291 1441 1535 1585 1413 1423 1349 1420 1389 
1595 1223 1235 1025 1230 1321 1105 1248 1320 1195 1267 1062 962 1017 1205 999 1247 1164 1248 1285 1145 1272 1237 1160 1430 1392 1287 1063 1404 1117 1225 1138 
1651 1385 1571 1258 1516 1634 1231 1354 1496 1408 1570 1124 1204 1126 1416 1215 1510 1200 1456 1333 1271 1200 1512 1394 1567 1464 1489 1439 1671 1550 1359 1190 
1477 1291 1261 1088 1285 1276 1115 1184 1315 1182 1311 1025 1049 977 1103 974 1293 1285 1299 1334 1148 1254 1242 1238 1246 1330 1330 1210 1301 1265 1177 1207 
1847 1594 1482 1216 1438 1643 1109 1350 1597 1391 1580 1258 1191 1183 1436 1181 1519 1253 1375 1453 1239 1339 1528 1352 1620 1598 1446 1341 1609 1456 1450 1457 
1842 1529 1675 1326 1570 1556 1448 1349 1682 1544 1653 1435 1290 1334 1544 1101 1573 1305 1497 1564 1366 1380 1591 1468 1604 1702 1506 1380 1639 1525 1529 1453 
1693 1346 1300 1082 1339 1474 1178 1349 1437 1235 1431 1151 1089 1215 1342 976 1462 1244 1432 1403 1091 1384 1279 1208 1538 1492 1301 1140 1619 1336 1318 1287 
1404 1112 1159 990 1032 1277 995 1104 1173 1183 1261 1038 1108 1011 1135 893 1294 1035 1121 1237 992 1003 1084 1091 1143 1089 1213 1101 1274 1279 1167 1088 
1495 1147 1267 1041 1237 1328 1002 1168 1305 1260 1233 1091 1121 1144 1212 941 1263 1047 1285 1228 1129 1103 1238 1124 1324 1179 1374 1196 1319 1125 1162 1066 
1430 1350 1405 1069 1176 1259 1104 1129 1306 1318 1280 1036 963 1004 1282 881 1181 1209 1130 1255 1135 1136 1124 1171 1474 1194 1282 1117 1257 1253 1266 1282 
1733 1397 1478 1158 1287 1548 1219 1265 1442 1372 1387 1193 1123 1093 1376 1089 1395 1240 1480 1376 1286 1288 1534 1408 1456 1588 1433 1261 1480 1392 1406 1190 
