3891 3812 3593 3170 3968 4097 3893 3955 3815 3855 3911 3654 3729 3783 4073 3344 3716 3907 4043 3779 3512 3764 3873 3639 4124 4072 3694 3571 3989 4075 3958 3700 
4178 4191 3962 3643 4210 4607 4070 4162 4184 4098 4319 4139 4079 4095 4090 3552 4224 4216 4664 4299 3607 4338 4384 4182 4494 4479 4242 4249 4242 4128 4333 3986 
4244 4446 3966 3325 4114 4587 4081 4188 4315 4087 4345 3999 4106 4037 4088 3485 4233 4292 4415 4271 3812 4437 4320 3979 4517 4587 4211 3969 4219 4256 4121 4055 
3968 3972 3749 3310 3862 4015 3783 3798 3790 3682 4201 3750 3900 3761 3872 3321 4043 3849 4207 4026 3499 3957 3777 3670 3991 3975 3877 4046 3935 3785 3786 3651 
4104 4390 3914 3309 4061 4045 3812 3799 4086 4031 4110 3743 3928 4232 3994 3416 4102 4085 4041 4153 3330 4115 4132 3878 4046 4184 3935 4030 3969 3992 3988 3890 
4039 4133 3705 3247 4089 4194 3927 3970 3919 3806 4092 3807 4038 3778 4112 3506 4268 3869 4426 4128 3469 4256 3771 3897 4083 4321 3786 3812 4138 3876 3844 3700 
4122 4357 3889 3525 4174 4354 3913 4243 4109 4071 4289 4019 3998 3774 4042 3388 4441 3871 4550 4173 3686 4299 3822 4087 4473 4197 3987 4105 4216 4323 3970 3808 
3873 4021 3565 3178 4157 4094 3964 3588 3875 3852 3972 3805 3520 3776 3870 3279 3800 3834 4107 3886 3388 4013 3646 3622 3866 4028 3742 3786 3974 3792 3778 3635 
4130 4033 3816 3366 3911 4173 3897 4006 4044 3924 4159 3922 3877 3988 4104 3294 4116 3826 4392 4225 3669 4115 3965 3904 4279 4200 3951 4100 3869 4008 4111 3960 
3700 4076 3444 3171 3752 3884 3895 3650 3724 3543 3971 3526 3672 3876 4022 3198 4033 3436 3973 3831 3273 3873 3770 3647 4020 4013 3573 3691 3726 3570 3774 3779 
3849 4003 3642 3118 4100 4061 3746 3951 3963 3917 4256 3473 3822 3861 3852 3264 4187 3905 4141 4063 3508 4075 3767 3554 3967 4090 3928 3835 3969 3966 3709 3548 
4039 3804 3562 3268 3943 4010 3776 3578 3921 3703 4028 3656 3672 3741 4008 3408 3830 3694 4051 3810 3227 3944 3690 3780 3944 4278 3746 3732 3670 4124 3631 3650 
4056 4072 3453 3140 3775 3991 3562 3796 3740 3739 3767 3652 3805 3672 3907 3111 3929 3694 3928 3958 3390 3579 3767 3549 3994 3829 3651 3593 3697 3839 3748 3545 
3966 3840 3719 3260 3662 4210 3685 3898 4134 3937 4140 3734 3745 4001 3815 3292 3811 3841 3960 3855 3520 3968 3936 3812 4165 4034 3755 3874 3708 3879 3779 3673 
4193 4230 3919 3637 4042 4344 3937 3905 4140 4059 4051 3861 3887 3891 4051 3246 4174 4095 4650 3945 3721 3992 4034 4042 4023 4136 4017 4273 4104 4199 3746 3878 
4086 3943 3940 3304 4037 4181 3880 4076 4145 3878 4156 3730 3901 3965 4146 3494 4186 3928 4140 4325 3512 4123 3803 3811 4197 4019 3992 4055 4090 4030 4222 3650 
4333 4259 3850 3375 4291 4572 4214 4175 4442 4177 4221 3868 3988 3917 4026 3624 4413 4052 4491 4195 3832 4089 4155 3957 4297 4660 3927 4199 4341 4083 4245 3853 
3814 3705 3354 3110 3853 3966 3742 3610 3603 3488 3860 3428 3572 3686 3590 3105 3862 3568 3623 3556 3349 4068 3520 3694 3830 3830 3636 3559 3641 3729 3463 3383 
3998 3947 3685 3036 3897 4048 3801 3886 3934 3928 4188 3678 3667 3522 3791 3264 4047 3803 4168 3995 3337 4250 3658 3790 4015 4098 3816 3757 3976 3753 3892 3611 
4261 4182 3810 3321 4007 4220 3771 3951 3776 3935 4094 3718 3774 3751 4095 3312 3835 3979 4114 4113 3442 4249 3823 3713 4000 4176 3975 3866 4000 3930 4214 3807 
4125 4121 3799 3469 4268 4216 4029 4045 4124 3851 4059 3895 3897 3963 3938 3551 3950 4035 4301 4080 3524 4104 4164 3887 4050 4262 3818 3677 4100 4015 3825 3809 
4350 4301 3821 3573 4055 4437 4260 3894 4118 4219 4383 4177 3883 4040 4270 3537 4374 3997 4281 4304 3663 4289 4079 3989 4404 4502 4237 4222 4124 4132 4155 4130 
4295 4000 3615 3074 4104 4011 3924 4196 3966 3962 4150 3675 3593 3863 3881 3580 4211 3820 4290 4102 3655 4153 3934 3875 4147 4216 3852 4013 3996 4031 3991 3781 
3915 3931 3687 3296 3944 4029 3759 3822 3791 3799 4007 3417 3549 3655 3898 3414 3937 3723 4048 3671 3353 3771 3946 3717 4022 4015 3859 3929 3947 4078 3781 3685 
3687 4001 3732 3101 3888 4104 3713 3742 3869 3585 3944 3671 3644 3506 3665 3265 4121 3944 4089 3765 3459 3800 3678 3809 3858 3878 3715 3825 3781 3845 3658 3666 
4475 4356 3946 3521 4274 4636 4132 4121 4249 4103 4345 4031 3844 4057 4142 3642 4365 3939 4233 4381 3886 4112 4295 4099 4309 4464 3934 4169 4164 4219 4134 4065 
4285 4223 3887 3577 4111 4325 4052 3970 4072 3932 4440 4013 4102 3962 4217 3323 4166 3820 4244 4407 3612 4092 4103 3958 4381 4523 3976 4021 4068 4114 4176 3972 
4026 4056 3762 3233 4095 4423 3806 4091 3928 3828 4256 3694 3914 3745 3996 3241 4084 3920 4155 4111 3400 4063 3853 3819 4369 4307 3612 3774 4255 3844 3974 3792 
3917 3887 3602 3074 3724 3999 3788 3965 3852 3698 4006 3547 3926 3659 3708 3305 4066 3760 4005 3847 3356 3782 3665 3779 3980 3835 3904 3873 3961 3774 3827 3624 
4042 3905 3760 3376 4030 4075 3776 4009 4029 3869 4169 3787 3942 4046 4033 3398 3976 3828 4148 4107 3589 3760 3880 4000 4032 3852 3838 3950 4020 3902 3717 3719 
4100 4125 3750 3422 3889 4286 3845 3974 4054 4029 4129 3934 3822 3945 4061 3278 4155 4069 4254 4181 3708 4106 3835 3860 4427 4165 3821 3995 3910 4133 4143 4066 
4243 4283 4002 3382 3990 4444 3955 3911 4041 4103 4144 3879 3838 3724 4117 3502 4106 4142 4423 4069 3706 4069 4151 4189 4279 4296 3976 4129 4163 4170 3898 3492 
