4387 4231 4581 4499 4437 4325 4146 4421 4551 3957 4217 3952 4139 4220 4472 4116 3882 4172 4045 4146 4261 4214 3876 4387 4192 3984 4442 4856 4188 4214 4300 4196 
4839 4942 5154 4977 4735 4959 4946 5147 5063 4548 4722 4715 4762 4910 5097 4939 4630 4784 4209 4936 4596 4611 4342 5036 4815 5064 5073 4979 4655 4940 4809 5060 
4479 4777 5051 4602 4678 4931 4758 4846 5170 4394 4594 4615 4485 4906 4843 4800 4526 4549 4416 4676 4584 4832 4173 4847 4598 4740 4748 5001 4604 4928 4780 4599 
4662 4599 4657 4334 4336 4620 4690 4680 4757 4234 4251 4410 4031 4565 4525 4398 4255 4207 4267 4230 4308 4298 3963 4451 4299 4302 4414 4565 4442 4358 4467 4331 
4533 4716 5175 4732 4928 4637 4655 4795 5173 4398 4845 4462 4321 4835 4938 4840 4522 4467 4158 4633 4960 4572 4099 4637 4596 4675 4830 4866 4669 4620 4834 4442 
4463 4664 4748 4683 4724 4708 4598 4796 4989 4445 4410 4374 4324 4680 4799 4641 4547 4288 4435 4371 4538 4459 4110 4620 4304 4708 4715 4547 4302 4409 4410 4629 
4597 4603 4972 4621 4676 4961 4801 4629 5107 4413 4496 4694 4215 4583 4489 4613 4746 4523 4328 4573 4456 4521 4164 4752 4306 4654 4518 4887 4646 4566 4794 4478 
4821 4747 4922 4743 4643 4674 4586 4768 4865 4362 4544 4321 4594 4710 4775 4634 4336 4519 4469 4707 4612 4501 4299 4728 4451 4624 4789 5062 4521 4770 4504 4617 
4419 4861 5107 4867 4584 4563 4691 4777 4971 4260 4443 4486 4534 4789 4690 4618 4649 4612 4280 4466 4932 4636 4313 4844 4529 4543 4794 4830 4262 4658 4789 4640 
4194 4390 4481 4327 4497 4339 4243 4416 4676 4028 4366 4018 4109 4514 4330 4232 4056 4030 3949 4287 4197 4400 3930 4483 4080 4250 4357 4464 4167 4193 4479 4393 
4556 4636 5129 4864 4752 4926 4754 4758 5243 4326 4643 4430 4327 4669 4678 4550 4593 4427 4250 4652 4672 4664 3898 4919 4536 4815 4566 4946 4728 4747 4799 4530 
4345 4730 4728 4524 4695 4641 4727 4481 4958 4341 4602 4508 4262 4739 4522 4632 4366 4317 4304 4576 4640 4317 3839 4720 4314 4394 4572 4673 4510 4599 4525 4225 
3942 4137 4373 4058 4119 4256 4086 4323 4535 3917 4123 3742 3872 4271 4210 4213 4052 3997 4029 4202 4143 4027 3683 4210 4069 3907 4352 4192 3826 4215 4122 4103 
4325 4395 4803 4413 4442 4517 4605 4602 4810 3955 4578 4201 4183 4575 4612 4491 4346 4358 4016 4261 4388 4174 3806 4663 4144 4353 4415 4458 4400 4306 4640 4243 
4224 4405 4620 4241 4212 4557 4378 4361 4715 3932 4030 3984 4093 4301 4361 4523 4253 4247 3971 4220 4184 4329 3871 4385 4001 4321 4226 4523 4345 4303 4414 4143 
4204 4294 4447 4451 4301 4514 4278 4454 4768 4154 4202 4364 3815 4379 4610 4360 4190 4122 4152 4206 4069 4038 3785 4629 4349 4361 4486 4569 4247 4081 4329 4126 
4674 4779 5250 4475 4618 5075 4664 4622 5052 4297 4538 4487 4644 4705 4998 4541 4493 4701 4298 4684 4639 4672 4380 4930 4427 4763 4942 4963 4575 4884 4856 4412 
4730 4622 5189 4728 4950 4798 4669 4751 5070 4396 4636 4374 4398 4738 4789 4692 4416 4585 4298 5046 4469 4459 4140 4840 4561 4523 4909 5104 4568 4656 4940 4528 
4574 4465 4764 4382 4527 4357 4550 4804 4855 4102 4276 4175 4388 4660 4689 4323 4396 4280 4138 4304 4115 4353 3944 4514 4275 4421 4441 4691 4554 4662 4455 4335 
4233 4396 4791 4458 4231 4551 4253 4636 4813 4049 4067 4067 4148 4343 4334 4528 4200 4211 3950 4212 4184 4238 3810 4502 4200 4363 4410 4458 4237 4433 4226 4322 
4262 4583 4888 4514 4530 4832 4617 4611 4804 4050 4429 4455 4289 4562 5068 4521 4449 4447 4228 4483 4598 4621 4125 4612 4516 4500 4763 4937 4535 4603 4713 4362 
4761 5029 5027 4909 5221 4812 5198 4764 5118 4447 4553 4640 4596 4937 4867 4992 4562 4622 4342 4728 4763 4542 4296 4953 4499 4717 4664 5207 4613 4592 4802 4517 
4310 4504 4877 4687 4690 4672 4489 4698 4910 4148 4490 4211 4456 4601 4673 4568 4376 4439 4266 4692 4367 4340 3967 4743 4207 4269 4419 4802 4279 4508 4741 4542 
4284 4741 4740 4262 4529 4229 4315 4387 4657 4248 4171 4293 4056 4364 4359 4249 4185 4187 4186 4477 4394 4219 3675 4703 4167 4346 4415 4774 4335 4138 4533 4153 
4382 4639 4778 4671 4450 4686 4466 4737 4888 4227 4350 4402 4308 4554 4628 4494 4271 4215 4110 4464 4617 4463 4091 4522 4351 4525 4487 4834 4334 4706 4536 4169 
4871 5284 5098 5126 4952 5205 4940 5041 5445 4473 4827 4646 4756 4960 4996 5130 4825 4732 4982 4999 5000 4770 4382 5198 4781 4794 5049 5172 4982 4999 5145 4609 
4582 4874 4830 4735 4801 4830 4591 4720 4967 4342 4402 4507 4377 4688 4633 4704 4643 4360 4384 4381 4625 4462 4252 4791 4486 4572 4672 4917 4475 4574 4742 4565 
4592 4849 5014 4875 4725 4763 4554 4708 5262 4106 4468 4520 4327 4937 4557 4736 4283 4439 4530 4425 4459 4423 4110 5052 4489 4708 4625 4918 4600 4404 4671 4378 
3962 4294 4687 4160 4409 4445 4224 4317 4414 3766 3956 3970 3951 4324 4260 4342 4061 3925 3805 4050 4152 3841 3687 4429 3779 4321 4176 4314 3973 3910 4184 4096 
4244 4670 5178 4678 4826 4843 4968 4644 4858 4441 4358 4229 4310 4739 4752 4708 4522 4448 4346 4701 4542 4418 4284 5003 4426 4779 4800 4897 4508 4624 4779 4545 
4550 4514 4905 4772 4616 4658 4510 4899 5026 4292 4557 4468 4367 4647 4814 4661 4639 4458 4440 4595 4633 4598 3926 4715 4380 4347 4489 5008 4233 4519 4660 4521 
4629 4898 5214 4919 4892 4927 4671 4931 5132 4596 4775 4525 4655 4885 4936 4692 4664 4653 4477 4677 4595 4675 4057 5190 4684 4811 4954 4838 4499 5009 4912 4522 
