5094 4939 5331 4987 5111 5064 4670 5015 5319 4675 4978 4874 4929 4854 5303 5040 4606 4975 4828 4751 4966 4795 4635 4979 4913 4763 5097 5674 4981 4941 4946 4977 
5474 5613 5875 5475 5372 5684 5456 5723 5809 5170 5346 5525 5456 5502 5834 5774 5313 5412 4981 5518 5271 5162 5033 5550 5492 5815 5713 5695 5384 5600 5396 5693 
5263 5521 5717 5138 5310 5741 5340 5352 5894 5086 5251 5500 5186 5520 5584 5638 5274 5215 5174 5294 5277 5488 4965 5375 5182 5626 5330 5678 5311 5591 5430 5217 
5200 5161 5209 4702 4835 5225 5128 5041 5379 4818 4911 5161 4552 5158 5114 5096 4912 4845 4909 4822 4864 4825 4529 4860 4882 4947 4978 5158 5049 4881 4954 4896 
5237 5350 5685 5181 5507 5306 5127 5191 5786 5030 5496 5234 4917 5470 5563 5489 5110 5107 4783 5102 5582 5111 4727 5121 5178 5282 5345 5481 5286 5223 5412 4990 
5088 5335 5407 5184 5322 5352 5124 5276 5665 5180 5085 5267 4978 5313 5463 5448 5279 4977 5158 4977 5253 5071 4757 5190 4873 5418 5330 5196 4992 4996 4974 5279 
5313 5203 5590 5214 5306 5680 5365 5045 5736 5117 5183 5577 4886 5095 5080 5289 5409 5210 5027 5197 5189 5202 4801 5251 4899 5403 5120 5541 5260 5241 5394 5014 
5451 5391 5477 5200 5271 5292 5002 5235 5447 5040 5224 5109 5224 5246 5451 5371 4905 5162 5074 5207 5236 5035 4940 5254 5039 5234 5308 5711 5171 5350 5037 5133 
5092 5611 5865 5436 5267 5322 5138 5386 5671 5006 5127 5391 5309 5382 5469 5496 5491 5340 5145 5021 5687 5306 5078 5321 5273 5357 5431 5600 4929 5455 5358 5252 
4899 4974 5105 4844 5101 5079 4719 4854 5357 4754 4999 4896 4746 5114 5089 5020 4715 4731 4724 4865 4914 4980 4605 4976 4631 4906 4978 5162 4833 4915 5053 5010 
5218 5228 5749 5346 5367 5576 5211 5255 5892 5050 5254 5212 4933 5155 5324 5197 5168 5115 4973 5222 5365 5208 4518 5398 5226 5442 5104 5653 5358 5406 5328 5058 
4746 5125 5126 4826 5070 5060 5039 4838 5431 4726 5031 5066 4698 5074 4984 5196 4819 4729 4753 5038 5016 4652 4269 5072 4707 4942 4971 5181 5019 5031 4919 4689 
4670 4810 5148 4564 4786 5052 4633 4794 5164 4765 4869 4602 4529 4805 4985 4963 4746 4678 4664 4839 4746 4727 4409 4718 4712 4574 5002 4927 4452 4839 4744 4748 
4939 5067 5546 4905 5087 5237 5193 5113 5466 4659 5203 4968 4853 5213 5356 5312 5003 4945 4713 4780 4993 4728 4472 5141 4735 5012 5064 5188 5077 5055 5247 4911 
5084 5215 5358 4863 4977 5428 4996 4964 5451 4732 4764 4955 4850 4983 5204 5501 4938 4906 4727 4947 4941 5016 4625 4959 4646 5139 4945 5325 5173 5065 5200 4873 
5114 5058 5151 5055 5129 5339 4848 5024 5573 4947 4952 5369 4566 5018 5484 5327 4903 4859 5061 4962 4891 4659 4578 5274 5087 5189 5122 5421 5096 4892 5054 4820 
5490 5558 6004 5091 5416 5904 5290 5272 5894 5153 5313 5449 5434 5403 5874 5469 5305 5509 5178 5469 5443 5356 5231 5518 5269 5658 5677 5828 5452 5705 5620 5190 
5278 5098 5620 5180 5391 5363 5049 5105 5668 4887 5118 5052 4901 5158 5282 5223 4966 5174 4822 5527 5021 4938 4723 5237 5023 5243 5344 5615 5107 5179 5403 4943 
5348 5170 5408 4962 5235 5117 5084 5386 5562 4870 4905 5022 5119 5291 5486 5160 5056 4946 4920 4897 4812 4907 4733 5095 4923 5199 5035 5445 5295 5384 5105 4946 
4931 5095 5402 5039 4951 5286 4812 5191 5613 4761 4796 4932 4830 5097 5076 5316 4933 4893 4733 4850 4857 4826 4563 5054 4972 5200 5037 5243 5005 5206 4904 4927 
4858 5237 5529 5021 5034 5465 5187 5164 5543 4711 5038 5303 4913 5126 5715 5292 5058 5134 4937 5062 5321 5129 4806 5118 5119 5258 5331 5580 5190 5273 5252 5034 
5495 5854 5640 5520 5926 5597 5710 5411 5816 5071 5267 5500 5338 5679 5719 5925 5303 5290 5118 5294 5424 5126 5057 5515 5177 5593 5314 5999 5412 5361 5505 5223 
4949 5128 5408 5171 5250 5370 4979 5218 5518 4756 5037 4940 5081 5189 5363 5279 5093 5046 4996 5231 4976 4934 4662 5223 4752 5021 4968 5399 4883 5082 5299 5123 
4944 5220 5239 4617 5073 4833 4741 4802 5162 4779 4712 4980 4592 4710 4937 4930 4678 4743 4723 5084 4926 4704 4186 5091 4673 4954 4885 5336 4825 4606 5072 4686 
5084 5234 5415 5241 5114 5428 4999 5205 5610 4933 5012 5269 4953 5189 5366 5342 4947 4853 4874 5096 5335 5058 4735 5035 4958 5270 5166 5559 5025 5466 5162 4754 
5585 5932 5736 5661 5641 5991 5509 5560 6179 5140 5443 5388 5422 5517 5727 5788 5521 5395 5736 5643 5672 5439 5088 5692 5494 5587 5665 5916 5640 5696 5811 5171 
5293 5749 5589 5347 5454 5668 5133 5329 5842 5118 5186 5472 5202 5425 5464 5567 5410 5182 5216 5050 5374 5155 5082 5442 5214 5502 5359 5728 5317 5338 5484 5277 
5274 5542 5647 5415 5395 5480 5095 5191 5972 4823 5149 5291 4999 5517 5247 5418 4966 5168 5326 5076 5160 5000 4831 5629 5200 5485 5181 5687 5256 5074 5270 4935 
4629 4909 5307 4688 5060 5102 4763 4724 5111 4473 4701 4860 4567 4870 4912 5056 4669 4592 4419 4731 4817 4386 4361 4881 4429 5032 4798 4983 4715 4544 4831 4684 
4692 5148 5696 5018 5234 5380 5364 4960 5370 4936 4907 4892 4723 5242 5289 5296 5041 4944 4856 5150 4948 4863 4790 5362 4885 5315 5281 5404 5056 5045 5173 5082 
5229 5148 5380 5230 5186 5283 4945 5395 5611 4892 5062 5204 4962 5153 5487 5355 5222 5024 5083 5091 5230 5114 4528 5159 4866 5052 4941 5616 4850 5145 5271 5044 
5322 5641 5876 5398 5523 5669 5243 5483 5828 5221 5413 5317 5411 5451 5674 5506 5316 5387 5136 5265 5239 5349 4819 5786 5302 5684 5500 5574 5214 5579 5591 5260 
