626 764 714 585 697 622 766 735 641 618 671 629 577 666 592 661 720 699 602 625 801 722 706 661 721 661 609 806 827 589 732 569 
625 677 507 495 635 585 687 624 601 510 599 511 469 625 520 624 577 616 340 464 626 607 454 562 637 558 614 620 648 469 584 551 
639 690 686 533 669 569 739 730 654 555 752 586 475 668 557 753 634 535 492 506 626 698 635 568 735 475 508 681 744 493 595 569 
595 771 597 469 619 602 801 695 772 605 671 619 443 624 533 641 607 556 499 509 682 617 687 528 690 597 645 662 724 557 631 547 
544 782 648 504 759 572 772 674 774 513 695 586 396 654 593 738 657 664 514 565 763 623 601 519 679 627 724 642 751 567 706 556 
443 593 506 462 601 461 571 489 570 390 511 413 322 470 466 537 495 432 414 324 494 479 416 399 548 411 486 504 572 414 523 434 
727 897 811 686 848 750 876 828 817 696 816 768 577 832 711 820 817 776 627 650 903 782 781 654 852 729 778 844 969 759 830 699 
502 666 582 488 601 543 656 592 573 450 502 445 445 599 506 527 580 653 487 531 592 556 496 521 571 505 538 608 682 513 582 515 
604 816 715 528 691 603 763 698 707 604 632 610 498 645 604 686 699 663 498 514 739 664 616 640 702 648 706 656 705 574 687 569 
445 670 524 423 581 447 650 563 649 433 590 387 397 554 459 533 566 509 363 493 590 586 516 475 565 589 547 552 601 465 543 408 
605 705 659 564 678 708 715 679 676 518 644 544 541 669 583 680 651 587 475 532 701 719 602 648 721 619 611 714 721 587 694 617 
655 861 636 601 775 647 783 755 739 628 747 734 485 722 606 793 723 692 549 609 777 641 662 545 715 600 664 710 845 676 729 575 
528 619 715 511 677 595 752 663 713 590 628 605 477 689 545 723 550 599 530 567 669 697 596 587 725 589 594 647 656 560 644 608 
674 802 686 551 767 613 803 729 675 640 747 589 545 658 593 746 675 731 519 619 764 621 628 664 696 639 630 671 772 523 652 655 
691 852 676 563 773 741 845 802 724 565 672 558 593 737 561 755 685 670 580 580 693 793 706 636 755 699 628 832 885 660 772 598 
597 632 606 526 718 603 663 589 702 637 608 558 459 556 622 736 608 557 584 511 729 573 586 629 713 589 664 677 724 532 656 559 
709 824 826 575 747 690 878 760 760 660 725 577 567 728 711 693 733 715 538 609 821 765 701 686 737 688 744 768 726 661 814 590 
558 811 612 524 721 588 689 631 718 543 648 535 483 635 588 711 662 726 564 648 755 656 591 592 731 614 671 715 817 507 693 552 
697 791 722 546 765 670 815 723 669 553 709 564 627 711 603 641 650 631 527 584 686 700 610 646 683 575 594 792 787 607 665 625 
566 705 631 466 594 590 678 688 696 628 670 596 503 696 571 677 675 608 493 603 681 640 701 520 727 566 619 680 717 610 603 579 
604 796 784 542 723 661 717 703 700 507 678 629 602 749 659 618 773 721 537 608 809 705 618 647 729 612 732 812 828 683 771 630 
606 682 581 476 674 591 796 678 638 544 585 481 517 639 606 647 617 624 418 449 683 598 593 610 628 651 636 610 643 537 599 529 
512 640 627 486 632 608 630 645 565 501 601 500 546 673 489 596 572 603 492 479 594 574 516 577 649 557 534 640 708 597 566 539 
803 984 811 676 954 769 918 852 822 706 850 723 662 741 760 861 911 885 673 781 1009 819 775 840 851 775 815 916 1007 733 911 706 
520 596 480 456 515 476 594 625 506 436 517 504 404 580 398 601 576 496 320 409 559 617 525 425 566 442 439 621 645 537 584 427 
652 855 719 655 762 720 829 784 778 582 722 638 550 703 569 772 777 673 586 647 792 779 725 662 716 685 643 754 835 680 801 544 
689 836 710 662 792 675 834 704 714 595 657 682 517 683 614 694 745 699 529 550 843 668 586 620 688 642 742 786 771 646 822 632 
554 722 679 601 734 648 782 677 702 482 638 488 539 702 609 662 639 661 545 468 683 650 546 631 672 600 601 680 819 560 684 570 
372 441 453 364 554 464 480 451 493 435 433 416 336 442 466 567 439 481 440 370 523 415 429 437 506 459 500 436 506 406 487 443 
725 823 670 522 720 711 774 722 673 618 639 480 593 734 637 677 678 690 530 585 723 592 671 642 731 650 672 764 791 644 691 605 
571 672 658 520 697 527 642 594 616 551 615 600 462 602 566 715 589 546 479 525 666 659 517 599 743 513 578 678 658 465 605 587 
566 745 648 578 671 590 669 705 677 606 587 642 502 643 631 691 635 654 512 504 699 655 537 695 669 605 640 700 730 549 699 563 
