2992 3079 3261 3111 3178 3155 3152 3174 2940 2774 3011 2907 2812 2962 3342 3128 2837 2947 2844 2900 3191 3143 2966 2982 3031 2863 3097 3545 2791 2985 3068 2878 
3368 3608 3636 3366 3423 3611 3678 3710 3365 3062 3282 3343 3131 3456 3567 3656 3313 3377 2902 3386 3356 3357 3153 3459 3406 3567 3527 3464 3066 3409 3310 3602 
3143 3414 3682 3187 3441 3766 3703 3605 3616 3168 3328 3338 3008 3557 3660 3766 3441 3315 3128 3291 3511 3651 3244 3445 3448 3510 3443 3612 3168 3472 3436 3307 
3325 3388 3426 3076 3046 3486 3622 3468 3282 2978 2944 3108 2785 3253 3325 3503 3171 2941 3065 2995 3229 3220 3013 3200 3128 3173 3143 3318 3073 3107 3201 3133 
2969 3305 3613 3105 3548 3333 3575 3590 3370 3060 3301 3224 2813 3382 3481 3680 3147 3256 2899 3155 3581 3332 3142 3107 3378 3371 3450 3386 3173 3173 3395 3106 
3119 3294 3363 3193 3461 3514 3494 3571 3354 3078 3134 3130 2910 3268 3419 3504 3311 2863 3139 2933 3259 3217 3146 3188 3037 3438 3298 3237 2861 3117 3050 3310 
3153 3384 3564 3164 3493 3626 3635 3638 3691 3169 3204 3392 2891 3344 3367 3523 3625 3285 3198 3254 3514 3360 3240 3438 3180 3468 3383 3586 3243 3281 3486 3260 
3017 3125 3286 2956 3133 3243 3228 3301 3004 2966 2940 2881 2883 3096 3308 3317 2936 3141 2908 3117 3248 3097 2984 3065 3005 3153 3170 3409 2881 3136 3041 3025 
2903 3359 3442 3091 3318 3289 3449 3511 3215 2940 2922 3066 3132 3279 3256 3409 3314 3185 2980 2940 3479 3273 3180 3264 3212 3117 3279 3223 2769 3162 3261 3160 
2795 3095 3032 2913 3191 3140 3254 3246 3092 2789 3043 2787 2742 3075 3077 3261 2832 2771 2881 2902 3008 3167 2963 3065 2932 3019 3064 3041 2723 2795 3090 3015 
2987 3151 3382 3098 3261 3429 3453 3477 3397 2868 3149 3038 2711 3142 3316 3319 3161 2934 2857 2949 3323 3267 2772 3319 3220 3289 3054 3367 2998 3158 3241 3079 
2988 3420 3381 3178 3482 3403 3569 3357 3419 3130 3268 3278 2911 3379 3378 3520 3332 3090 3057 3211 3403 3229 2982 3358 3237 3250 3368 3411 3212 3317 3292 3048 
2724 2954 3162 2832 2978 3141 3056 3276 3114 2977 2980 2737 2710 3122 3126 3274 2950 2920 2905 2961 3109 3093 2880 2974 3113 2862 3175 3061 2673 3041 2964 2978 
2873 3102 3386 2934 3193 3226 3493 3431 3189 2688 3207 2980 2919 3162 3340 3301 3106 3095 2843 2921 3113 3033 2780 3163 3038 3048 3150 3097 2925 3040 3207 2993 
3027 3233 3386 2985 3160 3435 3430 3284 3284 2800 2857 2918 2853 3188 3199 3536 3258 3142 3003 3034 3147 3274 2995 3213 3010 3187 3085 3386 3095 3167 3297 3032 
2939 3053 3179 3074 3129 3346 3300 3282 3331 2870 3050 3118 2636 3080 3434 3336 3168 2939 3009 2944 3028 2936 2939 3312 3141 3169 3199 3449 2875 2928 3034 2957 
3115 3265 3773 2865 3217 3709 3420 3363 3359 2967 3086 3027 2931 3235 3599 3377 3240 3339 2983 3059 3323 3408 3190 3388 3119 3399 3479 3407 2966 3275 3333 3027 
2853 2989 3324 2779 3208 3259 3206 3234 2915 2769 2863 2735 2648 2919 3222 3382 2821 2924 2754 3220 2951 3017 2848 3059 2952 3005 3136 3323 2793 2983 3162 2826 
3061 3023 3268 2921 3179 3079 3454 3445 3190 2780 2855 2823 2915 3211 3371 3262 3051 2948 2936 2929 2980 3019 2776 3031 2884 3075 3028 3213 3032 3116 2978 2929 
2907 3222 3400 3028 3196 3388 3270 3387 3295 2989 2888 2982 2858 3137 3211 3462 3067 3018 2730 3008 3150 3144 2882 3161 3151 3215 3152 3202 3014 3151 3060 3038 
2999 3248 3590 3154 3271 3578 3369 3318 3113 2760 3074 3206 2883 3179 3644 3410 3210 3110 2974 3099 3365 3387 3131 3263 3298 3229 3413 3543 3145 3247 3320 3074 
3231 3414 3519 3251 3712 3539 3811 3500 3375 3147 3073 3233 2965 3419 3392 3720 3281 3335 2976 3148 3361 3284 3077 3421 3273 3349 3184 3647 3218 3127 3306 3128 
2987 3312 3513 3237 3507 3459 3521 3559 3361 3030 3113 3054 3081 3296 3389 3532 3231 3293 3094 3248 3144 3201 3075 3366 3056 3154 3131 3488 2984 3199 3476 3235 
3042 3474 3552 2907 3500 3261 3380 3308 3304 3143 3033 3133 2882 3184 3286 3345 3184 3146 3030 3176 3410 3155 2873 3440 3130 3166 3246 3500 3139 2977 3260 2997 
2817 3087 3227 2983 2969 3352 3170 3292 3109 2803 2827 2966 2767 2970 3132 3274 3033 2794 2674 2864 3162 3179 2912 2938 2986 3170 2937 3289 2740 3192 3011 2753 
3269 3628 3476 3249 3400 3707 3613 3600 3471 2963 3215 3230 3083 3318 3488 3856 3385 3286 3369 3353 3594 3383 3189 3451 3228 3298 3381 3545 3291 3533 3596 3139 
3113 3365 3411 3219 3425 3488 3440 3479 3339 3037 3049 3193 2812 3289 3192 3524 3365 3091 3014 2875 3362 3177 3204 3225 3202 3309 3266 3501 2976 3122 3341 3196 
3049 3417 3469 3366 3426 3489 3406 3393 3455 2955 3154 3135 2895 3460 3306 3569 3150 3218 3056 3029 3134 3203 3115 3487 3176 3311 3163 3516 3104 2994 3305 3059 
2870 3163 3519 2935 3296 3391 3305 3386 3058 2728 2864 2994 2812 3202 3084 3534 3008 2873 2776 2773 3048 2790 2835 3229 2797 3260 3131 3216 2768 2872 2976 3061 
2929 3439 3715 3158 3627 3669 3732 3501 3283 3211 3103 3003 3104 3377 3557 3609 3323 3209 3162 3263 3387 3243 3332 3521 3369 3491 3512 3614 3100 3449 3483 3249 
3172 3181 3589 3328 3404 3390 3572 3674 3486 3041 3246 3243 3042 3257 3564 3636 3435 3277 3365 3243 3539 3446 3121 3380 3202 3283 3301 3576 2912 3305 3313 3218 
3002 3439 3644 3276 3458 3474 3368 3644 3457 3099 3176 3104 3103 3393 3560 3572 3309 3206 3103 3091 3298 3310 3006 3626 3314 3416 3454 3439 2904 3555 3437 3128 
