1804 1864 1976 2092 2137 2018 2104 1859 1881 1561 1880 2010 1768 1853 1958 2021 1690 1958 1670 1743 2047 1889 1786 1881 1923 1783 1771 2301 1814 1818 2035 1821 
1764 2041 1917 1979 2136 2191 2231 2134 2061 1608 1850 2073 1840 2186 2033 2122 1807 2004 1541 1841 1979 1763 1769 1947 2013 2068 2003 2041 1665 1884 1939 2111 
1913 2067 2277 2096 2390 2508 2415 2218 2327 1841 2063 2290 1901 2318 2265 2409 2015 2076 1767 2006 2190 2178 1904 2069 2229 2104 2091 2431 2067 2119 2224 2209 
1863 2105 2027 1811 1910 2167 2327 2018 2111 1644 1830 2027 1796 2045 1969 2120 1829 1781 1745 1739 1942 1833 1846 1824 1961 1859 1915 2130 1823 1895 1997 1923 
1633 1958 2079 1727 2267 1981 2154 1861 2010 1578 1927 2028 1599 2004 1986 2074 1653 1904 1432 1721 2004 1769 1620 1670 1952 1928 1952 2021 1805 1680 1977 1762 
1524 1769 1786 1786 2028 1987 2033 1876 1906 1531 1734 1813 1628 1827 1867 1960 1644 1600 1610 1481 1748 1638 1587 1697 1708 1863 1780 1803 1605 1700 1744 1880 
1684 1994 1966 1868 2215 2201 2240 1967 2228 1655 1956 2196 1640 2095 2078 2050 1935 1934 1744 1762 2055 1918 1914 1913 1914 1922 1975 2162 1942 1957 2160 1934 
1537 1732 1837 1698 1955 1989 1887 1722 1785 1484 1600 1793 1634 1852 1819 1849 1583 1872 1504 1664 1908 1611 1557 1585 1619 1802 1709 1993 1635 1641 1775 1815 
1640 1977 1963 1838 1995 2020 2163 1916 1925 1551 1692 1988 1813 2036 1917 1989 1758 1936 1597 1609 2108 1816 1843 1836 1906 1847 1972 1895 1710 1833 2031 1926 
1596 2098 1889 1882 2144 1926 2257 1940 2023 1528 1925 1967 1751 2057 1989 1996 1622 1859 1538 1889 1937 1937 1783 1821 1878 1905 1926 2020 1734 1808 2073 1889 
1617 1854 2008 2003 2159 2170 2155 1939 2077 1503 1927 1880 1625 2014 2022 1980 1678 1818 1502 1650 1987 1952 1579 1844 2021 1938 1674 1996 1814 1845 2024 1883 
1704 2059 2056 1902 2290 2112 2289 1988 2179 1770 2029 2198 1774 2052 2087 2114 1949 2011 1721 1938 2081 1830 1718 1936 2042 1917 2105 2172 1949 2024 2128 1884 
1426 1599 1844 1617 1829 1899 1945 1789 1894 1497 1690 1791 1550 1895 1741 1935 1559 1573 1410 1530 1772 1749 1570 1657 1835 1635 1804 1810 1524 1666 1667 1725 
1714 1998 2057 1843 2161 2127 2309 2071 2099 1658 2044 1952 1811 2054 2122 2083 1791 2046 1741 1829 1988 1779 1742 1995 1996 1936 1967 2039 1796 1867 2080 1944 
1779 2084 2103 1907 2162 2280 2221 1949 2149 1651 1804 1908 1703 2071 1987 2143 1869 1968 1745 1830 1992 1930 1852 1884 1892 2065 1854 2279 1932 1977 2177 1918 
1680 1659 1729 1844 1990 2015 2095 1903 2084 1504 1808 1996 1614 1799 2076 2057 1706 1733 1662 1633 1829 1639 1678 1899 1913 1903 1855 2081 1623 1792 1936 1819 
1696 1930 2192 1743 2067 2176 2108 1895 2085 1566 1825 1947 1687 1995 2116 1932 1740 2039 1550 1809 2062 1944 1760 1914 1759 2028 1946 2037 1764 1907 2169 1785 
1436 1665 1764 1614 1957 1820 1867 1644 1749 1386 1567 1709 1510 1742 1815 1878 1447 1711 1415 1825 1742 1713 1473 1638 1810 1660 1779 1933 1596 1698 1910 1633 
1661 1696 1837 1687 1949 1849 2098 1888 1856 1349 1694 1789 1705 1842 1833 1761 1514 1693 1542 1617 1717 1674 1541 1681 1704 1670 1671 1951 1669 1695 1730 1672 
1748 2027 2095 1783 2077 2124 2043 1930 2050 1626 1859 2018 1708 1980 1996 2058 1776 1829 1498 1793 1907 1893 1730 1888 2007 1886 1798 2073 1800 1838 1922 1883 
1569 1924 2127 1834 2075 2099 2008 1801 1911 1401 1852 2033 1719 1965 2049 1972 1785 1985 1542 1763 1994 1927 1756 1919 1911 1861 2008 2196 1857 1951 2046 1803 
1874 2099 2091 2023 2481 2296 2483 2031 2189 1669 1867 2171 1854 2344 2096 2230 1826 2108 1608 1836 2060 1888 1717 2086 2050 2059 1965 2268 1907 1815 2166 1993 
1556 1835 1933 1903 2182 2029 2195 1846 1949 1438 1755 1857 1858 2000 1923 1968 1542 1849 1523 1866 1915 1732 1674 1815 1765 1816 1779 2010 1724 1877 2040 1904 
1663 2101 2097 1821 2282 2095 2145 1876 2055 1820 1874 2120 1746 2050 1905 2051 1848 2010 1650 1902 2107 1901 1672 1959 1995 1973 1849 2306 2035 1746 2152 1855 
1738 1976 2027 2007 2048 2222 2098 1991 1988 1581 1814 2142 1823 2045 1969 2205 1866 1851 1628 1831 1994 1871 1850 1861 1861 1984 1780 2228 1762 2025 1988 1860 
1787 2162 2029 2001 2374 2368 2348 2043 2272 1621 1931 2207 1892 2127 2073 2289 1893 2032 1796 1973 2229 2059 1933 1958 1956 2009 1974 2263 2020 2068 2351 1960 
1839 1983 2031 1932 2058 2098 2217 1948 2021 1632 1766 2040 1677 2032 1945 1995 1871 1895 1657 1594 2061 1786 1754 1793 1886 1863 1943 2161 1834 1816 2089 1876 
1677 1968 1939 1981 2188 2060 2092 1878 2097 1474 1780 1966 1646 2130 1878 2116 1667 1882 1591 1711 1830 1701 1703 2013 1788 1907 1700 2090 1866 1693 2013 1727 
1591 1749 1894 1829 2083 2013 2077 1924 1853 1484 1668 1891 1722 1971 1827 2171 1558 1746 1558 1611 1880 1536 1590 1776 1784 1877 1801 1940 1611 1690 1849 1871 
1682 1979 2118 1855 2157 2221 2211 1861 2053 1845 1802 1936 1848 2152 2115 2069 1814 1938 1720 1852 1960 1777 1869 1987 2101 2083 2014 2256 1805 1993 2111 1929 
1636 1647 1944 1834 1953 1925 2026 1838 1911 1455 1777 1896 1650 1760 1957 1984 1633 1823 1649 1594 1913 1748 1606 1788 1735 1812 1745 2012 1515 1703 1897 1857 
1697 1997 2023 2035 2249 2122 2010 1964 2174 1683 1848 2089 1715 2115 2198 2039 1788 2033 1677 1791 1931 1842 1767 2104 1979 1991 1969 2106 1755 2031 2068 1796 
