2466 2606 2779 2670 2722 2678 2711 2537 2476 2207 2526 2438 2325 2469 2708 2714 2352 2492 2401 2471 2609 2555 2433 2540 2537 2402 2530 2997 2400 2381 2647 2379 
2572 2894 2847 2735 2900 2922 2991 2910 2697 2344 2618 2603 2453 2852 2873 2949 2556 2557 2275 2699 2680 2494 2476 2679 2733 2888 2864 2807 2431 2708 2651 2875 
2587 2842 3076 2751 2997 3145 3100 2895 2999 2528 2704 2816 2420 2977 3063 3096 2717 2668 2484 2777 2877 2916 2554 2720 2837 2846 2831 3071 2642 2774 2768 2732 
2482 2805 2752 2480 2493 2771 2929 2661 2673 2272 2430 2476 2207 2671 2602 2773 2404 2261 2372 2402 2514 2423 2357 2471 2563 2514 2616 2676 2405 2469 2675 2435 
2323 2707 2929 2537 2928 2640 2866 2652 2647 2306 2572 2550 2111 2673 2689 2885 2348 2511 2137 2488 2788 2457 2305 2309 2711 2735 2756 2672 2523 2359 2679 2406 
2316 2584 2733 2631 2846 2818 2768 2761 2691 2336 2489 2434 2310 2630 2707 2728 2535 2210 2412 2364 2468 2380 2408 2435 2386 2736 2627 2624 2239 2420 2429 2624 
2465 2748 2828 2699 2971 2890 3003 2878 3012 2473 2599 2799 2280 2825 2847 2780 2818 2534 2511 2644 2857 2662 2565 2595 2609 2809 2783 2937 2597 2696 2896 2640 
2347 2590 2756 2479 2708 2722 2648 2498 2454 2264 2297 2338 2267 2584 2634 2627 2301 2549 2284 2513 2563 2337 2271 2429 2376 2571 2567 2789 2348 2390 2470 2472 
2362 2783 2846 2613 2730 2695 2833 2758 2616 2268 2395 2565 2442 2809 2650 2734 2558 2588 2313 2464 2812 2483 2558 2496 2590 2628 2743 2626 2250 2502 2742 2584 
2146 2629 2558 2412 2726 2510 2732 2512 2533 2060 2493 2332 2180 2578 2505 2551 2098 2203 2141 2436 2405 2451 2381 2363 2361 2467 2549 2569 2162 2222 2566 2384 
2258 2465 2630 2595 2650 2728 2768 2603 2710 2128 2398 2301 2123 2570 2693 2527 2338 2206 2137 2354 2564 2503 2018 2449 2586 2604 2338 2620 2378 2423 2607 2406 
2289 2763 2776 2554 2877 2699 2915 2591 2781 2377 2591 2654 2272 2690 2715 2743 2534 2417 2331 2570 2628 2436 2244 2645 2592 2573 2754 2768 2485 2656 2623 2329 
2088 2325 2546 2320 2399 2519 2432 2384 2450 2155 2262 2180 2025 2540 2414 2563 2192 2159 2151 2257 2376 2294 2167 2267 2490 2282 2502 2396 2046 2236 2298 2321 
2343 2653 2810 2540 2799 2649 2988 2773 2711 2166 2645 2415 2378 2641 2745 2750 2543 2592 2339 2443 2543 2379 2262 2574 2546 2570 2599 2621 2406 2524 2702 2458 
2368 2690 2769 2501 2699 2769 2864 2553 2700 2146 2226 2305 2194 2697 2609 2759 2516 2482 2297 2384 2496 2508 2384 2486 2426 2671 2490 2849 2482 2569 2753 2408 
2383 2545 2677 2612 2693 2805 2823 2748 2792 2291 2550 2605 2170 2598 2949 2837 2555 2369 2475 2526 2422 2360 2382 2753 2611 2668 2686 2912 2353 2440 2621 2430 
2323 2572 2982 2334 2611 2842 2693 2457 2569 2091 2363 2365 2170 2642 2800 2615 2308 2601 2212 2482 2577 2504 2370 2529 2365 2638 2757 2647 2308 2490 2697 2286 
2193 2416 2675 2358 2659 2596 2519 2423 2327 2045 2280 2274 2059 2429 2590 2637 2060 2282 2080 2557 2290 2356 2196 2301 2472 2419 2579 2685 2204 2330 2563 2246 
2345 2448 2691 2383 2605 2482 2786 2618 2556 2018 2294 2288 2281 2541 2660 2534 2289 2265 2267 2316 2280 2292 2089 2345 2372 2458 2376 2621 2394 2399 2389 2284 
2292 2576 2751 2422 2555 2716 2614 2535 2592 2246 2262 2405 2176 2467 2604 2684 2265 2259 2042 2300 2448 2376 2197 2395 2558 2591 2460 2564 2352 2427 2403 2359 
2340 2675 3028 2665 2740 2937 2697 2606 2537 2125 2527 2573 2313 2675 2875 2759 2496 2504 2326 2570 2669 2637 2480 2567 2652 2670 2880 2952 2598 2625 2781 2491 
2516 2804 2904 2791 3172 2941 3168 2708 2749 2372 2508 2682 2332 2956 2814 2942 2481 2662 2307 2569 2691 2554 2292 2710 2708 2729 2697 2939 2597 2469 2790 2532 
2262 2678 2843 2635 2941 2713 2855 2694 2659 2229 2461 2364 2471 2723 2720 2749 2378 2437 2269 2589 2480 2384 2375 2528 2386 2557 2499 2789 2357 2518 2851 2571 
2405 2876 2939 2460 2959 2699 2776 2499 2654 2528 2449 2569 2308 2721 2648 2672 2487 2575 2407 2651 2723 2468 2286 2685 2578 2637 2612 3028 2662 2340 2742 2429 
2290 2594 2696 2683 2606 2751 2715 2651 2594 2181 2323 2526 2295 2576 2590 2814 2491 2275 2220 2413 2616 2515 2335 2439 2440 2664 2422 2744 2315 2625 2551 2312 
2471 2918 2779 2666 2826 2991 2930 2723 2821 2256 2553 2538 2426 2781 2805 3009 2557 2490 2549 2692 2779 2622 2417 2606 2611 2613 2733 2880 2600 2742 2979 2476 
2451 2674 2782 2673 2780 2781 2802 2625 2644 2277 2393 2537 2188 2698 2644 2694 2589 2431 2285 2289 2669 2404 2480 2397 2506 2625 2637 2819 2350 2437 2706 2541 
2371 2710 2748 2768 2874 2771 2742 2620 2794 2188 2465 2451 2232 2820 2613 2862 2373 2419 2362 2409 2459 2448 2389 2735 2462 2633 2487 2793 2466 2265 2685 2391 
2252 2541 2834 2507 2746 2717 2689 2705 2445 2154 2309 2436 2289 2695 2534 2902 2266 2292 2198 2298 2403 2170 2255 2489 2349 2661 2542 2675 2181 2333 2466 2504 
2375 2836 3082 2735 3017 2997 2970 2683 2720 2584 2538 2495 2498 2852 2932 2864 2563 2591 2487 2663 2679 2571 2675 2760 2848 2878 2882 3000 2558 2760 2887 2634 
2437 2464 2910 2661 2707 2689 2827 2733 2728 2293 2598 2525 2295 2608 2854 2802 2587 2489 2567 2546 2692 2595 2330 2494 2505 2606 2587 2825 2220 2475 2624 2533 
2375 2836 2975 2716 2888 2756 2639 2757 2831 2361 2488 2554 2375 2854 2857 2816 2513 2553 2387 2459 2513 2415 2317 2857 2582 2773 2751 2789 2340 2738 2749 2393 
