3766 3643 3996 3914 3727 3722 3626 3825 3804 3339 3677 3415 3549 3650 3914 3655 3364 3496 3525 3596 3766 3616 3426 3719 3621 3461 3933 4255 3480 3633 3719 3581 
4290 4436 4547 4401 4031 4360 4270 4535 4343 3857 4141 4070 4097 4336 4375 4357 4035 4028 3674 4332 4074 3988 3822 4410 4244 4403 4546 4399 3975 4277 4136 4476 
3838 4161 4382 3901 4011 4311 4132 4262 4370 3756 4013 3917 3833 4323 4296 4272 4017 3767 3783 4020 4149 4137 3697 4146 4006 4110 4205 4334 3799 4220 4082 3962 
3914 3938 3883 3565 3532 3909 3984 3974 3816 3420 3547 3616 3347 3887 3754 3832 3590 3380 3618 3496 3704 3522 3413 3736 3599 3597 3766 3885 3573 3651 3665 3603 
3902 4246 4535 4090 4227 4111 4142 4280 4350 3766 4207 3929 3749 4304 4303 4394 3899 3800 3681 4014 4436 3989 3753 4053 4056 4181 4370 4225 3926 4097 4145 3884 
3839 4026 4016 4023 3927 4116 3919 4136 4163 3659 3793 3708 3604 4011 4097 4075 3918 3406 3834 3694 3914 3793 3607 3925 3693 4050 4039 3926 3561 3797 3704 3964 
3889 3993 4277 3866 3973 4226 4128 4089 4314 3734 3859 3912 3569 3947 3868 4012 4211 3738 3740 3925 4036 3834 3630 4070 3740 3989 4012 4247 3815 3880 4050 3904 
4057 4083 4205 3980 3892 3947 3857 4072 3993 3661 3863 3624 3879 4089 4104 4004 3707 3771 3817 3984 4088 3779 3706 3984 3789 3952 4184 4370 3700 4064 3806 3878 
3786 4263 4344 4128 3958 3924 4058 4155 4176 3614 3806 3779 3967 4214 4009 4122 4076 3826 3743 3790 4365 3909 3855 4167 3954 3957 4224 4092 3493 4060 4064 3981 
3635 3869 3865 3734 3828 3807 3759 3910 3940 3396 3818 3434 3600 3943 3726 3859 3488 3349 3501 3704 3689 3752 3513 3918 3609 3705 3877 3876 3469 3624 3825 3776 
3720 3928 4292 3984 3883 4129 4031 4087 4297 3501 3924 3616 3598 3985 3939 3899 3889 3520 3569 3877 4071 3851 3338 4156 3872 4100 3935 4204 3830 4027 3983 3831 
3759 4165 4063 3870 4083 4030 4081 3928 4183 3682 3969 3877 3605 4137 3962 4028 3826 3531 3761 3929 4144 3705 3380 4020 3839 3800 4086 4064 3819 3961 3858 3639 
3421 3614 3820 3555 3508 3742 3531 3753 3855 3486 3669 3294 3334 3808 3710 3783 3532 3441 3546 3636 3746 3567 3247 3641 3590 3456 3850 3708 3282 3677 3621 3558 
3643 3819 4094 3705 3692 3834 3962 3996 3998 3277 3965 3561 3561 3945 3988 3865 3706 3646 3458 3682 3799 3577 3241 3969 3615 3715 3972 3813 3661 3698 3967 3644 
3590 3837 3878 3594 3504 3880 3787 3718 3886 3282 3388 3320 3473 3690 3735 3958 3695 3451 3428 3580 3702 3637 3389 3715 3468 3720 3675 3910 3608 3665 3773 3520 
3570 3645 3726 3749 3593 3855 3648 3769 3939 3394 3609 3690 3213 3695 3973 3785 3591 3348 3533 3638 3585 3314 3293 3915 3645 3709 3887 3973 3481 3465 3610 3511 
3899 4070 4572 3726 3831 4374 3941 3973 4205 3572 3871 3638 3847 4064 4319 3966 3921 3858 3671 3926 4074 4033 3784 4194 3835 4055 4313 4270 3697 4064 4047 3777 
3812 3881 4264 3813 3920 3991 3828 4027 3899 3514 3803 3530 3578 3892 3945 4072 3577 3603 3577 4136 3780 3626 3497 4026 3784 3799 4160 4282 3559 3884 4005 3654 
3817 3746 3997 3643 3669 3630 3908 4068 3896 3349 3577 3404 3683 3924 3971 3812 3674 3463 3503 3573 3549 3524 3300 3761 3575 3651 3763 3975 3651 3871 3608 3525 
3756 3947 4178 3885 3728 4014 3747 4056 4141 3571 3560 3544 3683 3909 3803 4060 3668 3545 3426 3724 3736 3667 3363 3956 3782 3859 3963 3919 3701 3892 3684 3788 
3618 3949 4149 3782 3776 4073 3827 3907 3883 3277 3720 3728 3518 3840 4276 3862 3667 3546 3580 3748 4003 3864 3558 3860 3896 3806 4109 4235 3740 3886 3911 3650 
3989 4278 4189 4121 4363 4075 4326 4050 4175 3682 3818 3847 3772 4199 4123 4301 3861 3736 3664 3876 4134 3864 3654 4157 3886 3962 3960 4403 3753 3845 3979 3764 
3825 4101 4375 4177 4191 4171 4046 4239 4295 3640 3921 3731 3986 4203 4095 4158 3878 3823 3842 4170 3960 3789 3636 4240 3761 3846 4015 4312 3741 4000 4204 4012 
3757 4230 4215 3688 3999 3814 3847 3860 4009 3759 3723 3773 3574 3876 3925 3845 3764 3615 3656 3959 4047 3680 3264 4143 3701 3814 3941 4187 3724 3580 3930 3654 
3610 3878 4006 3871 3624 4020 3722 3935 3960 3456 3632 3619 3509 3825 3923 3899 3637 3301 3444 3701 3969 3817 3495 3706 3689 3863 3748 4081 3483 3965 3710 3459 
4135 4551 4285 4340 4140 4452 4194 4367 4535 3624 4103 3882 3970 4252 4297 4557 4128 3874 4287 4284 4392 4081 3832 4345 4062 4053 4330 4483 4115 4387 4353 3915 
3943 4240 4114 4064 4063 4116 3948 4153 4224 3672 3825 3818 3700 4119 3908 4094 3979 3577 3792 3670 4064 3756 3763 4056 3922 3900 4180 4312 3689 3881 4052 3930 
3905 4260 4261 4253 4068 4119 3930 4066 4450 3471 3921 3759 3708 4339 3953 4179 3787 3777 3895 3817 3968 3771 3607 4289 3843 4016 4113 4329 3797 3768 4007 3770 
3415 3794 4044 3537 3739 3917 3697 3839 3715 3176 3467 3391 3422 3816 3640 3922 3450 3194 3263 3437 3617 3263 3253 3862 3279 3787 3701 3777 3326 3403 3515 3533 
3598 4026 4386 3941 4100 4272 4154 3985 4021 3712 3737 3551 3667 4095 4077 4174 3814 3695 3707 3973 3986 3700 3724 4255 3893 4048 4126 4229 3681 4004 4082 3862 
3888 3909 4290 4079 3929 3969 4004 4265 4192 3649 3928 3815 3812 3989 4137 4161 4084 3749 3955 3982 4104 3949 3512 4055 3780 3888 3971 4323 3546 3971 3892 3889 
3873 4226 4450 4155 4096 4178 3856 4252 4215 3742 3965 3745 3916 4185 4226 4135 3998 3772 3851 3952 4019 3875 3470 4385 3991 4029 4284 4136 3612 4284 4122 3792 
