1193 1356 1414 1334 1443 1334 1374 1163 1348 1204 1205 1351 1118 1360 1288 1379 1139 1269 1053 1249 1464 1295 1145 1274 1300 1306 1166 1601 1379 1248 1448 1149 
1029 1235 1149 1208 1316 1260 1278 1295 1374 1101 1184 1207 1023 1394 1201 1324 1061 1207 855 1089 1243 1107 1004 1158 1225 1250 1197 1263 1128 1188 1194 1215 
1318 1474 1609 1479 1708 1651 1673 1531 1675 1404 1484 1644 1281 1691 1534 1730 1344 1428 1185 1436 1564 1562 1316 1434 1580 1455 1397 1749 1601 1509 1609 1472 
1140 1357 1238 1078 1152 1265 1406 1217 1443 1151 1143 1222 1011 1298 1143 1346 1083 1051 1018 1024 1298 1177 1170 1048 1228 1092 1196 1353 1278 1162 1270 1100 
1043 1310 1279 1123 1449 1198 1301 1117 1430 1069 1239 1262 891 1303 1220 1440 1082 1211 909 1138 1386 1141 956 1069 1254 1173 1258 1313 1341 1151 1318 1046 
863 1179 1224 1138 1302 1215 1216 1108 1382 1075 1133 1141 923 1209 1202 1268 1037 1012 966 976 1187 1028 970 1050 1128 1178 1135 1209 1164 1112 1162 1181 
1158 1447 1399 1292 1483 1490 1502 1333 1602 1293 1383 1474 1113 1542 1397 1457 1276 1360 1149 1202 1555 1436 1314 1349 1337 1396 1325 1555 1570 1392 1523 1233 
1038 1289 1255 1179 1384 1320 1279 1184 1354 1101 1054 1205 1095 1351 1255 1276 1051 1272 1021 1229 1343 1141 1035 1086 1156 1200 1148 1349 1289 1215 1270 1259 
1033 1383 1303 1191 1330 1339 1390 1309 1449 1111 1142 1236 1130 1386 1261 1407 1172 1284 1015 1079 1484 1242 1147 1230 1213 1214 1252 1341 1269 1242 1296 1168 
991 1421 1261 1197 1382 1239 1326 1209 1470 1086 1230 1214 1095 1415 1246 1348 1016 1175 904 1252 1347 1275 1164 1150 1130 1296 1234 1343 1242 1237 1345 1111 
1041 1302 1307 1352 1494 1491 1399 1332 1482 1090 1225 1301 1103 1421 1285 1453 1073 1178 980 1116 1445 1382 1029 1266 1386 1318 1087 1438 1350 1319 1396 1206 
1184 1473 1352 1284 1513 1409 1462 1314 1549 1350 1345 1564 1111 1510 1376 1520 1274 1376 1132 1293 1469 1211 1168 1247 1347 1341 1376 1508 1477 1395 1497 1183 
922 1060 1255 1020 1222 1252 1285 1180 1377 1123 1137 1216 994 1326 1109 1404 971 1042 961 1082 1234 1252 969 1165 1242 1108 1189 1272 1179 1169 1163 1134 
1184 1397 1382 1226 1448 1389 1491 1394 1521 1219 1409 1293 1135 1465 1398 1470 1221 1371 1168 1223 1397 1202 1157 1359 1328 1307 1291 1416 1387 1267 1367 1219 
1242 1461 1460 1355 1514 1505 1488 1394 1570 1206 1242 1317 1151 1504 1314 1482 1208 1277 1137 1254 1344 1385 1271 1292 1364 1421 1198 1635 1453 1399 1500 1238 
1020 1029 1056 1126 1250 1224 1263 1131 1414 1121 1106 1155 929 1143 1328 1338 990 1050 1039 1016 1253 1075 1031 1186 1261 1237 1225 1308 1154 1261 1285 1161 
1212 1441 1590 1276 1536 1535 1507 1400 1645 1285 1348 1381 1223 1492 1562 1389 1282 1448 1124 1284 1592 1471 1271 1396 1265 1442 1433 1555 1375 1476 1576 1245 
1015 1219 1134 1097 1383 1167 1244 1138 1273 1000 1102 1168 939 1227 1187 1426 1013 1206 996 1288 1284 1204 996 1101 1269 1158 1222 1331 1279 1142 1347 1070 
1148 1261 1294 1174 1470 1293 1439 1296 1366 1070 1183 1240 1239 1399 1285 1339 1083 1185 1103 1191 1304 1187 1053 1214 1226 1165 1167 1480 1294 1257 1279 1175 
1029 1261 1267 1069 1220 1266 1239 1134 1371 1152 1151 1265 926 1305 1152 1332 1032 1095 879 1141 1199 1208 1092 1086 1261 1116 1065 1358 1276 1209 1240 1075 
1062 1418 1517 1267 1514 1405 1302 1178 1388 1023 1237 1374 1181 1471 1408 1370 1234 1351 965 1255 1456 1343 1144 1363 1316 1333 1378 1496 1414 1375 1509 1210 
1224 1443 1355 1334 1609 1473 1547 1248 1557 1261 1173 1399 1179 1623 1374 1519 1185 1329 975 1233 1449 1230 1111 1441 1310 1381 1237 1597 1366 1292 1391 1203 
998 1227 1251 1238 1441 1344 1351 1178 1368 1061 1149 1246 1199 1448 1213 1379 1016 1220 1008 1227 1408 1190 1084 1179 1204 1167 1144 1394 1364 1331 1336 1200 
1228 1541 1480 1290 1679 1430 1458 1329 1565 1342 1348 1454 1204 1455 1273 1508 1346 1404 1101 1405 1605 1371 1188 1395 1379 1377 1309 1656 1583 1260 1487 1262 
1084 1296 1337 1345 1388 1352 1362 1334 1439 1179 1190 1374 1075 1469 1228 1483 1167 1177 978 1159 1359 1348 1124 1169 1287 1264 1062 1494 1340 1346 1373 1161 
1196 1521 1358 1393 1612 1569 1521 1358 1676 1166 1290 1469 1242 1486 1369 1603 1245 1391 1132 1408 1659 1451 1322 1358 1286 1351 1338 1625 1499 1508 1592 1293 
1208 1411 1331 1261 1412 1364 1440 1265 1460 1187 1166 1355 1067 1428 1260 1404 1270 1261 1070 1073 1490 1238 1071 1235 1244 1197 1266 1463 1378 1243 1451 1173 
1037 1450 1387 1358 1594 1345 1411 1238 1585 1150 1236 1322 1156 1585 1274 1507 1115 1286 1026 1211 1371 1224 1131 1437 1311 1262 1178 1484 1464 1221 1420 1117 
893 1129 1179 1132 1337 1222 1142 1038 1225 1027 1022 1120 966 1297 1136 1434 906 1047 946 1013 1267 986 896 1098 1141 1095 1071 1213 1141 1080 1194 1065 
1200 1421 1445 1257 1420 1493 1442 1305 1507 1327 1228 1204 1210 1480 1371 1450 1227 1256 1086 1255 1389 1189 1196 1373 1414 1416 1317 1580 1389 1365 1362 1264 
1019 1124 1270 1154 1313 1197 1254 1152 1351 1113 1158 1222 964 1267 1302 1349 1046 1105 1057 1057 1323 1276 1020 1203 1226 1190 1107 1335 1135 1177 1246 1172 
1150 1471 1480 1416 1552 1410 1440 1381 1603 1353 1314 1571 1138 1563 1504 1471 1193 1444 1115 1279 1404 1370 1183 1512 1427 1466 1434 1582 1443 1448 1648 1209 
