4083 4150 4115 4232 4611 4697 4435 3712 4354 4202 4178 4304 4351 4359 4489 4223 4197 4308 4537 4237 3918 4088 3863 4430 4370 4402 4184 3767 4259 4133 4361 3982 
4585 4579 5081 4944 5159 5410 5041 4385 5074 4942 5074 4985 4963 5202 4776 4888 4847 4912 5068 4958 5051 4992 4413 5187 5114 4656 4869 4480 4982 4719 5012 4952 
4325 4369 4909 4433 4888 5037 4980 4150 4944 4680 4755 4627 4930 5062 4991 4898 4740 4885 4718 4714 4769 4723 4534 4868 4837 4581 4580 4473 4884 4789 4847 4580 
4047 3840 4468 4261 4461 4635 4466 3850 4494 4222 4322 4250 4246 4560 4315 4241 4320 4564 4264 4430 4334 4533 4261 4555 4349 4071 4299 3980 4456 4553 4391 4128 
4487 4487 5062 4607 4933 5179 4914 4290 4612 4697 4516 4231 4415 4724 4841 4358 4712 4722 4861 4485 4494 4648 4387 5086 4652 4579 4318 4343 4713 4728 4375 4739 
4279 4383 4868 4610 5038 4816 5022 4272 4819 4530 4681 4631 4920 5086 4864 4658 4550 4677 4597 4786 4665 4954 4257 4761 5041 4528 4723 4211 4837 4737 4776 4501 
4125 4046 4700 4231 4794 4661 4684 3872 4797 4237 4418 4648 4338 4673 4507 4492 4606 4208 4216 4591 4415 4658 4166 4582 4555 4565 4295 3960 4457 4521 4672 4374 
4215 4496 5165 4757 4967 5225 5029 4360 4949 4623 4631 4654 4615 5068 4483 4848 4496 4744 4893 4298 4637 4694 4600 4981 4765 4600 4673 4246 4739 4942 4626 4549 
4100 4323 4781 4614 4920 4871 4986 4101 4647 4417 4439 4706 4895 5200 4711 5002 4531 4537 4679 4521 4785 4940 4575 4918 4778 4436 4567 4276 4809 4933 4652 4601 
4071 4149 4778 4457 4854 4756 4638 3980 4625 4227 4125 4505 4437 4628 4470 4501 4453 4473 4334 4324 4292 4455 4205 4634 4545 4175 4421 4147 4497 4316 4437 3965 
4274 4347 4826 4438 4816 5043 5010 4107 4903 4292 4482 4678 4763 4874 4540 4810 4495 4623 4592 4784 4542 4696 4306 4653 4454 4420 4479 4143 4589 4565 4792 4463 
3908 3815 4293 4118 4384 4343 4463 3746 4353 4322 4126 4155 4130 4418 4394 4156 4289 4373 4161 4308 4178 4099 3927 4359 4393 4339 4133 3727 4352 4233 4436 3992 
3797 3658 4413 4096 4388 4495 4372 3936 4608 4306 4131 4133 4265 4482 4129 4340 3902 4040 4200 4154 4067 4402 3962 4145 4227 4045 4244 3500 4195 4314 4135 4030 
3678 4154 4514 4225 4794 4670 4598 3838 4455 4264 4258 4196 4119 4358 4470 4221 4368 4429 4360 4404 4166 4283 4112 4615 4398 3993 4466 4012 4636 4587 4484 4163 
3761 3875 4392 4179 4559 4615 4307 3715 4486 4129 4304 4488 4335 4373 4469 4572 4403 4492 4256 4160 4372 4488 4089 4614 4353 4247 4193 4066 4633 4299 4363 3960 
4083 4185 4378 4175 4768 4723 4554 4037 4908 4176 4486 4604 4486 4848 4535 4604 4418 4443 4232 4373 4373 4607 4193 4574 4482 4274 4116 4008 4681 4418 4562 4215 
4224 4634 5071 4585 4915 5081 5081 4497 5011 4702 4496 4763 4886 5069 4761 4617 4822 4827 4766 4830 4651 4887 4681 4791 4800 4538 4382 4220 4907 4936 4579 4305 
4225 4127 4931 4523 4738 5086 4949 4015 4802 4582 4449 4310 4359 4997 4388 4470 4618 4740 4727 4770 4509 4666 4484 4745 4695 4246 4405 4224 4639 4529 4465 4330 
4231 4245 4711 4597 4711 4830 4529 3924 4614 4496 4369 4443 4518 4896 4372 4541 4169 4564 4717 4635 4185 4614 4233 4956 4570 4326 4518 3993 4596 4319 4208 4438 
3995 3916 4401 4167 4706 4735 4520 3889 4433 4252 4200 4499 4451 4795 4439 4412 4122 4302 4383 4457 4326 4577 4086 4700 4224 4262 4378 4065 4818 4500 4417 4484 
4369 4374 4801 4400 4869 4967 4751 3812 4479 4415 4370 4201 4506 4884 4699 4654 4554 4629 4567 4845 4452 4542 4257 4516 4613 4243 4112 4359 4596 4371 4538 4364 
4170 4698 5199 4828 5146 5110 4940 4386 4822 4743 4782 4630 4857 5189 4855 4898 4972 5011 4800 4945 4997 5048 4545 4856 4591 5081 4802 4645 5080 4917 5027 4434 
3927 4244 4584 4558 4757 4738 4671 4020 4562 4274 4558 4504 4559 4787 4570 4589 4509 4592 4528 4423 4438 4504 4472 4689 4635 4383 4385 4321 4620 4468 4710 4220 
3616 3701 4471 3980 4152 4370 4158 3649 4300 3964 3941 4231 4009 4392 4000 4021 3827 3949 3994 4065 4119 4037 3903 4076 3941 4022 3698 3817 4182 4007 4115 3799 
4074 4233 4706 4319 5051 4808 4823 4300 4506 4365 4607 4537 4605 4764 4701 4489 4598 4570 4423 4678 4540 4604 4363 4822 4870 4803 4480 4168 4538 4525 4688 4345 
4677 4731 5230 4926 5220 5254 5073 4492 5001 4706 4765 4954 4881 5452 5044 4947 4813 5135 4853 4878 4852 5148 4794 5158 5015 4698 4805 4578 5017 4863 5044 4835 
4333 4342 4789 4541 4924 5097 5024 4202 4787 4700 4471 4415 4616 4770 4725 4884 4602 4619 4576 4796 4297 4799 4387 4911 4679 4374 4443 4091 4746 4969 4727 4395 
4203 4595 4669 4622 4706 4960 4884 4252 4829 4420 4439 4630 4792 5056 4715 4903 4360 4593 4789 4458 4485 4948 4346 4671 4625 4440 4486 4184 4918 4736 4527 4255 
3735 4058 4572 4387 4288 4391 4533 3886 4536 4360 4192 4279 4254 4541 4413 4093 4182 4249 4412 4423 4331 4331 4030 4351 4344 4318 4037 3977 4499 4541 4238 4100 
3861 4162 4726 4251 4482 4714 4763 3803 4639 4191 4241 4498 4104 4797 4510 4223 4483 4581 4181 4396 4587 4607 4119 4500 4452 4278 4164 4075 4607 4680 4597 4129 
4287 4195 4710 4337 4911 4718 4795 4199 4653 4496 4567 4479 4370 4726 4493 4700 4406 4475 4581 4503 4617 4661 4494 4693 4396 4645 4446 4154 4666 4729 4577 4466 
4399 4354 4685 4689 5144 5095 4835 4115 4882 4719 4637 4662 4849 4887 4975 4691 4709 4888 4647 4722 4887 4343 4583 4934 4795 4376 4667 4097 4768 4773 4716 4429 
