2798 2886 2741 2987 3163 3172 3043 2571 2975 2874 2965 3000 3027 3004 3005 2659 3014 3085 3318 2811 2759 2718 2663 2946 3084 2922 2788 2698 2867 2692 3092 2683 
3338 3369 3578 3730 3693 3972 3613 3238 3774 3585 3941 3795 3637 3781 3382 3447 3660 3697 3960 3491 3834 3604 3237 3837 3690 3339 3437 3456 3616 3417 3687 3659 
3135 3265 3482 3276 3402 3613 3636 3000 3476 3486 3526 3233 3573 3429 3419 3374 3446 3537 3471 3251 3448 3296 3163 3400 3451 3097 3160 3260 3267 3372 3441 3214 
2912 2739 3027 3067 3037 3232 3096 2678 3084 2983 3121 2990 2948 3141 2962 2767 3045 3206 3182 3008 3053 3148 2928 3201 3063 2818 2978 2868 2919 3141 3143 2845 
3347 3347 3652 3536 3566 3672 3600 3242 3221 3533 3438 3232 3304 3416 3522 3097 3477 3557 3716 3146 3403 3388 3254 3822 3458 3274 3118 3253 3385 3535 3330 3498 
3081 3262 3385 3474 3460 3449 3546 3123 3358 3281 3492 3473 3477 3582 3297 3099 3379 3403 3437 3265 3397 3448 2979 3341 3544 3005 3257 3137 3370 3348 3423 3193 
3008 2950 3237 3013 3273 3196 3117 2703 3295 2988 3259 3282 3113 3176 3028 3034 3332 2974 3044 3150 3246 3267 2837 3294 3237 3144 2942 2729 3057 3272 3325 3032 
3072 3374 3701 3559 3459 3725 3675 3240 3450 3342 3366 3459 3401 3638 3100 3249 3256 3517 3697 2916 3365 3332 3315 3616 3494 3187 3224 3146 3365 3495 3328 3307 
2848 3148 3436 3303 3295 3488 3447 2943 3187 3132 3268 3449 3408 3639 3230 3256 3253 3314 3470 3024 3423 3437 3260 3594 3409 2986 3135 3032 3193 3453 3317 3184 
2947 3063 3424 3277 3383 3440 3344 2930 3291 3130 3026 3300 3159 3322 3074 3097 3225 3254 3281 3067 3162 3175 2951 3264 3256 2843 3135 3102 2981 3035 3324 2801 
2971 3130 3322 3180 3214 3432 3486 2963 3323 3063 3264 3391 3337 3351 2946 3140 3118 3300 3418 3176 3296 3182 2990 3231 3143 3075 3034 2881 2995 3239 3384 3106 
2958 2915 3234 3241 3231 3289 3335 2829 3260 3316 3234 3114 3015 3149 3216 2943 3299 3267 3254 3163 3177 2923 2938 3300 3284 3131 3076 2873 3152 3123 3352 2970 
2780 2724 3006 3038 2977 3199 3135 2886 3122 3101 3043 2970 3043 3006 2909 2918 2788 2945 3089 2789 2870 3094 2855 2971 3071 2693 2876 2619 2905 2986 2938 2907 
2650 2947 3031 3058 3159 3122 3078 2729 3103 3099 3114 2903 2865 2966 3009 2814 3087 3166 3277 3052 2993 2907 2967 3208 3030 2675 3057 2896 3085 3209 3087 2849 
2548 2752 2846 2943 2854 3055 2920 2590 2973 2801 3060 3023 2871 2848 2960 2969 3159 3164 3065 2659 2977 3008 2713 3053 2894 2746 2777 2890 2909 2855 2931 2695 
2840 2980 2957 2955 3060 3114 3063 2722 3323 2911 3162 3120 2935 3202 2905 2936 3108 3010 2855 2833 2922 3078 2705 3122 3096 2728 2665 2731 3026 2930 3129 2778 
2872 3346 3455 3287 3147 3426 3487 3075 3341 3216 3221 3314 3400 3397 3101 2848 3420 3364 3470 3081 3356 3278 3150 3209 3323 2911 2865 3056 3130 3363 3164 2943 
3055 2934 3350 3282 3214 3487 3374 2771 3264 3163 3177 3091 3037 3430 2893 3062 3140 3308 3443 3242 3252 3156 3179 3325 3307 2814 2905 2947 3163 3272 3237 2971 
2882 2998 3174 3233 2924 3106 2973 2655 3031 3093 3139 3107 3042 3390 2847 2816 2869 3252 3387 3049 2929 2945 2804 3235 3027 2699 2948 2782 2982 2837 2921 3027 
2887 2934 3092 3096 3218 3264 3170 2863 3105 3124 3155 3368 3039 3389 3072 2844 3085 3174 3289 3104 3180 3158 2945 3387 3009 2953 3032 2927 3288 3139 3190 3118 
3225 3139 3241 3148 3171 3331 3204 2717 3066 3096 3192 3005 3053 3322 3115 3079 3215 3268 3321 3274 3198 3141 3037 3099 3067 2752 2699 3046 3089 3078 3102 2931 
2988 3329 3615 3587 3377 3475 3359 3078 3263 3211 3442 3244 3509 3565 3358 3155 3573 3526 3560 3423 3501 3442 3134 3316 3166 3326 3218 3392 3326 3294 3660 3082 
3043 3280 3421 3500 3454 3583 3413 3034 3471 3226 3483 3573 3412 3466 3396 3265 3434 3446 3564 3267 3360 3317 3382 3531 3511 3191 3198 3411 3392 3343 3593 3119 
2603 2901 3256 2978 2950 3206 3069 2736 3099 2996 3054 3089 2936 3105 2919 2886 2945 2962 3068 2904 3081 2979 2812 3043 2960 2885 2701 2963 2983 3058 3058 2853 
2770 3005 3140 3172 3289 3303 3250 3006 2978 3030 3312 3136 3236 3147 3164 2900 3239 3215 3300 3180 3251 3039 3004 3296 3358 3163 2952 3086 2921 2998 3338 3048 
3335 3413 3706 3657 3644 3686 3576 3190 3468 3311 3461 3512 3528 3797 3439 3354 3470 3660 3663 3347 3500 3570 3364 3744 3735 3264 3325 3341 3478 3457 3590 3427 
3096 3000 3277 3258 3241 3417 3524 2985 3268 3309 3208 3142 3207 3339 3156 3197 3196 3235 3244 3256 3001 3281 3033 3398 3343 2852 3020 2878 3123 3397 3371 3106 
3050 3325 3277 3390 3232 3500 3559 2987 3377 3174 3306 3371 3404 3557 3342 3197 3224 3374 3629 3088 3282 3435 3040 3253 3355 3193 3099 2976 3331 3313 3199 2930 
2698 3038 3130 3366 2989 2972 3254 2801 3141 3217 3161 3049 3015 3177 3092 2780 3085 3065 3239 3053 3167 3115 2848 3135 3178 3049 2813 2854 3068 3239 3074 2940 
2951 3173 3318 3254 3170 3419 3470 2806 3214 3165 3211 3364 2978 3392 3226 2973 3293 3353 3206 3139 3341 3419 2980 3260 3342 3094 2966 3089 3192 3378 3420 2972 
3169 3074 3450 3280 3347 3374 3390 3124 3475 3353 3365 3408 3281 3414 3211 3218 3239 3291 3496 3336 3505 3315 3309 3497 3228 3308 3141 3116 3366 3526 3466 3365 
3181 3085 3247 3416 3500 3546 3378 2854 3451 3280 3333 3343 3504 3428 3383 3118 3381 3438 3470 3164 3513 2921 3275 3356 3426 2902 3210 3020 3296 3318 3297 3086 
