3358 3484 3402 3514 3766 3896 3670 3057 3579 3449 3507 3586 3582 3582 3734 3344 3681 3769 3865 3509 3290 3320 3259 3682 3734 3485 3405 3278 3532 3361 3650 3251 
3884 3998 4353 4319 4381 4729 4293 3793 4316 4276 4460 4351 4218 4367 4107 4112 4377 4394 4452 4254 4420 4223 3851 4516 4508 3873 4143 4046 4305 4068 4309 4260 
3775 3818 4146 3842 4012 4314 4254 3503 4160 4022 4010 3870 4200 4133 4273 4179 4127 4228 3978 4024 3988 3923 3847 4134 4166 3689 3814 3914 4062 4096 4118 3891 
3569 3400 3837 3743 3864 4101 3884 3343 3805 3719 3770 3607 3593 3864 3760 3600 3868 4005 3723 3831 3746 3926 3692 3952 3902 3432 3754 3523 3747 3904 3798 3549 
3949 3968 4371 4100 4216 4439 4294 3750 3807 4199 3941 3683 3802 4068 4111 3697 4204 4255 4280 3841 3964 4027 3824 4493 4130 3833 3744 3830 4052 4138 3841 4108 
3720 3789 4097 4014 4263 4195 4246 3690 4019 3960 4013 4099 4172 4299 4149 3847 4093 4174 3948 4099 4032 4209 3682 4120 4402 3703 3985 3772 4172 4011 4057 3870 
3545 3474 3924 3606 4016 3905 3900 3302 3950 3672 3789 3946 3652 3860 3845 3740 4066 3672 3610 3902 3778 3932 3570 4018 3924 3726 3597 3383 3763 3955 3985 3725 
3661 3985 4506 4211 4283 4589 4463 3835 4217 4063 3990 4106 3988 4371 3894 4071 4095 4286 4298 3704 4026 4072 4015 4379 4240 3794 3995 3797 4088 4242 4030 4019 
3449 3706 4131 3874 4072 4185 4174 3428 3790 3727 3772 3976 4039 4312 4012 4060 3930 3947 3985 3752 4083 4081 3855 4307 4122 3530 3779 3670 3933 4176 3921 3825 
3507 3593 4066 3835 3999 4099 3998 3394 3909 3677 3467 3782 3724 3898 3729 3750 3855 3893 3759 3723 3663 3780 3522 3929 3949 3407 3705 3624 3669 3635 3764 3340 
3646 3850 4176 3839 4062 4364 4335 3601 4108 3790 3930 4037 4014 4108 3905 3991 4035 4171 4038 4083 3992 3984 3711 4087 3946 3721 3812 3605 3882 4060 4162 3857 
3515 3480 3932 3756 3899 3885 3995 3314 3920 3822 3713 3664 3664 3904 3980 3669 3956 4017 3703 3902 3713 3543 3558 3957 4009 3753 3655 3441 3923 3792 4010 3561 
3198 3187 3652 3455 3586 3848 3714 3269 3728 3673 3495 3356 3515 3572 3388 3557 3387 3469 3528 3395 3315 3674 3253 3537 3621 3229 3447 3031 3475 3582 3364 3368 
3162 3609 3848 3670 3921 3912 3937 3271 3784 3729 3682 3460 3493 3677 3784 3530 3840 3883 3845 3740 3586 3634 3599 3901 3792 3243 3755 3545 3797 3892 3751 3501 
3143 3338 3545 3572 3540 3781 3596 3071 3624 3482 3596 3615 3535 3484 3673 3746 3822 3854 3583 3407 3546 3707 3356 3830 3649 3341 3417 3545 3705 3549 3567 3332 
3390 3557 3597 3524 3797 3873 3795 3291 3947 3487 3763 3728 3598 3895 3749 3695 3794 3778 3414 3563 3524 3755 3384 3839 3828 3310 3315 3362 3730 3647 3797 3469 
3509 3959 4252 3829 3983 4221 4206 3758 4053 3965 3771 3927 3939 4137 3910 3650 4257 4135 3950 3966 3938 4039 3911 3969 4120 3584 3579 3592 3968 4163 3760 3554 
3759 3708 4387 4048 4162 4514 4372 3547 4188 4064 3923 3809 3820 4366 3842 3948 4174 4249 4162 4252 4014 4068 3973 4242 4266 3580 3840 3759 4074 4098 4016 3835 
3610 3600 3983 3959 3796 4054 3791 3255 3833 3908 3717 3788 3693 4100 3651 3713 3689 4049 4016 3904 3552 3848 3585 4115 3888 3442 3754 3470 3770 3613 3505 3805 
3342 3354 3679 3590 3863 3900 3818 3204 3605 3609 3553 3768 3617 3946 3685 3577 3595 3660 3688 3695 3669 3750 3401 3908 3646 3421 3621 3472 3923 3722 3730 3695 
3851 3838 4112 3794 4058 4209 4047 3287 3769 3833 3744 3629 3780 4126 3960 3961 4054 4087 3914 4178 3865 3874 3727 3884 3975 3430 3485 3758 3887 3845 3828 3701 
3612 4019 4578 4231 4278 4305 4218 3711 4093 4072 4074 3953 4181 4412 4182 3970 4428 4380 4173 4343 4259 4269 3869 4144 3993 4138 3989 4092 4197 4117 4363 3748 
3466 3673 3927 3971 4032 4169 3987 3442 3923 3697 3886 3950 3860 3973 3921 3839 4013 3996 3925 3849 3799 3825 3827 4023 4077 3628 3677 3863 3931 3834 4041 3618 
3054 3306 3834 3434 3555 3806 3611 3179 3656 3449 3499 3536 3394 3669 3541 3432 3480 3513 3481 3484 3549 3527 3363 3544 3472 3384 3202 3426 3640 3576 3536 3344 
3392 3636 3940 3719 4191 4091 4054 3701 3725 3791 3942 3774 3903 4013 4029 3727 4039 4051 3860 4049 3931 3837 3754 4081 4189 3929 3722 3659 3742 3849 3998 3705 
3996 4149 4496 4270 4475 4555 4348 3845 4180 4018 4117 4243 4189 4588 4360 4118 4271 4543 4224 4191 4195 4389 4137 4531 4464 3966 4018 4074 4311 4260 4355 4150 
3658 3653 4054 3824 4017 4230 4284 3481 3948 3944 3743 3756 3813 3978 3869 3937 3982 3933 3813 4031 3555 3960 3667 4169 4085 3448 3630 3533 3874 4147 3960 3705 
3636 3940 4000 3963 3942 4248 4193 3559 4041 3840 3835 3982 4009 4246 4049 4005 3908 4035 4111 3738 3847 4178 3744 3993 4048 3689 3701 3643 4121 4057 3802 3557 
3159 3582 3837 3807 3624 3666 3929 3268 3696 3745 3616 3555 3563 3771 3758 3364 3740 3635 3686 3738 3678 3691 3388 3706 3821 3561 3402 3428 3724 3843 3581 3487 
3492 3775 4226 3880 3917 4258 4249 3379 4072 3817 3766 3966 3582 4185 4034 3718 4081 4101 3762 3908 4047 4087 3644 4017 4082 3714 3696 3677 4015 4129 4081 3617 
3730 3679 4115 3847 4134 4054 4171 3681 4039 3983 3967 3911 3823 4053 3907 3922 3933 4010 4037 3997 4078 3998 3918 4130 3878 3902 3790 3702 3990 4181 4008 3963 
3875 3690 4032 4041 4318 4393 4146 3522 4186 4031 3965 3999 4159 4187 4308 3923 4215 4321 4029 4048 4196 3696 4011 4202 4207 3559 3994 3659 4069 4061 4048 3865 
