4639 4952 4771 4915 5271 5312 4954 4398 4830 4898 4937 4929 4980 4997 5156 4851 4823 4901 5174 4912 4582 4986 4371 5079 5050 4994 4881 4498 4868 4866 5102 4615 
5050 5364 5662 5550 5665 5909 5502 5011 5550 5503 5680 5533 5520 5717 5271 5276 5443 5444 5626 5542 5563 5661 4935 5719 5718 5227 5450 5078 5564 5357 5669 5478 
4891 5157 5606 4974 5447 5507 5443 4653 5465 5274 5422 5218 5501 5623 5623 5354 5306 5466 5206 5326 5397 5534 5008 5440 5422 5096 5232 5044 5454 5412 5531 5142 
4593 4514 5113 4860 4972 5155 4951 4415 5029 4826 5015 4922 4884 5116 4889 4719 4934 5205 4875 5126 4936 5358 4809 5224 5015 4625 4957 4663 4967 5252 5050 4689 
5051 5276 5741 5122 5496 5735 5482 4997 5179 5314 5175 4854 5011 5360 5366 4817 5354 5366 5429 5167 5069 5499 4998 5664 5282 5278 5001 4950 5286 5379 5060 5383 
4673 4947 5360 5079 5427 5214 5382 4732 5266 5033 5243 5039 5273 5601 5252 5038 4919 5082 5017 5321 5077 5583 4575 5128 5455 4956 5241 4721 5245 5233 5349 4874 
4824 5019 5488 4971 5514 5250 5311 4608 5463 4982 5353 5396 5083 5429 5219 5178 5313 4930 4942 5387 5155 5700 4790 5354 5349 5302 5175 4765 5178 5296 5477 5018 
4665 5196 5625 5307 5479 5732 5485 5040 5379 5148 5212 5118 5072 5628 4975 5310 5049 5180 5418 4837 5219 5392 5001 5419 5315 5171 5247 4819 5224 5540 5252 5027 
4623 5174 5382 5264 5412 5507 5479 4746 5197 4986 5208 5297 5509 5874 5267 5512 5211 5276 5304 5167 5342 5733 5296 5595 5462 5085 5215 4987 5422 5589 5382 5233 
4407 4812 5293 4968 5310 5229 5019 4511 5016 4667 4656 4997 4834 5238 4968 4931 4991 4985 4858 4806 4719 5183 4735 5188 5081 4729 4989 4687 4989 4896 5011 4422 
4859 5137 5491 5065 5434 5625 5526 4741 5456 4914 5191 5376 5287 5518 5170 5281 5086 5239 5185 5417 5134 5504 4875 5209 5109 5037 5147 4849 5221 5208 5552 5074 
4550 4677 5008 4753 5079 4885 5039 4361 5026 5005 4919 4795 4827 5042 5007 4635 4961 5022 4770 5040 4858 5012 4503 4960 5082 5054 4906 4404 5018 4992 5227 4560 
4411 4368 4964 4704 4942 5079 4883 4548 5040 4899 4783 4739 4802 5059 4705 4888 4518 4644 4691 4775 4674 5243 4553 4757 4903 4694 4752 4158 4759 5011 4815 4683 
4227 4958 5178 4873 5478 5204 5102 4498 5020 4920 5034 4804 4751 4955 5116 4787 5019 5084 4889 5093 4804 5113 4712 5262 5066 4665 5137 4688 5288 5302 5259 4766 
4353 4727 5067 4916 5185 5253 4910 4389 5094 4736 5101 5245 4949 5139 5078 5193 5188 5202 4976 4984 5065 5423 4794 5380 5069 4901 4975 4905 5301 5036 5133 4645 
4713 4941 5030 4678 5245 5249 5017 4634 5468 4769 5099 5223 5121 5418 5134 5109 5090 5051 4752 4964 4969 5424 4804 5134 5111 4906 4713 4629 5257 5109 5156 4806 
4805 5490 5696 5300 5490 5777 5652 5242 5508 5393 5260 5403 5514 5864 5360 5124 5488 5512 5375 5542 5348 5785 5276 5388 5522 5251 5155 4867 5564 5774 5469 4960 
4709 4948 5577 5071 5350 5671 5499 4759 5376 5173 5150 4955 4942 5675 5037 4977 5353 5351 5293 5392 5124 5561 5109 5305 5314 4980 5103 4917 5206 5141 5118 5002 
4827 5040 5317 5334 5265 5366 5037 4564 5077 5065 5140 5090 5156 5610 4938 5158 4797 5171 5349 5409 4841 5467 4792 5646 5228 4920 5236 4752 5225 5035 5000 5037 
4539 4668 5028 4681 5272 5292 5046 4397 5038 4802 4912 5130 5075 5423 5051 4892 4748 4916 4927 5082 4937 5403 4614 5340 4935 4872 5065 4704 5403 5147 5121 4980 
4979 5294 5373 5050 5391 5596 5326 4548 5020 4967 5166 4798 5186 5641 5235 5177 5215 5266 5278 5511 5109 5418 4883 5143 5279 4923 4856 5094 5237 5022 5301 5031 
4713 5479 5843 5413 5754 5695 5426 5045 5345 5392 5387 5250 5385 5733 5375 5399 5628 5590 5344 5551 5526 5783 5060 5476 5271 5687 5405 5259 5684 5617 5704 4964 
4448 4969 5013 5190 5246 5224 5133 4490 5106 4731 5255 5052 5032 5362 5129 5093 5096 5146 5075 4990 5024 5266 4996 5220 5221 4987 4927 4994 5182 5085 5354 4699 
4301 4783 5286 4759 4919 5082 4795 4485 4978 4782 4840 4937 4827 5217 4749 4611 4661 4750 4778 4926 4903 5110 4680 4802 4676 4843 4566 4649 5037 4881 5028 4623 
4507 4988 5239 4902 5523 5260 5295 4763 4942 4834 5204 5082 5102 5318 5136 4896 5140 5091 4898 5248 5031 5332 4847 5392 5438 5279 5085 4694 5102 5042 5250 4844 
5265 5622 5912 5617 5886 5917 5613 5132 5606 5389 5506 5616 5519 6236 5772 5513 5492 5882 5573 5564 5470 6099 5473 5851 5685 5391 5569 5319 5730 5564 5851 5497 
4965 5217 5459 5307 5456 5763 5573 4990 5300 5404 5249 5006 5298 5488 5218 5476 5201 5268 5220 5575 4891 5657 4970 5558 5378 5067 5155 4832 5411 5765 5590 5067 
4773 5399 5250 5284 5312 5495 5380 4994 5388 5034 5135 5262 5253 5656 5343 5464 4983 5096 5355 5041 5136 5797 4823 5193 5251 5084 5126 4846 5479 5389 5197 4814 
4201 4587 5030 4697 4714 4819 4942 4300 5019 4836 4685 4730 4683 4931 4816 4462 4642 4712 4753 4923 4776 4905 4444 4730 4816 4796 4465 4418 4919 5013 4707 4520 
4436 4996 5330 4919 5108 5316 5313 4435 5292 4779 5018 5161 4689 5507 5129 4819 5234 5214 4812 5069 5218 5472 4724 5209 5148 4966 4860 4881 5291 5406 5341 4691 
4835 5016 5347 4882 5386 5275 5234 4755 5090 5037 5239 4968 4937 5333 4998 5204 5015 5090 5067 5114 5123 5454 5122 5307 4972 5229 4977 4827 5251 5349 5232 5120 
4907 5236 5226 5311 5662 5690 5363 4704 5379 5290 5365 5202 5479 5467 5529 5155 5328 5548 5263 5374 5520 5161 5223 5498 5469 4878 5292 4755 5348 5439 5380 5012 
