1080 1328 999 1264 1404 1335 1111 1059 1177 1293 1226 1096 1230 1272 1437 1178 1335 1251 1367 1196 1070 1203 1203 1213 1294 1338 1066 1274 1236 1037 1432 1051 
1049 1266 1213 1650 1528 1453 1354 1193 1516 1413 1479 1318 1376 1406 1492 1482 1418 1372 1528 1471 1537 1574 1307 1476 1421 1320 1283 1498 1443 1285 1609 1346 
1202 1557 1363 1522 1599 1627 1593 1242 1576 1637 1557 1382 1550 1641 1629 1599 1608 1612 1585 1534 1436 1540 1428 1559 1503 1346 1377 1505 1514 1392 1789 1316 
1009 1232 1138 1352 1346 1333 1304 1149 1388 1309 1353 1216 1275 1347 1422 1207 1453 1326 1408 1421 1264 1476 1275 1326 1345 1196 1308 1312 1203 1184 1575 1149 
1006 1299 1271 1360 1392 1352 1274 1227 1255 1412 1180 1005 1217 1260 1262 1235 1391 1214 1410 1268 1182 1302 1348 1310 1318 1173 1167 1307 1199 1300 1415 1211 
952 1227 1119 1276 1334 1336 1318 1126 1309 1244 1333 1213 1390 1305 1379 1235 1381 1282 1287 1327 1285 1384 1122 1270 1315 1174 1266 1370 1249 1092 1490 1081 
1024 1208 1109 1255 1241 1286 1163 898 1335 1112 1250 1167 1160 1182 1219 1182 1286 1045 1265 1429 1171 1308 1197 1262 1177 1185 1150 1183 1234 1132 1543 1006 
870 1271 1181 1284 1241 1296 1328 1132 1185 1219 1162 1061 1186 1299 1196 1282 1155 1226 1328 1147 1069 1182 1291 1214 1235 1167 1164 1268 1143 1229 1393 1080 
803 1261 1077 1275 1250 1254 1244 981 1282 1250 1132 1194 1345 1375 1308 1293 1174 1185 1372 1245 1227 1401 1224 1331 1243 1136 1125 1223 1172 1277 1425 1033 
1061 1299 1330 1519 1482 1503 1429 1128 1578 1355 1208 1262 1408 1479 1386 1511 1591 1442 1548 1416 1333 1393 1321 1420 1403 1343 1385 1489 1305 1246 1712 1144 
980 1209 1219 1309 1295 1385 1367 1009 1339 1165 1261 1290 1291 1342 1171 1294 1225 1228 1338 1281 1147 1291 1232 1277 1166 1217 1139 1199 1179 1116 1427 1068 
1008 1229 1177 1381 1420 1336 1316 1077 1352 1442 1247 1172 1159 1309 1449 1315 1405 1355 1391 1478 1328 1255 1320 1331 1372 1314 1332 1284 1396 1169 1593 1218 
889 1009 1033 1162 1193 1214 1130 1030 1150 1140 1146 958 1155 1138 1140 1309 1146 1016 1030 1112 1047 1247 1082 1158 1183 1018 1041 923 1078 991 1261 1110 
919 1302 1189 1386 1496 1285 1334 1159 1418 1421 1360 1216 1244 1409 1351 1389 1321 1276 1437 1472 1318 1299 1430 1349 1336 1143 1346 1370 1371 1364 1584 1171 
872 1224 1005 1271 1327 1328 1278 1089 1321 1259 1223 1175 1260 1282 1399 1342 1416 1310 1349 1210 1385 1354 1278 1162 1328 1213 1250 1384 1304 1191 1531 1003 
1116 1289 1147 1275 1312 1304 1177 1045 1337 1188 1251 1163 1128 1319 1273 1318 1333 1198 1184 1257 1204 1464 1215 1334 1287 1133 1108 1287 1267 1098 1327 1186 
862 1338 1092 1215 1165 1353 1270 1092 1315 1297 1154 1105 1308 1193 1240 1136 1404 1177 1379 1244 1261 1246 1273 1140 1317 1113 1067 1222 1207 1201 1318 896 
804 1010 973 1135 1140 1136 1015 879 1079 1126 1063 885 932 1215 1003 1180 1073 1072 1233 1083 1017 1125 1114 1043 1131 990 952 1099 1117 1017 1220 936 
907 1116 1058 1175 1098 1156 1096 877 1138 1152 1083 1069 1080 1248 1056 1139 979 1113 1286 1161 992 1075 956 1177 1084 1003 1071 1177 1062 887 1230 894 
966 1246 1129 1270 1383 1277 1219 1114 1261 1264 1272 1220 1255 1314 1391 1274 1371 1205 1376 1425 1349 1405 1359 1303 1235 1112 1222 1250 1390 1219 1516 1147 
1095 1245 1109 1259 1352 1271 1188 1025 1183 1276 1218 1093 1174 1312 1346 1327 1277 1205 1364 1328 1174 1253 1212 1251 1242 1051 1020 1374 1255 1148 1377 1129 
1060 1476 1411 1589 1561 1439 1412 1298 1511 1372 1331 1196 1460 1487 1612 1475 1607 1440 1713 1524 1474 1490 1321 1336 1405 1464 1368 1527 1438 1310 1705 1206 
875 1207 1218 1362 1339 1313 1222 1076 1347 1225 1270 1218 1290 1363 1293 1294 1378 1246 1409 1314 1257 1290 1351 1214 1330 1197 1149 1432 1335 1149 1529 1047 
797 1069 1122 1199 1191 1194 1205 977 1122 1085 1143 1068 1091 1204 1196 1164 1234 1129 1196 1177 1054 1187 1097 1110 1109 1133 970 1229 1186 996 1346 1088 
1074 1382 1213 1429 1430 1503 1419 1194 1466 1361 1422 1323 1454 1446 1497 1379 1498 1366 1534 1601 1459 1381 1388 1475 1404 1388 1253 1550 1373 1211 1620 1269 
1130 1443 1406 1455 1537 1505 1389 1205 1390 1218 1366 1231 1452 1507 1485 1444 1576 1359 1408 1409 1341 1513 1396 1407 1474 1319 1276 1402 1272 1282 1647 1214 
913 1221 1100 1321 1388 1245 1325 1083 1236 1309 1176 1024 1140 1316 1266 1339 1289 1207 1369 1318 1056 1354 1245 1284 1283 1194 1122 1081 1156 1201 1473 1086 
869 1277 1147 1364 1266 1227 1254 1044 1255 1141 1219 1138 1334 1365 1416 1267 1350 1198 1448 1262 1228 1339 1164 1163 1256 1246 1103 1242 1180 1148 1366 956 
990 1301 1265 1558 1437 1297 1427 1186 1378 1451 1354 1186 1387 1406 1478 1413 1342 1313 1543 1348 1383 1392 1302 1370 1409 1346 1341 1369 1354 1260 1564 1262 
918 1291 1215 1251 1292 1329 1364 966 1323 1317 1210 1182 1260 1388 1406 1328 1373 1280 1271 1281 1284 1447 1262 1195 1474 1310 1173 1338 1351 1265 1484 1150 
877 1268 1073 1287 1308 1173 1209 1129 1276 1274 1303 1143 1091 1170 1205 1210 1156 1148 1354 1323 1140 1271 1263 1235 1197 1198 1167 1237 1210 1138 1477 1092 
1108 1291 1173 1366 1459 1368 1296 1143 1403 1423 1382 1235 1357 1314 1432 1343 1413 1344 1336 1407 1339 1225 1307 1349 1309 1171 1297 1292 1348 1155 1489 1073 
