397 622 484 598 656 715 614 490 547 651 419 510 714 639 655 624 691 619 599 395 544 431 554 557 523 604 450 629 535 445 725 414 
401 530 543 765 661 690 647 613 714 581 574 595 751 624 671 659 568 546 667 507 733 491 564 610 485 546 514 600 598 501 727 499 
598 922 809 833 879 1022 934 753 903 899 727 770 1035 946 977 895 935 926 827 675 811 667 799 862 783 775 721 855 872 692 1040 600 
385 547 499 605 553 639 650 526 582 663 465 524 671 583 619 475 685 513 552 410 484 420 552 556 502 547 517 512 447 484 732 435 
420 598 542 637 677 685 606 586 517 646 427 394 680 569 650 553 655 581 611 481 551 352 588 644 497 527 442 585 447 478 671 447 
388 607 587 643 549 730 748 539 656 621 537 637 784 642 689 662 646 617 626 548 601 539 576 587 580 610 520 610 609 481 770 426 
444 627 540 572 577 696 683 480 577 531 531 587 678 613 674 588 630 517 622 590 548 503 646 610 503 459 522 577 558 509 733 402 
433 708 702 755 741 813 766 610 673 627 527 571 775 763 636 722 640 686 734 560 595 461 696 702 578 642 583 719 631 544 852 494 
399 639 562 665 551 641 706 481 647 604 469 619 780 674 681 615 518 541 640 496 603 522 592 623 527 551 491 588 517 571 765 420 
495 654 701 795 659 812 871 601 778 691 543 662 860 743 695 755 817 704 815 561 684 475 665 742 597 661 591 721 627 578 880 526 
480 631 630 690 629 740 778 507 675 579 518 602 756 736 641 644 647 590 657 545 625 437 572 663 532 601 475 652 524 437 747 466 
449 649 599 633 619 801 725 582 665 729 537 561 716 633 801 578 719 690 641 583 656 456 649 689 593 610 576 553 665 523 789 489 
387 487 508 600 570 661 577 571 543 563 538 431 651 554 660 639 584 463 478 448 578 517 529 524 544 467 456 394 473 431 670 441 
417 644 611 723 696 697 755 649 700 627 642 615 748 699 744 657 642 596 703 646 721 477 702 682 546 556 585 609 692 625 827 448 
418 614 510 610 658 744 673 550 667 647 480 604 764 667 698 673 769 616 678 471 676 563 610 577 591 611 510 666 661 518 795 409 
386 583 455 576 563 655 571 468 597 459 438 480 575 622 602 598 597 556 514 424 579 496 569 568 502 453 406 527 509 417 592 356 
485 729 647 622 631 811 837 637 758 716 530 633 856 688 664 705 809 668 737 606 658 574 687 682 698 621 575 613 647 600 837 394 
360 475 501 599 549 666 534 477 543 496 447 430 570 591 520 658 555 569 547 399 575 403 477 540 455 517 458 547 555 346 631 313 
364 579 583 632 515 698 668 474 644 522 456 523 640 693 595 625 501 614 618 515 555 381 490 602 518 588 511 600 544 410 703 312 
381 536 472 508 565 653 548 459 483 518 395 487 621 518 612 572 635 458 482 463 585 459 588 514 467 406 408 508 566 453 682 369 
432 590 594 635 649 687 642 564 598 565 503 562 767 677 706 698 636 603 644 509 637 499 623 614 495 473 452 665 617 581 749 440 
514 784 725 772 784 825 783 643 715 691 555 575 883 802 893 772 832 693 846 622 722 515 646 718 645 736 594 796 737 564 829 589 
430 605 617 655 620 757 713 526 613 577 535 660 767 738 704 729 689 635 663 532 630 479 650 630 543 561 441 741 633 463 790 396 
305 555 548 616 586 649 634 526 591 491 471 527 687 599 621 575 617 549 553 515 508 358 508 522 437 546 443 600 535 352 683 468 
520 679 673 772 714 883 874 628 786 706 612 714 899 775 792 743 772 714 794 656 766 537 685 763 614 691 616 776 671 530 917 541 
541 785 765 790 761 856 780 607 673 611 615 672 886 844 791 765 772 708 781 619 643 620 764 771 739 653 610 692 578 620 879 560 
401 621 559 654 619 678 656 594 607 650 477 479 673 614 649 554 667 505 637 523 529 464 594 602 527 546 554 568 509 512 721 417 
402 667 681 752 649 689 723 556 624 591 500 594 783 765 810 735 761 567 753 542 641 549 596 590 604 666 523 704 619 518 735 473 
445 618 689 771 655 678 766 573 618 701 526 572 818 713 714 673 661 550 700 499 648 449 571 618 511 725 518 652 612 530 784 518 
382 674 602 604 600 687 757 494 640 622 535 635 789 727 804 641 648 654 602 513 649 581 605 595 594 632 497 616 645 527 789 489 
374 609 531 628 599 675 705 543 660 594 513 543 660 576 514 583 596 538 635 540 609 450 584 599 466 539 499 586 575 455 726 364 
530 733 688 766 840 861 765 711 750 806 668 652 851 777 884 769 860 725 696 604 806 560 762 757 629 584 629 681 761 642 875 515 
