2113 2366 2192 2510 2568 2523 2247 1993 2365 2277 2429 2272 2295 2540 2500 2156 2416 2480 2792 2201 2211 2237 2239 2336 2487 2503 2124 2109 2336 2139 2431 2120 
2467 2648 2770 3022 2937 3120 2605 2362 3029 2885 3176 2900 2757 3030 2717 2739 2886 2919 3162 2768 3079 2920 2580 2948 2908 2745 2640 2624 2864 2742 2939 2770 
2471 2736 2790 2707 2814 2977 2891 2422 2886 2889 2933 2661 2747 2837 2838 2834 2880 2940 2918 2652 2808 2736 2584 2825 2888 2570 2576 2496 2711 2818 2872 2601 
2389 2330 2500 2664 2569 2715 2571 2218 2620 2527 2746 2575 2408 2660 2538 2383 2586 2675 2769 2631 2549 2653 2506 2710 2622 2478 2517 2294 2507 2659 2704 2369 
2522 2645 2747 2814 2905 2943 2694 2421 2558 2731 2722 2445 2437 2716 2658 2475 2722 2740 2963 2515 2655 2642 2582 2909 2738 2734 2499 2423 2590 2747 2599 2696 
2428 2692 2730 2859 2871 2899 2823 2468 2724 2671 2941 2800 2761 3019 2737 2613 2842 2826 2792 2680 2805 2864 2386 2784 2855 2606 2662 2509 2655 2734 2834 2543 
2395 2443 2559 2544 2748 2660 2476 2164 2777 2434 2810 2665 2449 2667 2438 2570 2739 2479 2591 2683 2670 2726 2412 2647 2698 2705 2489 2205 2519 2671 2783 2433 
2218 2597 2722 2789 2697 2891 2705 2341 2687 2530 2628 2540 2439 2824 2388 2562 2471 2667 2942 2240 2565 2571 2539 2700 2684 2543 2426 2272 2623 2671 2568 2438 
2139 2416 2487 2580 2548 2721 2519 2127 2576 2432 2502 2646 2538 2859 2514 2563 2553 2501 2696 2401 2609 2666 2526 2771 2648 2399 2457 2220 2421 2724 2612 2362 
2186 2387 2604 2573 2775 2705 2519 2146 2683 2374 2368 2553 2386 2714 2422 2518 2604 2578 2696 2385 2441 2496 2340 2457 2614 2348 2473 2370 2307 2346 2604 2117 
2215 2438 2577 2529 2604 2654 2561 2185 2632 2343 2605 2586 2491 2756 2328 2516 2504 2661 2640 2502 2550 2554 2264 2521 2520 2474 2361 2167 2308 2510 2631 2401 
2333 2363 2569 2717 2665 2686 2630 2272 2720 2703 2683 2581 2286 2690 2577 2386 2666 2697 2742 2624 2620 2408 2449 2720 2727 2677 2606 2165 2589 2505 2718 2403 
2188 2141 2421 2504 2538 2583 2486 2275 2542 2412 2535 2328 2320 2547 2343 2464 2278 2330 2505 2235 2284 2585 2310 2447 2483 2275 2316 2036 2351 2371 2333 2388 
2032 2360 2430 2545 2626 2469 2349 2080 2548 2441 2612 2292 2231 2436 2425 2375 2500 2486 2738 2546 2407 2337 2471 2566 2420 2281 2537 2243 2407 2587 2506 2284 
2074 2345 2311 2455 2445 2604 2323 2121 2563 2414 2559 2504 2238 2428 2477 2460 2635 2700 2561 2244 2519 2555 2361 2589 2499 2375 2389 2302 2436 2490 2496 2172 
2304 2532 2478 2505 2575 2507 2394 2194 2766 2440 2745 2602 2324 2820 2368 2444 2579 2543 2429 2338 2417 2706 2322 2615 2610 2392 2197 2112 2525 2460 2512 2370 
2127 2644 2620 2566 2448 2761 2620 2312 2776 2565 2584 2539 2533 2681 2421 2226 2719 2683 2810 2481 2624 2508 2536 2499 2692 2385 2257 2264 2480 2689 2502 2205 
2170 2171 2423 2573 2443 2640 2343 1954 2531 2372 2440 2263 2132 2675 2133 2316 2350 2445 2714 2498 2478 2414 2460 2395 2532 2220 2123 2125 2432 2454 2424 2146 
2152 2455 2427 2594 2350 2550 2259 2055 2507 2505 2523 2451 2355 2753 2260 2247 2261 2549 2777 2492 2349 2332 2232 2515 2411 2261 2333 2153 2344 2289 2394 2286 
2187 2365 2379 2499 2668 2557 2385 2226 2401 2540 2578 2641 2301 2776 2499 2279 2498 2524 2689 2528 2553 2591 2397 2607 2358 2459 2362 2256 2618 2492 2560 2396 
2644 2581 2591 2587 2698 2834 2581 2139 2629 2516 2641 2461 2348 2884 2563 2580 2706 2771 2787 2645 2631 2544 2555 2644 2534 2369 2179 2401 2505 2576 2549 2344 
2381 2676 2788 2876 2752 2829 2562 2416 2760 2579 2779 2544 2628 2917 2667 2530 2899 2831 2973 2800 2858 2794 2521 2651 2580 2841 2615 2594 2770 2685 3014 2432 
2284 2601 2617 2828 2744 2783 2467 2253 2789 2521 2827 2811 2551 2820 2688 2606 2732 2734 2929 2636 2657 2672 2789 2752 2839 2603 2531 2561 2776 2622 2809 2463 
2012 2316 2614 2488 2410 2585 2355 2129 2434 2355 2579 2465 2190 2613 2307 2369 2369 2480 2604 2307 2424 2451 2261 2472 2349 2395 2137 2315 2408 2361 2455 2337 
2096 2294 2310 2534 2642 2614 2450 2176 2430 2296 2668 2408 2416 2519 2527 2335 2627 2551 2637 2586 2591 2444 2361 2618 2575 2622 2335 2311 2298 2335 2640 2322 
2484 2655 2779 2940 2914 2912 2633 2311 2804 2507 2768 2659 2598 3064 2753 2673 2759 2921 2881 2584 2789 2801 2593 2863 2871 2669 2555 2545 2642 2675 2790 2560 
2380 2407 2470 2593 2646 2754 2697 2339 2591 2636 2625 2460 2380 2737 2510 2636 2531 2572 2700 2569 2410 2662 2451 2609 2663 2415 2366 2120 2399 2693 2660 2397 
2301 2615 2513 2731 2625 2775 2671 2277 2741 2471 2683 2649 2576 2952 2685 2543 2532 2618 2956 2439 2636 2755 2386 2527 2711 2699 2454 2236 2595 2580 2476 2262 
2207 2572 2589 2908 2596 2489 2685 2316 2687 2682 2788 2564 2444 2758 2544 2448 2603 2580 2818 2608 2673 2586 2434 2661 2738 2695 2420 2259 2562 2699 2648 2463 
2426 2597 2760 2784 2668 2762 2769 2144 2701 2594 2713 2781 2440 2902 2723 2499 2834 2803 2705 2677 2768 2904 2536 2623 2769 2698 2472 2516 2672 2777 2801 2463 
2490 2546 2719 2728 2770 2757 2712 2490 2874 2714 2814 2811 2535 2837 2625 2683 2674 2816 2935 2781 2862 2703 2726 2815 2649 2751 2584 2478 2745 2876 2848 2737 
2446 2487 2606 2812 2846 2891 2574 2282 2719 2598 2817 2631 2624 2803 2664 2528 2678 2701 2857 2609 2843 2369 2689 2733 2706 2408 2596 2262 2641 2591 2666 2423 
