1680 1951 1598 1999 2023 2034 1733 1505 1959 1846 1995 1842 1733 1944 2005 1779 2006 1892 2121 1736 1767 1859 1880 1733 1981 1954 1638 1645 1865 1624 1994 1595 
1790 2022 1938 2457 2291 2347 2021 1706 2396 2212 2459 2061 2079 2254 2063 2133 2308 2022 2381 2155 2347 2306 2087 2072 2210 2022 1974 1983 2203 1997 2333 2031 
1814 2110 2014 2200 2226 2386 2257 1766 2368 2273 2405 2102 2101 2294 2171 2243 2363 2201 2242 2161 2105 2135 2142 2081 2154 2005 1989 1945 2104 2096 2436 1969 
1639 1742 1701 2025 1876 1999 1925 1699 2079 1957 2126 1891 1759 1914 1889 1757 2076 1839 1990 1901 1881 2106 1915 1886 1947 1823 1870 1645 1817 1912 2129 1701 
1790 1925 1909 2098 2155 2205 1953 1742 1971 2085 2088 1722 1776 1951 1829 1865 2144 1874 2119 1834 1918 2010 1976 1956 1988 1960 1769 1756 1847 2037 1999 1912 
1741 1983 1882 2137 2195 2213 2127 1819 2189 1969 2245 2097 2051 2166 2034 1953 2258 2001 2016 2011 2066 2229 1949 1888 2107 1869 1995 1827 1992 1923 2238 1790 
1773 1867 1835 2004 2069 2059 1888 1542 2169 1758 2122 1942 1860 1907 1779 1994 2196 1701 1996 2047 1954 2090 1910 1884 1964 1981 1899 1614 1888 1955 2260 1744 
1565 1982 1945 2150 1985 2110 2082 1780 2141 1967 2122 1972 1742 2056 1782 1978 2005 1989 2168 1705 1886 1971 2092 1957 2035 1979 1834 1676 1955 2029 2039 1770 
1484 1910 1751 2090 2016 2108 1888 1575 2124 1915 1986 1970 1978 2085 1906 2032 1981 1781 2075 1850 1941 2140 1960 1975 2013 1812 1827 1664 1803 2009 2112 1705 
1593 1827 1893 2084 2115 2084 1986 1616 2175 1827 1801 1918 1811 2059 1861 1956 2144 1937 2048 1894 1926 1980 1844 1770 1894 1815 1871 1810 1785 1726 2170 1550 
1547 1730 1738 1898 1905 1985 1913 1508 2010 1700 1953 1891 1840 1929 1617 1872 1886 1784 1932 1791 1769 1911 1793 1671 1804 1694 1753 1456 1661 1743 2035 1614 
1578 1718 1759 2028 2005 2024 1921 1633 2079 2027 2025 1866 1633 1953 1920 1796 2088 1930 1928 1962 1983 1838 1940 1834 2028 1941 1928 1558 1929 1801 2138 1778 
1519 1526 1610 1876 1824 1899 1826 1614 1901 1798 1962 1642 1663 1815 1659 1892 1721 1566 1669 1635 1613 1914 1806 1593 1760 1588 1672 1334 1675 1680 1854 1674 
1523 1852 1736 2095 2070 1947 1835 1570 2029 1982 2136 1789 1762 1924 1852 1948 2037 1816 2089 2003 1948 1919 2040 1942 1837 1676 1973 1772 1977 2034 2144 1731 
1436 1799 1538 1975 1814 1920 1809 1558 1956 1861 1974 1837 1692 1795 1831 1858 2111 1889 1909 1597 1914 1983 1796 1828 1842 1783 1797 1691 1909 1826 2039 1520 
1857 2037 1913 2080 2022 2061 1924 1685 2245 1845 2234 2022 1815 2170 1874 1950 2130 1972 1935 1933 1960 2235 2032 1991 2060 1775 1725 1663 2037 1962 2059 1832 
1390 1906 1717 1909 1670 2010 1897 1607 2079 1903 1891 1849 1740 1861 1693 1612 2044 1785 1996 1779 1823 1820 1919 1688 1831 1655 1531 1591 1830 1848 1886 1407 
1462 1626 1673 1883 1787 1970 1665 1415 1926 1864 1860 1639 1505 1914 1547 1830 1811 1695 2011 1763 1753 1810 1886 1641 1875 1625 1564 1553 1840 1793 1842 1531 
1540 1776 1685 1916 1705 1891 1666 1416 1932 1884 1913 1756 1712 1947 1594 1759 1734 1765 2031 1894 1707 1672 1794 1751 1767 1556 1683 1521 1726 1651 1866 1601 
1505 1737 1654 1852 2009 1915 1763 1578 1820 1868 1904 1849 1681 1960 1790 1756 1979 1762 1945 1910 1830 1937 1886 1764 1717 1707 1708 1604 1950 1787 2003 1676 
1914 1998 1788 2046 2123 2125 1930 1562 1992 2027 2118 1847 1740 2169 1936 1953 2083 1929 2094 1979 1932 2070 1960 1871 1923 1797 1649 1859 1951 1885 2004 1724 
1769 2043 2105 2231 2183 2131 2012 1827 2263 2038 2181 1872 2039 2146 2074 2027 2346 2067 2366 2175 2152 2176 1982 1882 1979 2172 1994 1979 2083 2035 2379 1790 
1638 1920 1855 2268 2014 2090 1868 1614 2151 1927 2150 1994 1942 2043 1923 1975 2129 1919 2213 1965 1981 2055 2122 1840 2113 1845 1891 1858 2097 1906 2229 1704 
1399 1743 1842 1972 1806 1948 1816 1501 1950 1791 2024 1808 1655 1910 1753 1761 1933 1736 1981 1780 1747 1796 1862 1705 1745 1732 1574 1705 1893 1668 1975 1743 
1695 1848 1745 2016 2068 2109 1987 1683 2037 1861 2124 1955 1939 2004 1985 1959 2187 1927 2087 2087 2039 2005 1931 1995 1951 2065 1863 1898 1887 1812 2146 1787 
1705 1994 1944 2237 2205 2191 1998 1652 2143 1827 2151 1853 1967 2245 2061 1951 2196 2005 2132 1896 2017 2102 2083 1889 2104 1906 1907 1743 1911 1935 2197 1786 
1637 1798 1683 2037 2052 2047 2006 1686 1988 1984 1978 1731 1715 1992 1810 1937 1974 1769 1928 1917 1668 2085 1943 1751 1996 1738 1784 1429 1740 1911 2161 1687 
1615 1936 1763 2128 1991 2099 1977 1582 2044 1811 2057 1909 1878 2144 2023 1951 1990 1844 2175 1855 1952 2122 1901 1691 2024 1932 1806 1602 1880 1858 1972 1529 
1624 1974 1882 2329 2050 2056 2106 1757 2160 2126 2203 1954 1917 2106 1981 2012 2044 1864 2249 1950 2058 2030 2039 1943 2101 1972 1860 1710 2077 2014 2121 1863 
1743 2002 2008 2110 2088 2221 2082 1599 2149 2089 2180 2130 1822 2183 2052 1967 2250 2026 2044 1975 2002 2334 1993 1887 2154 2082 1905 1897 2113 2054 2214 1815 
1655 1909 1820 2113 2041 1985 1980 1797 2158 1969 2216 1968 1786 1933 1826 1930 2004 1916 2091 2100 2043 2046 2151 1825 1929 1996 1923 1673 1958 2070 2242 1873 
1689 1941 1759 2215 2130 2172 1900 1670 2149 2067 2249 1965 1948 2067 1990 1959 2107 1894 2105 1991 2044 1809 2057 1925 1979 1806 1919 1663 2039 1813 2051 1699 
