4051 3485 3517 3459 3169 3519 4047 3530 3915 3661 3752 3489 3801 3674 3507 3657 3550 3381 3477 3847 3979 3897 3527 3591 3787 3853 3704 3820 3810 4313 3590 3792 
4710 4281 4259 4222 3808 4304 4815 4300 4425 4341 4163 4301 4484 4227 4085 4164 4065 4199 4092 4482 4803 4529 4027 3990 4206 4415 4269 4396 4361 4689 4263 4321 
4166 3877 3885 3681 3497 3813 4463 3990 4071 3942 3869 3797 4081 3970 3602 3697 3915 3740 3850 4199 3975 4064 3901 3802 3649 3860 4141 4089 3684 4085 3670 3949 
4103 3781 3451 3530 3378 3608 4214 3779 3976 3848 3661 3733 3987 3789 3626 3673 3732 3589 3807 4000 4122 3901 3913 3754 3781 3821 3999 3957 3806 4155 3791 3796 
4310 3911 3769 3889 3622 3901 4610 4000 4251 4080 4069 3746 4395 4181 3795 4066 3933 3734 4051 4095 4188 4096 3946 3577 3910 4008 4013 4080 3854 4242 3823 4154 
4457 4052 3828 4080 3644 3944 4547 4210 4263 4281 4187 3934 4364 4402 3904 3800 3936 3800 3751 4245 4312 4111 4179 3940 3975 4160 4282 3900 3922 4276 3915 4281 
4017 3886 3527 3740 3322 3898 4316 3948 3930 4043 3973 3855 4256 3864 3832 4004 3874 3672 3596 3977 4274 3823 3749 3862 3968 4010 3877 4059 3773 4059 3669 3717 
4370 3895 3958 3916 3569 3944 4571 4263 4190 4156 4183 3616 4252 4335 3772 4134 3916 3632 4010 4195 4325 4050 3894 3988 4154 4110 4087 3978 4060 4408 3790 4242 
4658 4147 3837 4007 3701 3902 4553 4327 4216 4218 4116 4096 4362 4167 3841 4070 3725 3915 3952 4306 4312 4126 3849 3619 4125 4081 4185 4142 3983 4347 3917 4073 
4093 3603 3435 3436 3366 3450 4169 3747 3772 3877 3648 3631 3994 3877 3378 3833 3319 3340 3293 4015 3761 3793 3443 3431 3702 3767 3853 3807 3507 3907 3624 3673 
4325 3941 3808 3924 3476 3968 4648 4135 4296 4073 4220 3753 4326 4055 4015 4211 3930 3901 3814 4224 4154 4185 3875 4051 4143 4231 4078 4305 3982 4296 3821 4045 
3798 3599 3335 3333 3239 3479 4032 3717 3600 3602 3670 3392 3947 3535 3438 3568 3651 3571 3559 3897 3818 3794 3519 3638 3468 3768 3859 3463 3340 3902 3564 3635 
4071 3774 3510 3482 3087 3486 4117 3715 3875 3966 3855 3532 4056 3576 3605 3718 3573 3286 3363 3726 3696 3804 3583 3526 3617 3736 3747 3754 3505 3833 3630 3667 
3920 3792 3387 3592 3089 3513 4249 3775 3887 3515 3570 3690 3917 3604 3636 3874 3383 3524 3457 3950 3786 3981 3674 3685 3571 3671 3762 3787 3633 3947 3566 3663 
3984 3529 3101 3452 3085 3582 4241 3984 3532 3819 3521 3581 4057 3722 3329 3776 3528 3212 3674 3668 4007 3889 3851 3659 3538 3773 3690 3693 3395 4083 3515 3745 
4323 4010 3600 3728 3553 3917 4400 4026 3974 4275 4013 3767 4343 4165 3674 3875 3679 3561 3614 4325 4081 4167 3959 4074 3975 4070 3903 4017 3795 4298 3672 3809 
4637 4157 3806 3976 3775 4081 4422 4161 3728 4243 4192 3922 4342 4010 3674 4070 4071 3623 3883 4190 4489 4040 3941 4008 3900 4243 4219 4269 3994 4491 3900 4171 
4117 3878 3794 3992 3623 3865 4393 3972 4121 4032 4037 3960 4471 4181 3938 4221 3797 3828 4090 4520 4126 4200 3827 3890 4010 3854 4146 4144 3816 4452 3821 4275 
4206 3793 3510 3797 3432 3925 4407 4138 3968 4027 3994 3834 4125 3979 3746 3870 3774 3732 3538 4155 3996 4066 3719 3941 3690 3863 4128 3998 3701 4198 3548 3897 
4149 3808 3731 3510 3593 3701 4443 3987 3947 4027 3688 3671 4306 4039 3719 3684 3670 3836 3673 4022 4144 3958 3730 3741 3864 3692 4156 3931 3592 4218 3714 4069 
4206 3607 3612 3732 3396 3807 4213 4102 3784 3805 4200 3715 3917 4003 3683 3846 3730 3453 3672 4062 4223 4030 3722 3973 3679 3838 4015 3958 3765 4216 3825 3888 
4466 4094 3588 3856 3813 3930 4585 4282 4021 4254 4284 4096 4522 4184 3907 4088 4232 3828 4015 4144 4377 4421 4003 4047 3997 4195 4307 4205 3756 4549 3988 4187 
4250 3934 3426 3466 3589 3558 4375 3870 3957 4049 3803 3740 4094 3745 3636 3930 3674 3704 3859 4045 3909 3987 3896 3745 3865 3923 4102 3981 3646 4207 3705 4016 
3629 3275 3325 3229 3081 3541 3890 3686 3702 3595 3360 3461 3646 3652 3192 3528 3277 3159 3418 3906 3716 3706 3363 3297 3291 3668 3599 3487 3312 3640 3359 3438 
4274 3783 3414 3816 3294 3773 4298 3988 3782 3778 3949 3879 4079 3918 3734 3764 3648 3520 3598 3906 4132 3964 3817 3814 3875 3872 4020 4024 3608 4296 3564 3905 
4564 4178 4110 4170 3860 4033 4715 4140 4269 4319 4246 4284 4536 4341 4130 4193 4038 4041 4062 4536 4552 4481 4160 3986 4332 4336 4303 4389 4111 4392 4213 4355 
4486 4089 3903 3793 3687 3719 4450 4033 4153 4285 4218 4001 4351 4193 3870 4125 3849 3728 3812 4112 4245 4281 3846 3959 4007 4042 4156 4154 4064 4206 3800 4243 
4432 4167 3936 3693 3605 3925 4530 3895 4024 4200 3773 3965 4233 4003 3968 3834 3770 3856 4005 4074 4376 4054 3756 3791 4018 4104 4061 4038 3922 4503 3943 4143 
3960 3771 3509 3330 3286 3436 3900 3754 3783 3843 3665 3452 3943 3645 3434 3558 3426 3352 3413 3911 4053 3681 3690 3657 3505 3554 3946 3611 3346 3765 3333 3916 
3950 3875 3445 3610 3332 3577 4239 3815 4095 3776 3784 3750 4011 3777 3700 3860 3507 3657 3808 4185 3991 3859 3653 3663 3815 3747 3843 3816 3571 4091 3795 3736 
4472 4053 3789 3765 3385 3831 4342 4184 3976 4122 4027 3953 4119 4066 3681 4046 3764 3771 3864 4307 3927 4218 3901 3962 3875 4040 4316 4002 3797 4056 3617 4146 
4210 3899 3745 3778 3481 3919 4446 4163 4013 4191 4089 3938 4155 4010 3787 4048 4010 3798 3855 4043 4308 4023 3843 3970 3774 4011 4144 3820 3890 4403 3735 4000 
