4734 4130 4054 4061 3874 4249 4686 4189 4565 4285 4474 4145 4493 4369 4139 4346 4191 3971 4215 4584 4596 4537 4170 4214 4638 4560 4467 4425 4370 4904 4281 4589 
5332 4832 4695 4793 4414 4995 5300 4857 4936 4906 4785 4895 5077 4873 4668 4655 4559 4608 4704 4994 5350 5088 4566 4505 4954 5034 4953 5015 4819 5232 4865 4929 
4851 4550 4390 4137 4137 4534 5042 4522 4663 4490 4514 4427 4665 4621 4188 4243 4465 4195 4510 4816 4501 4685 4568 4422 4433 4586 4818 4753 4169 4787 4322 4611 
4765 4420 3973 4118 3975 4270 4875 4405 4628 4488 4310 4427 4642 4501 4270 4237 4327 4080 4482 4575 4743 4496 4575 4332 4586 4522 4692 4576 4354 4804 4468 4564 
4939 4562 4284 4445 4232 4652 5242 4691 4902 4693 4781 4495 5045 4957 4498 4602 4481 4247 4745 4746 4806 4706 4558 4128 4740 4610 4744 4707 4419 4946 4440 4880 
4942 4607 4158 4445 4187 4506 4933 4706 4712 4682 4690 4431 4810 4884 4387 4272 4326 4110 4245 4688 4752 4476 4689 4394 4485 4664 4761 4363 4245 4721 4437 4760 
4788 4732 4094 4398 4159 4776 5024 4762 4729 4768 4790 4736 5103 4702 4626 4724 4562 4277 4444 4820 5006 4530 4560 4586 4980 4805 4705 4791 4380 4816 4476 4618 
4863 4387 4358 4496 4170 4591 5073 4823 4677 4638 4797 4128 4752 4934 4289 4721 4375 4011 4629 4712 4788 4538 4371 4501 4803 4682 4735 4446 4489 4976 4362 4909 
5275 4795 4449 4518 4379 4655 5190 4957 4827 4827 4792 4751 4936 4902 4463 4753 4341 4408 4762 4952 5010 4777 4491 4241 4937 4782 4892 4826 4572 5066 4561 4736 
4686 4194 3846 3795 3986 4007 4632 4253 4235 4324 4185 4298 4477 4584 3904 4328 3797 3765 3908 4592 4374 4330 3913 3847 4326 4334 4416 4326 3942 4478 4094 4251 
4980 4691 4407 4484 4140 4697 5216 4804 4858 4695 4849 4405 4899 4715 4668 4811 4571 4396 4533 4816 4798 4860 4496 4738 4938 4942 4772 4960 4555 4974 4472 4807 
4519 4265 3890 3977 3946 4301 4720 4429 4258 4273 4460 4049 4669 4418 4132 4205 4245 4051 4329 4582 4393 4443 4219 4214 4375 4454 4652 4242 3894 4670 4275 4469 
4755 4404 4115 4032 3720 4181 4727 4319 4458 4525 4436 4230 4589 4253 4252 4239 4127 3764 4039 4309 4297 4471 4192 4215 4437 4332 4505 4251 4141 4469 4263 4376 
4650 4397 3920 4167 3829 4308 4881 4412 4527 4059 4308 4294 4603 4405 4277 4499 4011 4047 4181 4614 4362 4642 4332 4318 4379 4336 4523 4469 4184 4628 4246 4435 
4694 4233 3715 4038 3859 4369 4855 4682 4190 4485 4229 4348 4676 4479 4007 4504 4244 3754 4537 4340 4714 4616 4590 4331 4388 4437 4506 4352 4002 4857 4149 4610 
4930 4593 4134 4223 4151 4640 4962 4605 4625 4890 4535 4420 4977 4814 4334 4409 4280 4001 4325 4886 4614 4795 4556 4588 4801 4712 4588 4678 4392 4908 4307 4439 
5390 4883 4439 4671 4537 4871 5111 4824 4260 4898 4879 4583 4922 4821 4419 4831 4653 4094 4702 4881 5231 4709 4594 4689 4723 5113 5085 4954 4607 5250 4705 4974 
4704 4555 4290 4562 4280 4686 5002 4694 4768 4622 4734 4655 5049 4968 4592 4790 4399 4439 4787 5157 4736 4878 4367 4442 4820 4501 4875 4732 4382 5157 4395 5018 
4917 4460 4042 4376 4243 4696 4959 4778 4524 4584 4716 4492 4735 4735 4349 4571 4396 4204 4335 4785 4608 4688 4411 4596 4472 4553 4893 4558 4225 4942 4265 4702 
4774 4505 4265 4061 4258 4351 5019 4611 4474 4634 4255 4306 4925 4836 4352 4300 4222 4296 4348 4694 4795 4579 4343 4338 4658 4451 4926 4519 4076 4952 4368 4873 
4772 4365 4185 4415 4157 4620 4778 4789 4390 4494 4915 4391 4546 4776 4299 4587 4295 3929 4473 4768 4904 4640 4373 4582 4584 4589 4816 4554 4311 4955 4573 4625 
5121 4664 4100 4396 4423 4577 5160 4839 4544 4806 4872 4749 5180 4893 4542 4624 4777 4262 4646 4744 5000 5058 4548 4592 4724 4867 5026 4788 4308 5143 4667 4948 
4864 4560 3969 3961 4295 4281 4841 4345 4434 4556 4350 4270 4591 4396 4099 4567 4262 4046 4558 4573 4443 4606 4496 4261 4631 4518 4801 4524 4139 4831 4339 4661 
4399 4039 3959 3984 3941 4516 4680 4488 4476 4404 4265 4236 4456 4619 3948 4403 4062 3770 4392 4749 4452 4517 4124 3955 4347 4532 4528 4381 3967 4505 4191 4348 
4811 4352 3872 4271 3828 4381 4816 4538 4284 4301 4484 4490 4542 4590 4225 4258 4127 3936 4194 4456 4650 4523 4359 4355 4576 4418 4612 4569 4057 4877 4040 4549 
5241 4880 4721 4675 4602 4786 5364 4819 4890 4991 4964 5045 5147 5230 4802 4948 4754 4548 4958 5284 5322 5204 4842 4610 5198 5067 5080 5102 4707 5221 4857 5179 
5186 4717 4514 4455 4411 4511 5067 4776 4822 4980 4989 4672 5041 4948 4571 4822 4444 4243 4613 4783 4877 4852 4568 4645 4856 4693 4928 4839 4682 4836 4488 4988 
5051 4844 4415 4306 4313 4745 5093 4513 4674 4751 4421 4623 4831 4678 4577 4420 4331 4293 4680 4637 4921 4673 4375 4405 4796 4758 4749 4606 4484 5097 4663 4862 
4369 4212 3908 3722 3724 3948 4287 4215 4190 4280 4044 3885 4429 4132 3932 3984 3833 3641 3896 4369 4471 4135 4131 4066 4070 3972 4535 4027 3754 4213 3828 4443 
4611 4525 4039 4174 4136 4319 4812 4420 4706 4368 4402 4415 4679 4538 4382 4551 4202 4070 4574 4780 4638 4546 4305 4270 4644 4459 4599 4440 4111 4804 4466 4510 
5082 4677 4363 4150 4030 4533 4865 4774 4560 4659 4642 4602 4654 4679 4252 4575 4313 4288 4552 4917 4481 4835 4489 4574 4630 4620 4951 4600 4351 4684 4134 4691 
4746 4467 4328 4323 4164 4680 5069 4803 4592 4752 4762 4530 4749 4747 4389 4733 4619 4203 4641 4640 4894 4621 4392 4549 4583 4636 4869 4513 4430 5015 4400 4608 
