2068 1802 1869 1482 1306 1715 2002 1500 1964 1837 1924 1624 1684 1541 1593 1876 1683 1620 1810 1951 1920 1828 1757 1751 1863 1835 1931 1819 1784 2036 1918 1915 
2338 2376 2364 1966 1739 2246 2480 2119 2407 2327 2315 2292 2168 2008 2067 2244 2071 2148 2157 2497 2655 2218 2116 2140 2087 2309 2279 2284 2072 2307 2346 2312 
1947 2015 2156 1719 1386 1957 2212 1896 2198 2157 2061 1855 2021 1801 1690 1918 1991 1932 2018 2139 2151 1932 1994 2011 1753 1866 2310 2005 1750 1825 1887 2018 
2101 2109 1945 1759 1471 1924 2319 1925 2262 2157 2137 1889 2055 1918 1866 2071 2015 1937 2101 2221 2310 1955 2125 2154 1929 2054 2306 1972 1948 2062 2134 2132 
2205 2156 2079 1844 1752 2095 2409 1996 2236 2113 2242 1815 2152 2013 1862 2077 2068 1868 2140 2275 2194 2037 2124 1961 2070 2079 2262 2072 1939 2130 2103 2223 
2276 2216 2155 1869 1675 2051 2450 2073 2411 2325 2278 1977 2117 2215 1858 1987 1966 1976 2048 2401 2345 2071 2208 2062 2013 2125 2426 2099 1851 2084 2145 2257 
2047 2183 1977 1818 1566 1996 2297 2030 2285 2220 2017 1993 2206 1771 1986 2070 2059 1959 1906 2034 2233 1991 2135 2093 2098 2065 2200 2280 1939 1950 2069 2035 
2020 1934 1961 1753 1359 1979 2158 1962 1978 2028 2101 1654 1853 2081 1656 2029 1876 1607 2124 2016 2133 1929 1924 1903 1982 1958 2125 1871 1886 1997 2038 2177 
2134 2148 2007 1732 1559 1872 2140 2046 2124 2073 2110 1875 1924 1919 1579 1939 1781 1855 2012 2138 2089 1889 1882 1761 1992 1910 2211 1991 1908 2032 2146 2023 
1874 1874 1830 1524 1397 1695 2058 1652 1885 2112 1877 1712 1826 1771 1554 1860 1579 1619 1636 2072 1869 1809 1715 1653 1696 1821 1985 1821 1672 1784 2027 1822 
2003 1965 1921 1738 1490 1760 2297 1951 2162 2036 2175 1677 1960 1873 1801 1975 1901 1915 1889 2038 1988 2026 1958 1954 2034 1951 2215 2109 1867 1956 1935 2080 
2124 2168 1957 1710 1501 1970 2157 1851 2059 2086 2161 1662 2115 1739 1759 2122 1892 2075 2078 2229 2204 1972 1935 2116 1893 2065 2178 1759 1763 1947 1943 2080 
2121 2084 1939 1702 1386 1851 2061 1853 1929 2068 2082 1710 1997 1792 1707 1901 1739 1689 1874 1944 1927 1898 1825 1760 1824 1900 1977 1891 1797 1836 2070 2033 
1860 1914 1697 1585 1333 1653 2138 1695 1991 1795 1855 1688 1811 1607 1689 1915 1527 1728 1873 2003 1803 1850 1769 1879 1639 1779 1927 1756 1696 1811 1867 1850 
1938 1856 1654 1641 1345 1802 2046 1916 1783 1870 1730 1699 1943 1733 1595 1941 1613 1595 2063 1960 2084 1797 2072 1954 1651 1794 2013 1744 1717 1815 1888 2031 
2133 2176 2153 1810 1595 1992 2196 1972 2164 2310 2063 1831 2160 2065 1823 1945 1833 1731 1895 2256 2195 1990 2158 2162 1901 2051 2158 2006 1893 2075 1899 2069 
2011 1957 1923 1757 1417 1756 2000 1711 1848 2040 2040 1839 1868 1708 1533 1910 1799 1575 1841 2101 2162 1796 1948 1950 1766 1827 2131 1961 1914 2041 1925 2034 
1883 2057 1864 1684 1417 1861 1959 1748 2031 1873 2058 1697 1929 1854 1755 2070 1771 1696 1962 2114 1953 1915 1821 1885 1859 1722 2137 1987 1693 1923 1773 2063 
1927 1889 1692 1633 1383 1840 2159 1853 2057 1954 2107 1695 1834 1768 1821 1839 1887 1816 1812 2025 1900 1868 1890 2021 1673 1816 2128 1889 1716 1876 1692 1835 
2052 2074 2047 1696 1647 1806 2201 1905 2026 2133 1970 1839 2141 1948 1719 1862 1891 1839 1968 2081 2150 1939 1854 1965 1883 1923 2259 2000 1775 2058 2000 2180 
2164 1946 1956 1755 1537 1993 2158 1866 1990 2019 2172 1729 1863 1889 1691 1996 1708 1707 1917 2191 2202 2062 2069 2105 1879 1950 2054 1944 1864 2025 2087 1988 
2098 2169 1861 1883 1596 2006 2212 1891 1980 2038 2185 1854 2116 1871 1747 2049 2022 1869 2029 2113 2167 2079 2078 1997 2014 2114 2265 2149 1881 2075 2096 2077 
2171 2219 1972 1739 1614 1944 2233 1973 2114 2195 2071 1932 2104 1862 1835 2099 1889 1852 2036 2171 2135 2037 2212 2043 2003 2044 2282 2106 1784 2082 2039 2159 
1848 1775 1823 1573 1417 1882 2070 1856 2142 2065 1880 1688 1778 1933 1568 1813 1761 1686 1901 2148 2054 1937 1865 1743 1739 1791 1966 1949 1855 1825 1887 2001 
1897 1832 1598 1612 1166 1670 2012 1564 1756 1806 1896 1662 1834 1611 1616 1817 1629 1508 1776 1921 2025 1770 1820 1837 1761 1662 2022 1974 1695 1903 1798 1909 
2110 2101 1983 1940 1583 1871 2317 1939 2116 2118 2150 2066 2135 1979 1812 2096 1986 1923 2021 2334 2235 2095 2159 1968 1997 2097 2198 2156 1909 1998 2244 2226 
2203 2205 2108 1728 1593 1829 2216 1889 2142 2178 2151 1959 1918 1876 1777 2008 1864 1792 2041 2099 2074 2060 1954 1931 1898 1951 2173 1954 1866 1962 2036 2212 
2085 2113 2099 1769 1486 1829 2226 1780 2044 2119 1997 1927 1916 1743 1858 1771 1819 1789 1951 2016 2278 1883 1936 1912 1986 1956 2217 1847 1782 2080 2002 2176 
2070 2155 2051 1614 1605 1827 2046 1923 2221 2148 2023 1803 2074 1963 1819 1925 1789 1907 1895 2262 2181 1967 2174 1967 1889 1871 2279 1873 1816 2004 1887 2204 
2150 2206 1956 1786 1584 1900 2285 1956 2235 2058 2203 1957 2079 1957 1799 2184 1844 1898 2145 2342 2199 2064 2076 1990 2079 1942 2209 2051 1787 2028 2128 2190 
2428 2473 2270 1944 1590 2145 2362 2210 2387 2364 2268 2107 2134 2105 1954 2166 2078 2046 2257 2357 2258 2225 2301 2284 2050 2235 2547 2173 2058 2034 2116 2312 
2133 1942 1979 1697 1523 1902 2098 1941 2001 2091 2051 1842 1814 1808 1729 1938 1843 1902 1902 2044 2166 1894 1888 1971 1953 1908 2153 1831 1839 1939 1905 2150 
