2625 2284 2479 2161 1946 2294 2710 2170 2664 2350 2390 2128 2370 2218 2145 2480 2320 2218 2361 2498 2499 2414 2455 2226 2522 2485 2500 2405 2534 2790 2438 2542 
3208 3121 3282 2884 2653 3020 3463 2977 3247 3030 2864 2927 3085 2882 2833 3031 2794 2972 2885 3284 3355 3002 3010 2805 2934 3136 3013 3018 3020 3185 3048 3088 
2643 2540 2815 2342 2093 2398 2998 2643 2844 2551 2402 2374 2701 2480 2244 2551 2594 2550 2618 2743 2601 2543 2759 2534 2304 2523 2890 2612 2455 2427 2455 2642 
2659 2501 2500 2246 2045 2292 2867 2416 2785 2506 2406 2331 2557 2494 2353 2598 2406 2371 2495 2721 2702 2473 2784 2481 2433 2440 2852 2530 2566 2527 2580 2613 
3092 2851 2833 2650 2618 2729 3382 2856 3183 2816 2839 2476 3071 2883 2637 3002 2912 2676 2880 2981 2844 2796 2973 2539 2793 2884 2957 2793 2718 2906 2769 2997 
2907 2795 2822 2637 2422 2575 3217 2855 3112 2928 2788 2557 2873 2931 2502 2639 2579 2605 2601 3019 2814 2657 2952 2645 2605 2855 3039 2649 2522 2703 2650 2944 
2672 2635 2545 2340 2116 2484 2942 2704 2817 2706 2433 2504 2832 2344 2413 2763 2618 2463 2394 2505 2767 2444 2648 2513 2613 2664 2725 2752 2513 2534 2512 2493 
3012 2656 2834 2567 2310 2679 3142 2911 2925 2740 2689 2366 2800 2975 2438 2938 2621 2460 2899 2799 2868 2732 2831 2549 2837 2839 2943 2639 2798 2856 2696 2977 
3073 2864 2841 2620 2432 2511 3078 2996 3013 2758 2661 2612 2868 2725 2332 2893 2522 2660 2797 2875 2768 2704 2731 2360 2791 2804 2891 2680 2678 2872 2810 2802 
2709 2457 2509 2185 2142 2299 2894 2457 2647 2729 2397 2290 2619 2540 2112 2642 2276 2254 2265 2752 2440 2452 2436 2263 2420 2566 2639 2516 2400 2470 2558 2524 
2790 2612 2737 2526 2163 2500 3185 2745 3036 2733 2709 2275 2782 2612 2514 2826 2670 2598 2634 2747 2567 2806 2725 2613 2685 2737 2820 2793 2676 2724 2608 2812 
2711 2620 2536 2261 2159 2397 2879 2612 2671 2537 2507 2240 2786 2361 2312 2742 2597 2647 2598 2782 2678 2551 2581 2619 2460 2730 2715 2333 2417 2566 2521 2630 
2736 2608 2516 2310 1933 2376 2737 2515 2684 2654 2559 2235 2651 2422 2302 2591 2369 2242 2402 2493 2343 2425 2509 2317 2333 2560 2564 2478 2358 2510 2572 2644 
2536 2575 2348 2274 2035 2182 2958 2383 2711 2343 2274 2235 2556 2246 2237 2606 2106 2311 2440 2561 2364 2443 2498 2391 2300 2484 2534 2318 2360 2464 2379 2501 
2490 2272 2120 2139 1902 2166 2694 2543 2249 2287 2087 2069 2500 2186 1986 2399 2166 2050 2469 2366 2450 2222 2539 2314 2075 2379 2348 2164 2149 2364 2322 2427 
2702 2611 2643 2278 2157 2372 2875 2573 2764 2751 2472 2291 2723 2611 2283 2544 2412 2243 2323 2804 2616 2574 2727 2577 2400 2614 2603 2469 2464 2564 2370 2556 
2824 2627 2656 2455 2228 2372 2883 2558 2458 2661 2595 2389 2683 2377 2094 2663 2541 2237 2563 2719 2799 2390 2644 2545 2399 2664 2783 2645 2646 2776 2497 2711 
2767 2737 2774 2573 2298 2590 2890 2613 2945 2608 2547 2479 2884 2726 2565 3033 2493 2525 2735 2969 2680 2802 2745 2546 2714 2528 2907 2748 2621 2782 2564 2904 
2611 2415 2380 2350 2087 2400 2860 2574 2692 2479 2492 2283 2617 2419 2373 2511 2445 2377 2311 2649 2400 2463 2594 2517 2310 2398 2688 2443 2414 2502 2266 2415 
2768 2654 2748 2389 2412 2419 3053 2665 2836 2720 2381 2331 2921 2770 2395 2576 2437 2533 2618 2731 2666 2585 2594 2515 2584 2581 2834 2573 2541 2801 2553 2813 
2749 2356 2552 2369 2170 2435 2792 2577 2505 2468 2620 2207 2464 2488 2138 2508 2345 2144 2408 2626 2651 2549 2626 2609 2390 2567 2558 2514 2377 2572 2519 2534 
2856 2705 2473 2472 2348 2448 2961 2715 2639 2608 2717 2469 2886 2468 2271 2788 2757 2503 2651 2680 2743 2723 2768 2552 2600 2917 2819 2716 2452 2731 2636 2711 
2971 2884 2649 2432 2421 2541 3143 2785 2916 2840 2589 2546 2892 2626 2514 2886 2630 2624 2771 2921 2745 2759 3012 2642 2700 2868 2933 2828 2626 2870 2687 2922 
2500 2291 2430 2155 2071 2330 2821 2550 2795 2593 2303 2270 2446 2590 2095 2561 2303 2233 2495 2726 2563 2542 2478 2278 2227 2489 2546 2410 2435 2399 2377 2588 
2709 2446 2335 2317 1923 2242 2826 2424 2535 2390 2475 2303 2537 2347 2289 2489 2341 2227 2405 2539 2610 2387 2545 2461 2421 2483 2719 2633 2371 2625 2316 2632 
2924 2819 2900 2780 2492 2573 3238 2878 2968 2859 2747 2760 3016 2820 2619 2922 2720 2747 2780 3096 2955 2916 3018 2653 2803 2927 2913 2860 2774 2757 2892 3124 
2937 2737 2823 2432 2407 2313 3004 2670 2934 2788 2662 2592 2687 2651 2346 2704 2457 2450 2609 2723 2633 2731 2754 2499 2591 2683 2788 2545 2632 2619 2588 2910 
2819 2784 2866 2509 2301 2469 3142 2596 2854 2777 2418 2491 2821 2468 2579 2582 2555 2539 2745 2695 2895 2618 2692 2530 2732 2756 2837 2528 2574 2863 2682 2911 
2579 2640 2538 2116 2182 2216 2701 2487 2732 2604 2420 2222 2588 2471 2246 2460 2291 2281 2376 2651 2642 2435 2692 2385 2252 2391 2744 2311 2270 2412 2252 2677 
2742 2764 2516 2357 2196 2433 3016 2581 2895 2624 2572 2426 2697 2616 2405 2819 2353 2517 2727 2938 2642 2620 2695 2517 2693 2600 2747 2593 2387 2698 2602 2836 
3141 2959 2907 2521 2239 2633 3096 2909 2997 2883 2641 2634 2831 2819 2500 2871 2628 2646 2791 3004 2702 2803 2991 2785 2633 2877 3109 2729 2762 2606 2612 2967 
2841 2572 2704 2348 2223 2478 2972 2778 2760 2643 2538 2452 2629 2488 2411 2776 2534 2567 2570 2708 2761 2482 2635 2515 2476 2633 2818 2405 2610 2643 2534 2770 
