812 665 672 483 501 437 711 597 671 696 660 561 752 585 636 721 502 589 701 741 748 763 756 696 726 607 749 666 725 783 725 624 
863 936 812 725 537 674 872 753 796 858 789 762 921 752 784 775 535 672 772 1012 991 885 836 774 685 757 897 801 735 752 883 727 
760 770 758 623 421 546 804 666 699 676 624 571 777 618 670 701 535 561 715 801 753 837 789 766 549 574 808 646 576 630 723 639 
821 796 796 636 519 530 904 708 790 863 782 699 840 769 709 761 700 688 742 976 842 833 844 784 740 656 904 858 705 801 794 750 
819 788 771 677 603 548 758 731 570 692 725 579 787 769 674 725 568 540 672 873 681 834 814 681 634 616 764 716 644 745 749 690 
756 691 661 536 435 500 699 626 619 621 644 642 726 655 661 551 551 570 637 814 780 752 781 641 541 574 784 641 610 624 708 610 
687 707 647 580 452 525 731 620 588 671 601 587 709 453 678 665 522 555 557 742 750 738 681 608 640 605 638 648 555 534 664 554 
686 623 646 468 344 423 567 620 515 527 520 429 612 629 522 548 462 369 629 652 575 624 696 552 512 462 658 508 550 586 608 626 
689 768 675 530 467 398 714 663 645 611 696 605 773 653 580 645 441 609 654 769 732 713 589 522 624 573 752 618 640 727 791 583 
766 731 710 547 551 555 848 660 681 787 713 639 843 636 635 699 584 638 627 881 761 744 714 627 710 686 714 738 707 728 877 601 
758 648 686 590 507 454 762 699 612 626 699 477 692 603 596 697 546 547 665 755 627 752 701 679 659 524 762 673 623 701 710 605 
818 761 638 599 487 603 744 642 634 685 718 527 778 535 633 768 510 693 769 906 692 831 714 773 619 651 725 711 580 661 815 656 
704 682 604 534 415 477 601 628 498 572 633 412 708 596 584 624 439 497 526 673 581 704 629 547 520 502 611 571 567 563 675 560 
779 758 664 599 470 530 772 622 701 693 673 556 841 639 662 698 404 597 717 868 701 778 679 687 594 608 749 638 582 627 724 591 
745 683 623 549 395 573 709 622 571 650 607 562 707 558 622 648 511 514 758 848 752 737 776 665 542 568 745 626 548 626 696 644 
853 782 716 671 404 590 744 738 707 782 794 622 877 781 723 667 572 588 663 876 784 833 754 699 731 680 776 734 746 724 692 705 
621 601 518 506 346 353 598 470 421 544 597 470 617 495 417 495 377 409 575 651 611 604 559 515 495 461 665 547 502 629 493 488 
634 639 563 488 379 383 605 480 614 559 534 410 668 541 565 621 378 471 609 682 539 605 562 613 506 421 675 536 440 550 506 494 
657 506 470 496 349 403 618 544 535 516 652 430 565 461 523 487 381 491 518 628 577 659 583 654 445 383 682 516 477 535 509 409 
806 840 791 679 608 585 819 750 628 825 785 690 815 770 655 712 623 669 782 908 760 942 827 745 665 707 909 833 686 825 790 783 
768 660 627 570 401 488 732 566 600 625 648 522 752 557 599 633 503 494 640 816 754 776 726 791 587 497 702 584 589 654 669 577 
854 833 677 631 582 548 796 733 619 777 728 624 744 622 669 701 605 718 734 822 782 845 786 672 680 724 828 758 677 789 856 702 
724 687 591 499 474 483 707 588 559 715 663 502 675 590 654 685 485 616 676 761 641 716 702 580 614 585 734 678 519 632 634 574 
595 650 563 536 451 461 629 597 635 616 534 494 644 603 601 596 457 485 659 811 691 698 627 591 569 522 648 582 507 601 608 579 
806 769 700 612 409 488 759 643 575 775 730 622 734 664 669 660 532 516 687 889 830 798 812 694 650 588 787 734 651 694 696 679 
778 724 641 622 485 512 778 681 601 683 736 597 786 652 650 685 569 593 706 911 716 862 776 594 653 664 677 750 677 732 741 639 
760 744 651 544 487 468 765 676 644 658 684 557 706 635 631 670 512 540 704 790 694 836 737 651 629 544 696 659 646 689 797 644 
650 574 550 515 388 397 663 563 515 643 600 555 615 573 554 465 520 427 600 632 712 686 721 514 622 484 725 616 608 625 597 594 
828 794 741 573 479 536 784 676 720 749 742 637 798 731 701 713 531 637 714 853 766 806 833 714 652 598 837 715 676 694 789 739 
750 760 638 521 462 496 710 644 658 623 633 520 758 663 661 729 513 591 720 876 719 702 685 626 674 582 687 613 533 653 747 597 
841 760 643 451 388 455 700 695 723 696 679 534 650 585 650 678 415 595 745 773 669 745 692 716 579 586 778 616 608 662 625 613 
702 599 598 544 426 493 614 548 516 595 569 498 664 548 571 601 470 518 587 652 656 652 658 630 577 556 672 591 530 541 632 554 
