3124 2769 3003 2745 2508 2777 3263 2802 3238 2901 2952 2768 2983 2931 2738 2958 2839 2703 2908 3069 3142 3052 2880 2865 3031 3203 2988 3126 3136 3551 2909 3042 
3779 3603 3790 3534 3224 3532 4080 3678 3778 3684 3476 3614 3738 3613 3394 3502 3393 3522 3530 3837 4076 3732 3412 3422 3468 3789 3621 3691 3728 4021 3604 3607 
3237 3135 3403 2971 2793 3069 3661 3302 3433 3197 3068 3065 3360 3291 2903 2972 3253 3053 3206 3400 3315 3182 3282 3122 2854 3246 3490 3364 3074 3339 3023 3230 
3303 3147 3048 2987 2806 2944 3626 3218 3413 3264 3129 3159 3322 3282 2985 3113 3155 3019 3292 3444 3479 3230 3325 3169 3102 3201 3536 3377 3257 3498 3216 3264 
3571 3310 3366 3347 3124 3272 3956 3470 3704 3447 3397 3215 3737 3512 3201 3477 3398 3154 3504 3542 3500 3448 3415 3081 3222 3508 3515 3484 3269 3657 3276 3541 
3559 3329 3342 3394 3089 3257 3886 3588 3640 3605 3422 3368 3622 3749 3195 3058 3279 3185 3204 3620 3599 3387 3532 3333 3249 3520 3729 3291 3163 3571 3250 3553 
3185 3232 3082 3033 2724 3186 3587 3347 3343 3459 3119 3192 3549 3156 3104 3266 3277 3015 3032 3283 3524 3128 3184 3260 3227 3409 3314 3430 3096 3425 3097 3067 
3549 3268 3462 3287 3012 3357 3900 3647 3604 3493 3499 3095 3548 3745 3149 3518 3352 3126 3572 3576 3682 3434 3373 3323 3492 3621 3576 3461 3471 3773 3252 3556 
3657 3348 3408 3301 2994 3091 3733 3706 3577 3394 3294 3368 3522 3374 3012 3327 3112 3212 3385 3564 3557 3264 3243 2959 3352 3490 3551 3389 3220 3698 3315 3338 
3195 2911 2967 2807 2678 2773 3455 3100 3158 3235 2904 3000 3246 3183 2660 3046 2744 2710 2823 3330 3045 3036 2798 2789 2890 3191 3219 3170 2926 3177 3081 3046 
3452 3277 3379 3331 2858 3237 3949 3512 3698 3487 3463 3128 3600 3448 3309 3434 3371 3207 3351 3595 3410 3527 3343 3463 3377 3604 3485 3674 3352 3695 3224 3437 
3292 3144 3061 2888 2822 3054 3563 3272 3205 3169 3157 2947 3468 3109 2970 3145 3241 3166 3159 3374 3360 3263 3128 3185 3028 3350 3381 3035 3009 3396 3127 3219 
3168 3067 2945 2786 2484 2823 3358 3125 3189 3223 3111 2861 3266 2992 2803 2990 2898 2721 2834 2980 2872 2992 2910 2859 2808 3075 3082 3086 2824 3199 2979 3058 
3065 3072 2956 2997 2575 2751 3596 3113 3273 2902 2913 2928 3292 2959 2949 3149 2716 2933 2971 3303 3087 3156 3029 3074 2884 3177 3177 3093 2990 3271 2987 3054 
3063 2745 2580 2742 2486 2723 3426 3208 2842 3020 2675 2847 3196 2991 2593 2849 2750 2583 3109 2988 3188 2976 3064 2949 2651 3096 2962 2908 2789 3258 2879 3040 
3240 3163 3091 2942 2775 2995 3513 3257 3297 3414 3102 3041 3407 3383 2875 2999 3020 2778 2980 3470 3270 3280 3218 3274 3049 3316 3190 3181 3093 3452 2942 3051 
3523 3343 3291 3237 3039 3136 3571 3376 3002 3393 3287 3147 3458 3254 2831 3172 3298 2829 3238 3408 3563 3128 3209 3261 3010 3463 3430 3398 3274 3649 3159 3328 
3447 3435 3445 3476 3088 3383 3797 3491 3727 3491 3387 3472 3889 3668 3406 3674 3287 3274 3617 3907 3596 3649 3396 3430 3452 3405 3667 3649 3369 3938 3360 3686 
3214 3054 3027 3165 2799 3113 3635 3390 3344 3248 3208 3143 3398 3299 3079 3055 3145 3026 2991 3437 3231 3246 3073 3267 2947 3269 3448 3242 3105 3456 2927 3103 
3228 3049 3199 2921 2921 2892 3667 3322 3290 3209 2921 2940 3502 3327 2922 2937 3005 3071 3003 3292 3320 3111 3037 3024 3109 3092 3485 3170 3009 3502 3000 3300 
3403 2929 3192 3148 2876 3125 3583 3385 3139 3265 3433 3046 3314 3346 2893 3032 3115 2805 3088 3368 3548 3352 3150 3391 3063 3310 3352 3333 3118 3561 3211 3193 
3541 3358 3183 3254 3105 3211 3762 3567 3335 3433 3505 3372 3744 3382 3151 3356 3512 3173 3360 3446 3634 3573 3401 3337 3289 3686 3585 3514 3152 3716 3334 3390 
3358 3286 3004 2916 2888 2974 3663 3287 3349 3417 3104 3134 3451 3151 2927 3258 3084 3072 3261 3396 3273 3278 3345 3150 3178 3347 3465 3357 3102 3485 3088 3353 
2945 2778 2923 2703 2576 2922 3265 3120 3217 3035 2755 2904 3024 3233 2634 2950 2755 2665 2965 3281 3079 3078 2833 2749 2639 3009 3067 2929 2901 3063 2848 2978 
3387 3082 2916 3134 2702 2982 3550 3314 3121 3125 3195 3157 3352 3228 3060 3015 3041 2868 3102 3210 3398 3153 3178 3207 3079 3266 3407 3369 3007 3545 2984 3194 
3628 3509 3602 3501 3158 3291 3913 3602 3619 3684 3475 3582 3760 3693 3389 3498 3392 3326 3462 3868 3755 3706 3583 3413 3494 3682 3623 3659 3512 3691 3568 3666 
3507 3298 3434 3058 2987 2868 3685 3338 3497 3512 3322 3329 3408 3400 3007 3246 3050 2989 3182 3403 3424 3432 3149 3238 3191 3414 3450 3365 3308 3391 3143 3477 
3464 3391 3484 3101 2888 3117 3811 3261 3397 3494 2983 3270 3465 3292 3216 3057 3187 3124 3378 3391 3575 3340 3156 3068 3278 3449 3440 3303 3223 3771 3306 3442 
3098 3134 3030 2656 2706 2696 3248 3119 3215 3138 2958 2865 3224 3059 2785 2876 2796 2758 2880 3244 3298 2958 3071 2973 2783 2963 3337 2956 2779 3139 2762 3188 
3259 3346 3139 3111 2852 3053 3727 3301 3578 3311 3346 3209 3508 3391 3124 3388 2963 3143 3370 3674 3455 3239 3185 3175 3299 3287 3395 3358 3090 3562 3248 3292 
3712 3457 3421 3180 2782 3187 3684 3617 3463 3509 3242 3399 3485 3449 3128 3353 3201 3201 3415 3674 3364 3464 3476 3428 3162 3579 3736 3437 3297 3432 3105 3518 
3387 3223 3285 3121 2893 3197 3710 3463 3450 3480 3320 3246 3383 3349 3121 3337 3257 3172 3321 3425 3550 3245 3216 3290 3129 3405 3516 3147 3289 3620 3155 3324 
