1431 1272 1365 1008 994 1165 1407 1054 1465 1415 1307 1246 1244 1196 1178 1424 1133 1218 1350 1475 1380 1352 1398 1279 1346 1257 1433 1400 1322 1420 1359 1353 
1502 1621 1578 1266 1127 1515 1685 1457 1638 1609 1620 1581 1462 1480 1398 1622 1281 1490 1564 1870 1796 1563 1512 1476 1401 1451 1494 1644 1413 1505 1636 1530 
1361 1429 1480 1168 855 1323 1521 1281 1507 1369 1376 1262 1346 1291 1162 1420 1275 1291 1437 1532 1457 1422 1421 1410 1199 1204 1491 1399 1270 1237 1334 1390 
1372 1395 1325 1120 983 1219 1548 1266 1437 1492 1431 1263 1348 1389 1232 1435 1231 1346 1500 1572 1538 1372 1509 1425 1323 1248 1500 1393 1327 1377 1414 1469 
1467 1409 1393 1200 1142 1318 1508 1334 1416 1374 1392 1229 1377 1360 1258 1439 1244 1234 1493 1519 1427 1435 1489 1314 1249 1265 1394 1428 1355 1381 1415 1466 
1517 1477 1484 1150 1085 1293 1563 1411 1624 1578 1446 1402 1377 1542 1212 1314 1218 1300 1424 1650 1544 1427 1538 1395 1292 1357 1592 1444 1299 1379 1509 1462 
1411 1436 1269 1144 959 1335 1590 1385 1551 1493 1417 1293 1380 1221 1356 1440 1283 1339 1348 1353 1466 1335 1458 1412 1440 1382 1401 1519 1358 1260 1433 1311 
1347 1296 1354 1068 913 1241 1344 1330 1389 1423 1297 1117 1286 1446 1111 1346 1194 1116 1516 1489 1476 1326 1438 1333 1234 1209 1387 1270 1335 1364 1383 1488 
1418 1433 1316 1122 998 1148 1479 1448 1556 1392 1492 1321 1355 1374 1134 1420 1117 1353 1432 1500 1451 1317 1325 1228 1366 1269 1453 1385 1378 1415 1528 1396 
1288 1173 1281 991 933 1082 1397 1075 1337 1406 1230 1160 1252 1223 1009 1215 909 1114 1122 1498 1254 1287 1165 1035 1175 1214 1273 1235 1137 1266 1435 1193 
1253 1227 1207 1017 874 1048 1481 1253 1365 1301 1353 1040 1194 1247 1157 1306 1127 1254 1275 1278 1179 1248 1256 1330 1243 1163 1401 1354 1227 1262 1303 1191 
1365 1349 1208 1089 883 1253 1388 1193 1280 1342 1379 1089 1350 1176 1124 1437 1113 1427 1449 1552 1406 1386 1285 1430 1243 1209 1380 1183 1197 1254 1316 1337 
1371 1279 1236 1025 906 1140 1312 1144 1245 1269 1333 1098 1282 1266 1020 1241 965 1128 1254 1285 1222 1236 1263 1170 1144 1124 1156 1218 1211 1179 1411 1309 
1298 1384 1184 1130 951 1150 1500 1207 1396 1282 1293 1197 1317 1250 1187 1412 957 1218 1371 1490 1266 1298 1308 1352 1130 1174 1368 1267 1167 1203 1352 1286 
1323 1209 1064 992 856 1129 1384 1253 1184 1207 1103 1093 1262 1174 1008 1272 1073 1076 1474 1386 1400 1145 1438 1350 1069 1133 1325 1119 1160 1140 1248 1314 
1540 1555 1549 1249 1097 1411 1644 1436 1651 1722 1541 1379 1563 1609 1337 1436 1320 1267 1489 1697 1549 1484 1578 1584 1414 1473 1626 1491 1459 1492 1341 1482 
1221 1119 1166 996 824 987 1191 961 1119 1205 1214 1102 1108 1133 828 1159 1007 937 1223 1351 1291 1102 1190 1120 1045 1051 1250 1160 1186 1210 1146 1229 
1229 1293 1285 1076 923 1199 1252 1096 1378 1289 1282 1096 1249 1302 1158 1380 1016 1162 1369 1481 1287 1276 1244 1313 1118 1041 1377 1281 1108 1278 1196 1343 
1229 1194 1073 1050 900 1164 1367 1212 1398 1257 1365 1136 1096 1207 1150 1167 1154 1220 1254 1371 1256 1276 1337 1422 1010 1110 1367 1293 1191 1163 1068 1176 
1302 1300 1287 1090 1042 1116 1400 1245 1267 1393 1294 1211 1291 1374 1068 1228 1122 1233 1362 1431 1401 1378 1268 1343 1169 1197 1444 1409 1246 1339 1376 1455 
1480 1289 1358 1134 1041 1288 1513 1218 1412 1412 1395 1255 1341 1319 1168 1401 1158 1216 1434 1577 1484 1451 1424 1477 1241 1236 1375 1373 1267 1368 1421 1365 
1452 1438 1273 1190 1066 1306 1529 1261 1317 1389 1463 1302 1359 1271 1221 1427 1302 1365 1519 1462 1471 1460 1474 1423 1293 1347 1461 1436 1341 1433 1475 1390 
1445 1409 1297 1082 1105 1254 1535 1250 1383 1480 1377 1277 1290 1281 1238 1417 1175 1323 1467 1474 1314 1373 1525 1356 1266 1285 1502 1410 1167 1362 1289 1388 
1201 1162 1298 1013 931 1169 1331 1227 1472 1388 1242 1185 1186 1330 1021 1269 1129 1143 1402 1557 1440 1309 1308 1249 1145 1185 1214 1325 1266 1256 1303 1354 
1397 1321 1164 1112 820 1130 1458 1124 1259 1343 1318 1220 1250 1207 1195 1298 1085 1136 1335 1394 1402 1282 1398 1322 1219 1135 1454 1372 1224 1248 1286 1335 
1375 1292 1273 1121 994 1146 1527 1169 1316 1378 1359 1310 1316 1302 1118 1374 1168 1300 1371 1617 1414 1378 1434 1275 1271 1276 1290 1440 1304 1327 1461 1388 
1403 1436 1308 1069 1009 1156 1494 1244 1444 1388 1418 1246 1236 1284 1119 1335 1105 1199 1432 1460 1326 1405 1342 1243 1240 1177 1346 1270 1232 1342 1419 1377 
1258 1292 1239 1058 933 1160 1462 1079 1301 1390 1267 1230 1182 1263 1163 1156 1046 1200 1335 1399 1470 1294 1306 1172 1270 1153 1481 1240 1202 1288 1259 1438 
1469 1476 1477 1066 1070 1271 1426 1354 1490 1552 1405 1246 1365 1507 1309 1386 1159 1301 1390 1590 1504 1387 1507 1417 1307 1280 1552 1270 1256 1399 1358 1519 
1506 1482 1376 1175 1064 1299 1580 1283 1530 1406 1449 1362 1385 1416 1261 1611 1173 1305 1596 1645 1525 1426 1442 1424 1391 1323 1461 1390 1274 1417 1601 1439 
1531 1636 1392 1158 955 1352 1572 1406 1667 1557 1490 1333 1384 1416 1288 1440 1275 1397 1582 1636 1451 1459 1596 1546 1295 1386 1619 1458 1379 1349 1319 1454 
1364 1206 1276 1062 971 1167 1316 1208 1312 1362 1255 1228 1169 1255 1193 1326 1096 1306 1211 1407 1398 1227 1303 1337 1261 1211 1354 1190 1217 1251 1269 1403 
