5423 4692 4658 4508 4452 4700 5206 4726 5072 4871 5070 4882 5072 5087 4622 5038 4751 4493 4797 5093 5141 5167 4720 4938 5359 5061 5023 4986 5046 5508 4870 5170 
5985 5376 5418 5352 5054 5541 5813 5394 5510 5581 5387 5629 5672 5487 5268 5352 5079 5229 5272 5574 5888 5637 5111 5356 5551 5592 5602 5747 5576 5808 5488 5552 
5834 5340 5364 4912 5012 5154 5757 5302 5494 5368 5391 5398 5512 5642 4868 5305 5286 5001 5327 5694 5278 5444 5407 5478 5358 5343 5696 5639 5193 5585 5213 5526 
5422 4920 4621 4600 4529 4637 5354 4929 5083 5071 5003 5081 5172 5153 4764 4916 4890 4634 5034 5065 5276 4992 5086 5072 5225 5035 5251 5133 4964 5436 5034 5175 
5612 5114 4902 4961 4738 5143 5687 5257 5401 5250 5439 5209 5577 5649 5031 5295 5092 4746 5256 5254 5408 5332 5123 4817 5295 5045 5295 5277 5056 5507 5025 5482 
5629 5245 4842 5040 4886 5032 5467 5266 5245 5374 5347 5197 5418 5634 4978 4965 4943 4764 4916 5324 5333 5026 5319 5164 5147 5202 5477 5048 5004 5275 5038 5415 
5397 5362 4713 5024 4775 5192 5524 5293 5339 5370 5389 5389 5688 5403 5085 5395 5135 4871 4938 5427 5597 5005 5103 5329 5523 5335 5339 5347 5083 5374 5056 5262 
5541 4972 5081 5061 4814 5153 5616 5353 5310 5428 5487 4920 5403 5731 4906 5453 5016 4610 5352 5323 5369 5163 5002 5366 5520 5088 5425 5173 5283 5549 5043 5504 
5918 5421 5181 5093 4956 5022 5701 5558 5378 5474 5484 5441 5567 5586 4929 5463 4962 4880 5324 5516 5574 5329 5028 5067 5522 5340 5543 5485 5305 5675 5229 5335 
5387 4844 4603 4481 4736 4595 5169 4872 4876 5039 4937 5128 5158 5344 4516 5088 4537 4427 4622 5245 5034 4945 4540 4740 5046 4910 5161 5051 4725 5073 4776 4951 
5647 5328 5072 5105 4716 5138 5739 5364 5432 5280 5470 5112 5552 5342 5149 5549 5208 4972 5088 5510 5362 5385 5052 5611 5493 5497 5385 5607 5247 5524 5079 5550 
5334 4931 4591 4620 4620 4806 5274 4996 4888 4927 5161 4845 5303 5206 4754 5030 4862 4717 4931 5203 5009 5057 4884 4970 5050 5048 5273 4885 4593 5296 4956 5163 
5385 4849 4722 4538 4206 4629 5202 4871 4966 5062 5008 4861 5131 4822 4718 4948 4607 4305 4477 4869 4767 4972 4697 4876 4884 4786 5036 4826 4805 5055 4798 4964 
5453 5033 4665 4827 4437 4833 5479 5038 5095 4674 5056 5134 5214 5081 4875 5325 4692 4746 4809 5214 4970 5316 4944 5155 5066 4972 5252 5123 4849 5351 4978 5185 
5442 4834 4401 4561 4508 4858 5448 5220 4708 5120 4925 5165 5260 5204 4536 5253 4814 4422 5142 4979 5283 5278 5144 5166 5196 5021 5199 4978 4757 5555 4762 5257 
5506 5085 4744 4700 4734 5042 5455 5062 5129 5550 5030 5023 5532 5469 4751 5033 4752 4605 4855 5392 5068 5261 5069 5306 5389 5188 5196 5167 5105 5491 4834 4953 
6159 5532 5219 5376 5235 5342 5651 5387 4842 5550 5635 5414 5581 5616 4878 5582 5422 4814 5303 5560 5898 5436 5222 5496 5474 5731 5813 5612 5332 5956 5394 5712 
5346 4982 4840 5028 4729 5112 5495 5127 5288 5124 5244 5298 5549 5518 4990 5479 4919 5001 5343 5689 5115 5291 4785 5060 5374 4898 5397 5304 5019 5602 4893 5556 
5563 5031 4670 4961 4736 5119 5466 5234 5031 5148 5336 5181 5313 5390 4825 5243 5032 4747 5031 5331 5063 5188 4858 5272 5124 5008 5468 5202 4806 5442 4829 5247 
5428 4995 4797 4521 4744 4763 5574 5147 4928 5078 4794 4962 5434 5421 4773 5010 4712 4764 4751 5279 5248 5092 4825 5059 5224 4944 5500 4942 4802 5559 4919 5464 
5482 4975 4889 5015 4854 5127 5341 5417 5035 5124 5493 5124 5159 5441 4798 5294 4905 4420 4956 5350 5529 5257 5004 5326 5201 5113 5487 5190 5073 5544 5288 5251 
5891 5324 4886 5024 5100 5180 5771 5485 5175 5415 5634 5555 5909 5729 5152 5527 5403 4861 5382 5471 5659 5696 5195 5457 5449 5408 5791 5552 5088 5774 5398 5665 
5587 5222 4657 4529 4923 4777 5435 4957 4999 5236 5114 4944 5245 5148 4640 5424 4981 4654 5140 5209 5062 5208 5072 5039 5290 4994 5607 5234 4894 5396 4943 5318 
4947 4540 4568 4482 4460 4991 5176 5019 4964 4888 4822 4857 4990 5213 4456 5067 4622 4281 4962 5377 5003 4986 4638 4629 4880 4936 5122 5039 4581 4876 4650 4947 
5628 5075 4646 4986 4551 4955 5426 5169 4956 5013 5261 5351 5243 5369 4917 5104 4847 4669 4910 5221 5360 5167 4964 5348 5318 5069 5369 5329 4894 5537 4733 5339 
5986 5553 5483 5292 5289 5369 5905 5367 5538 5763 5707 5827 5853 6135 5357 5773 5439 5230 5611 5938 5938 5848 5473 5501 5836 5565 5832 5866 5541 5897 5584 5888 
5823 5289 5196 5016 4953 4945 5559 5330 5334 5574 5686 5373 5623 5672 5049 5515 5020 4809 5189 5344 5442 5358 5101 5385 5477 5169 5521 5464 5351 5472 5082 5610 
5739 5558 5142 4936 4986 5359 5685 5129 5225 5359 5156 5408 5431 5412 5079 5194 4939 4898 5367 5388 5519 5252 5024 5134 5488 5258 5516 5398 5204 5631 5252 5512 
5104 4801 4638 4282 4330 4433 4906 4843 4744 4872 4749 4662 5076 4767 4482 4792 4452 4156 4518 5004 5047 4712 4769 4849 4699 4478 5209 4780 4432 4775 4542 5142 
5375 5178 4770 4750 4834 4796 5424 5019 5276 5056 5096 5197 5280 5216 4983 5323 4786 4687 5248 5489 5260 5162 5013 5084 5356 5051 5340 5102 4864 5392 5095 5160 
5708 5207 5020 4706 4589 4926 5385 5236 5070 5249 5249 5325 5268 5274 4714 5207 4969 4932 5129 5435 5078 5387 4999 5312 5280 5129 5588 5207 4997 5247 4667 5313 
5625 5203 5139 5038 4955 5335 5720 5499 5317 5500 5514 5431 5403 5579 5017 5642 5299 4972 5237 5420 5618 5388 5135 5435 5448 5369 5620 5271 5297 5808 5180 5418 
