2533 2466 2902 2455 2586 2986 2585 2394 2577 2736 2658 2668 2384 2980 2691 2471 2552 2489 2462 2849 2261 2493 2426 2663 2548 2551 2203 2531 2664 2258 2668 2650 
2657 2484 2963 2557 2567 2706 2571 2582 2345 2552 2396 2482 2448 2777 2442 2442 2354 2550 2467 2619 2282 2360 2506 2441 2691 2501 2278 2703 2338 2359 2564 2595 
2718 2789 3075 2783 2750 3063 2605 2662 2578 2920 2649 2744 2601 3061 2434 2658 2556 2543 2533 2824 2591 2590 2475 2757 2798 2732 2449 2875 2605 2528 2793 2810 
2645 2471 2876 2555 2547 2873 2478 2537 2419 2840 2464 2513 2471 2950 2519 2616 2657 2437 2345 2684 2395 2454 2435 2782 2802 2559 2344 2551 2488 2344 2425 2749 
2569 2645 2996 2751 2674 2872 2614 2494 2420 2624 2438 2550 2496 2918 2543 2584 2413 2512 2539 2649 2371 2508 2581 2513 2532 2585 2499 2726 2551 2422 2629 2716 
2651 2612 3022 2920 2640 2837 2716 2629 2474 2815 2622 2801 2406 3091 2666 2587 2547 2649 2707 2893 2247 2712 2468 2729 2821 2759 2433 2884 2624 2352 2677 2626 
2638 2647 3207 2954 2862 3137 2670 2737 2494 3055 2752 2935 2609 3092 2621 2705 2591 2647 2866 2996 2613 2607 2815 2784 3032 2743 2510 2841 2661 2572 2995 2804 
2697 2816 3178 2872 2722 2994 2932 2510 2723 2769 2923 2821 2658 3092 2725 2701 2754 2649 2509 3086 2568 2756 2773 2691 2850 2804 2745 2780 2788 2658 2738 2720 
2663 2715 2987 2772 2708 3017 2640 2706 2576 2904 2685 2607 2580 3044 2536 2636 2625 2529 2645 2809 2691 2469 2636 2684 2698 2721 2584 2922 2713 2489 2881 2582 
2872 2692 3303 2923 2846 3349 2673 2918 2897 2958 2826 2705 2705 3307 2639 2756 2814 2587 2736 3026 2621 2723 2777 2916 3023 3021 2633 2957 2971 2623 2882 2832 
2938 2811 3233 2960 2930 3303 2832 2864 2707 3011 3084 2738 2867 3269 2609 2894 2790 2850 2873 3071 2897 2659 2867 2966 2890 2784 2804 3068 2894 2636 3012 2917 
2510 2614 2786 2559 2471 2826 2520 2624 2439 2665 2378 2577 2536 2983 2454 2618 2485 2620 2450 2652 2515 2540 2484 2500 2651 2535 2353 2469 2608 2196 2569 2560 
2675 2509 3064 2980 2787 3061 2701 2842 2510 3102 2717 2864 2666 3032 2596 2697 2685 2665 2891 2955 2643 2583 2619 2838 2985 2937 2568 2946 2717 2588 2801 2895 
2843 2652 2977 2779 2772 3064 2846 2515 2545 2742 2673 2567 2534 3088 2723 2598 2723 2570 2738 2878 2631 2596 2596 2900 2891 2729 2496 2889 2720 2472 2728 2660 
2695 2807 2902 2770 2707 3007 2544 2754 2618 2767 2683 2695 2619 3138 2597 2648 2890 2551 2595 2769 2411 2616 2627 2670 2899 2549 2412 2961 2595 2566 2590 2796 
2795 2647 2984 2668 2747 3023 2719 2761 2534 2895 2828 2635 2596 2954 2553 2613 2777 2625 2730 2965 2630 2681 2529 2617 2885 2930 2613 2793 2590 2652 2630 2770 
2860 2640 2996 2695 2810 3137 2689 2914 2650 2702 2763 2619 2602 3040 2728 2584 2539 2547 2736 2941 2533 2600 2634 2731 2809 2741 2414 2829 2619 2575 2753 2691 
2677 2431 2932 2633 2524 2826 2642 2734 2446 2687 2563 2597 2475 3063 2414 2623 2484 2534 2620 2796 2472 2363 2496 2722 2676 2466 2238 2683 2444 2383 2730 2647 
2925 2948 3442 3102 2830 3482 3011 2877 2689 3089 2955 2975 2752 3375 2772 2912 2906 2851 2977 3204 2687 2736 2978 3055 2985 3035 2686 3230 2993 2523 2991 2907 
2998 2958 3230 3002 2982 3160 3070 2911 2688 3072 2797 2776 2732 3306 2859 2807 2780 2837 2899 2949 2909 2759 2789 2837 2863 2945 2719 3087 2915 2854 2890 2959 
2700 2873 2922 2866 2624 3106 2783 2779 2587 2861 2752 2639 2703 3059 2594 2749 2526 2614 2621 2922 2695 2737 2646 2863 2760 2888 2748 2965 2908 2546 2887 2787 
2392 2504 2799 2555 2311 2877 2292 2441 2347 2592 2532 2466 2437 2796 2264 2526 2492 2384 2446 2808 2185 2224 2393 2540 2722 2540 2315 2572 2589 2209 2516 2486 
2610 2558 2853 2671 2454 3009 2618 2687 2509 2664 2682 2543 2475 2995 2453 2664 2546 2406 2365 2869 2372 2445 2664 2506 2534 2570 2362 2765 2614 2352 2542 2558 
2645 2618 3044 2797 2788 3031 2616 2729 2392 2771 2684 2696 2635 2877 2445 2683 2692 2513 2603 2854 2652 2489 2579 2668 2873 2637 2581 2735 2619 2144 2784 2637 
2741 2549 3083 2894 2730 2972 2691 2540 2581 2882 2724 2559 2445 3160 2452 2505 2714 2823 2637 2842 2439 2608 2772 2531 2875 2666 2422 2916 2609 2583 2713 2630 
2867 2815 3015 2876 2839 3172 2773 2765 2653 2898 2771 2768 2520 2953 2548 2782 2894 2728 2848 2939 2546 2848 2725 2794 2906 2830 2664 3000 2744 2449 2737 2789 
2604 2716 2805 2495 2919 2950 2698 2707 2384 2672 2558 2475 2522 2916 2475 2622 2399 2506 2420 2787 2685 2446 2509 2711 2698 2700 2459 2756 2570 2513 2603 2867 
2970 2708 3155 2920 2957 3119 2988 2824 2398 2868 2806 2811 2796 3184 2699 2813 2564 2735 2785 3079 2672 2509 2688 2821 2845 2764 2497 3013 2786 2593 2880 3101 
2687 2538 2911 2629 2499 3051 2415 2664 2535 2611 2611 2867 2517 2996 2695 2593 2582 2528 2734 2840 2412 2427 2588 2645 2542 2577 2381 2476 2556 2219 2570 2485 
2645 2513 3027 2581 2705 2851 2837 2599 2421 2890 2693 2592 2577 2973 2536 2816 2744 2528 2598 2761 2387 2549 2442 2906 2845 2538 2533 2904 2636 2377 2776 2820 
2623 2645 3020 2678 2593 2917 2763 2728 2643 2825 2814 2790 2645 3072 2644 2625 2649 2817 2583 2767 2589 2663 2599 2612 2821 2776 2558 3028 2653 2370 2768 2607 
2124 2181 2605 2349 2008 2375 2290 2539 2182 2429 2332 2274 2303 2447 2180 2247 2324 2066 2104 2404 2309 2092 2287 2328 2305 2309 2082 2392 2365 2070 2269 2279 
