4659 4438 4701 4249 4510 4834 4429 4447 4622 4540 4522 4857 4183 4794 4736 4351 4496 4289 4117 4761 4006 4266 4428 4299 4480 4570 4135 4349 4537 4224 4436 4570 
4640 4388 4716 4279 4625 4697 4418 4448 4136 4406 4315 4433 4310 4834 4535 4236 4431 4451 4166 4580 3987 4066 4482 4188 4495 4590 4173 4645 4379 4361 4427 4440 
4638 4970 5047 4777 4700 5050 4404 4758 4875 4886 4588 4998 4585 5043 4647 4692 4557 4363 4286 4998 4475 4504 4681 4681 4777 4759 4482 4937 4755 4514 4471 4746 
4460 4514 4880 4367 4465 4777 4198 4677 4337 4532 4232 4342 4391 5006 4523 4436 4565 4219 4188 4738 3989 4272 4522 4486 4598 4563 4286 4513 4445 4425 4192 4509 
4239 4495 4889 4623 4591 4857 4340 4276 4245 4372 4215 4613 4167 4733 4492 4177 4225 4093 4187 4444 4021 4210 4605 4231 4211 4321 4232 4416 4409 4387 4116 4533 
4447 4283 4720 4479 4297 4662 4510 4321 4325 4429 4398 4709 3963 4816 4586 4215 4314 4298 4231 4579 3859 4239 4201 4194 4507 4519 4146 4446 4419 4255 4295 4296 
4817 4995 5348 4867 5057 5468 4771 4839 4682 4851 4756 5093 4585 5230 4872 4737 4658 4525 4870 5257 4502 4645 5168 4722 5092 4853 4564 4975 4854 4877 4766 4961 
4696 4757 5057 4644 4691 4954 4688 4681 4724 4526 4717 4917 4631 5012 4785 4680 4654 4262 4120 5189 4365 4508 5022 4460 4583 4753 4589 4734 4662 4718 4606 4351 
4711 4755 5081 4620 4706 5123 4497 4891 4812 4781 4690 4917 4588 4935 4748 4564 4551 4248 4314 4919 4423 4272 4982 4489 4730 4634 4456 5024 4634 4553 4668 4445 
4931 4919 5252 4633 5009 5344 4664 4857 4968 4870 4685 4747 4663 5328 4770 4719 4807 4402 4561 5090 4489 4680 5013 4689 5057 5022 4525 4972 4882 4873 4706 4809 
4859 4793 5169 4680 4930 5334 4603 4889 4831 4813 4976 4893 4734 5157 4695 4792 4889 4648 4500 5229 4611 4560 4960 4737 4798 4735 4723 5021 4952 4918 4981 4842 
4319 4438 4641 4237 4194 4608 4123 4364 4278 4290 4130 4570 4337 4509 4404 4316 4283 4241 4070 4699 4125 4268 4329 4167 4272 4346 4094 4124 4444 3965 4098 4393 
4812 4526 4982 4654 4824 5201 4589 4882 4472 4916 4668 4891 4498 5113 4577 4555 4646 4411 4828 4937 4482 4331 4840 4480 4789 4977 4430 4793 4812 4698 4636 4772 
4814 4670 4746 4500 4670 4886 4591 4489 4502 4624 4373 4430 4347 4917 4549 4418 4606 4236 4268 4774 4303 4338 4551 4545 4795 4649 4227 4645 4739 4501 4497 4470 
4604 4789 4933 4506 4690 5015 4267 4709 4714 4569 4454 4726 4429 5163 4618 4618 4821 4381 4287 4620 4232 4494 4719 4555 4697 4584 4320 4767 4583 4570 4458 4685 
4902 4896 5107 4590 4931 5207 4685 4867 4389 4840 4845 4917 4599 4996 4885 4477 4757 4466 4535 5119 4487 4593 4822 4336 4772 4945 4615 4968 4566 4914 4437 4854 
5046 4995 5325 4681 4986 5559 4875 5058 4838 4752 4979 4812 4641 5133 4965 4671 4779 4544 4689 5138 4540 4793 4959 4681 4837 4959 4476 4853 4687 4843 4747 4785 
4746 4439 4888 4383 4359 4866 4505 4732 4455 4432 4298 4722 4305 5020 4497 4379 4382 4335 4396 4707 4198 4180 4535 4416 4262 4609 4101 4574 4433 4196 4611 4515 
4879 5026 5437 4832 4749 5405 4798 4667 4783 4753 4740 5006 4592 5157 4854 4812 4818 4605 4771 5163 4443 4603 5053 4730 4855 4851 4622 5159 4881 4458 4778 4723 
5162 5005 5208 4764 5094 5286 5133 5041 4692 4991 4834 5054 4977 5468 5264 5044 4867 4783 4790 5177 4957 4692 5093 4861 4826 5172 4779 5188 5070 5149 4983 4945 
4497 4888 4659 4558 4540 4932 4439 4549 4490 4577 4507 4590 4474 4952 4410 4458 4333 4267 4217 4816 4471 4451 4594 4513 4520 4627 4666 4638 4768 4639 4525 4619 
4396 4813 4963 4494 4549 4994 4262 4364 4727 4417 4558 4605 4401 4768 4316 4356 4512 4254 4328 5002 3911 4114 4512 4339 4689 4554 4426 4508 4546 4451 4419 4425 
4700 4775 4962 4580 4611 5316 4799 4626 4765 4545 4734 4692 4597 5123 4777 4690 4689 4410 4312 5117 4230 4540 5046 4623 4628 4753 4295 4946 4726 4544 4547 4631 
4713 4705 5008 4460 4924 5173 4468 4839 4422 4524 4646 4607 4690 4901 4555 4539 4724 4367 4416 5086 4245 4317 4769 4379 4737 4609 4468 4853 4737 4352 4676 4558 
4798 4863 5201 4750 4864 5078 4577 4647 4908 4848 4829 4933 4516 5274 4830 4465 4817 4614 4364 4861 4234 4491 4920 4411 4950 4682 4407 5104 4722 4833 4817 4738 
4754 4759 4674 4496 4737 4930 4445 4583 4369 4498 4391 4557 4100 4897 4327 4478 4692 4430 4545 4814 4102 4703 4685 4332 4508 4614 4273 4798 4496 4469 4348 4569 
4663 4751 4664 4273 4981 4931 4598 4728 4464 4356 4617 4495 4600 4866 4760 4626 4464 4251 4092 4874 4555 4242 4682 4648 4420 4806 4378 4775 4734 4604 4456 4736 
4913 4695 5019 4551 4696 4841 4734 4528 4374 4531 4488 4667 4696 4996 4763 4644 4390 4412 4369 4950 4348 4140 4723 4458 4556 4572 4230 4818 4607 4493 4608 4892 
4641 4562 4674 4341 4484 4996 3976 4664 4565 4353 4404 4800 4254 4851 4699 4499 4429 4255 4447 4916 4159 4277 4683 4452 4297 4522 4283 4278 4403 4162 4289 4343 
4654 4507 4832 4326 4581 4832 4640 4545 4451 4645 4531 4500 4306 4923 4505 4676 4699 4309 4392 4843 3966 4405 4450 4535 4573 4367 4472 4723 4467 4423 4600 4589 
4670 4827 5011 4533 4650 4929 4696 4708 4699 4738 4786 4846 4760 5039 4820 4431 4661 4668 4483 4861 4370 4440 4607 4435 4708 4824 4540 5043 4618 4529 4574 4419 
4415 4474 4852 4361 4142 4596 4207 4825 4302 4304 4413 4624 4324 4618 4541 4344 4466 4172 4043 4761 4220 4191 4784 4395 4485 4516 4108 4630 4515 4463 4351 4573 
