4056 3698 4053 3611 3904 4137 3848 3743 3907 3998 3970 4145 3501 4160 4082 3852 3973 3788 3532 4088 3505 3720 3766 3771 3805 3844 3487 3787 3854 3756 3864 4014 
4052 3646 4113 3677 3814 3832 3884 3814 3427 3788 3691 3607 3639 4046 3760 3722 3821 3849 3484 3828 3430 3522 3804 3496 3899 3856 3484 4011 3517 3827 3717 3831 
4058 4207 4261 4085 4059 4201 3790 4040 4095 4265 3875 4105 3811 4285 3832 4077 3967 3773 3598 4190 3849 3847 3819 3982 4141 4042 3857 4274 3791 3904 3791 4168 
3911 3770 4076 3606 3759 3887 3548 3866 3547 3994 3509 3582 3581 4284 3758 3817 4001 3679 3501 3899 3430 3630 3675 3802 3968 3844 3556 3855 3643 3852 3417 3977 
3672 3708 4127 3842 3860 3940 3757 3577 3544 3673 3533 3719 3457 3917 3727 3652 3686 3504 3476 3645 3370 3589 3807 3612 3501 3687 3456 3837 3550 3665 3402 3902 
4048 3718 4209 4002 3826 4030 4007 3809 3757 3952 3855 4091 3482 4255 4064 3830 3897 3828 3786 3996 3473 3829 3727 3745 3992 3957 3666 3976 3781 3797 3726 3893 
4221 4133 4600 4184 4355 4482 4090 4084 3924 4248 4078 4233 3809 4470 4108 4098 4102 3937 4154 4467 3810 4000 4371 4034 4394 4126 3831 4326 3949 4218 4074 4285 
4089 4046 4356 3934 3951 4145 4060 3908 3902 3973 4021 4159 3852 4330 4093 4058 4057 3760 3492 4346 3798 3891 4196 3780 3966 4073 3949 4039 3906 4149 3866 3857 
4103 3910 4281 3871 3920 4179 3865 3993 3922 4063 3937 4035 3770 4092 3918 4003 3983 3603 3581 4065 3794 3613 4114 3840 4006 3823 3765 4274 3742 3993 3928 3883 
4432 4309 4720 4134 4402 4635 4161 4316 4364 4304 4213 4141 4094 4709 4141 4200 4295 3963 4021 4430 3916 4110 4337 4103 4422 4416 3989 4472 4214 4368 4214 4319 
4479 4223 4596 4178 4415 4656 4123 4342 4205 4304 4445 4272 4247 4496 4147 4347 4407 4158 3969 4564 4121 4051 4372 4203 4279 4150 4245 4529 4272 4383 4373 4356 
3760 3691 3928 3623 3630 3845 3612 3701 3574 3716 3559 3817 3667 3811 3728 3726 3671 3691 3366 3934 3543 3653 3527 3523 3755 3635 3531 3545 3617 3464 3463 3760 
4190 3782 4305 4126 4109 4295 3973 4109 3781 4272 3992 4043 3771 4337 3874 3968 4081 3864 4141 4209 3847 3808 3999 3834 4155 4219 3793 4217 3978 4144 3885 4210 
4332 3999 4167 4024 4062 4165 4105 3826 3895 4093 3831 3826 3761 4358 3933 3915 4111 3716 3759 4150 3824 3804 3995 3947 4250 4003 3687 4169 3987 4058 3906 3950 
4137 4086 4174 3947 4007 4123 3705 4000 4036 3975 3861 4043 3799 4576 3985 3934 4203 3761 3688 3949 3682 3831 4023 3812 4172 3832 3656 4192 3809 4034 3767 4160 
4339 4143 4497 3924 4305 4380 4110 4154 3817 4269 4200 4196 3872 4257 4228 3965 4308 4005 3912 4391 3915 4068 4074 3853 4185 4361 4003 4329 3801 4376 3769 4314 
4527 4183 4517 4051 4387 4642 4287 4341 4146 4132 4306 4081 3942 4513 4326 4099 4247 3942 4028 4378 3999 4103 4211 4004 4224 4215 3781 4324 3858 4292 4018 4274 
4048 3626 4117 3676 3638 4038 3874 3927 3605 3847 3626 3801 3554 4245 3719 3798 3793 3718 3702 3873 3556 3490 3684 3686 3610 3811 3420 3931 3512 3608 3868 3895 
4373 4397 4818 4282 4217 4672 4247 4027 4220 4256 4204 4338 3948 4615 4252 4278 4277 4121 4165 4561 3951 4102 4347 4111 4390 4234 4044 4584 4195 3967 4136 4259 
4546 4201 4381 4093 4318 4336 4433 4193 3858 4327 4056 4197 4086 4683 4352 4287 4234 4149 4099 4277 4280 4009 4138 3995 4083 4301 4097 4494 4078 4518 4188 4279 
3980 4282 4050 3951 3892 4140 3952 3982 3930 4053 3954 3940 3839 4283 3815 3969 3886 3774 3631 4095 3937 3915 3941 3969 3999 4048 4050 4160 4014 4083 3901 4136 
3870 4076 4284 3877 3942 4203 3697 3693 4016 3926 3932 3905 3784 4188 3727 3857 4018 3734 3772 4283 3446 3547 3867 3780 4141 3931 3789 3970 3845 3934 3734 3947 
4194 3966 4276 3875 3928 4408 4198 3990 4125 4025 4030 3933 3846 4392 4031 4095 4165 3828 3628 4262 3689 3878 4226 3919 3930 4065 3650 4316 3884 3969 3836 4046 
4116 3895 4210 3760 4161 4260 3881 4036 3649 3891 3966 3808 3869 4147 3773 3953 4119 3744 3699 4259 3635 3637 3990 3697 4109 3841 3799 4111 3805 3821 3959 3986 
4188 4014 4472 4075 4103 4157 3962 3806 4097 4131 4077 4013 3706 4445 3923 3857 4199 3970 3651 4105 3593 3956 4151 3686 4300 3851 3705 4351 3758 4230 4021 4056 
4364 4147 4193 3994 4164 4256 4022 4068 3908 4053 3954 3971 3595 4311 3800 4030 4285 3984 4062 4179 3626 4163 4101 3824 4063 4108 3801 4367 3860 4030 3837 4072 
4054 3994 4011 3624 4256 4116 4011 4002 3761 3827 3936 3734 3792 4190 3968 3957 3863 3736 3443 4094 3969 3658 3939 3932 3866 4051 3765 4050 3829 4150 3771 4186 
4445 4084 4403 4062 4145 4206 4215 3943 3736 4097 3984 4016 4058 4426 4093 4112 3849 3961 3843 4335 3915 3661 4039 3834 4066 3935 3764 4249 3933 4071 4042 4399 
3979 3858 4028 3697 3722 4181 3429 3899 3849 3752 3759 4020 3579 4103 3951 3890 3852 3610 3809 4166 3571 3641 3894 3702 3696 3711 3580 3687 3563 3618 3535 3732 
4209 3797 4126 3703 3972 4016 4040 3905 3739 4095 3952 3827 3647 4285 3833 4171 4175 3745 3770 4061 3496 3819 3779 3949 4019 3722 3865 4204 3720 3884 3943 4062 
4081 4076 4408 3881 3964 4126 4223 4081 4082 4128 4151 4081 4016 4356 4094 3918 4134 4185 3759 4173 3800 3951 3878 3857 4098 4168 3780 4436 3857 4002 3878 3840 
3874 3663 4061 3628 3373 3652 3622 4091 3551 3774 3736 3829 3635 3834 3802 3723 3811 3502 3325 3907 3633 3436 3939 3611 3772 3758 3384 3989 3672 3861 3602 3944 
