611 717 710 588 542 862 643 567 694 685 686 703 655 774 786 549 592 608 506 744 531 732 722 731 519 698 519 474 869 679 759 567 
569 723 778 656 628 717 641 600 574 605 597 645 634 623 723 588 564 608 515 721 537 669 775 650 672 771 664 549 726 680 723 548 
463 658 686 466 563 708 449 517 548 553 563 553 543 681 627 581 428 499 425 514 454 541 603 600 445 626 566 436 616 592 600 509 
535 663 664 582 586 770 572 502 600 684 568 525 598 637 801 678 572 653 497 579 570 670 633 705 551 719 629 450 806 700 728 546 
564 630 734 588 670 746 550 522 540 663 509 600 616 626 709 550 501 559 567 616 503 657 708 654 566 683 624 477 712 637 745 589 
562 684 777 706 579 831 692 593 611 744 636 689 608 667 783 623 697 635 648 697 546 736 692 678 606 741 581 620 808 606 806 584 
593 755 838 713 708 799 646 668 537 704 632 751 686 693 830 657 609 608 632 702 622 703 757 678 628 764 618 604 822 667 836 568 
573 750 786 511 621 882 659 528 684 600 705 626 629 718 748 605 622 642 529 729 617 718 751 706 611 714 686 438 796 738 709 553 
539 737 714 521 583 762 619 574 620 683 580 535 624 699 745 570 555 500 552 563 555 662 644 638 501 676 584 539 767 677 675 463 
604 856 994 662 702 1003 680 710 814 841 745 696 688 834 861 717 719 657 689 763 694 824 858 813 691 944 752 612 954 795 784 506 
516 700 720 505 626 796 666 588 667 633 729 584 704 718 729 683 580 629 555 672 686 671 718 669 544 648 636 529 849 675 728 605 
671 833 779 616 757 924 739 631 706 759 698 705 764 782 837 732 654 729 712 769 696 804 789 777 656 771 656 571 955 697 782 676 
620 816 858 840 755 916 724 789 752 767 661 803 835 736 887 749 712 722 676 800 670 829 834 841 731 822 719 646 992 749 986 727 
625 689 758 571 634 800 675 560 560 637 610 648 616 689 757 606 659 569 643 684 643 712 722 728 599 747 576 530 849 631 753 516 
515 729 774 567 638 830 623 637 607 652 565 680 668 677 723 646 615 557 592 683 520 659 657 628 564 693 564 561 760 631 644 583 
531 745 788 550 606 828 657 602 631 678 674 626 657 651 726 680 706 625 604 694 620 730 741 691 634 783 716 540 782 731 705 551 
569 707 779 549 643 777 621 599 641 667 635 619 668 726 733 547 547 572 642 670 592 757 719 757 628 755 599 524 814 648 715 586 
470 579 669 520 482 751 504 580 526 638 664 618 581 592 639 492 574 553 557 626 498 644 586 655 494 625 595 463 684 490 660 476 
561 657 717 643 618 801 627 551 593 622 563 642 602 689 668 538 554 598 518 741 537 656 787 637 556 674 565 556 886 653 754 545 
669 907 942 721 699 981 811 731 842 807 761 737 740 889 936 778 740 785 712 808 771 871 852 830 724 917 807 704 1005 872 836 706 
555 775 812 678 568 847 700 649 680 719 618 665 716 684 817 708 617 627 542 681 645 799 756 806 652 796 743 573 858 763 815 585 
471 685 726 665 516 767 571 564 580 688 587 635 625 613 681 622 633 601 507 657 493 695 683 621 614 710 633 535 829 619 707 515 
556 727 784 591 599 871 663 691 654 615 657 727 633 727 763 755 697 633 543 757 658 714 786 680 603 750 622 582 868 649 694 567 
597 735 793 658 746 823 618 645 559 650 601 739 669 651 761 666 703 597 668 691 640 715 758 724 665 732 673 594 795 600 795 644 
605 620 685 596 580 747 698 488 579 584 613 562 463 743 696 493 609 591 494 705 517 661 748 587 553 649 471 534 804 635 747 479 
562 805 792 704 567 884 632 659 739 806 743 689 674 742 897 693 718 695 633 703 548 885 733 679 664 774 720 569 876 665 738 485 
607 791 747 566 757 821 658 645 635 566 610 625 671 694 737 745 591 637 545 657 664 660 753 744 645 745 679 552 783 740 740 701 
595 721 865 669 678 821 744 717 584 701 666 692 792 689 814 677 622 661 555 756 639 684 670 771 663 757 568 597 880 748 848 708 
598 852 899 747 685 964 728 751 780 754 713 865 744 806 883 743 761 666 629 827 630 795 835 769 633 787 685 670 906 707 861 625 
489 568 630 511 485 656 623 537 559 665 647 540 675 579 720 563 633 557 457 613 459 657 545 646 543 584 533 513 720 563 696 564 
529 869 969 776 639 940 724 721 836 814 790 856 780 780 907 788 759 691 677 798 712 840 853 793 671 859 750 719 921 718 897 586 
488 616 709 647 524 734 592 679 595 617 608 624 659 659 695 593 552 606 525 710 539 675 660 662 595 680 601 590 750 610 712 611 
