5502 5154 5441 5071 5285 5664 5229 5150 5376 5163 5277 5568 4757 5444 5575 5000 5214 4866 4802 5444 4733 4999 5245 5024 5160 5147 4853 5162 5264 4916 5073 5207 
5289 5005 5316 4879 5323 5320 4978 5020 4778 4903 4905 5123 4923 5343 5317 4825 5026 4983 4697 5149 4492 4641 5156 4832 5075 5191 4817 5416 5064 4940 5078 4993 
5407 5681 5908 5636 5448 5806 5127 5404 5711 5483 5258 5801 5382 5672 5594 5432 5208 5022 4886 5594 5237 5290 5533 5360 5457 5443 5259 5857 5610 5194 5178 5387 
5235 5175 5568 5104 5162 5464 4766 5327 5059 5142 4898 5035 5028 5518 5324 5159 5237 4794 4881 5304 4616 4953 5213 5158 5362 5034 4977 5339 5221 5040 4811 5058 
4936 5184 5624 5371 5322 5608 5010 4931 4960 4953 4895 5399 4893 5363 5314 4901 4962 4726 4813 5022 4692 4883 5389 4881 4897 4974 4935 5316 5152 5076 4832 5208 
4953 4962 5207 5127 4843 5214 5044 4757 4811 4831 4846 5262 4415 5268 5201 4686 4876 4774 4720 5000 4459 4798 4836 4701 5095 4903 4643 5060 4973 4831 4833 4688 
5402 5713 5978 5609 5680 6119 5422 5399 5354 5355 5291 5779 5203 5730 5678 5364 5316 5115 5494 5729 5121 5273 5761 5325 5789 5444 5243 5679 5590 5457 5454 5562 
5405 5328 5749 5391 5439 5692 5301 5309 5474 5127 5356 5706 5340 5560 5544 5423 5338 4909 4768 5857 5041 5212 5792 5241 5239 5414 5278 5611 5440 5409 5315 4919 
5466 5515 5822 5460 5545 5949 5212 5520 5675 5398 5384 5813 5311 5582 5645 5405 5244 4916 5051 5563 5201 5071 5703 5298 5526 5415 5203 6048 5521 5361 5466 5120 
5475 5553 5877 5374 5627 5917 5275 5444 5563 5383 5286 5385 5216 5861 5407 5309 5364 4932 5137 5622 5121 5230 5684 5395 5659 5395 5132 5644 5568 5464 5235 5290 
5379 5431 5715 5345 5515 5953 5178 5391 5389 5292 5434 5550 5336 5661 5348 5333 5507 5230 5045 5670 5222 5072 5595 5321 5347 5216 5286 5725 5637 5560 5596 5347 
4891 5088 5283 4873 4823 5200 4699 4894 4936 4795 4707 5266 4909 5008 5096 4919 4869 4813 4645 5212 4772 4923 4908 4772 4933 4805 4691 4827 5106 4550 4657 4956 
5389 5206 5603 5321 5472 5867 5230 5464 5130 5374 5294 5589 5109 5672 5353 5217 5342 5002 5395 5435 5086 4923 5487 5001 5402 5501 5034 5557 5477 5257 5253 5361 
5510 5394 5452 5308 5379 5552 5200 5035 5214 5180 5016 5200 4856 5480 5255 5013 5250 4758 4985 5349 5037 5020 5155 5237 5529 5201 4880 5404 5441 5121 5159 5050 
5217 5456 5637 5235 5298 5641 4875 5264 5376 5100 5060 5460 5051 5725 5388 5240 5373 4921 4843 5115 4900 5149 5379 5163 5309 5060 4954 5509 5316 5187 5067 5183 
5451 5294 5680 5202 5507 5830 5145 5372 4999 5333 5254 5569 5142 5507 5541 5042 5271 4953 5013 5596 4984 5272 5488 4998 5251 5383 5158 5698 5162 5537 4868 5407 
5693 5583 5984 5328 5584 6194 5484 5656 5510 5302 5519 5481 5195 5596 5616 5228 5449 5078 5240 5682 5205 5445 5653 5318 5476 5464 5082 5515 5333 5426 5244 5288 
5420 5104 5554 5087 5048 5506 5094 5412 5239 4978 4931 5501 4993 5562 5322 5046 5134 4900 4976 5290 4818 4760 5303 5126 4894 5226 4738 5363 5123 4850 5295 5154 
5543 5730 6135 5566 5481 6140 5474 5290 5483 5373 5478 5757 5246 5869 5651 5507 5491 5229 5408 5834 5050 5252 5867 5473 5553 5413 5391 5941 5571 5044 5403 5401 
5892 5873 6013 5640 5923 6064 5895 5651 5444 5581 5565 5986 5688 6129 6142 5783 5627 5497 5493 5851 5723 5449 5898 5581 5619 5878 5587 6098 5893 5903 5761 5621 
5180 5520 5246 5168 5222 5564 5040 5125 5141 5069 5071 5254 4994 5440 5139 5024 4967 4770 4706 5327 5052 5032 5182 5037 5121 5155 5303 5322 5359 5198 5140 5174 
5035 5478 5702 5268 5203 5681 4984 4891 5444 4968 5210 5406 5016 5405 5088 4955 5144 4882 4942 5664 4581 4815 5216 5034 5360 5211 5077 5339 5225 5098 5024 5060 
5426 5475 5695 5396 5387 6073 5577 5362 5583 5108 5455 5465 5284 5683 5629 5365 5455 5029 4927 5754 4994 5271 5795 5437 5306 5441 5013 5795 5488 5233 5247 5267 
5329 5364 5695 5245 5597 5812 5124 5348 5009 4961 5234 5298 5277 5379 5284 5012 5386 4951 4939 5629 4965 4912 5452 4968 5356 5165 5083 5633 5406 4904 5275 5050 
5522 5655 5971 5630 5637 5800 5343 5387 5653 5430 5551 5777 5127 5901 5738 5099 5565 5214 5043 5487 4967 5262 5679 5178 5660 5266 5114 5900 5512 5541 5514 5441 
5326 5347 5318 5166 5422 5631 5065 5131 4941 4959 4928 5203 4622 5380 5020 4959 5328 4941 5036 5305 4708 5314 5314 4989 5124 5116 4882 5529 5145 4990 4850 5084 
5374 5537 5465 5096 5715 5691 5266 5364 5254 5005 5291 5382 5341 5470 5598 5379 5153 4944 4838 5514 5317 5020 5437 5474 5203 5441 5128 5647 5633 5351 5185 5357 
5506 5301 5577 5161 5361 5513 5356 5054 5016 5022 5024 5361 5371 5536 5509 5244 5017 5063 4876 5500 4861 4776 5393 5103 5115 5210 4838 5617 5217 5113 5227 5412 
5394 5157 5436 5039 5196 5612 4597 5304 5322 5023 5014 5519 4911 5349 5480 5147 5059 4858 5095 5502 4750 4962 5345 5167 4994 5086 4989 4995 5139 4778 4956 4899 
5251 5047 5353 4986 5105 5493 5193 5064 5101 5137 5029 5110 4849 5438 5178 5240 5264 4743 4894 5317 4601 5024 5081 5153 5084 4852 5024 5434 5089 5063 5139 5102 
5319 5373 5583 5206 5320 5645 5299 5320 5417 5252 5320 5490 5397 5540 5563 5142 5248 5316 5128 5434 5002 5135 5281 5180 5254 5349 5102 5877 5355 5191 5211 4955 
5205 5254 5668 5151 4990 5468 4982 5565 5193 4983 5224 5561 5062 5309 5484 5144 5236 4876 4724 5480 4985 4983 5634 5258 5259 5214 4882 5504 5377 5213 5052 5236 
