1895 1845 2219 1789 2025 2171 1973 1858 1872 2102 2012 2060 1898 2195 1950 1757 1880 1976 1813 2108 1715 1937 1782 1908 1921 1958 1677 1848 2096 1868 2060 1972 
1950 1956 2383 1852 2005 1964 2078 1988 1716 1974 1828 1941 1859 2118 1887 1875 1853 2024 1840 1957 1719 1730 1874 1872 2081 1932 1758 2011 1802 1869 2087 1977 
1837 2090 2287 1939 2176 2119 1902 1976 1783 2084 1935 2087 1938 2298 1811 1879 1823 1982 1796 1967 1851 1840 1715 1985 2115 2087 1889 2099 1946 1948 2110 2114 
1922 1800 2243 1799 1980 2041 1882 1911 1720 2173 1807 1820 1870 2114 1870 1925 1941 1907 1750 1883 1860 1783 1684 2065 2106 1959 1843 1811 1941 1887 1876 2053 
1880 1910 2243 1878 2077 1970 1933 1891 1690 1877 1737 1872 1813 2061 1782 1915 1736 1941 1823 1846 1733 1813 1808 1800 1867 1850 1865 1957 1925 1871 2064 1992 
1895 2055 2444 2131 2047 2163 2077 2052 1779 2229 1958 2081 1883 2289 2058 2020 1993 2094 2103 2206 1730 2082 1816 2062 2237 2176 1920 2184 2127 1912 2199 1999 
1993 2062 2599 2190 2373 2307 2116 2108 1800 2350 2078 2305 2093 2419 2069 2021 1904 2124 2209 2287 2036 1976 2057 2112 2344 2146 2042 2086 2074 2083 2411 2093 
1922 2096 2383 1900 2142 2101 2079 1856 1897 2044 2163 2078 1982 2217 1943 1908 1988 2016 1879 2190 1886 1982 1955 1934 2169 2087 2063 1982 2165 2100 2083 2044 
1773 1944 2213 1812 2025 2069 1937 1954 1741 2106 1866 1835 1835 2121 1784 1844 1803 1787 1842 1938 1872 1708 1779 1837 1997 2030 1874 2051 1997 1851 2177 1715 
2082 2150 2637 2092 2296 2525 2009 2302 2207 2241 2174 2006 2114 2553 2047 2044 2181 2058 2117 2262 1958 2035 2031 2276 2449 2376 2050 2161 2337 2112 2312 2153 
2077 2190 2518 2083 2363 2329 2239 2216 1904 2279 2347 2093 2231 2415 1998 2170 2110 2212 2155 2260 2235 1956 2113 2230 2218 2144 2145 2303 2310 2080 2420 2247 
1910 2106 2203 1904 2056 2158 1928 2045 1808 2074 1857 2008 2031 2337 1904 1954 1865 2126 1993 2009 1953 1933 1870 1932 2077 2028 1880 1860 2170 1742 2043 1935 
2046 1998 2572 2221 2229 2258 2197 2290 1920 2580 2104 2283 2161 2410 2129 2111 2092 2141 2152 2249 2099 2081 1935 2249 2361 2343 2050 2214 2212 2137 2304 2319 
2053 1965 2220 1888 2235 2152 2159 1866 1741 2014 1954 1928 1872 2363 2025 1833 1902 1951 2053 2093 1914 1836 1852 2160 2218 2044 1836 2082 2084 1914 2112 1949 
1843 2015 2239 1847 2076 1984 1859 1986 1701 2109 1805 1865 1911 2224 1849 1885 1996 1892 1796 1945 1727 1820 1683 1904 2080 1892 1748 2069 1958 1909 1921 2107 
1994 2034 2354 1786 2140 2034 2075 2025 1772 2128 2076 2019 1949 2130 1899 1914 2134 1985 1954 2073 1924 1949 1778 1887 2214 2186 2003 1987 2004 2093 2025 2024 
2010 1996 2387 1846 2181 2155 2083 2087 1871 2036 2009 1949 1930 2241 2020 1863 1860 1932 1957 2058 1861 1872 1912 2071 2199 2069 1816 2049 2091 1919 2200 2037 
1964 1880 2446 1946 2039 2067 2084 2126 1789 2105 2007 2012 1976 2325 1899 1982 1904 2056 2055 2025 1947 1774 1877 2072 2112 1988 1786 2044 1995 1957 2223 1991 
2106 2164 2567 2137 2147 2426 2304 2221 1823 2231 2155 2195 2077 2444 1974 2078 2057 2206 2092 2316 1958 2003 2082 2152 2200 2236 2023 2324 2275 1977 2322 2056 
2329 2373 2660 2300 2460 2420 2526 2318 2145 2529 2256 2233 2127 2667 2295 2245 2227 2379 2277 2258 2316 2149 2201 2341 2355 2363 2188 2497 2464 2327 2446 2360 
1952 2182 2307 1921 2083 2149 2120 2125 1851 2118 2053 1998 2002 2224 1971 2115 1810 1990 1921 2076 1988 2006 1884 2208 2121 2157 2090 2169 2296 1967 2285 2048 
1705 1888 2177 1727 1844 1974 1723 1853 1641 1951 1812 1843 1873 2111 1753 1816 1822 1845 1770 2018 1623 1609 1671 1833 2026 1967 1736 1800 2061 1697 1937 1866 
1841 1851 2267 1804 1902 2111 2032 1993 1764 1960 1912 1890 1819 2165 1827 2017 1903 1809 1755 1983 1810 1709 1925 1918 1906 1912 1780 2003 2023 1748 1997 1885 
1923 1977 2333 1979 2186 2146 1956 2114 1636 2126 1991 2093 1961 2146 1807 1998 1961 1931 1919 2116 1973 1819 1873 1999 2151 1954 1943 2006 2062 1654 2127 2008 
2065 1921 2426 2011 2139 2102 2063 1920 1883 2162 2042 1882 1780 2337 1865 1824 2014 2199 1959 2087 1830 1943 1956 1854 2171 2005 1833 2107 1977 2059 2164 1901 
2014 2161 2281 1947 2151 2211 2017 1919 1853 2115 1946 2000 1820 2225 1923 1909 2059 2089 2014 2061 1755 2115 1858 2014 2184 2090 2028 2019 2082 1796 2104 1971 
1993 2108 2207 1729 2308 2151 2041 2040 1765 1999 1906 1908 1879 2172 1835 1976 1821 1956 1741 2018 2026 1819 1844 2040 2098 2055 1952 2051 1991 2024 2085 2110 
2164 2134 2576 2106 2342 2306 2333 2150 1761 2273 2184 2158 2209 2364 2139 2205 2032 2149 2106 2287 2035 1836 2033 2152 2249 2151 1965 2247 2213 2104 2330 2368 
1940 2012 2367 1919 1936 2215 1887 2060 1771 1989 2003 2278 2009 2253 2008 1968 1939 2005 2010 2160 1838 1840 1921 1989 2027 1962 1839 1801 2065 1759 2099 1924 
1812 1901 2309 1842 2063 1981 2191 1878 1694 2177 1982 1963 1953 2231 1894 1990 1923 1969 1877 2008 1609 1866 1690 2116 2193 1856 1913 2157 1974 1922 2076 2055 
1960 2199 2593 2052 2107 2244 2289 2191 2017 2347 2270 2289 2145 2370 2103 2141 2106 2207 2061 2186 2054 2046 2019 2077 2210 2284 2053 2396 2187 1936 2328 2027 
1572 1697 2066 1771 1632 1775 1785 1946 1626 1899 1754 1794 1842 1934 1675 1709 1728 1694 1585 1891 1740 1524 1747 1790 1946 1812 1642 1868 1913 1665 1835 1770 
