3307 3092 3434 2989 3258 3648 3198 3093 3231 3294 3375 3353 2884 3641 3417 3145 3297 3181 3061 3429 2920 3024 3174 3256 3164 3267 2829 3211 3382 3003 3281 3301 
3454 3116 3598 3168 3277 3387 3268 3250 2980 3163 3148 3089 3025 3564 3170 3186 3206 3315 3091 3224 2898 2980 3333 3043 3323 3240 2972 3443 3112 3177 3248 3219 
3334 3477 3609 3356 3439 3677 3165 3312 3347 3484 3252 3292 3125 3617 3065 3244 3242 3134 3080 3395 3128 3133 3198 3329 3369 3357 3067 3550 3303 3246 3296 3422 
3414 3176 3455 3095 3255 3498 3078 3351 3102 3416 3117 3038 3041 3855 3180 3328 3482 3195 3070 3327 3038 3119 3277 3365 3452 3341 3058 3355 3303 3247 3093 3398 
3025 3127 3501 3228 3142 3369 3105 3024 2916 3095 2890 2988 2903 3352 3058 3045 2968 2946 3023 3024 2832 2903 3213 2981 2941 3103 2906 3235 3109 2968 2919 3196 
3317 3158 3511 3368 3208 3510 3272 3270 3133 3355 3261 3318 2845 3689 3330 3179 3214 3216 3270 3386 2764 3192 3130 3158 3349 3368 3044 3424 3300 2998 3190 3167 
3426 3352 3840 3523 3607 3887 3355 3431 3219 3638 3493 3471 3181 3806 3296 3350 3378 3342 3563 3708 3150 3189 3638 3388 3678 3414 3118 3651 3457 3391 3536 3474 
3438 3391 3731 3321 3315 3610 3463 3259 3345 3279 3521 3405 3230 3734 3412 3392 3378 3309 3058 3643 3140 3247 3537 3258 3403 3430 3352 3440 3510 3368 3309 3251 
3379 3370 3701 3257 3323 3631 3220 3314 3241 3425 3346 3184 3132 3532 3175 3232 3206 3051 3142 3390 3133 2910 3406 3203 3419 3219 3158 3599 3305 3225 3334 3204 
3693 3629 4045 3532 3700 4071 3413 3669 3744 3580 3588 3372 3435 4130 3435 3492 3621 3399 3456 3770 3244 3404 3710 3574 3811 3714 3410 3821 3802 3564 3589 3585 
3749 3600 3892 3483 3691 4041 3453 3632 3551 3636 3751 3420 3600 3953 3394 3619 3564 3579 3511 3808 3492 3294 3649 3559 3682 3455 3635 3835 3699 3475 3763 3653 
3070 3098 3303 2988 3014 3360 2957 3041 2936 3045 2891 3118 2984 3372 3069 3045 2933 3134 2891 3167 2952 2949 3011 2913 3091 2987 2905 2939 3172 2724 2979 3153 
3443 3085 3565 3460 3440 3799 3263 3541 3149 3649 3394 3377 3177 3747 3176 3391 3501 3367 3594 3616 3181 3167 3354 3321 3568 3571 3258 3650 3478 3338 3381 3455 
3477 3261 3458 3296 3380 3618 3331 3131 3256 3316 3223 3050 3065 3724 3240 3145 3363 3130 3204 3419 3135 3074 3318 3390 3503 3304 2996 3536 3438 3203 3276 3196 
3383 3424 3469 3255 3314 3613 3046 3453 3320 3321 3226 3277 3214 3882 3300 3286 3530 3232 3228 3325 3007 3140 3358 3199 3503 3219 3022 3593 3310 3340 3191 3440 
3646 3414 3711 3278 3543 3830 3441 3449 3253 3521 3582 3420 3182 3648 3426 3267 3576 3334 3388 3611 3293 3368 3433 3269 3539 3702 3301 3653 3297 3502 3237 3539 
3693 3448 3717 3306 3637 3988 3440 3691 3457 3398 3592 3255 3193 3780 3558 3394 3448 3299 3433 3656 3177 3367 3535 3345 3539 3443 3201 3626 3346 3401 3382 3443 
3364 3019 3505 3071 3140 3471 3213 3379 3047 3179 3137 3170 2967 3720 3060 3176 3174 3171 3194 3290 3003 2970 3117 3165 3133 3183 2897 3344 3069 2936 3354 3171 
3717 3764 4131 3699 3582 4245 3635 3460 3485 3702 3693 3596 3316 4066 3531 3632 3692 3566 3635 3893 3275 3374 3832 3597 3691 3676 3400 3969 3829 3281 3658 3609 
3733 3563 3705 3503 3657 3764 3650 3520 3254 3538 3423 3312 3273 4016 3567 3441 3468 3517 3486 3563 3436 3287 3451 3406 3422 3579 3387 3791 3566 3589 3501 3544 
3222 3593 3342 3333 3174 3646 3324 3392 3259 3368 3329 3115 3168 3630 3195 3339 3150 3194 3177 3475 3245 3251 3340 3394 3285 3414 3340 3592 3530 3269 3307 3350 
3262 3450 3566 3222 3251 3683 3101 3170 3387 3308 3368 3158 3163 3630 3104 3311 3372 3238 3227 3603 2793 2942 3351 3201 3513 3329 3155 3449 3461 3195 3251 3287 
3503 3386 3660 3271 3336 3853 3437 3468 3461 3475 3460 3283 3206 3839 3322 3460 3505 3265 3114 3631 3067 3222 3708 3312 3306 3483 3096 3683 3463 3356 3359 3344 
3421 3290 3593 3204 3507 3756 3243 3420 3148 3309 3433 3161 3276 3656 3110 3312 3456 3222 3245 3613 3150 3092 3355 3239 3558 3270 3223 3472 3339 3029 3440 3259 
3450 3319 3734 3404 3400 3682 3296 3140 3355 3432 3447 3176 3028 3795 3182 3141 3419 3488 3122 3484 2912 3211 3509 3069 3612 3222 3004 3675 3322 3329 3359 3304 
3664 3523 3596 3427 3643 3812 3463 3510 3333 3444 3488 3352 3076 3792 3217 3455 3777 3516 3567 3599 3110 3534 3549 3382 3558 3538 3363 3847 3473 3371 3374 3460 
3324 3362 3322 2993 3566 3563 3245 3433 3084 3157 3242 3007 3086 3597 3201 3300 3092 3164 2973 3425 3236 3006 3268 3337 3246 3366 3116 3429 3312 3341 3154 3429 
3621 3387 3706 3409 3559 3689 3447 3376 3068 3356 3355 3305 3374 3821 3321 3408 3112 3342 3274 3670 3164 3023 3391 3246 3471 3247 3131 3670 3414 3269 3442 3665 
3329 3164 3370 3132 3159 3721 2901 3280 3169 3099 3310 3308 2973 3580 3296 3223 3304 3130 3281 3497 2915 2994 3305 3185 3095 3096 2987 3101 3217 2909 3055 3066 
3434 3138 3611 3116 3369 3543 3382 3347 3140 3492 3399 3137 3160 3713 3220 3509 3542 3232 3250 3486 2952 3179 3229 3523 3482 3194 3248 3642 3339 3221 3354 3457 
3329 3377 3697 3190 3336 3584 3478 3475 3501 3371 3565 3379 3310 3788 3389 3273 3429 3533 3181 3432 3193 3294 3424 3306 3472 3535 3165 3827 3423 3262 3379 3179 
3008 2906 3300 2887 2736 3080 2910 3306 2832 2961 3080 2955 2939 3151 2976 2880 3042 2830 2778 3168 2903 2685 3172 3008 3064 3001 2703 3219 3144 2950 2918 3103 
