1314 1368 1566 1191 1266 1605 1355 1189 1463 1346 1536 1406 1284 1525 1419 1214 1359 1351 1201 1502 1065 1406 1349 1217 1205 1335 1205 1207 1568 1258 1388 1225 
1327 1340 1679 1297 1281 1384 1373 1307 1271 1264 1304 1261 1186 1415 1345 1277 1331 1306 1156 1316 1023 1312 1459 1216 1363 1348 1261 1279 1275 1281 1395 1192 
969 1203 1351 1016 1109 1273 971 1018 1165 1008 1200 1067 980 1253 1087 1016 1025 1096 893 1122 874 1151 1032 1011 1032 1153 1144 1075 1150 1073 1101 989 
1147 1248 1502 1168 1204 1451 1195 1161 1186 1405 1218 1056 1085 1394 1291 1278 1330 1241 1012 1184 1082 1258 1224 1257 1247 1236 1269 1122 1288 1239 1238 1171 
1210 1261 1571 1273 1364 1366 1243 1177 1160 1167 1229 1142 1201 1329 1275 1242 1221 1316 1131 1252 1002 1306 1320 1136 1221 1194 1316 1197 1352 1215 1385 1169 
1283 1494 1741 1515 1344 1590 1463 1309 1350 1434 1449 1349 1263 1499 1455 1414 1517 1414 1427 1576 1068 1526 1425 1317 1513 1509 1393 1473 1506 1281 1542 1206 
1249 1410 1754 1443 1436 1519 1342 1278 1287 1525 1478 1394 1269 1508 1475 1308 1306 1344 1349 1465 1197 1377 1449 1193 1304 1360 1318 1311 1395 1281 1506 1148 
1323 1488 1729 1326 1433 1617 1603 1225 1483 1379 1671 1344 1277 1522 1479 1317 1491 1435 1273 1598 1175 1472 1525 1301 1433 1459 1540 1382 1593 1471 1431 1225 
1061 1267 1467 1138 1172 1404 1209 1117 1197 1308 1287 1010 1085 1214 1268 1125 1222 1069 1078 1232 1054 1210 1219 1120 1099 1291 1270 1264 1359 1087 1241 871 
1426 1673 2054 1503 1518 1904 1437 1626 1685 1600 1622 1356 1367 1758 1522 1556 1615 1484 1501 1562 1296 1593 1619 1541 1556 1714 1566 1434 1720 1445 1606 1341 
1362 1442 1723 1330 1440 1632 1542 1425 1403 1452 1651 1285 1385 1623 1438 1481 1485 1456 1393 1507 1429 1390 1560 1433 1333 1425 1530 1492 1656 1335 1594 1257 
1331 1500 1576 1300 1431 1536 1364 1297 1320 1432 1391 1260 1256 1558 1393 1347 1383 1470 1365 1380 1238 1492 1401 1295 1293 1352 1354 1226 1541 1250 1337 1221 
1197 1394 1715 1453 1356 1539 1325 1369 1357 1556 1390 1362 1310 1432 1467 1332 1427 1341 1271 1430 1234 1445 1362 1301 1330 1474 1373 1292 1533 1261 1488 1243 
1227 1271 1525 1253 1273 1488 1343 1140 1171 1205 1361 1191 1156 1443 1299 1215 1359 1248 1234 1382 1097 1332 1344 1270 1303 1306 1238 1225 1437 1164 1310 1076 
1251 1457 1620 1207 1361 1476 1276 1343 1308 1348 1320 1258 1250 1448 1312 1335 1410 1316 1264 1340 1078 1368 1308 1220 1335 1289 1304 1339 1389 1300 1273 1284 
1297 1469 1718 1260 1336 1559 1474 1322 1391 1435 1537 1329 1281 1451 1408 1399 1666 1396 1307 1428 1203 1526 1414 1196 1400 1551 1544 1373 1491 1418 1320 1222 
1339 1425 1781 1312 1420 1532 1429 1410 1388 1382 1507 1273 1286 1512 1448 1305 1382 1358 1328 1419 1202 1486 1445 1388 1353 1429 1364 1354 1538 1294 1445 1304 
1129 1177 1593 1197 1139 1396 1237 1344 1168 1341 1323 1207 1171 1441 1260 1229 1311 1278 1219 1225 1084 1284 1231 1241 1137 1151 1218 1153 1282 1109 1316 1065 
1421 1460 1775 1488 1358 1728 1443 1399 1364 1446 1503 1402 1305 1624 1397 1411 1469 1429 1360 1582 1242 1466 1595 1389 1382 1516 1432 1505 1690 1309 1535 1195 
1453 1607 1817 1519 1471 1688 1602 1498 1554 1550 1613 1375 1358 1730 1629 1510 1546 1586 1501 1512 1419 1566 1633 1440 1434 1566 1565 1473 1753 1525 1575 1330 
1206 1493 1637 1353 1262 1497 1385 1317 1322 1402 1424 1256 1305 1379 1453 1458 1335 1329 1258 1372 1250 1453 1400 1383 1292 1490 1505 1315 1589 1337 1493 1202 
1109 1287 1584 1251 1208 1439 1143 1183 1181 1324 1286 1185 1180 1339 1228 1249 1386 1276 1136 1354 999 1237 1273 1141 1268 1275 1286 1133 1389 1105 1308 1152 
1259 1363 1677 1291 1275 1615 1428 1412 1348 1317 1452 1298 1211 1486 1375 1463 1455 1329 1205 1459 1247 1312 1523 1305 1244 1349 1334 1367 1556 1188 1474 1168 
1251 1395 1643 1384 1442 1580 1305 1368 1198 1339 1434 1332 1289 1412 1367 1378 1445 1284 1332 1435 1242 1346 1443 1275 1372 1294 1415 1316 1462 1074 1424 1217 
1470 1425 1850 1528 1476 1630 1473 1322 1458 1473 1541 1251 1160 1711 1423 1320 1549 1596 1315 1565 1173 1575 1480 1271 1459 1419 1387 1459 1486 1440 1546 1220 
1301 1516 1609 1304 1332 1602 1310 1273 1372 1428 1493 1298 1201 1548 1400 1350 1488 1462 1355 1418 1015 1622 1428 1253 1449 1472 1456 1284 1471 1286 1424 1163 
1222 1439 1519 1128 1389 1405 1255 1228 1221 1219 1294 1107 1090 1397 1292 1331 1269 1287 1032 1232 1159 1306 1316 1258 1276 1260 1344 1243 1318 1269 1340 1290 
1444 1512 1856 1420 1544 1651 1612 1503 1263 1507 1594 1412 1494 1597 1581 1532 1520 1476 1367 1558 1286 1430 1528 1412 1465 1482 1421 1429 1625 1382 1665 1482 
1332 1508 1726 1373 1339 1718 1373 1398 1372 1358 1460 1505 1291 1577 1523 1407 1504 1368 1302 1545 1229 1393 1543 1308 1221 1380 1348 1291 1584 1176 1503 1106 
1184 1278 1597 1247 1264 1381 1429 1254 1286 1432 1449 1224 1321 1385 1317 1339 1398 1305 1169 1358 951 1404 1242 1267 1384 1261 1316 1422 1366 1270 1393 1259 
1205 1501 1801 1353 1299 1511 1454 1299 1423 1454 1529 1416 1331 1498 1522 1397 1530 1375 1281 1483 1226 1466 1462 1262 1354 1463 1474 1497 1489 1265 1528 1126 
1001 1244 1463 1280 1059 1307 1198 1317 1187 1240 1248 1168 1142 1269 1221 1192 1179 1110 1033 1301 1076 1131 1290 1193 1182 1170 1216 1245 1388 1057 1211 1051 
