2025 1779 1803 1764 1777 2183 1888 1710 1632 2103 1755 1723 1824 1564 2094 1923 1901 1799 1780 1919 1850 1941 2017 1415 1942 1724 1925 2076 1812 1712 1815 1626 
1916 1739 1785 1865 1687 2215 1785 1741 1570 2046 1680 1817 1995 1636 2145 1719 1815 1787 1902 2070 1841 1917 2017 1618 1794 1820 1914 1990 1798 1690 1858 1665 
2093 1941 2123 1950 1936 2481 2117 1966 1777 2484 2118 2300 2179 1971 2363 2191 2213 2099 2222 2264 2085 2118 2157 1741 2145 1786 1964 2122 2134 1970 2014 2086 
1909 1905 1841 1983 1854 2209 1756 1677 1810 2024 1854 1832 1978 1527 2210 1756 1923 1879 1858 2161 2058 1975 1793 1582 2005 1853 1879 2017 1858 1649 1889 1936 
1929 1854 1834 1794 1767 2210 1923 1679 1621 2157 1871 1890 1956 1668 2181 1755 1999 1917 2091 2035 1989 1957 1944 1789 2109 1782 2007 2017 1826 1790 1917 1811 
1861 1918 1943 2083 1860 2278 1961 1875 1785 2064 1856 2060 2068 1725 2318 1780 2021 2025 2073 2157 1998 2054 2019 1787 1934 1660 2076 2109 1967 1835 1956 1936 
2085 1937 2136 2089 1805 2326 2080 2021 1683 2360 2201 1985 2199 1751 2209 2105 2000 2118 2034 2204 1987 2150 2079 1790 2136 1834 2093 2270 2145 1764 2156 2060 
2056 1921 2001 2007 1900 2315 2052 1838 1822 2418 1929 2124 2034 1873 2396 1763 2016 2066 2192 2239 2001 2089 1978 1943 2104 1868 2220 2030 2005 1901 1942 2111 
2041 1850 2028 2040 1743 2509 2178 1821 1699 2145 2042 2007 2024 1751 2180 2057 1897 1937 2155 2107 2078 2080 2049 1787 2239 1805 2046 2160 1987 1995 1978 2021 
1996 2077 2148 1965 1946 2389 1894 1987 1854 2301 2094 1991 2165 1781 2284 2023 2107 1991 2062 2265 2091 2039 2049 1764 2246 1924 2149 2167 1957 1885 2020 2194 
2123 2065 2166 1980 2053 2515 2156 1965 1926 2609 2184 2154 2233 1977 2419 2035 2163 2179 2284 2391 2254 2145 2250 2004 2327 1955 2121 2290 2108 1932 2021 2207 
1676 1720 1933 1844 1697 1977 1709 1558 1580 2093 1650 1840 1903 1413 2115 1632 1766 1773 1953 1922 1864 1911 1792 1628 1970 1640 1851 1744 1767 1579 1720 1769 
1968 1882 1949 2049 1872 2378 1938 1892 1922 2221 2070 1900 2135 1676 2103 1874 1926 1875 1933 2069 2126 2029 2021 1679 2148 1877 1970 2142 2006 1813 1921 1996 
2047 1854 2040 1994 1867 2407 2056 2020 1854 2273 1921 1924 2102 1808 2054 1960 1928 2001 2126 2217 2105 2165 1894 1691 2036 1897 1984 2142 1950 2006 1897 2010 
2188 2166 1948 1936 1911 2211 2064 1866 1717 2352 1941 1913 2069 1743 2294 2034 1926 2082 2030 2013 2038 2285 2069 1633 2247 1915 2026 2098 2154 1993 1940 1968 
2062 1748 2000 1967 1844 2511 2036 1947 1812 2279 2074 2093 2027 1744 2210 2025 2003 1889 2172 2294 2088 2052 1855 1862 2127 1974 1846 2100 1897 1956 2117 1916 
2034 1847 1931 1977 1767 2428 2155 1805 1841 2231 1964 1961 2087 1780 2185 1994 2096 1912 2119 2181 1914 2017 1996 1763 2064 1939 2026 2225 1853 1974 2031 2042 
2100 1956 2150 1963 1800 2390 1783 1734 1825 2272 1835 1942 2185 1755 2110 1793 1999 1910 2152 2190 2164 2056 1995 1898 2234 1906 1956 2102 1978 1703 2005 2039 
2330 2290 2313 2157 2200 2654 2162 2131 2008 2497 2283 2144 2342 2056 2555 2163 2428 2330 2295 2455 2289 2334 2400 1958 2565 2100 2215 2576 2264 1981 2253 2284 
2174 1973 2030 2068 1947 2358 2087 1929 1642 2355 2012 2140 2181 1742 2246 2085 2092 1990 2181 2279 2069 2146 2169 1791 2129 1905 2110 2212 2168 1878 1920 2086 
2040 1975 2023 1859 1938 2446 1987 1858 1778 2275 2046 1972 2082 1747 2145 2027 2068 1973 2111 2113 2109 2043 1911 1988 2272 1977 2101 2108 1953 1787 2010 2016 
1762 1682 1748 1768 1862 2070 1753 1785 1677 2112 1840 1805 2064 1688 2060 1707 1811 1759 1987 1888 1929 1778 1883 1694 1923 1649 1972 1840 1672 1797 1661 1680 
1974 1876 1949 1799 1590 2187 1841 1706 1561 2057 1887 1761 1800 1547 1891 1810 1835 1840 1866 1923 1862 1898 1730 1532 2089 1900 1807 1801 1811 1750 1822 1883 
2033 1878 1821 1885 1839 2270 2036 1738 1616 2198 1976 1982 1921 1629 2135 2021 1905 1957 1959 2060 1865 1955 1820 1657 2075 1805 2070 2070 1839 1805 1715 1893 
1959 1892 2060 2029 1835 2233 1982 1945 1852 2365 1867 1826 2080 1850 2309 1906 1893 2041 2132 2232 2051 2257 2160 1843 2170 1724 2116 2102 2092 1872 1875 2086 
1925 1971 1969 2036 1963 2461 2050 1925 1775 2183 2096 2016 2020 1694 2296 1944 1962 1901 2219 2249 2104 2169 2206 1811 2004 1899 2121 2087 1878 1963 2061 1973 
2049 1751 1818 1959 1850 2171 2056 1857 1553 2094 1743 2013 2005 1624 2085 1842 1864 1741 1932 2101 1967 1973 1685 1770 1990 1981 1989 2017 1911 1631 1930 1852 
2208 2044 1895 2003 1917 2512 2142 1999 1863 2310 2015 2106 2234 1744 2311 1955 2054 2057 2174 2220 2183 2063 1901 1879 2084 2034 2184 2278 2031 1798 2011 2092 
1873 1741 1704 1677 1662 2175 1998 1479 1563 1999 1973 1853 1977 1446 1993 1682 1821 1716 1888 1950 1750 1804 1758 1637 1971 1944 1606 1978 1676 1639 1771 1678 
2044 2062 2024 2134 1808 2378 2088 1975 1733 2204 2050 1920 2031 1804 2204 2126 2068 2162 2081 2182 2018 2080 1877 1694 1896 2016 2075 2296 2120 1892 2017 2092 
1952 1882 1891 1901 1788 2314 1876 1813 1751 2153 1792 1966 1908 1642 2107 1846 1865 1878 1942 2021 1996 2011 1791 1676 2061 1838 1917 2120 1881 1614 1876 1763 
1716 1578 1692 1595 1513 1799 1527 1526 1320 1749 1595 1542 1691 1455 1779 1573 1624 1573 1546 1630 1600 1787 1695 1568 1790 1524 1584 1648 1656 1543 1575 1581 
