2692 2369 2381 2395 2432 2842 2437 2394 2322 2675 2363 2406 2444 2069 2799 2591 2546 2456 2349 2702 2370 2549 2567 2048 2659 2301 2599 2662 2282 2343 2500 2213 
2638 2364 2355 2706 2396 2906 2288 2526 2348 2682 2358 2549 2643 2248 2915 2373 2493 2552 2570 2837 2460 2581 2582 2290 2467 2415 2615 2567 2304 2335 2613 2214 
2747 2515 2736 2503 2497 3042 2685 2548 2462 2965 2667 2870 2785 2451 3056 2767 2788 2775 2870 2935 2727 2649 2808 2358 2801 2435 2516 2755 2605 2546 2695 2653 
2647 2519 2511 2769 2471 2959 2323 2432 2618 2669 2471 2422 2637 2157 2869 2384 2548 2614 2436 2783 2639 2633 2425 2281 2743 2456 2618 2681 2422 2305 2630 2557 
2469 2333 2264 2340 2195 2693 2336 2213 2053 2546 2315 2466 2329 2066 2768 2133 2513 2438 2585 2592 2519 2412 2393 2195 2573 2229 2441 2421 2207 2282 2473 2278 
2410 2462 2506 2676 2371 2915 2467 2410 2435 2577 2356 2660 2633 2158 2956 2356 2659 2690 2608 2860 2513 2566 2544 2362 2608 2151 2713 2703 2449 2345 2517 2362 
2761 2618 2796 2859 2535 3074 2716 2716 2401 2942 2781 2711 2805 2248 2969 2740 2774 2871 2655 3058 2619 2829 2764 2410 2917 2442 2748 2908 2814 2422 2947 2585 
2678 2514 2488 2709 2562 2966 2626 2527 2500 2956 2518 2773 2704 2366 3061 2417 2699 2669 2799 2974 2520 2721 2579 2509 2840 2398 2872 2569 2427 2481 2565 2650 
2644 2580 2547 2772 2389 3155 2693 2510 2366 2629 2589 2742 2525 2198 2866 2652 2627 2613 2685 2944 2615 2615 2587 2252 2918 2319 2678 2807 2575 2545 2662 2581 
2785 2831 2900 2809 2677 3270 2576 2794 2768 2975 2753 2753 2890 2422 3175 2799 2943 2791 2799 3170 2793 2730 2784 2477 3123 2625 2930 2915 2599 2561 2955 2845 
2872 2706 2811 2619 2689 3240 2773 2745 2801 3201 2854 2876 2930 2604 3151 2786 2864 2950 2967 3197 2961 2831 2978 2715 3208 2613 2884 3006 2661 2595 2863 2908 
2080 2179 2338 2277 2055 2459 2150 2049 2128 2496 2106 2363 2354 1725 2724 2138 2343 2323 2394 2555 2273 2417 2264 2119 2612 2033 2426 2227 2183 2035 2294 2148 
2577 2456 2474 2741 2420 3088 2442 2557 2582 2774 2613 2542 2748 2190 2692 2447 2578 2570 2524 2748 2708 2689 2668 2323 2853 2447 2634 2718 2503 2433 2642 2555 
2728 2414 2604 2574 2545 3025 2583 2653 2518 2827 2371 2511 2683 2313 2615 2552 2524 2670 2720 2846 2655 2663 2465 2178 2721 2491 2526 2704 2471 2503 2552 2578 
2826 2709 2517 2601 2409 2974 2591 2559 2416 2939 2462 2529 2709 2251 2949 2649 2548 2795 2649 2715 2575 2827 2698 2244 2966 2465 2736 2663 2681 2579 2607 2533 
2840 2479 2671 2751 2591 3341 2745 2709 2565 2964 2763 2784 2741 2264 3089 2761 2710 2565 2767 3225 2751 2734 2438 2556 2918 2667 2542 2738 2439 2654 2881 2522 
2819 2522 2684 2804 2508 3233 2854 2536 2585 2808 2674 2685 2756 2378 3077 2689 2842 2616 2887 3031 2668 2707 2726 2471 2840 2627 2729 2906 2337 2694 2910 2692 
2770 2467 2743 2580 2347 3002 2332 2315 2517 2771 2449 2425 2821 2245 2762 2380 2554 2533 2767 2848 2768 2663 2549 2519 2818 2427 2521 2653 2367 2204 2679 2488 
2968 2925 3012 2892 2777 3463 2780 2743 2839 3105 2884 2847 3011 2597 3318 2831 3217 3058 2974 3337 2991 3040 3068 2654 3366 2807 2892 3316 2891 2579 3090 2863 
2778 2447 2577 2705 2558 2977 2636 2616 2334 2935 2623 2758 2783 2233 2926 2736 2667 2582 2750 2957 2599 2729 2703 2472 2788 2425 2748 2694 2646 2489 2634 2546 
2616 2491 2517 2342 2443 3001 2513 2392 2407 2738 2562 2500 2584 2269 2758 2663 2616 2541 2646 2691 2596 2524 2496 2597 2942 2597 2660 2635 2430 2283 2618 2572 
2620 2497 2544 2583 2632 2896 2452 2540 2636 2770 2462 2676 2804 2337 2935 2551 2590 2682 2824 2914 2749 2497 2703 2462 2820 2416 2783 2610 2393 2491 2648 2359 
2951 2690 2705 2669 2485 3101 2556 2624 2497 2751 2612 2579 2600 2229 2798 2660 2610 2673 2640 2907 2674 2667 2529 2268 2983 2739 2555 2482 2452 2502 2785 2653 
2665 2503 2435 2563 2530 3009 2598 2427 2404 2791 2449 2667 2488 2163 2791 2741 2565 2705 2489 2798 2384 2561 2454 2279 2942 2366 2816 2652 2462 2414 2427 2442 
2584 2543 2623 2743 2455 2924 2520 2572 2633 2912 2461 2527 2713 2357 3018 2558 2578 2763 2758 3094 2674 2879 2743 2446 2915 2352 2750 2754 2669 2398 2574 2644 
2716 2630 2621 2827 2662 3204 2591 2669 2530 2825 2679 2676 2674 2254 3022 2547 2567 2600 2804 3017 2736 2784 2813 2469 2673 2497 2810 2681 2372 2631 2816 2568 
2629 2354 2385 2633 2474 2770 2678 2502 2280 2653 2266 2629 2614 2132 2765 2526 2477 2384 2470 2792 2485 2596 2215 2378 2778 2541 2620 2594 2399 2248 2593 2481 
2802 2512 2449 2599 2466 3135 2636 2553 2544 2858 2534 2694 2841 2232 2922 2596 2607 2679 2782 2855 2710 2554 2504 2478 2745 2590 2902 2811 2533 2328 2631 2494 
2406 2206 2241 2229 2178 2731 2521 1994 2175 2460 2476 2464 2476 1877 2620 2201 2406 2262 2470 2540 2320 2393 2357 2261 2647 2533 2189 2525 2108 2223 2443 2236 
2764 2611 2618 2866 2436 3118 2665 2735 2458 2802 2650 2567 2678 2337 2898 2750 2743 2888 2713 2896 2622 2690 2573 2375 2624 2684 2804 2870 2711 2605 2785 2755 
2658 2641 2496 2658 2451 3063 2501 2561 2597 2733 2346 2622 2595 2227 2888 2603 2596 2745 2647 2888 2624 2598 2482 2336 2837 2520 2531 2768 2455 2174 2614 2431 
2426 2291 2304 2345 2257 2562 2140 2312 2107 2346 2240 2274 2309 1953 2547 2208 2363 2266 2047 2487 2113 2528 2322 2233 2678 2127 2412 2358 2303 2254 2279 2196 
