1286 1070 1302 1237 1190 1382 1270 1162 1004 1501 1276 1224 1197 1033 1334 1301 1237 1198 1189 1354 1252 1360 1298 984 1237 1185 1303 1451 1345 1042 1213 1180 
1289 1163 1285 1370 1225 1385 1223 1261 980 1503 1055 1272 1374 1176 1476 1188 1216 1256 1264 1414 1278 1433 1336 1112 1197 1317 1324 1511 1391 1024 1202 1181 
1318 1198 1483 1396 1261 1539 1419 1345 1046 1846 1463 1539 1358 1292 1579 1449 1471 1350 1482 1539 1377 1526 1367 1182 1353 1210 1272 1558 1608 1149 1362 1387 
1224 1173 1234 1369 1297 1371 1102 1200 1022 1453 1346 1350 1268 1016 1418 1157 1272 1270 1202 1447 1456 1302 1079 1056 1269 1326 1239 1426 1296 994 1280 1272 
1197 1124 1242 1215 1182 1337 1228 1098 900 1488 1304 1253 1199 1132 1400 1133 1277 1256 1437 1313 1324 1358 1115 1152 1281 1183 1286 1480 1330 1001 1200 1280 
1237 1208 1415 1519 1340 1498 1328 1361 1102 1552 1359 1537 1424 1255 1531 1297 1414 1474 1454 1515 1419 1471 1323 1239 1240 1171 1390 1641 1511 1165 1299 1315 
1400 1260 1533 1545 1262 1496 1435 1380 1086 1763 1606 1434 1484 1203 1541 1464 1406 1519 1405 1565 1332 1500 1350 1301 1462 1324 1438 1663 1599 1096 1469 1522 
1266 1115 1379 1406 1248 1419 1324 1267 1000 1781 1395 1533 1296 1267 1516 1216 1364 1426 1475 1452 1298 1395 1206 1242 1262 1275 1367 1511 1474 1083 1219 1395 
1203 994 1307 1322 1066 1470 1347 1138 952 1494 1328 1348 1191 1156 1318 1318 1114 1228 1301 1310 1220 1314 1173 1091 1355 1176 1245 1458 1360 1104 1162 1234 
1339 1312 1561 1481 1349 1554 1232 1470 1174 1662 1496 1425 1384 1228 1563 1469 1461 1391 1408 1580 1528 1438 1355 1219 1544 1419 1487 1579 1460 1154 1295 1508 
1510 1352 1635 1416 1435 1671 1480 1369 1127 1970 1557 1593 1517 1431 1625 1409 1484 1454 1615 1595 1550 1484 1492 1334 1606 1376 1449 1763 1574 1123 1307 1504 
1148 1105 1357 1314 1237 1254 1163 1194 971 1563 1233 1366 1292 988 1410 1115 1244 1233 1288 1281 1296 1377 1118 1173 1372 1181 1195 1303 1373 997 1135 1237 
1346 1234 1513 1514 1332 1663 1268 1321 1308 1598 1492 1407 1474 1225 1490 1347 1383 1335 1383 1453 1498 1518 1371 1154 1544 1346 1349 1551 1568 1146 1331 1453 
1234 1067 1469 1439 1189 1499 1309 1378 1120 1630 1254 1289 1260 1139 1310 1247 1257 1293 1382 1480 1415 1433 1146 1086 1226 1295 1282 1504 1331 1131 1278 1286 
1297 1195 1346 1299 1211 1299 1224 1208 946 1599 1234 1274 1252 1157 1447 1275 1249 1271 1297 1312 1267 1475 1236 1045 1323 1236 1330 1320 1513 1091 1174 1241 
1261 1070 1389 1380 1213 1504 1251 1272 1026 1623 1376 1440 1218 1221 1432 1315 1287 1264 1393 1499 1406 1398 1148 1165 1366 1264 1169 1525 1414 1147 1347 1331 
1283 1142 1398 1354 1184 1498 1308 1227 1143 1630 1298 1347 1317 1310 1436 1277 1392 1334 1385 1419 1301 1352 1323 1198 1338 1262 1381 1610 1361 1172 1320 1329 
1496 1358 1589 1413 1294 1604 1197 1268 1185 1761 1397 1430 1536 1326 1424 1251 1419 1430 1489 1527 1567 1493 1343 1390 1608 1366 1349 1643 1506 1114 1417 1443 
1469 1434 1685 1515 1456 1688 1379 1442 1123 1755 1561 1515 1490 1364 1659 1419 1599 1563 1529 1610 1531 1578 1491 1290 1666 1454 1462 1834 1638 1105 1457 1556 
1584 1404 1556 1508 1507 1606 1417 1503 1106 1840 1498 1576 1511 1340 1682 1522 1514 1502 1628 1622 1538 1728 1498 1296 1536 1419 1482 1749 1747 1209 1374 1506 
1286 1238 1352 1287 1293 1527 1210 1220 1034 1617 1460 1302 1217 1222 1418 1355 1391 1295 1350 1340 1375 1366 1164 1261 1443 1339 1406 1530 1407 1004 1288 1353 
1074 958 1215 1241 1206 1280 1114 1179 947 1404 1238 1296 1322 1138 1344 1077 1172 1118 1370 1309 1197 1094 1144 1096 1215 1091 1308 1310 1145 1003 1057 1151 
1285 1157 1307 1213 1038 1367 1078 1120 895 1434 1293 1170 1056 1085 1130 1208 1155 1226 1223 1249 1226 1240 1005 945 1328 1307 1133 1249 1301 1047 1156 1225 
1237 1149 1278 1320 1187 1382 1260 1275 908 1551 1388 1375 1169 1067 1382 1369 1286 1259 1200 1342 1213 1407 1140 1057 1312 1251 1368 1432 1354 1035 1110 1199 
1268 1104 1458 1448 1226 1455 1286 1399 1104 1728 1317 1289 1367 1315 1512 1314 1255 1364 1438 1509 1336 1609 1392 1208 1353 1201 1408 1484 1539 1187 1172 1441 
1119 1152 1371 1311 1343 1437 1239 1270 991 1501 1375 1344 1180 1091 1413 1262 1173 1184 1417 1434 1309 1435 1249 1170 1201 1287 1292 1442 1329 1052 1280 1234 
1318 1123 1259 1305 1274 1303 1330 1274 955 1568 1267 1377 1297 1156 1420 1201 1241 1225 1252 1406 1380 1441 1050 1163 1268 1421 1305 1425 1464 971 1288 1255 
1538 1363 1355 1389 1325 1657 1422 1357 1138 1738 1471 1497 1470 1208 1541 1317 1445 1452 1540 1472 1529 1477 1263 1281 1444 1434 1471 1703 1515 1090 1332 1436 
1216 1090 1280 1248 1170 1399 1319 978 963 1440 1378 1295 1318 996 1333 1113 1225 1167 1201 1267 1262 1248 1153 1170 1279 1277 1110 1432 1228 926 1127 1108 
1323 1301 1419 1500 1232 1388 1306 1425 1050 1601 1402 1350 1261 1168 1453 1395 1443 1463 1323 1427 1354 1417 1199 1124 1230 1410 1390 1588 1489 1034 1366 1350 
1387 1244 1445 1403 1317 1595 1354 1279 1141 1647 1288 1453 1333 1266 1466 1306 1377 1265 1374 1406 1449 1496 1178 1203 1442 1339 1416 1594 1504 1018 1304 1317 
1185 1043 1273 1185 1094 1099 1016 1065 837 1372 1134 1155 1175 988 1249 1050 1144 1112 1066 1128 1134 1217 1174 1097 1308 1119 1154 1251 1277 868 1037 1113 
