689 516 624 633 649 735 626 619 462 809 671 660 581 641 675 684 683 702 661 710 670 728 712 456 601 650 759 794 665 576 583 597 
622 571 645 689 559 621 568 656 498 772 538 600 706 674 734 584 648 693 657 688 622 775 694 465 594 664 686 758 739 543 575 601 
474 348 614 521 449 570 548 528 325 703 502 582 433 599 565 552 554 530 548 612 532 565 517 321 422 404 556 594 525 506 503 454 
510 505 606 631 646 606 456 566 477 691 565 623 587 525 676 491 633 649 603 733 725 574 555 398 582 568 556 745 569 481 549 538 
589 551 690 630 542 561 591 591 470 733 598 575 533 641 678 566 671 648 687 637 648 712 542 551 612 573 693 723 610 549 600 605 
681 635 818 856 670 796 751 760 557 866 637 811 695 799 761 711 775 860 750 845 790 812 720 647 641 614 862 955 812 628 660 705 
654 581 697 745 630 699 545 689 401 811 694 656 614 654 691 691 667 817 630 748 635 761 702 489 616 591 754 817 730 586 634 628 
732 556 812 828 729 756 753 766 561 945 649 837 690 827 790 735 767 822 827 813 766 821 721 587 633 727 865 930 797 703 676 740 
510 350 652 560 477 647 527 538 410 594 536 617 495 610 559 584 498 574 593 562 545 550 611 408 578 469 649 651 539 567 476 512 
663 657 893 792 812 819 625 830 638 929 774 769 709 717 876 761 849 830 875 874 850 798 850 554 865 696 901 909 787 655 589 818 
794 667 923 758 799 862 726 698 568 951 805 805 744 828 806 728 761 813 811 852 873 763 812 568 797 718 788 957 806 677 683 682 
562 538 721 663 685 610 525 668 434 781 560 674 610 587 655 532 624 640 724 664 717 736 577 459 692 568 624 676 675 545 516 648 
492 470 674 650 628 716 452 568 545 666 579 575 602 620 658 517 626 677 619 611 633 623 676 449 693 499 654 743 605 481 516 653 
520 440 661 660 582 639 541 640 412 760 538 639 548 594 614 584 614 675 689 695 611 664 539 439 518 545 660 696 618 584 509 607 
651 515 685 667 696 627 648 639 512 819 524 684 669 677 748 623 626 691 736 685 706 827 670 497 620 682 774 675 763 605 579 612 
607 543 775 732 689 788 647 731 578 902 705 780 678 705 785 696 721 682 792 797 813 771 668 540 741 651 694 873 759 643 663 709 
602 567 777 730 676 777 637 683 617 868 674 720 690 835 770 686 820 717 747 759 727 717 745 512 726 663 829 892 731 644 677 697 
583 617 774 669 701 662 469 648 510 766 599 612 674 704 631 574 703 710 632 699 703 698 671 476 750 602 663 795 673 501 554 649 
726 720 961 770 719 891 708 757 610 939 817 710 741 784 847 720 840 896 792 837 796 867 851 562 876 730 776 1013 866 606 666 812 
763 627 803 783 759 654 682 662 479 873 671 736 739 706 794 679 693 768 786 727 769 862 748 552 741 705 781 849 778 611 553 642 
611 600 709 618 696 757 591 587 550 777 676 648 548 667 637 638 697 683 670 655 749 648 645 521 707 618 758 793 706 523 660 649 
475 421 645 621 642 676 490 585 488 737 613 569 652 640 656 601 625 598 647 628 622 598 666 473 614 490 705 703 567 562 481 583 
662 550 752 627 649 719 533 654 450 763 668 619 563 665 642 643 647 718 720 690 644 691 677 481 732 692 680 707 689 629 599 666 
598 535 709 698 635 697 582 644 411 761 672 696 576 648 653 671 678 718 623 720 703 701 670 461 667 588 748 820 621 613 521 572 
723 628 953 892 739 792 716 872 629 1013 788 763 783 833 958 767 809 937 906 938 784 945 862 662 801 681 968 896 866 754 692 877 
594 571 780 672 680 766 632 575 468 787 742 704 502 593 661 586 578 639 775 741 684 707 645 535 653 639 665 718 640 619 589 557 
570 510 610 581 620 562 631 551 435 731 557 641 593 612 651 492 586 620 594 642 652 703 514 453 553 623 653 663 667 516 593 568 
764 730 766 790 766 829 731 683 555 898 808 714 744 724 846 689 775 819 779 792 830 806 746 603 755 763 843 958 782 667 708 691 
658 549 669 640 642 674 639 503 405 742 732 583 650 615 686 560 685 689 631 673 652 673 664 551 667 603 593 840 612 518 526 543 
680 659 822 725 636 665 657 726 518 846 649 673 623 717 763 665 700 823 690 780 715 780 739 517 622 671 834 873 759 588 658 683 
577 503 655 653 591 707 611 627 543 739 539 661 630 727 639 510 613 621 657 616 661 704 565 532 611 579 687 754 660 549 563 619 
513 457 665 607 616 468 465 546 400 634 487 567 585 571 580 521 598 617 581 510 603 631 619 462 620 562 588 703 564 417 463 513 
