3835 3581 3545 3622 3627 3998 3692 3556 3510 3805 3531 3596 3747 3370 4056 3884 3748 3762 3694 4240 3582 3581 3968 3166 3767 3763 3846 3955 3525 3447 3739 3637 
3742 3450 3629 3671 3470 4061 3556 3888 3594 3901 3583 3935 3967 3586 4140 3672 3641 3768 3818 4311 3715 3780 3891 3497 3672 3780 3779 3890 3417 3574 3831 3468 
4082 3905 4232 3857 3799 4426 4187 4065 3787 4283 3925 4297 4144 4034 4614 4190 4141 4264 4343 4709 4139 3964 4283 3516 4184 3922 3981 4299 3962 3948 4097 4150 
3610 3552 3746 3973 3494 4183 3595 3661 3818 3767 3552 3663 3855 3637 4122 3799 3758 3827 3678 4231 3958 3649 3686 3460 3772 3819 3778 3789 3532 3416 3834 3851 
3574 3531 3636 3570 3343 4016 3807 3545 3378 3850 3694 3976 3570 3497 4145 3538 3905 3903 4058 4241 3818 3687 3768 3317 3711 3699 3790 3697 3389 3694 3828 3678 
3458 3566 3666 3770 3364 3963 3593 3580 3492 3698 3415 3700 3876 3452 4267 3678 3817 3853 3852 4255 3622 3624 3877 3333 3698 3362 3820 3891 3539 3421 3527 3552 
3972 3976 4169 4182 3780 4547 4244 4184 3833 4286 4253 4205 4201 3863 4509 4262 4151 4313 4188 4776 4081 4140 4363 3642 4274 4038 4091 4254 4129 4002 4350 4119 
3872 3738 3912 3899 3720 4138 3996 3846 3787 4200 3655 4103 4030 3799 4340 3687 3957 4173 4082 4615 3924 3870 3989 3634 4143 3707 4106 3748 3616 3758 3852 4043 
4071 4034 3992 4108 3550 4374 4128 4062 3699 4036 3926 4088 3931 3618 4414 4066 4036 4230 4060 4738 4102 3911 4012 3444 4270 3823 4101 4195 3831 3907 4077 4033 
3847 4032 4042 4024 3650 4478 3889 4002 3975 4198 3902 4031 4227 3715 4436 3985 4159 4153 4168 4703 3990 3870 4113 3403 4275 3910 4012 3915 3745 3922 4165 4161 
3996 3849 4062 3749 3691 4288 4092 4070 4022 4382 4023 4162 4257 3970 4401 4109 4044 4233 4267 4787 4256 3994 4406 3814 4258 3900 4062 4123 3810 3793 4039 4181 
3247 3342 3578 3523 3191 3657 3586 3438 3303 3595 3317 3515 3716 3134 4093 3504 3485 3586 3721 4164 3623 3601 3761 3231 3758 3544 3604 3505 3458 3342 3554 3595 
3639 3746 3807 3972 3495 4368 3851 3975 3863 3896 3855 3839 4072 3779 4090 3795 3803 3914 3795 4316 3992 3843 4149 3506 4152 3840 3813 3964 3592 3785 4037 3993 
3807 3560 3855 3842 3760 4278 3834 3946 3770 3991 3500 3822 3999 3793 3823 3865 3708 3980 4097 4485 4031 3870 4140 3404 3946 3920 3731 4040 3656 3795 3814 3841 
3961 3910 3937 3874 3588 4198 3983 4063 3645 3988 3641 3903 4004 3675 4278 4029 3688 4192 3956 4294 4033 3955 4268 3406 4247 3871 4176 3931 3946 3931 3920 3991 
4045 3761 3986 3920 3733 4590 4289 4106 3939 4304 4106 4014 4172 3817 4486 4216 4045 3883 4110 4802 4123 3869 3805 3680 4145 4154 3668 3906 3701 3964 4138 4015 
3993 3895 4144 4172 3692 4728 4330 3989 3939 4041 3927 4130 4222 4036 4486 4169 4281 4199 4269 4752 4055 4030 4197 3686 4220 4114 4029 4169 3539 4177 4306 4164 
3891 3771 4140 3779 3578 4331 3651 3632 3860 4039 3597 3709 4226 3751 4107 3762 3857 3892 4141 4398 4074 3917 3935 3754 4075 3794 3772 3904 3561 3477 4032 3890 
3991 4056 4230 4056 3945 4666 3963 3955 4104 4135 4035 3914 4161 3908 4625 4234 4376 4374 4268 4859 4142 4007 4339 3707 4480 4088 4061 4535 4124 3732 4202 4280 
3925 3941 4089 4281 3738 4487 4189 4142 3787 4372 3828 4196 4247 4029 4544 4218 4088 4306 4445 4855 4196 4219 4382 3798 4266 3913 4125 4166 4061 3898 4156 3972 
3661 3727 3757 3561 3572 4158 3859 3592 3621 3845 3701 3886 3839 3566 4102 4042 3900 3948 4028 4156 3753 3584 3896 3732 4118 3935 3911 3866 3676 3587 3830 3857 
3620 3657 3747 3781 3619 4163 3748 3769 3825 3924 3618 3860 4084 3689 4353 3882 3795 3949 4120 4371 3990 3587 4022 3578 3988 3669 3931 3855 3564 3653 3761 3720 
4014 3815 3996 4002 3642 4492 3813 3889 3756 3983 3887 3901 3897 3743 4193 4103 3847 4117 4096 4511 4002 3880 3839 3480 4138 4279 3884 3736 3651 3909 4149 4107 
3793 3738 3732 3668 3657 4336 3973 3885 3711 4066 3693 4009 3857 3635 4042 4117 3791 4096 3851 4375 3724 3673 3923 3518 4174 3781 3895 3809 3579 3679 3749 3636 
3788 3960 3982 4213 3578 4353 3989 4021 3978 4254 3855 4003 4071 3967 4627 4075 3879 4244 4253 4932 4166 4147 4413 3745 4370 3890 4118 4336 3920 3805 3996 4061 
3648 3585 3767 3864 3658 4165 3717 3742 3549 3734 3727 3743 3713 3427 4059 3709 3495 3699 3831 4300 3801 3750 3955 3360 3613 3684 3935 3743 3361 3827 3937 3712 
3862 3761 3763 3915 3633 4081 4074 3806 3587 3941 3587 3955 4072 3679 4205 4012 3753 3820 3892 4453 3863 3802 3685 3635 4237 4103 3851 3922 3694 3617 3865 3969 
3902 3791 3826 3816 3562 4276 3761 3742 3741 4010 3575 3824 4207 3684 4095 3897 3776 4074 4035 4389 3975 3726 3920 3584 3967 3828 4187 4095 3621 3530 3792 3861 
3605 3451 3641 3459 3434 3959 3815 3308 3487 3554 3590 3779 3680 3277 3983 3552 3647 3720 3774 4091 3651 3529 3749 3458 3957 3850 3457 3875 3454 3617 3820 3632 
3834 3795 3817 4107 3442 4308 3789 3889 3595 3920 3757 3837 3801 3725 4045 4044 3873 4204 3962 4456 3819 3716 3959 3530 3677 3899 4100 4092 3702 3824 3874 3982 
3744 3877 3913 3954 3652 4395 3921 3752 3855 4002 3586 3916 3988 3784 4242 4011 3931 4048 3981 4488 3993 3806 3917 3489 3999 4039 3731 4073 3635 3422 3823 3837 
3736 3731 3827 3824 3547 3913 3602 3756 3660 3769 3477 3772 3792 3579 3895 3722 3781 3826 3583 4278 3594 3904 4041 3584 4031 3683 3890 3824 3662 3747 3785 3750 
