4458 4130 4286 4329 4360 4700 4471 4115 4164 4331 4319 4370 4449 4019 4875 4463 4267 4477 4471 4949 4447 4268 4761 3869 4428 4484 4637 4620 4168 4147 4367 4342 
4273 3970 4284 4277 4069 4703 4236 4316 4218 4319 4208 4532 4484 4115 4780 4176 4146 4425 4420 4933 4461 4431 4582 4181 4241 4373 4452 4467 4085 4194 4488 4083 
4754 4401 4962 4672 4471 5279 4989 4674 4489 4864 4693 4954 4762 4648 5506 4809 4687 5014 5123 5451 5008 4659 5167 4350 4870 4719 4813 4919 4761 4722 4775 4829 
4199 4101 4419 4654 4096 4846 4246 4138 4488 4296 4194 4324 4503 4087 4831 4349 4262 4538 4362 4862 4732 4375 4309 4098 4321 4461 4485 4299 4213 4022 4512 4550 
4183 4102 4354 4302 4035 4766 4568 4094 4040 4328 4495 4676 4258 4075 4985 4142 4468 4618 4812 4872 4666 4366 4473 4054 4373 4408 4603 4300 4129 4309 4549 4440 
3904 3947 4199 4256 4005 4535 4187 3976 3923 4100 3922 4236 4375 3845 4986 4132 4273 4322 4436 4789 4168 4133 4517 3888 4232 3917 4429 4324 4079 3938 4060 4156 
4582 4566 4918 4804 4465 5229 4935 4702 4505 4790 4937 4788 4768 4363 5260 4814 4464 4965 4812 5425 4857 4821 5125 4265 4824 4771 4756 4799 4732 4615 5035 4647 
4438 4259 4576 4654 4388 4855 4703 4310 4369 4730 4366 4774 4619 4342 5146 4280 4521 4954 4807 5253 4729 4448 4659 4327 4793 4432 4864 4370 4305 4371 4458 4770 
4645 4669 4830 4948 4252 5224 4910 4602 4434 4650 4646 4776 4580 4254 5258 4733 4617 5079 4793 5509 4961 4664 4810 4238 4973 4570 4965 4878 4629 4619 4924 4829 
4457 4469 4585 4570 4238 5083 4484 4487 4506 4788 4444 4582 4785 4078 5190 4536 4596 4757 4721 5322 4646 4475 4703 3998 4803 4508 4662 4518 4266 4411 4612 4819 
4515 4272 4602 4327 4249 4879 4792 4528 4562 4882 4597 4690 4758 4418 5069 4576 4497 4856 4827 5362 4891 4603 5073 4400 4806 4453 4695 4627 4410 4341 4636 4804 
3869 3802 4175 4108 3742 4318 4209 3980 3921 4146 3924 4069 4220 3568 4770 4107 3979 4275 4295 4721 4263 4205 4330 3880 4305 4136 4246 4009 4088 3930 4131 4249 
4283 4249 4475 4584 4127 5007 4519 4501 4511 4351 4565 4378 4710 4249 4854 4340 4299 4554 4367 4959 4687 4477 4776 4172 4743 4462 4446 4452 4248 4354 4729 4608 
4394 4072 4498 4467 4340 4947 4511 4463 4453 4546 4108 4414 4632 4333 4460 4434 4120 4729 4743 5178 4797 4576 4770 4069 4580 4594 4373 4616 4323 4396 4503 4494 
4549 4390 4504 4450 4082 4864 4672 4590 4288 4554 4267 4437 4537 4138 4916 4586 4172 4848 4595 4897 4723 4664 4918 4070 4779 4540 4834 4474 4561 4503 4552 4671 
4439 4164 4514 4525 4223 5170 4877 4539 4392 4745 4659 4495 4620 4305 5078 4767 4487 4502 4694 5307 4710 4354 4336 4399 4569 4758 4231 4376 4260 4518 4585 4635 
4581 4335 4736 4780 4296 5324 5081 4492 4530 4489 4591 4742 4834 4592 5200 4670 4766 4905 4878 5257 4758 4617 4852 4349 4758 4760 4648 4718 4164 4815 4853 4829 
4524 4318 4778 4402 4270 4947 4417 4090 4447 4531 4274 4327 4869 4259 4903 4294 4445 4583 4824 5037 4761 4563 4587 4486 4630 4464 4483 4440 4178 4027 4725 4574 
4653 4607 4939 4682 4710 5383 4647 4526 4792 4658 4790 4569 4895 4489 5484 4961 4856 5082 4875 5584 5039 4606 5051 4465 5076 4836 4794 5215 4800 4367 4765 4963 
4607 4506 4913 5021 4585 5310 5034 4788 4553 4953 4597 4902 5007 4652 5544 4915 4659 5117 5208 5637 5124 4987 5263 4559 5080 4656 4946 4855 4920 4643 4925 4793 
4192 4201 4422 4122 4216 4729 4516 4040 4197 4273 4278 4486 4413 4095 4818 4517 4345 4629 4679 4721 4473 4178 4539 4288 4626 4451 4552 4314 4318 4170 4390 4421 
4201 4181 4408 4424 4266 4890 4464 4373 4471 4457 4362 4473 4689 4259 5080 4513 4294 4668 4788 4988 4696 4205 4754 4287 4674 4401 4652 4447 4170 4300 4429 4389 
4673 4384 4750 4745 4374 5270 4575 4411 4410 4499 4686 4616 4525 4374 5043 4734 4344 4907 4831 5231 4842 4599 4645 4303 4781 5083 4677 4466 4311 4615 4824 4832 
4315 4203 4388 4278 4252 4971 4668 4406 4304 4561 4293 4626 4420 4167 4741 4572 4161 4812 4461 5005 4477 4306 4621 4181 4758 4411 4604 4373 4238 4309 4366 4221 
4538 4592 4752 4893 4317 5088 4789 4630 4705 4829 4588 4703 4695 4557 5407 4729 4367 5012 4974 5707 4969 4943 5197 4532 5013 4652 4871 5043 4629 4532 4716 4762 
4170 4110 4433 4476 4200 4757 4351 4244 4095 4186 4356 4280 4293 3930 4684 4189 3852 4378 4398 4953 4545 4372 4526 4027 4082 4315 4520 4314 3945 4354 4428 4320 
4578 4299 4410 4683 4297 4895 4837 4398 4281 4559 4357 4562 4690 4192 5026 4722 4379 4601 4639 5215 4656 4555 4433 4380 4958 4896 4555 4580 4449 4279 4574 4793 
4405 4289 4509 4412 4198 4973 4441 4217 4314 4432 4300 4398 4740 4234 4807 4437 4304 4709 4639 5023 4665 4286 4659 4302 4571 4479 4829 4629 4270 4175 4417 4492 
4194 4041 4373 4074 4088 4667 4517 3789 4093 4093 4219 4426 4253 3828 4661 4066 4096 4422 4490 4732 4431 4222 4450 4197 4550 4579 4157 4458 4101 4226 4459 4260 
4271 4197 4293 4711 3927 4867 4439 4303 4086 4364 4357 4398 4307 4245 4649 4564 4329 4832 4569 4946 4438 4239 4562 4093 4088 4464 4708 4568 4228 4389 4394 4569 
4327 4373 4578 4649 4223 5099 4557 4184 4387 4603 4228 4534 4406 4289 4941 4550 4464 4793 4642 5154 4683 4396 4531 4216 4592 4687 4352 4657 4279 4024 4387 4465 
4505 4333 4620 4539 4247 4649 4441 4390 4439 4446 4304 4417 4474 4178 4776 4431 4414 4678 4295 5101 4418 4631 4802 4425 4638 4549 4711 4459 4325 4455 4520 4558 
