5179 4680 5091 4935 5264 5499 5042 4832 4632 5027 5112 4954 5081 4780 5658 5080 4948 5019 5112 5661 5013 4661 5427 4533 5006 5234 5187 5369 4753 4870 4989 4982 
5001 4561 4974 4920 4903 5389 4772 5122 4745 4941 4877 5004 5100 4892 5533 4832 4840 4955 5036 5616 5022 4856 5207 4908 4857 5006 4997 5080 4637 4864 5159 4734 
5399 4875 5551 5178 5145 5989 5464 5283 4954 5350 5396 5428 5285 5281 6159 5267 5239 5448 5621 5969 5456 5167 5709 4821 5326 5301 5298 5544 5316 5374 5303 5306 
4872 4603 5072 5270 4984 5549 4777 4810 4954 4947 4962 4820 4967 4779 5543 4907 5038 5090 4915 5422 5180 4777 4925 4682 4925 5113 4939 4971 4796 4649 5187 5173 
4949 4660 5032 4928 4852 5463 5113 4834 4494 4934 5127 5193 4778 4777 5720 4782 5100 5112 5305 5468 5230 4729 5022 4679 4950 5032 5134 4931 4671 4932 5164 5099 
4595 4535 4997 4882 4978 5219 4782 4819 4395 4735 4621 4738 4963 4703 5707 4863 4951 4817 5013 5459 4851 4435 5155 4607 4848 4596 4912 4890 4623 4521 4756 4897 
5393 5205 5676 5543 5425 5997 5531 5496 5043 5486 5668 5260 5402 5236 6001 5538 5187 5513 5341 6116 5477 5281 5800 4952 5513 5468 5358 5443 5350 5334 5793 5365 
5098 4810 5312 5255 5246 5617 5270 5095 4973 5412 5156 5348 5197 5066 5866 4878 5277 5498 5555 5934 5311 4884 5400 5076 5354 5141 5372 5074 4879 5126 5117 5462 
5289 5243 5472 5513 5061 5895 5422 5258 4856 5297 5362 5279 5062 4987 5869 5299 5299 5554 5409 6055 5468 5104 5387 4775 5560 5208 5462 5526 5231 5264 5529 5392 
5266 5028 5434 5346 5242 5881 5211 5327 5144 5533 5318 5137 5460 4953 6038 5237 5431 5373 5488 6070 5289 5015 5547 4754 5495 5263 5182 5301 4944 5119 5477 5580 
5152 4802 5273 4971 5095 5708 5370 5221 5148 5559 5454 5239 5310 5113 5778 5113 5253 5396 5603 6045 5547 5101 5839 5028 5446 5117 5278 5271 5027 5126 5236 5480 
4651 4502 5002 4849 4744 5197 4825 4836 4530 4990 4764 4698 4850 4417 5533 4797 4904 4909 4959 5428 4944 4664 5118 4616 5021 4832 4863 4763 4721 4711 4922 5073 
5081 5034 5355 5387 5226 5841 5233 5364 5147 5083 5403 4931 5338 5122 5699 5160 5144 5151 5150 5734 5374 4962 5586 4941 5449 5365 5068 5203 4925 5142 5506 5432 
5151 4627 5308 5194 5232 5744 5101 5170 4954 5231 4882 4859 5191 5113 5157 5050 4878 5201 5312 5795 5403 5014 5443 4778 5227 5182 4980 5224 4907 5096 5211 5180 
5188 5079 5216 5108 4891 5573 5202 5293 4757 5220 4990 4937 5123 4938 5527 5214 4827 5385 5196 5486 5364 5072 5583 4662 5337 5187 5318 5122 5058 5211 5189 5279 
5179 4725 5192 5246 5061 5886 5457 5294 4920 5443 5430 4993 5217 5059 5784 5444 5241 5073 5469 6021 5378 4783 5048 5146 5206 5380 4807 5010 4844 5262 5216 5310 
5281 4928 5497 5409 5145 6126 5598 5170 4977 5200 5306 5283 5439 5345 5918 5294 5497 5435 5502 5902 5344 5085 5481 4992 5397 5359 5231 5400 4701 5492 5586 5427 
5129 4777 5484 4934 5072 5646 4806 4686 4921 5072 4951 4722 5367 4919 5489 4864 5059 5015 5403 5620 5266 4992 5182 5082 5209 5013 5000 4932 4694 4627 5280 5190 
5303 5201 5674 5275 5574 6101 5205 5255 5332 5306 5516 5067 5466 5194 6195 5583 5511 5548 5523 6226 5562 5013 5682 5099 5625 5588 5379 5858 5337 5067 5335 5613 
5466 5150 5770 5771 5648 6188 5756 5708 5150 5830 5537 5533 5678 5580 6336 5686 5517 5763 6090 6398 5811 5537 6043 5395 5873 5429 5607 5601 5651 5397 5799 5475 
4954 4720 5258 4763 5214 5490 5061 4737 4806 4907 5043 5052 4981 4960 5580 5143 5102 5197 5368 5455 5015 4663 5248 5082 5290 5254 5154 4932 4898 4971 5111 5094 
4901 4705 5086 5003 5124 5553 5001 5117 5008 5046 5078 4959 5253 4962 5850 5157 4972 5154 5461 5635 5204 4621 5396 4898 5242 5104 5161 5025 4738 4924 5016 4966 
5391 4891 5547 5548 5183 6046 5216 5104 5068 5180 5499 5053 5154 5204 5794 5326 5061 5503 5562 6004 5540 5070 5433 5048 5368 5733 5233 5049 4827 5417 5475 5524 
5035 4902 5169 4976 5104 5757 5228 5157 4863 5199 5051 5030 4954 4954 5463 5252 4859 5246 5075 5639 5141 4783 5328 4852 5354 5047 5188 4946 4861 5095 5000 4912 
5128 5192 5477 5457 5112 5788 5345 5418 5197 5454 5280 5142 5242 5240 6082 5317 5050 5435 5546 6327 5522 5320 5734 5164 5566 5322 5339 5637 5172 5118 5308 5454 
4943 4754 5191 5188 5210 5524 4859 5051 4618 4800 5110 4908 4886 4711 5426 4928 4645 4993 5096 5633 5203 4792 5251 4778 4823 5125 5060 4981 4575 5064 5126 5033 
5245 4979 5083 5356 5114 5666 5401 5114 4822 5246 5157 5024 5216 4964 5744 5280 5117 5099 5361 5913 5268 5026 5148 5035 5530 5563 5136 5265 5080 5129 5189 5497 
5114 4904 5306 5157 5177 5730 5075 4911 4836 5127 5083 4938 5351 5115 5510 5045 5010 5201 5297 5714 5324 4737 5423 4980 5247 5177 5326 5323 4873 4949 5207 5208 
4961 4778 5295 4834 5099 5501 5178 4695 4736 4790 5098 5003 4947 4752 5452 4839 4868 5042 5214 5486 5158 4732 5250 4984 5188 5424 4753 5173 4713 5043 5196 5019 
4837 4765 4948 5289 4707 5560 4827 4943 4408 4922 5094 4898 4771 4903 5312 5103 5007 5298 5203 5508 5034 4605 5115 4618 4695 4997 5177 5138 4739 5029 4897 5137 
5111 5029 5491 5425 5352 5942 5250 5098 5038 5259 5128 5143 5115 5218 5718 5372 5277 5422 5410 5917 5435 4945 5408 5075 5313 5553 4991 5353 4929 4831 5210 5206 
5124 4852 5327 5178 5027 5378 4930 5000 4962 4971 4988 4943 5041 4878 5452 5025 4979 5151 4971 5753 5067 5072 5461 5086 5190 5187 5243 4989 4805 5184 5098 5117 
