3349 2993 2968 3073 3022 3345 3065 2928 2944 3269 2939 2983 3236 2786 3433 3340 3160 3064 3054 3553 2903 3031 3352 2603 3258 3079 3274 3349 2946 2842 2974 2933 
3173 2821 2914 3118 2880 3417 2865 3095 2880 3232 2929 3159 3394 2901 3426 2942 3033 3041 3138 3530 2962 3115 3219 2806 3002 3065 3129 3108 2816 2754 3029 2840 
3494 3232 3510 3288 3152 3656 3363 3221 3116 3612 3299 3578 3624 3323 3811 3493 3448 3501 3619 3853 3381 3284 3592 2928 3476 3199 3286 3626 3348 3125 3270 3450 
3082 2917 3031 3292 2921 3425 2872 2899 3068 3098 2942 2939 3311 2808 3386 2984 3067 2996 2944 3376 3096 3066 3012 2667 3186 3066 3063 3169 2874 2727 3014 3099 
3020 2936 2932 2889 2750 3252 3013 2767 2656 3097 2985 3115 3055 2778 3375 2876 3159 3052 3260 3411 3035 2949 3025 2712 3144 2958 3065 2977 2769 2859 2937 2940 
3038 3062 3186 3319 2946 3446 3083 2996 3043 3226 2938 3161 3470 2946 3689 3140 3363 3329 3345 3668 3104 3135 3325 2822 3216 2889 3300 3387 3059 2912 2979 3045 
3416 3280 3490 3465 3199 3736 3421 3382 3101 3521 3517 3437 3610 3121 3683 3565 3474 3563 3428 3946 3250 3367 3583 2988 3557 3227 3402 3549 3451 3162 3515 3363 
3322 3133 3179 3323 3052 3455 3243 3076 3082 3516 3050 3429 3485 3079 3650 2987 3331 3355 3336 3756 3062 3327 3298 2992 3511 3024 3446 3129 2961 3033 3068 3301 
3386 3307 3243 3457 2910 3636 3304 3109 2995 3294 3144 3348 3377 2930 3501 3293 3277 3346 3326 3866 3221 3275 3357 2753 3612 3059 3321 3512 3145 3070 3210 3253 
3369 3569 3483 3477 3161 3888 3226 3349 3474 3625 3353 3422 3737 3231 3838 3460 3615 3503 3494 4051 3343 3294 3496 2985 3799 3321 3478 3440 3162 3220 3495 3577 
3577 3380 3480 3255 3258 3788 3484 3423 3486 3867 3531 3546 3793 3383 3840 3551 3503 3648 3636 4104 3655 3432 3769 3317 3829 3408 3522 3649 3297 3203 3419 3681 
2715 2772 2962 2909 2594 2991 2761 2691 2696 3066 2723 2927 3165 2437 3443 2869 2933 2952 3073 3382 2936 2959 3089 2658 3157 2827 3020 2888 2871 2600 2784 2880 
3123 3012 3139 3335 2990 3654 3050 3164 3172 3294 3217 3154 3469 2990 3332 3148 3154 3215 3117 3481 3274 3173 3437 2799 3463 3152 3221 3287 3023 3070 3205 3223 
3389 3032 3266 3272 3247 3635 3255 3332 3228 3504 3004 3184 3573 3164 3313 3333 3209 3351 3425 3764 3364 3270 3459 2845 3397 3294 3249 3421 3165 3123 3115 3346 
3485 3364 3252 3284 3031 3544 3256 3251 3009 3476 3095 3181 3475 3001 3625 3367 3147 3478 3301 3520 3237 3283 3485 2794 3591 3222 3527 3235 3331 3192 3169 3348 
3532 3116 3423 3328 3159 3924 3527 3381 3301 3591 3427 3426 3648 3154 3750 3502 3414 3181 3477 4046 3378 3306 3214 3041 3552 3475 3104 3336 3080 3246 3375 3285 
3473 3264 3474 3488 3151 3961 3569 3209 3306 3518 3384 3409 3694 3271 3842 3472 3644 3446 3607 3993 3290 3404 3515 3042 3630 3382 3405 3531 2969 3440 3488 3484 
3329 3041 3350 3203 2871 3540 2868 2822 3076 3373 2944 3019 3644 3041 3337 2979 3119 3069 3377 3581 3329 3233 3277 3028 3437 3081 3082 3206 2856 2709 3153 3108 
3574 3544 3698 3529 3366 4050 3377 3323 3424 3600 3578 3390 3673 3287 4083 3563 3871 3714 3692 4165 3482 3520 3729 3121 3959 3509 3549 4006 3555 3161 3553 3612 
3424 3218 3264 3471 3129 3659 3349 3293 3051 3688 3201 3441 3682 3184 3725 3443 3383 3403 3538 3926 3291 3385 3567 3022 3524 3167 3320 3446 3298 3117 3257 3202 
3247 3182 3121 3023 3070 3547 3165 2934 3027 3315 3109 3190 3373 2959 3486 3457 3349 3269 3361 3498 3122 2985 3287 3143 3604 3334 3338 3280 3151 2939 3079 3247 
3177 3039 3126 3218 3105 3451 3054 3063 3219 3311 3018 3237 3551 3017 3717 3233 3254 3294 3470 3673 3306 2990 3334 2924 3429 3063 3369 3222 3008 3021 3070 3042 
3490 3269 3379 3242 3069 3772 3138 3242 3068 3295 3295 3185 3414 3022 3481 3354 3220 3314 3363 3742 3215 3235 3220 2769 3552 3468 3149 3063 3022 3071 3315 3361 
3217 3009 2978 3057 2987 3571 3180 2981 2979 3369 3009 3267 3270 2940 3328 3354 3129 3265 3048 3519 2922 3045 3203 2805 3513 3054 3240 3167 2915 2879 2905 2982 
3216 3236 3260 3521 2987 3571 3200 3191 3241 3498 3108 3227 3464 3123 3778 3337 3211 3486 3474 4005 3305 3380 3599 3006 3628 3132 3417 3510 3270 2996 3187 3313 
3249 3147 3204 3367 3197 3727 3134 3190 3005 3250 3171 3204 3304 2925 3496 3144 2990 3136 3300 3720 3229 3168 3467 2942 3203 3129 3433 3169 2849 3152 3318 3207 
3330 3106 3132 3304 3018 3325 3342 3100 2931 3301 2945 3322 3505 2933 3473 3249 3203 3128 3182 3617 3076 3209 3011 2909 3475 3317 3235 3222 3035 2882 3124 3266 
3545 3298 3268 3320 3070 3707 3239 3139 3157 3494 3146 3338 3721 3079 3566 3318 3310 3443 3428 3704 3370 3192 3345 2989 3455 3299 3619 3540 3125 2951 3168 3244 
3021 2842 2872 2898 2718 3263 3050 2524 2761 2949 3010 3051 3162 2581 3272 2773 2974 2964 3055 3305 2827 2887 3047 2704 3316 3165 2794 3170 2715 2819 2960 2890 
3324 3288 3178 3462 2947 3693 3171 3181 2993 3324 3180 3158 3287 3023 3443 3377 3342 3528 3274 3710 3126 3135 3255 2890 3229 3229 3444 3482 3165 3109 3206 3343 
3235 3247 3295 3302 3092 3687 3156 3129 3181 3329 2965 3212 3444 3049 3562 3372 3328 3330 3310 3730 3212 3229 3299 2881 3425 3239 3216 3417 3087 2738 3029 3152 
3233 3120 3101 3124 2916 3139 2857 2978 2864 3120 2827 2951 3234 2858 3215 2968 3077 2985 2748 3440 2794 3163 3262 2856 3431 2932 3190 3124 2987 2935 2854 3053 
