4869 5067 5278 4985 4564 4885 4861 5095 4873 4769 4902 5060 4950 4924 5126 4457 5727 5351 4833 4642 5093 4919 4457 4794 5005 5100 4772 4856 5348 4670 5082 4759 
4637 5097 5265 4867 4574 5059 4919 4950 5112 4858 4745 4947 4731 5045 4946 4338 5490 5272 4737 4711 4843 4822 4778 4618 4773 5099 4794 4727 5315 4684 4916 4589 
5191 5353 5435 5323 4862 5181 5213 5484 4948 5310 5145 5171 5253 5138 5496 4843 5624 5555 5082 4908 5153 5270 4897 4925 5235 5383 5099 5154 5092 5319 5601 5211 
4700 5025 5206 4955 4714 4744 4986 5285 4818 5128 4660 5051 4766 4942 5419 4557 5471 5367 4779 4578 4790 4831 4465 4878 5012 5052 4684 4734 5249 4881 4826 4928 
4889 5138 5126 4980 4663 4917 4997 5288 4908 4889 4948 5057 4899 5066 4969 4676 5321 5272 4872 4604 4803 4866 4701 5133 4890 5164 4830 4889 5082 4793 4938 4893 
4625 5159 4767 4624 4508 4801 4786 5097 4887 4499 4783 4703 4769 5069 4818 4354 5381 4918 4712 4631 4474 4718 4420 4623 4737 4876 4740 4542 4944 4661 4918 4500 
5192 5647 5540 5359 5041 5160 5448 5667 5473 5276 5263 5223 5323 5342 5395 4961 6007 5512 5303 5181 5476 5361 5047 5312 5416 5494 5116 5282 5787 5405 5262 5377 
5025 5156 5598 5219 4924 5045 5286 5404 5265 5149 4869 5566 5117 5415 5406 4910 6022 5547 5282 4872 5041 5301 4568 5096 5119 5120 5120 5262 5516 5121 5140 4824 
5240 5442 5506 5479 5049 5563 5486 5529 5229 4951 5143 5178 5324 5481 5570 4971 5762 5676 5173 4869 5164 5206 4986 4990 5227 5589 5281 5029 5693 5286 5199 5309 
5174 5610 5723 4998 5180 5342 5410 5434 5151 5253 5160 5188 5243 5501 5549 4969 5746 5692 5174 5071 5164 5186 5093 5077 4833 5413 5119 5068 5539 5160 5170 5073 
5082 5296 5278 5342 4863 5403 5399 5394 5196 5137 5207 5306 5097 5429 5153 4994 5723 5547 5045 4780 5349 5287 4898 5106 5165 5341 5235 5192 5392 5396 5325 5038 
4587 5037 4889 4533 4546 4709 4699 5018 4596 4716 4645 4919 4474 4948 5084 4294 5353 4759 4637 4491 4921 4969 4458 4589 4888 5049 4654 4590 5033 4736 4926 4550 
4906 5352 5492 5029 4781 5193 5184 5448 5276 4907 5138 5091 5024 5288 5306 4720 5840 5333 4996 4732 5240 5288 4836 5255 5093 5402 5095 5135 5432 5071 5153 5082 
4843 5234 5448 5062 4716 4988 5084 5465 5015 5064 4909 5289 5226 5292 5314 4692 5565 5449 4983 4535 5150 4998 4688 5031 4978 5081 5108 5025 5433 5020 5041 4852 
4895 5217 5541 5405 4607 5091 5307 5246 5025 4910 5044 5088 4890 5308 5234 4748 5420 5396 5160 4763 5150 5036 4759 4951 5089 4986 5191 5033 5326 4871 5158 4807 
4953 5105 5191 4728 4884 4925 5321 5303 5210 5015 5099 5205 4881 5042 5268 4743 5645 5523 4981 4992 5042 5191 4835 4930 5127 5092 5149 5005 5532 5246 5070 4750 
4991 5356 5436 5210 4947 5378 5388 5402 5426 5285 5039 5244 5058 5457 5493 5015 5868 5614 5319 4866 5326 5083 4969 5001 5255 5333 5378 5067 5637 5172 5397 5134 
4697 5281 5347 5082 5012 4754 4890 5226 5110 4976 4853 5068 4884 5241 5213 4417 5779 5346 4729 4508 5094 5091 4614 4902 4834 5443 5072 4949 5176 4752 4868 4928 
5268 5486 5471 5345 5070 5333 5247 5574 5320 5284 5365 5558 5332 5583 5372 5036 5936 5629 5336 4809 5415 5557 5146 5286 5610 5406 5335 5291 5751 5217 5505 5255 
5656 5942 6273 5710 5324 5594 5645 5693 5798 5476 5569 5531 5464 5816 5563 5261 6321 6007 5381 5456 5744 5384 5257 5404 5416 5783 5592 5578 6108 5492 5427 5591 
4924 5179 5568 4860 4881 5000 5270 5434 5074 5135 4943 5029 4946 5112 5357 4798 5684 5108 4865 4705 4947 4940 4864 5099 4991 5031 4765 5015 5053 4834 4616 4690 
4860 5259 5143 4930 4891 5086 5175 5300 4824 4953 4797 5044 4997 5182 5411 4512 5433 5314 5005 4572 5128 5034 4753 4845 5006 5145 5202 4780 5316 4939 4983 4973 
5004 5438 5680 5154 5042 5269 5386 5534 5312 5127 5488 5149 5219 5342 5556 4806 5798 5550 5287 4863 5285 5374 5001 5045 5130 5386 5321 4983 5365 5185 5495 4943 
4975 5381 5336 4878 4924 4993 5179 5274 5152 5140 5057 5240 5080 5090 5350 4590 5617 5429 5075 4774 4967 5304 4976 5150 4953 4985 4952 4962 5348 5187 4874 4880 
5095 5622 5614 5265 5035 5312 5081 5861 5437 4964 5322 5324 5258 5580 5549 5030 5861 5674 5085 5026 5250 5422 4896 5037 5227 5831 5252 5307 5514 4957 5296 5403 
4809 5192 5295 4876 4590 5032 4945 5209 5144 5014 4620 4865 4759 4870 5294 4388 5519 5359 5040 4613 5162 4941 4507 4856 4923 4866 4622 4789 5013 4864 4985 4647 
4978 5257 5520 5034 4924 5052 5303 5607 5269 5218 5163 5129 5043 5255 5294 4736 5863 5424 4838 4576 5134 5028 4586 4882 5281 5079 5074 5164 5455 4979 5070 4944 
5042 5227 5457 4993 5065 4889 5190 5050 5175 5127 4961 5101 4786 5297 4867 4500 5731 5488 4836 4835 5155 5000 4852 4921 5101 5267 4921 4907 5508 5041 4963 4964 
4915 5060 5136 4977 4967 4918 4845 5279 5027 5115 4697 5184 4870 5301 5351 4648 5617 5476 4864 4694 5048 5195 4602 4810 4898 4939 4922 4941 5324 4858 4813 4838 
4946 5120 5259 5018 4803 4786 5168 5169 4795 4785 5042 4914 4888 4991 5152 4614 5628 5219 4824 4567 4880 4871 4321 4691 5042 5039 4896 4765 4975 4947 4861 4684 
4900 5249 5361 5098 4890 5080 5101 5408 5092 5071 5373 5439 5111 5375 5553 4667 5963 5352 5167 5010 5241 5449 4944 4863 5049 5570 4967 5069 5601 5011 5128 4721 
4915 5057 5454 5180 4699 5146 5324 5085 5007 4745 4852 5115 5038 5224 5380 4684 5646 5285 4894 4547 4976 4992 4933 4640 5141 5196 4960 5054 5296 5102 4902 4717 
