1282 1217 1222 1355 999 1142 1175 1160 1057 1300 1179 1261 1220 978 1157 1112 1249 1213 1023 1026 1196 1083 932 1211 1185 1097 1175 1235 1240 1057 1239 1246 
1176 1237 1287 1348 973 1254 1222 1202 1160 1356 1086 1161 1259 996 1166 1031 1273 1272 1043 1060 993 1082 1060 1069 1151 1099 1243 1095 1237 1012 1270 1189 
1664 1589 1702 1856 1347 1528 1566 1576 1359 1709 1605 1598 1659 1439 1543 1445 1552 1535 1447 1576 1578 1514 1344 1609 1624 1569 1672 1562 1598 1366 1615 1686 
1289 1396 1415 1443 1098 1291 1410 1427 1099 1513 1290 1378 1349 1138 1336 1261 1383 1420 1125 1304 1154 1316 1032 1352 1266 1139 1353 1291 1282 1159 1354 1342 
1301 1395 1344 1494 1177 1314 1380 1412 1217 1424 1248 1384 1423 1118 1217 1272 1433 1347 1253 1229 1146 1268 1155 1336 1227 1237 1377 1407 1360 1087 1338 1303 
1270 1321 1267 1266 1102 1167 1248 1258 1204 1357 1215 1321 1419 1083 1204 1095 1317 1340 1206 1264 1049 1122 916 1250 1167 1121 1270 1246 1205 1002 1352 1202 
1305 1373 1460 1561 1213 1255 1467 1431 1307 1443 1454 1403 1431 1227 1295 1280 1423 1393 1239 1191 1454 1226 1031 1360 1314 1315 1379 1364 1331 1219 1426 1407 
1224 1355 1473 1420 1153 1156 1389 1422 1352 1376 1116 1507 1411 1115 1251 1304 1385 1400 1291 1147 1218 1291 894 1334 1267 1197 1424 1456 1262 1231 1387 1280 
1521 1577 1528 1670 1277 1545 1554 1495 1450 1539 1445 1480 1619 1236 1495 1338 1510 1507 1342 1366 1316 1327 1143 1447 1432 1497 1652 1389 1552 1415 1492 1495 
1233 1411 1438 1297 1174 1221 1216 1345 1235 1358 1231 1241 1355 1042 1308 1225 1263 1335 1192 1140 1127 1174 1067 1233 1102 1223 1276 1202 1321 1136 1210 1339 
1414 1310 1457 1601 1120 1371 1522 1363 1319 1556 1316 1411 1426 1321 1278 1290 1500 1403 1269 1243 1340 1379 1177 1437 1388 1385 1451 1369 1388 1192 1378 1367 
1142 1188 1319 1236 1002 1048 1219 1217 996 1266 1069 1251 1078 1102 1286 1046 1236 1113 1067 978 1172 1058 877 1175 1144 1200 1150 1231 1196 1051 1147 1207 
1441 1550 1392 1419 1147 1367 1402 1336 1347 1433 1354 1370 1420 1188 1274 1255 1464 1496 1193 1379 1303 1315 1117 1431 1158 1267 1418 1356 1433 1210 1389 1417 
1460 1461 1616 1639 1179 1247 1498 1481 1217 1505 1300 1501 1635 1193 1529 1282 1353 1441 1221 1244 1413 1306 1137 1508 1337 1324 1558 1397 1403 1291 1393 1498 
1248 1352 1514 1571 1134 1349 1510 1409 1248 1352 1425 1514 1425 1075 1475 1264 1228 1395 1303 1354 1256 1277 1010 1262 1271 1211 1546 1378 1336 1178 1265 1312 
1313 1340 1337 1330 1212 1255 1433 1284 1296 1484 1201 1334 1377 1005 1112 1180 1387 1451 1067 1214 1161 1222 1080 1307 1280 1054 1346 1340 1417 1229 1349 1325 
1259 1381 1420 1423 1130 1320 1436 1257 1159 1470 1182 1256 1263 1081 1314 1257 1240 1374 1103 1156 1254 1159 1040 1170 1271 1182 1361 1272 1386 1198 1311 1356 
1276 1425 1360 1570 1197 1353 1290 1268 1184 1523 1268 1464 1311 1232 1235 1233 1449 1415 1145 1282 1313 1309 1042 1391 1228 1357 1399 1352 1410 1138 1421 1494 
1423 1549 1512 1684 1302 1367 1620 1539 1374 1633 1557 1580 1581 1289 1515 1411 1618 1620 1377 1373 1468 1405 1296 1519 1509 1295 1624 1511 1524 1288 1532 1514 
1325 1463 1554 1490 1263 1394 1467 1348 1201 1416 1349 1293 1416 1184 1331 1341 1350 1413 1237 1334 1248 1134 1199 1278 1258 1329 1382 1378 1445 1157 1320 1417 
1345 1377 1578 1436 1326 1305 1557 1562 1284 1470 1313 1402 1486 1180 1401 1309 1386 1310 1334 1311 1333 1292 1217 1385 1362 1257 1303 1417 1363 1229 1182 1306 
1248 1310 1304 1339 1078 1085 1266 1283 1093 1371 1149 1329 1284 1171 1186 1083 1234 1267 1106 1154 1310 1208 1013 1212 1129 1076 1313 1147 1222 973 1164 1219 
1105 1324 1279 1283 1033 1181 1299 1286 1036 1304 1286 1221 1273 939 1147 1098 1159 1289 1099 1136 1089 1188 991 1177 1167 1024 1220 1192 1166 1115 1279 1246 
1388 1362 1494 1395 1125 1200 1424 1315 1179 1372 1147 1354 1381 1128 1318 1198 1190 1336 1155 1250 1282 1261 1095 1314 1293 1101 1310 1301 1320 1240 1251 1302 
1198 1290 1280 1297 964 1282 1170 1276 1142 1217 1154 1244 1352 1090 1228 1131 1307 1229 989 1125 996 1181 1011 1235 1045 1304 1243 1370 1149 1062 1222 1296 
1365 1453 1489 1457 1136 1359 1375 1474 1313 1536 1251 1278 1396 1165 1463 1312 1494 1510 1347 1378 1196 1241 1062 1384 1380 1228 1374 1408 1265 1213 1442 1261 
1291 1408 1460 1411 1237 1300 1517 1465 1200 1494 1324 1316 1331 1128 1284 1239 1385 1351 1155 1181 1249 1104 1056 1271 1355 1215 1205 1359 1367 1287 1332 1311 
1287 1386 1469 1341 1210 1280 1427 1263 1314 1528 1341 1350 1287 1166 1155 1179 1413 1440 1136 1249 1268 1171 1201 1307 1219 1307 1365 1214 1290 1111 1341 1318 
1120 1096 1161 1339 1121 1058 1312 1150 1066 1395 1081 1298 1227 960 1227 1002 1188 1319 1013 1092 1072 1218 936 1129 1092 1022 1270 1187 1211 1106 1105 1123 
1363 1333 1443 1525 1309 1190 1441 1452 1172 1433 1362 1276 1469 1125 1334 1184 1373 1367 1238 1315 1282 1229 1077 1271 1306 1160 1437 1123 1239 1265 1268 1380 
1161 1271 1369 1396 1074 1264 1449 1292 1148 1401 1327 1427 1294 1157 1288 1098 1349 1253 1175 1193 1186 1210 1103 1271 1260 1191 1337 1289 1315 1099 1223 1233 
1086 1052 1112 1178 855 1065 1164 1078 1008 1108 1089 1175 1030 890 1154 1082 1130 1089 1037 939 916 950 811 965 969 1113 1229 1086 1109 1038 1098 1009 
