1803 1921 1802 1841 1659 1802 1903 1858 1704 1885 1716 1826 1874 1647 1800 1701 1913 1833 1642 1647 1728 1636 1633 1657 1709 1654 1822 1720 1836 1676 1848 1590 
1769 1974 1996 1916 1673 1967 2026 1890 1808 2102 1638 1797 1885 1694 1781 1626 1933 1977 1787 1707 1609 1654 1702 1492 1739 1708 1896 1667 1913 1728 1908 1562 
2112 2339 2216 2327 2007 2165 2239 2316 1773 2302 2118 2168 2190 2017 2116 2065 2108 2122 2062 2057 2060 2040 1959 2002 2075 2181 2231 2080 2238 2052 2272 2046 
1921 2251 2061 2062 1790 2003 2216 2169 1619 2183 1856 2111 1971 1834 1965 1933 2022 2093 1903 1841 1689 1879 1683 1763 1833 1689 1935 1960 2011 1986 1993 1778 
1772 1923 1774 1858 1678 1863 1879 1924 1623 1957 1598 1880 1839 1553 1629 1725 1878 1757 1723 1664 1499 1666 1716 1701 1714 1675 1860 1799 1891 1649 1746 1634 
1789 2070 1698 1695 1704 1803 1941 1870 1684 1835 1675 1900 1941 1729 1688 1666 1849 1918 1867 1743 1518 1614 1526 1630 1636 1602 1796 1669 1762 1671 1900 1558 
1957 2151 2024 2025 1884 2020 2167 2182 1891 2184 1891 2080 2080 1913 1984 1942 2170 2048 1904 1831 1961 1933 1826 1879 1949 1937 1948 1877 2113 2025 2017 1918 
1747 1974 2061 1936 1877 1800 2113 2032 1902 2004 1538 2057 1995 1855 1873 1913 2020 1969 1927 1726 1801 1776 1566 1809 1804 1702 1968 1934 1929 1824 2054 1596 
2192 2161 1965 2139 1940 2374 2338 2144 1956 2117 1821 2032 2129 1877 2188 1900 2027 2097 1936 1952 1775 1888 1890 1869 2056 2029 2218 1841 2285 2221 2033 1905 
1994 2306 2119 1931 2033 2098 2131 2132 1878 2079 1799 1994 2107 1862 2103 1940 2028 2105 2049 1861 1714 1877 1966 1720 1847 1878 1946 1785 2239 2101 1984 1856 
2004 2110 2061 2261 1885 2209 2438 2194 1835 2203 1966 2097 2064 2082 1969 1974 2039 2114 2027 1835 1886 1989 1978 1899 1944 1999 2112 1943 2103 2044 2123 1797 
1583 1775 1662 1624 1546 1619 1819 1709 1403 1691 1478 1723 1493 1605 1708 1492 1662 1565 1534 1492 1573 1570 1452 1534 1598 1739 1595 1549 1710 1565 1684 1484 
2029 2220 1975 1882 1787 2059 2129 2028 1831 2039 1947 1993 1920 1796 1863 1940 2021 2130 1865 1854 1797 1867 1740 1910 1674 1855 1910 1879 2093 1906 1984 1769 
1928 2079 2135 2087 1733 1862 2189 2212 1646 2090 1732 2072 2173 1830 2126 1876 1898 2060 1825 1682 1880 1805 1720 1933 1819 1747 2083 1814 2057 2039 1937 1789 
1800 2119 2128 2190 1796 2050 2311 2001 1684 1943 1944 2153 1955 1754 2003 1883 1731 2036 2031 1847 1730 1773 1676 1728 1829 1746 2116 1907 2065 1947 1948 1667 
2018 2141 1945 1840 2040 2016 2320 2033 2034 2106 1797 1961 2028 1759 1867 1837 2137 2181 1832 1927 1729 1915 1832 1761 1973 1801 2060 1938 2136 2050 2097 1720 
1981 2232 2013 2001 1969 2202 2256 2055 1840 2168 1779 1950 1967 1852 2035 2003 1938 2175 1968 1822 1812 1762 1759 1662 1936 1943 2031 1914 2182 2011 2090 1858 
1818 2115 1924 2034 1915 1865 1914 1899 1729 2042 1768 1983 1824 1837 1817 1721 2088 1984 1738 1796 1793 1826 1646 1790 1726 1858 1984 1819 1899 1743 2010 1865 
2054 2332 2082 2156 2049 2151 2431 2241 1919 2222 2063 2229 2239 2027 2200 2128 2247 2313 2121 2015 2005 2162 2034 1992 2157 1957 2260 2020 2324 2065 2189 2017 
1810 2157 2184 1992 1860 2009 2168 1912 1776 2078 1861 1853 2057 1849 1890 1882 1973 2026 1815 1985 1763 1639 1816 1669 1746 1870 1940 1901 2036 1772 1971 1796 
1821 2076 2100 1847 1948 1905 2223 2227 1758 1998 1798 1941 2014 1711 1938 1928 1963 1807 1875 1778 1737 1769 1899 1784 1823 1803 1781 1865 1945 1870 1756 1631 
1951 2222 1992 1944 1964 1970 2184 2135 1697 2132 1792 2064 2101 1910 2072 1826 1931 2067 1973 1852 1901 2013 1962 1747 1831 1888 2060 1753 2122 1985 1926 1838 
1887 2145 2048 1917 1957 2035 2290 2201 1779 2114 2001 1995 2082 1803 2030 1762 1987 2128 1998 1831 1699 1939 1807 1726 1899 1792 2041 1826 1993 2067 2100 1673 
1981 2132 2019 1913 1764 1967 2166 2048 1758 2031 1682 2049 2043 1830 1969 1799 1848 2007 1897 1764 1765 1889 1831 1754 1853 1661 1845 1816 1989 2039 1806 1757 
1714 2005 1854 1813 1664 2041 1932 1996 1694 1847 1600 1799 1891 1746 1890 1745 1894 1923 1684 1741 1478 1856 1682 1666 1651 1877 1885 1895 1843 1812 1802 1737 
2010 2190 2118 2031 1810 2067 2125 2193 1886 2196 1829 1934 2055 1826 2221 1922 2125 2231 2121 1966 1708 1839 1721 1772 2001 1844 1941 2054 2017 2036 2044 1709 
1790 2085 2004 1885 1888 1904 2227 2112 1741 2103 1809 1970 1999 1822 1922 1888 2020 1900 1838 1761 1795 1591 1663 1672 1890 1764 1753 1936 1985 1857 1988 1685 
1778 2081 2013 1836 1883 1926 2123 1847 1754 2104 1773 1846 1764 1783 1724 1765 1884 2026 1770 1752 1793 1695 1833 1706 1718 1883 1879 1649 1964 1867 1899 1703 
1563 1725 1621 1721 1724 1724 1864 1805 1557 1966 1577 1885 1795 1544 1773 1632 1748 1900 1568 1579 1509 1747 1455 1541 1596 1604 1753 1710 1824 1635 1643 1517 
2032 1996 2116 2062 2016 1919 2216 2169 1708 2095 1987 2010 2038 1863 2022 1859 2001 2028 1912 1845 1772 1727 1672 1765 1944 1751 1984 1715 1951 2028 1909 1722 
1769 2052 2011 1973 1808 1952 2231 2057 1698 2133 1897 2023 1908 1884 1997 1745 2115 1871 1909 1785 1788 1834 1888 1715 1837 1834 1999 1860 1976 1839 1960 1616 
1727 1813 1641 1786 1587 1920 1993 1842 1650 1756 1571 1921 1695 1653 1872 1683 1835 1765 1724 1625 1448 1658 1614 1415 1656 1729 1845 1672 1920 1838 1682 1471 
