627 561 650 686 485 514 574 478 448 610 613 482 547 535 580 544 570 536 500 537 673 462 349 572 571 607 467 536 613 511 604 657 
658 613 727 785 512 585 671 589 545 721 530 544 520 564 660 529 625 573 514 573 635 604 499 537 639 648 612 504 678 550 562 592 
866 893 995 1042 835 796 912 794 723 951 856 825 910 870 843 821 874 786 772 922 951 812 658 883 902 946 889 822 915 755 845 912 
720 683 736 705 635 574 810 673 522 797 629 615 667 608 639 609 702 672 586 697 664 714 524 710 663 603 681 586 697 634 667 657 
624 659 670 783 606 590 704 656 563 705 591 607 664 622 563 616 646 598 599 682 633 639 494 680 608 651 662 599 692 514 610 650 
655 660 667 716 645 523 673 616 482 713 632 590 738 615 575 579 682 612 615 712 655 577 449 611 569 577 600 598 640 482 611 669 
769 749 846 931 710 642 804 678 679 815 711 682 694 744 690 686 688 713 666 710 904 650 465 716 769 788 711 658 744 717 745 820 
500 507 651 715 602 482 691 579 559 649 492 637 632 570 483 572 565 552 539 597 660 568 386 596 643 542 572 596 627 581 524 562 
765 778 798 868 617 696 727 619 621 760 641 668 725 695 626 639 616 634 589 711 742 650 510 703 691 729 766 585 786 704 676 708 
685 665 749 661 584 598 677 618 603 729 559 546 571 554 630 583 539 601 570 558 632 582 473 589 563 582 612 497 676 571 492 612 
682 662 797 853 663 617 805 674 659 843 653 681 687 707 608 650 755 672 621 721 803 710 598 724 775 752 699 652 764 635 656 700 
577 561 726 739 536 492 664 570 418 693 577 637 542 641 709 500 517 468 586 520 744 582 402 550 636 663 535 561 646 578 588 545 
908 942 823 886 679 780 822 742 716 850 791 788 829 755 715 733 834 815 696 881 794 806 607 834 679 855 848 697 841 741 802 870 
754 757 794 821 614 604 799 664 536 794 593 693 767 673 699 645 670 635 547 616 758 641 494 746 755 730 689 669 756 642 658 800 
603 597 754 693 533 573 684 559 530 624 627 542 595 483 646 550 511 489 568 630 601 500 422 546 585 589 609 529 662 564 506 595 
617 635 624 653 600 512 689 594 583 650 525 555 628 517 460 514 587 602 468 627 625 602 426 655 622 553 646 488 674 656 619 608 
661 665 695 710 548 561 621 561 536 662 526 540 580 623 577 533 521 497 478 511 716 569 437 567 630 645 596 509 683 557 590 643 
716 825 768 969 710 697 738 635 640 870 712 805 714 770 649 722 829 764 636 753 862 801 590 794 678 843 829 710 825 686 847 855 
661 712 739 848 685 562 822 669 579 825 760 693 694 678 693 642 744 733 664 736 805 643 579 704 803 630 771 637 741 615 718 760 
804 845 976 912 786 760 858 739 708 811 791 793 847 779 780 779 723 750 653 831 795 695 629 778 780 841 832 741 816 658 705 821 
676 712 809 711 684 583 854 813 615 729 631 652 707 702 625 669 662 580 692 689 755 669 544 680 747 633 640 587 644 671 528 586 
541 648 637 666 628 473 704 633 469 730 563 593 557 622 578 483 593 539 551 591 679 593 451 510 593 570 584 457 630 493 535 555 
546 604 566 572 528 472 635 523 465 582 575 522 528 459 488 438 501 526 478 542 591 551 409 596 538 494 568 457 537 564 544 532 
656 678 781 691 596 550 767 593 521 699 619 643 686 634 592 567 570 567 567 654 703 575 505 596 685 608 610 513 623 672 549 565 
620 620 595 611 443 568 550 516 445 583 468 556 607 581 477 519 567 503 396 540 464 528 482 561 463 669 622 585 555 492 526 590 
655 601 789 763 606 533 722 621 486 759 527 540 627 615 706 620 600 584 542 674 648 567 471 597 684 629 576 574 593 525 538 554 
728 763 853 778 673 607 827 736 571 821 681 681 747 730 619 594 642 635 569 644 772 591 563 720 782 706 649 540 674 678 663 677 
682 704 777 736 696 566 743 596 600 815 662 648 651 660 538 559 682 702 558 661 733 666 607 708 637 685 709 511 634 585 653 713 
575 551 568 685 517 462 647 557 523 730 499 576 546 577 563 545 580 601 509 582 644 621 403 547 539 569 592 539 621 555 551 550 
640 698 779 738 717 518 793 651 545 743 629 583 723 597 586 607 596 622 621 731 718 549 499 611 737 536 705 438 551 613 553 661 
664 798 850 819 652 638 855 739 552 784 784 743 710 719 764 680 764 633 737 706 839 792 611 712 736 800 703 673 814 676 692 752 
559 567 628 682 457 567 593 492 492 560 564 638 510 557 581 568 519 513 468 520 586 500 413 518 539 620 597 557 647 526 542 610 
