4176 4443 4605 4458 3992 4275 4191 4499 4219 4130 4215 4384 4403 4213 4647 3838 4987 4514 4224 3834 4326 4171 3659 4098 4571 4382 4043 4173 4697 4113 4353 4128 
3960 4481 4636 4304 4003 4451 4269 4282 4446 4272 3993 4250 4196 4332 4532 3791 4792 4545 4204 4039 4124 4138 4003 3913 4281 4349 4028 3978 4645 4159 4237 3977 
4648 4944 4958 4875 4445 4741 4721 4932 4466 4762 4611 4561 4804 4627 5104 4400 5123 5021 4643 4264 4659 4667 4239 4462 4855 4863 4541 4620 4694 4824 4964 4710 
4173 4504 4743 4469 4135 4292 4391 4675 4269 4510 4015 4428 4321 4366 4957 4043 4880 4732 4266 3966 4138 4248 3785 4285 4571 4417 4062 4099 4630 4377 4179 4314 
4179 4590 4539 4485 4125 4333 4346 4625 4290 4205 4254 4310 4419 4332 4513 4042 4710 4520 4340 3946 4108 4220 3995 4406 4414 4519 4112 4253 4502 4309 4260 4313 
3858 4449 4136 3997 3855 4058 4035 4354 4089 3782 3955 3949 4090 4211 4238 3684 4525 4141 4124 3806 3695 3885 3541 3938 4075 4062 3951 3849 4180 3955 4138 3787 
4554 4934 4909 4832 4437 4608 4762 5073 4828 4721 4523 4515 4835 4684 4947 4327 5267 4725 4648 4421 4771 4590 4246 4555 4852 4847 4402 4546 5080 4799 4638 4709 
4209 4456 4914 4556 4356 4306 4500 4644 4504 4442 4059 4768 4530 4637 4888 4138 5252 4676 4586 3998 4253 4483 3715 4338 4450 4378 4300 4501 4725 4485 4338 4147 
4747 4910 4939 5083 4590 5010 4908 4964 4702 4417 4517 4692 4818 4878 5159 4377 5209 5093 4658 4265 4547 4660 4371 4475 4794 4972 4766 4550 5146 4831 4618 4764 
4327 4870 5012 4344 4459 4592 4567 4607 4397 4437 4281 4393 4560 4548 4969 4266 4914 4841 4532 4212 4278 4395 4186 4291 4288 4532 4272 4219 4785 4504 4335 4247 
4208 4525 4509 4658 4187 4679 4672 4602 4415 4346 4318 4558 4478 4503 4632 4248 4981 4674 4357 4014 4453 4514 4054 4278 4568 4586 4413 4407 4585 4693 4467 4244 
3887 4394 4348 3999 3984 4118 4085 4384 4088 4060 4002 4239 4029 4330 4634 3753 4721 4161 4128 3850 4199 4252 3803 3913 4392 4496 3937 3952 4347 4180 4295 3986 
4409 4805 4973 4545 4282 4651 4511 4827 4742 4451 4476 4518 4493 4638 4919 4125 5225 4723 4516 4077 4561 4704 4186 4649 4574 4751 4464 4526 4762 4577 4517 4517 
4225 4696 5010 4546 4171 4414 4475 4818 4440 4417 4223 4649 4708 4663 4910 4212 4955 4757 4444 3891 4527 4366 3984 4391 4480 4486 4439 4373 4866 4531 4320 4293 
4229 4608 4860 4754 4054 4448 4619 4565 4380 4227 4346 4381 4369 4627 4745 4117 4733 4663 4614 4015 4267 4249 3991 4317 4587 4273 4442 4404 4634 4265 4413 4184 
4205 4527 4537 4138 4287 4378 4560 4580 4594 4300 4357 4348 4353 4326 4745 4010 4964 4772 4349 4213 4294 4417 4037 4179 4568 4320 4349 4320 4814 4593 4347 4080 
4297 4789 4788 4600 4306 4724 4595 4650 4671 4543 4229 4498 4449 4604 4953 4320 5083 4800 4688 4056 4516 4331 4047 4243 4663 4544 4559 4297 4911 4593 4629 4442 
4045 4649 4766 4523 4490 4179 4252 4598 4461 4379 4107 4434 4361 4469 4761 3838 5095 4629 4242 3873 4340 4424 3808 4146 4348 4724 4313 4211 4484 4208 4141 4355 
4406 4665 4743 4683 4387 4612 4491 4741 4524 4562 4462 4745 4645 4598 4896 4300 5164 4750 4661 4072 4569 4752 4297 4403 4929 4581 4531 4436 4938 4513 4692 4429 
4774 5219 5484 5029 4719 4883 4953 4997 5118 4756 4775 4810 4975 5084 5162 4544 5594 5229 4772 4699 4820 4630 4429 4613 4863 5109 4754 4863 5288 4809 4716 4904 
4208 4560 4932 4311 4338 4377 4554 4802 4420 4470 4227 4373 4431 4280 4852 4107 4976 4392 4324 4050 4167 4194 4140 4383 4457 4398 4084 4406 4360 4275 3981 4067 
4324 4740 4582 4395 4269 4519 4447 4690 4277 4345 4137 4497 4430 4457 4952 4011 4791 4653 4528 3847 4441 4419 4012 4225 4564 4486 4504 4168 4729 4433 4300 4340 
4320 4733 5069 4632 4503 4630 4735 4861 4654 4494 4756 4499 4692 4548 5094 4170 5168 4746 4680 4189 4566 4693 4282 4288 4614 4737 4613 4289 4767 4717 4776 4301 
4314 4743 4709 4394 4289 4388 4540 4710 4537 4419 4314 4639 4554 4415 4851 3996 4907 4719 4395 4000 4241 4651 4142 4444 4441 4342 4269 4281 4635 4617 4226 4207 
4308 4877 4853 4565 4321 4562 4239 4901 4644 4171 4420 4355 4585 4667 5004 4215 5071 4699 4378 4126 4272 4538 4005 4179 4596 4908 4351 4505 4711 4253 4389 4560 
4092 4535 4749 4306 3986 4410 4290 4503 4442 4301 3900 4128 4269 4170 4855 3783 4835 4575 4473 3954 4411 4202 3843 4207 4503 4196 3948 4151 4410 4262 4300 4002 
4369 4679 4965 4518 4460 4535 4727 4956 4662 4636 4504 4509 4659 4690 4910 4159 5308 4779 4305 3982 4415 4387 3987 4314 4796 4508 4443 4561 4889 4512 4517 4366 
4206 4439 4728 4351 4344 4199 4381 4286 4380 4372 4098 4297 4207 4436 4363 3779 4919 4627 4142 4035 4282 4209 4005 4016 4512 4496 4074 4105 4652 4387 4250 4171 
4193 4438 4511 4437 4340 4316 4257 4649 4372 4485 4059 4588 4367 4561 4960 4067 4982 4724 4343 4014 4279 4551 3869 4096 4418 4357 4191 4353 4693 4297 4143 4168 
4201 4326 4556 4424 4259 4096 4460 4450 4044 4131 4235 4150 4317 4167 4665 3902 4882 4397 4232 3830 4158 4081 3564 3920 4499 4245 4217 3969 4217 4343 4169 3972 
4290 4675 4852 4607 4377 4525 4429 4789 4459 4558 4647 4780 4568 4694 5085 4096 5313 4671 4546 4337 4574 4838 4294 4251 4491 4879 4269 4408 4927 4499 4460 4169 
4293 4436 4868 4695 4241 4525 4727 4600 4507 4255 4273 4686 4574 4596 4953 4127 5074 4788 4474 3962 4355 4398 4268 4077 4687 4679 4415 4460 4695 4638 4323 4192 
