3044 3278 3117 3002 2751 2863 2955 3136 2908 3013 2964 3002 2969 2841 3097 2795 3396 2991 2842 2778 2944 2868 2532 2658 2996 2873 2901 2950 3315 2889 3030 2701 
2817 3322 3307 3017 2858 3142 3067 2939 3019 3188 2799 2982 2891 2934 3143 2732 3365 3164 2977 2889 2843 2885 2631 2612 2950 3004 2902 2744 3211 3001 3030 2822 
3498 3774 3637 3631 3201 3395 3491 3570 3147 3542 3481 3485 3365 3389 3692 3381 3645 3561 3465 3269 3391 3360 3091 3138 3546 3539 3413 3330 3568 3633 3725 3504 
3106 3396 3406 3259 2938 3044 3237 3305 2918 3345 2947 3269 3019 3011 3463 3019 3469 3325 3018 2921 2869 3067 2609 2861 3168 3048 3052 2957 3316 3285 3023 3068 
3130 3501 3136 3191 2866 2958 3117 3228 2903 3077 3010 3151 3106 2834 3108 3057 3285 3053 3067 2902 2808 3011 2733 2884 3026 3028 3001 2982 3214 3179 3010 3049 
2856 3447 2883 2797 2672 2912 2903 3019 2819 2799 2753 2809 2886 2870 2866 2783 3117 2867 2932 2834 2679 2723 2442 2641 2727 2788 2872 2693 2972 2894 2985 2671 
3363 3703 3602 3460 3129 3298 3529 3563 3344 3474 3346 3310 3453 3266 3584 3343 3800 3318 3387 3192 3413 3279 2839 3151 3456 3461 3277 3227 3675 3578 3347 3441 
3003 3369 3527 3234 3146 3009 3192 3169 3209 3203 2744 3473 3150 3156 3357 3069 3664 3135 3252 2918 2912 3127 2455 2975 3036 3051 3103 3164 3290 3241 3168 2861 
3516 3734 3480 3586 3246 3628 3534 3453 3302 3265 3230 3452 3367 3335 3720 3319 3570 3465 3297 3161 3078 3320 2920 3026 3376 3444 3471 3160 3761 3690 3363 3295 
3234 3698 3474 3025 3143 3286 3243 3143 3098 3175 3056 3124 3258 2988 3481 3111 3441 3274 3159 3035 2922 3014 2870 2862 2926 3145 3029 2958 3459 3404 3072 3034 
3185 3525 3233 3442 2972 3399 3574 3358 3105 3214 3113 3257 3223 3273 3338 3251 3453 3290 3260 2973 3139 3227 2930 3016 3192 3282 3231 3160 3326 3460 3270 3002 
2793 3218 2878 2740 2741 2817 2859 2980 2682 2800 2789 2979 2689 2831 3181 2729 3095 2781 2834 2789 2857 2910 2483 2585 2975 3098 2782 2698 2964 3015 2911 2753 
3260 3712 3450 3146 2888 3223 3228 3355 3173 3334 3216 3217 3042 3089 3385 3099 3606 3274 3183 3035 3125 3159 2719 3073 3034 3164 3177 3104 3484 3363 3126 3123 
3106 3540 3515 3227 2927 3126 3256 3447 3091 3290 2934 3340 3266 3209 3418 3199 3441 3280 3205 2891 3151 3039 2714 3061 3065 3006 3244 3058 3486 3409 3107 3022 
3091 3430 3565 3492 2935 3285 3521 3176 3146 3228 3163 3238 3075 3119 3356 3094 3190 3231 3316 3028 3035 2956 2682 2942 3235 2973 3351 3200 3438 3210 3124 3076 
3176 3543 3327 3034 3191 3159 3477 3270 3280 3242 3123 3239 3175 3027 3384 2997 3577 3470 3085 3200 3040 3319 2862 3004 3321 3113 3328 3170 3542 3529 3200 2977 
3277 3738 3420 3351 3187 3554 3405 3334 3340 3498 3010 3335 3092 3351 3618 3387 3561 3407 3401 3046 3262 3064 2847 2991 3286 3300 3390 3218 3658 3466 3409 3249 
2998 3560 3468 3330 3118 3007 3079 3279 3141 3286 3020 3297 2952 3147 3331 2936 3691 3354 3061 2934 3171 3236 2608 2880 3014 3274 3104 3014 3344 3139 3111 3249 
3229 3632 3322 3303 3096 3212 3337 3315 3072 3458 3171 3303 3314 3196 3454 3156 3635 3298 3279 3073 3246 3301 2958 2957 3464 3098 3338 3102 3589 3327 3371 3195 
3350 3893 3783 3443 3247 3281 3418 3292 3370 3465 3285 3320 3344 3425 3464 3368 3731 3414 3278 3359 3174 3155 2889 2880 3192 3449 3285 3348 3609 3461 3251 3341 
3106 3536 3469 3084 3075 3044 3379 3460 2986 3232 3021 3139 3079 2923 3346 3055 3442 3001 3227 3000 2902 2980 2826 2902 3194 2982 2939 3104 3207 3302 2793 2814 
3101 3664 3275 3079 3006 3129 3127 3325 2934 3294 2970 3146 3151 3182 3411 2968 3300 3274 3233 2854 3091 3162 2790 2794 3078 3048 3200 2896 3409 3241 3029 3085 
3122 3539 3469 3192 3094 3241 3388 3302 3179 3293 3281 3077 3161 3085 3493 3005 3550 3246 3314 3043 3090 3201 2834 2873 3204 3317 3224 2873 3384 3466 3375 3032 
3211 3498 3489 3154 2981 3111 3350 3288 3095 3208 3008 3345 3150 3100 3429 2984 3326 3322 3105 2946 2956 3279 2869 3048 3109 2966 3130 2934 3375 3481 2911 3096 
3198 3633 3386 3119 3057 3287 3019 3429 3193 3070 3123 3003 3135 3216 3449 3108 3495 3275 3038 3044 2932 3223 2715 2816 3035 3336 3133 3236 3329 3206 3120 3309 
2905 3372 3305 3059 2808 3056 3038 3172 3020 3212 2855 2937 3033 2897 3375 2871 3341 3233 3273 2948 2907 2919 2499 2724 3097 2972 2926 3004 3156 3194 2993 2799 
3098 3519 3420 3139 3133 3175 3271 3331 3115 3374 3165 3167 3232 3086 3342 3075 3646 3160 3108 2886 3075 2909 2575 2876 3262 3064 3036 3163 3421 3238 3180 2997 
2988 3414 3416 2955 3011 3016 3106 2912 3038 3363 2931 2988 2796 3015 3022 2797 3387 3164 2902 2837 3037 2909 2684 2682 3059 3160 2967 2775 3300 3211 3028 2905 
2829 3114 3062 3050 3008 2928 2995 3106 2828 3224 2742 3182 2886 2978 3301 2821 3290 3140 2960 2812 2872 3057 2401 2585 2880 2887 2965 2958 3249 3042 2828 2866 
3192 3378 3389 3274 3169 2954 3330 3296 2931 3252 3165 2988 3114 3051 3344 3039 3420 3142 3118 2966 3005 2971 2506 2713 3246 3006 3102 2843 3180 3331 2971 2879 
2964 3472 3330 3123 3094 3133 3192 3306 3013 3307 3313 3411 3081 3205 3466 2914 3705 3058 3183 3055 3117 3277 2850 2824 3045 3310 3072 2980 3493 3230 3117 2838 
3117 3303 3335 3162 2952 3182 3340 3158 3142 3140 3000 3382 2981 3151 3430 3066 3470 3251 3188 2879 2933 3014 2781 2588 3140 3231 3182 3117 3464 3468 2964 2948 
