2433 2654 2439 2367 2161 2377 2455 2441 2247 2487 2388 2455 2406 2260 2356 2287 2670 2383 2293 2232 2368 2289 2094 2198 2386 2246 2329 2415 2573 2340 2437 2068 
2284 2541 2579 2394 2152 2462 2470 2250 2253 2565 2157 2369 2272 2221 2303 2080 2600 2442 2358 2226 2111 2210 2149 2046 2254 2293 2285 2220 2504 2310 2372 2032 
2875 3035 2949 2946 2554 2755 2858 2793 2313 2921 2774 2803 2675 2772 2782 2700 2963 2800 2764 2595 2750 2665 2528 2579 2862 2859 2756 2829 2930 2850 2990 2724 
2425 2729 2609 2457 2257 2470 2640 2579 2051 2606 2361 2579 2320 2288 2538 2347 2636 2579 2339 2328 2193 2327 2116 2327 2325 2268 2314 2415 2558 2515 2408 2297 
2449 2644 2320 2420 2171 2344 2431 2406 2096 2447 2268 2449 2369 2143 2178 2345 2611 2238 2357 2218 2099 2373 2175 2312 2356 2304 2357 2415 2517 2372 2313 2218 
2393 2887 2372 2295 2218 2440 2469 2473 2294 2425 2344 2502 2457 2429 2211 2277 2581 2430 2487 2344 2135 2257 2019 2230 2243 2260 2350 2296 2460 2394 2488 2099 
2692 2925 2770 2739 2468 2689 2856 2803 2486 2795 2635 2722 2707 2607 2661 2628 3060 2529 2670 2490 2635 2645 2370 2570 2685 2675 2560 2610 2850 2857 2713 2638 
2346 2670 2744 2503 2499 2369 2587 2480 2410 2540 2156 2744 2442 2516 2508 2493 2862 2430 2576 2329 2368 2327 1960 2358 2278 2333 2420 2629 2580 2454 2543 2202 
2885 2914 2625 2759 2514 2949 2909 2638 2487 2619 2512 2732 2620 2592 2754 2593 2817 2645 2588 2478 2411 2550 2387 2430 2611 2692 2692 2568 2937 2914 2620 2531 
2685 3086 2804 2488 2642 2695 2711 2623 2441 2722 2514 2636 2661 2510 2783 2594 2855 2639 2667 2436 2381 2489 2400 2312 2430 2546 2479 2565 2928 2757 2525 2454 
2685 2935 2671 2887 2525 2841 3043 2801 2408 2757 2648 2796 2663 2781 2599 2617 2891 2690 2734 2415 2566 2662 2514 2557 2653 2666 2650 2714 2822 2789 2725 2405 
2267 2530 2264 2190 2192 2207 2337 2263 1929 2235 2160 2344 2079 2267 2352 2118 2446 2070 2166 2140 2243 2214 1994 2060 2273 2470 2108 2206 2375 2316 2305 2028 
2621 2981 2698 2505 2318 2610 2647 2592 2386 2664 2587 2565 2434 2444 2517 2450 2826 2558 2536 2394 2434 2477 2225 2532 2265 2480 2493 2490 2811 2630 2518 2371 
2604 2918 2929 2697 2337 2558 2812 2866 2360 2758 2410 2790 2720 2606 2766 2556 2840 2656 2633 2364 2538 2513 2302 2591 2512 2476 2645 2561 2893 2792 2561 2417 
2461 2799 2880 2821 2304 2659 2882 2523 2346 2601 2654 2679 2481 2405 2623 2437 2561 2578 2741 2356 2342 2377 2169 2313 2511 2370 2623 2616 2715 2566 2513 2289 
2634 2876 2616 2407 2633 2624 2974 2569 2586 2665 2505 2627 2548 2444 2572 2456 2928 2784 2449 2613 2386 2623 2342 2451 2633 2512 2571 2693 2915 2835 2629 2287 
2721 3103 2804 2654 2627 2878 2842 2600 2544 2877 2447 2719 2542 2627 2727 2695 2877 2807 2745 2407 2499 2429 2317 2428 2588 2688 2633 2645 2950 2778 2740 2510 
2363 2777 2653 2539 2456 2404 2425 2425 2290 2595 2348 2564 2221 2419 2395 2247 2867 2531 2333 2324 2412 2444 2120 2351 2263 2496 2426 2404 2545 2322 2471 2431 
2720 2980 2678 2763 2507 2682 2921 2739 2415 2823 2748 2796 2793 2625 2756 2719 2951 2804 2803 2497 2610 2691 2485 2510 2800 2496 2773 2642 2995 2761 2872 2547 
2561 3080 2905 2625 2517 2602 2796 2495 2429 2704 2569 2597 2622 2661 2502 2646 2845 2641 2503 2594 2417 2366 2325 2274 2388 2588 2522 2677 2766 2574 2551 2435 
2577 2882 2837 2423 2520 2534 2773 2818 2308 2631 2484 2565 2549 2376 2590 2527 2751 2353 2596 2381 2326 2367 2363 2405 2543 2388 2341 2592 2633 2585 2314 2123 
2540 3023 2588 2465 2506 2602 2595 2658 2246 2714 2418 2574 2559 2538 2659 2340 2654 2627 2626 2371 2447 2536 2409 2319 2403 2453 2524 2367 2740 2607 2495 2375 
2542 2819 2736 2510 2432 2585 2812 2630 2397 2684 2649 2559 2567 2450 2585 2408 2780 2624 2608 2330 2339 2552 2305 2345 2493 2495 2530 2390 2649 2717 2699 2314 
2607 2796 2713 2467 2297 2471 2762 2569 2226 2457 2346 2584 2443 2386 2571 2285 2575 2467 2475 2290 2281 2547 2308 2443 2344 2314 2327 2368 2644 2672 2206 2305 
2470 2762 2587 2459 2294 2585 2498 2622 2297 2420 2364 2370 2418 2417 2580 2331 2717 2492 2365 2333 2131 2489 2242 2285 2273 2546 2447 2609 2508 2519 2382 2435 
2531 2742 2758 2510 2321 2532 2569 2650 2413 2759 2340 2515 2530 2346 2745 2387 2823 2663 2714 2423 2312 2367 2142 2272 2560 2422 2413 2582 2612 2607 2530 2223 
2465 2875 2717 2548 2433 2552 2785 2636 2315 2761 2555 2576 2552 2471 2601 2448 2891 2420 2506 2313 2434 2216 2091 2282 2527 2380 2306 2690 2706 2555 2583 2237 
2411 2849 2775 2497 2495 2552 2682 2397 2348 2789 2436 2487 2307 2469 2387 2315 2724 2613 2437 2306 2477 2347 2283 2292 2400 2539 2465 2354 2732 2630 2470 2253 
2216 2375 2311 2245 2271 2281 2341 2291 1994 2547 2163 2494 2232 2182 2430 2205 2481 2395 2257 2085 2090 2292 1879 2020 2178 2144 2248 2347 2483 2304 2213 2065 
2663 2640 2725 2663 2561 2336 2783 2701 2162 2599 2644 2502 2547 2415 2539 2384 2718 2515 2532 2318 2343 2370 2100 2281 2523 2316 2459 2355 2591 2670 2364 2215 
2406 2794 2702 2515 2482 2465 2738 2587 2302 2732 2593 2726 2452 2562 2592 2379 2931 2445 2560 2465 2474 2533 2417 2314 2472 2604 2509 2471 2759 2604 2494 2161 
2482 2577 2502 2414 2275 2566 2682 2456 2275 2425 2353 2703 2256 2432 2538 2327 2704 2404 2489 2227 2189 2375 2229 2024 2384 2446 2438 2547 2703 2624 2293 2106 
