3577 3837 3919 3798 3413 3560 3703 3942 3596 3618 3657 3694 3723 3541 3927 3340 4167 3850 3579 3376 3717 3491 3145 3485 3764 3744 3628 3570 4046 3572 3819 3409 
3359 3871 3932 3697 3478 3729 3671 3657 3700 3685 3427 3598 3540 3572 3837 3272 4007 3931 3618 3454 3479 3428 3307 3249 3574 3796 3525 3319 3948 3602 3571 3361 
4134 4381 4396 4413 3858 4068 4220 4456 3924 4159 4189 4009 4230 4008 4487 3944 4493 4441 4255 3803 4128 4067 3791 3916 4208 4378 4169 4038 4189 4410 4454 4203 
3587 3944 4063 3889 3513 3600 3836 4098 3622 3947 3550 3838 3734 3690 4285 3548 4132 4113 3675 3470 3560 3626 3280 3652 3825 3809 3653 3578 3955 3935 3641 3691 
3712 4043 3877 3963 3515 3648 3802 4041 3633 3691 3690 3742 3875 3593 3874 3556 3984 3928 3800 3422 3534 3603 3397 3714 3741 3895 3712 3593 3930 3857 3681 3765 
3285 3832 3455 3430 3153 3429 3536 3732 3395 3289 3326 3258 3433 3444 3442 3183 3700 3552 3473 3288 3111 3182 2898 3215 3281 3407 3518 3228 3574 3472 3544 3139 
3903 4223 4188 4168 3751 3866 4205 4385 4089 4115 3963 3853 4094 3861 4278 3781 4418 4104 3995 3791 4071 3794 3514 3820 4090 4204 3938 3845 4368 4252 3952 4052 
3659 3918 4245 4028 3781 3648 3979 4055 3870 3814 3421 4040 3945 3859 4128 3606 4386 4010 3950 3468 3610 3804 3151 3699 3689 3824 3834 3868 4037 3914 3755 3493 
4176 4351 4277 4506 4001 4347 4400 4379 4056 3886 4058 4073 4185 4145 4557 3889 4364 4394 4056 3764 3891 3969 3766 3851 4101 4361 4299 3941 4608 4418 4002 4089 
3733 4193 4169 3703 3699 3806 3906 3902 3658 3727 3608 3610 3818 3631 4164 3637 4014 4028 3750 3568 3535 3616 3476 3545 3458 3800 3709 3514 4067 3955 3624 3489 
3700 3982 3843 4144 3528 3942 4165 4047 3729 3743 3694 3711 3824 3828 3947 3670 4062 4068 3782 3514 3718 3764 3506 3628 3770 3990 3915 3705 3976 4069 3802 3538 
3257 3707 3522 3343 3274 3353 3526 3716 3276 3408 3375 3460 3312 3429 3906 3192 3714 3477 3418 3276 3459 3400 3122 3244 3522 3832 3415 3237 3545 3613 3498 3232 
3716 4163 4150 3825 3464 3784 3807 4033 3811 3840 3773 3662 3719 3711 4086 3493 4206 3959 3809 3493 3790 3748 3360 3757 3669 3976 3800 3681 4058 3953 3772 3720 
3672 4079 4241 3945 3554 3757 4000 4216 3715 3805 3616 3939 3970 3853 4252 3686 4171 4090 3796 3323 3873 3663 3358 3829 3731 3797 3980 3663 4204 4045 3689 3663 
3625 3982 4186 4171 3475 3818 4142 3946 3754 3730 3751 3761 3753 3801 4111 3619 3864 4026 3956 3531 3625 3488 3322 3617 3889 3745 3989 3806 4065 3808 3721 3572 
3656 3936 3843 3605 3707 3668 4012 3923 3866 3671 3694 3650 3751 3555 4013 3467 4099 4114 3642 3647 3594 3772 3421 3506 3842 3708 3843 3665 4148 4006 3668 3464 
3776 4207 4079 3971 3754 4080 4063 4066 3971 4033 3660 3831 3760 3846 4372 3820 4223 4114 4037 3515 3888 3639 3445 3637 3935 3945 4098 3708 4251 4140 3974 3727 
3583 4130 4238 4064 3825 3598 3802 4084 3833 3817 3680 3797 3772 3853 4119 3439 4370 4153 3737 3450 3872 3831 3345 3577 3712 4118 3893 3651 4002 3747 3644 3854 
3818 4139 4005 4042 3814 3875 4054 4120 3776 4081 3852 3983 3978 3883 4207 3743 4310 4125 4034 3656 3945 3961 3677 3714 4139 3899 4052 3726 4403 4022 4105 3772 
4029 4487 4591 4261 3998 4069 4260 4235 4204 4159 4082 3983 4105 4207 4282 3921 4582 4343 4012 3952 3958 3854 3652 3773 3912 4380 4153 4081 4441 4234 3951 4061 
3542 4046 4109 3648 3638 3645 3974 4159 3649 3829 3618 3664 3736 3458 4031 3494 4103 3667 3792 3476 3517 3431 3437 3598 3721 3728 3514 3662 3756 3811 3355 3358 
3734 4154 3931 3869 3704 3751 3920 4142 3600 3822 3603 3791 3844 3861 4196 3450 4005 4060 3932 3388 3794 3730 3402 3464 3858 3844 3981 3503 4153 3911 3665 3740 
3749 4120 4294 4040 3851 3893 4230 4211 3938 3882 4066 3713 3979 3727 4374 3530 4339 4108 4065 3668 3858 3884 3577 3637 3885 4175 4068 3540 4130 4150 4055 3682 
3746 4057 4057 3846 3608 3672 4004 4079 3792 3817 3662 3894 3866 3629 4175 3432 4046 4089 3768 3462 3606 3886 3464 3722 3702 3643 3755 3549 3998 4106 3529 3615 
3751 4280 4182 3927 3774 3964 3797 4319 3974 3738 3866 3674 3871 3972 4355 3723 4240 4152 3747 3693 3691 3860 3434 3619 3773 4291 3930 3905 4094 3814 3840 3926 
3375 3899 3992 3609 3341 3577 3679 3897 3641 3720 3423 3427 3601 3399 4070 3268 3883 3913 3823 3398 3618 3448 3166 3379 3698 3552 3416 3472 3749 3715 3567 3284 
3764 4104 4262 3919 3774 3816 4125 4265 3840 3961 3870 3755 3994 3824 4190 3624 4431 4112 3756 3447 3792 3598 3340 3676 4024 3958 3922 3841 4209 3992 3840 3668 
3549 3881 3981 3681 3594 3580 3742 3644 3717 3819 3496 3536 3483 3558 3657 3244 4092 3888 3558 3405 3607 3460 3326 3212 3720 3908 3596 3394 4018 3854 3599 3482 
3442 3706 3693 3748 3607 3501 3681 3930 3594 3859 3352 3788 3591 3635 4088 3432 3987 3965 3621 3443 3523 3615 3088 3296 3555 3661 3604 3575 4020 3717 3387 3458 
3648 3819 3991 3925 3737 3469 3955 3989 3462 3684 3790 3450 3774 3562 4029 3443 4079 3823 3677 3417 3567 3444 3055 3292 3849 3691 3778 3401 3734 3854 3533 3391 
3527 3973 4009 3917 3630 3676 3861 4088 3660 3882 3903 3905 3758 3817 4190 3421 4313 3870 3809 3667 3734 3930 3529 3423 3593 4145 3681 3629 4217 3850 3718 3388 
3715 3946 4160 4029 3679 3815 4189 4066 3808 3776 3713 3981 3880 3938 4311 3653 4260 4171 3994 3510 3731 3686 3679 3348 3971 4142 3947 3843 4233 4192 3707 3620 
