3157 3036 3289 3118 3166 2771 3180 2859 3395 3357 3146 3184 3238 3271 3363 3282 3217 3215 2939 3196 3159 3278 3133 3252 3019 3457 2896 3333 3345 3285 3311 3207 
3140 2851 3170 3020 3137 2937 2901 2619 3210 3083 3073 2910 3091 3018 3073 3250 2931 3066 2956 3035 2893 3122 2828 3191 3069 3199 3075 3236 3289 3088 3126 2908 
3672 3169 3477 3009 3468 3093 3438 2908 3515 3875 3557 3404 3419 3794 3591 3590 3390 3344 3220 3460 3294 3404 3166 3318 3393 3643 3156 3653 3560 3698 3376 3243 
3160 2928 3240 2960 3129 2775 3063 2993 3362 3230 3110 2818 3181 3454 3070 3179 3133 3026 3173 3198 2638 3143 2934 3193 3059 3265 2971 3241 3068 2975 3038 3143 
3133 3094 3337 3125 3305 2790 3079 2757 3366 3344 2892 2981 3124 3064 3318 3235 2890 3137 3108 3223 3157 3144 3095 3104 3128 3323 3132 3366 3403 3310 3202 3063 
3007 2785 3004 2827 2838 2572 2808 2611 2970 2927 2898 2732 2992 2976 3044 2953 2767 2790 2647 2806 2580 2828 2857 2742 2757 3046 2594 3046 2871 2804 2761 2975 
3453 3197 3570 3295 3288 3130 3385 2988 3515 3544 3313 3045 3200 3211 3414 3432 3272 3360 3502 3548 2915 3443 3133 3567 3210 3487 3157 3496 3339 3587 3217 3243 
3391 3197 3262 3202 3442 3003 3178 2950 3452 3425 3430 3078 3184 3488 3301 3626 3449 3213 3147 3111 3087 3284 3266 3166 3283 3519 3176 3346 3307 3165 3231 3270 
3570 3364 3740 3331 3530 3216 3446 3124 3776 3539 3684 3298 3505 3546 3582 3719 3561 3405 3555 3521 3564 3611 3365 3504 3625 3796 3440 3712 3663 3457 3355 3589 
3281 3195 3185 3063 3337 3024 3408 2838 3227 3235 3294 2986 3212 3473 3232 3574 3298 3129 3107 3166 2980 3233 3017 3225 3167 3610 3010 3210 3328 3029 3133 3267 
3506 3129 3112 2879 3320 2994 3249 2630 3398 3312 3385 2935 3276 3336 3453 3324 3246 3109 3148 3071 2992 3089 3279 3217 3184 3386 2871 3355 3088 3282 3211 3341 
3044 2843 2880 2813 2867 2654 2870 2427 3120 3031 2884 2843 2938 2860 3076 3005 2974 3044 2958 3015 2959 2698 2599 2774 2789 3001 2504 3068 3000 2953 2880 2940 
3334 2989 3152 2896 3075 2980 3272 2806 3326 3319 3073 2848 3012 3224 3297 3334 2893 3086 3078 3169 2788 2943 2848 3123 2972 3049 2669 3193 3055 3124 2992 3203 
3532 2962 3282 3050 3232 3053 3143 3041 3243 3297 3334 3064 3346 3264 3128 3241 3188 3189 3118 3151 2948 3345 3091 3389 3153 3377 2968 3369 3205 3271 3009 3183 
3489 3057 3058 3027 3279 2998 3252 2999 3306 3532 3276 3045 3244 3478 3380 3431 3118 3226 3184 3289 2853 3455 3238 3227 3223 3379 2967 3394 3253 3226 3115 3281 
3441 3264 3315 3158 3383 2853 3209 2766 3438 3486 3275 3063 3058 3444 3180 3324 3331 3243 3227 3270 2972 3232 3005 3431 3354 3364 2963 3218 3279 3312 3483 3105 
3557 3417 3299 3093 3589 3135 3552 3158 3537 3604 3523 3329 3505 3529 3469 3654 3456 3299 3256 3448 3153 3446 3353 3583 3388 3657 3192 3702 3442 3550 3312 3545 
3361 2994 3311 3055 3276 2980 3092 2780 3393 3286 3204 2837 3196 3430 3108 3320 3097 3167 3184 3163 2895 3013 3069 3178 3061 3156 3026 3375 3263 3206 3011 3065 
3278 3166 3470 3424 3202 2965 3357 2968 3544 3270 3386 3096 3287 3381 3565 3683 3294 3184 3358 3379 3124 3090 3051 3125 3171 3419 2936 3483 3406 3043 3266 3218 
3553 3434 3520 3071 3375 3215 3634 3076 3707 3531 3415 3207 3491 3422 3516 3474 3604 3624 3280 3457 3070 3500 3302 3359 3367 3710 3150 3591 3573 3409 3168 3368 
3147 3034 3116 2743 3081 2663 3056 2974 3231 3284 3106 2941 3109 3192 3283 3236 3036 3085 3017 3073 2851 3135 2806 2944 2954 3323 2915 3190 2959 3321 3069 3029 
3584 3129 3302 3089 3339 3021 3403 2951 3447 3593 3412 3179 3300 3449 3544 3558 3290 3375 3276 3562 2970 3356 2887 3320 3275 3437 3029 3431 3343 3299 3294 3368 
3852 3281 3636 3118 3597 3100 3655 3102 3645 3503 3461 3437 3526 3478 3499 3557 3413 3442 3440 3424 3122 3550 3273 3463 3427 3753 3201 3791 3601 3540 3306 3561 
3325 3160 3396 2806 3410 2874 3216 2942 3386 3494 3368 3137 3133 3241 3367 3347 3292 3180 3047 3170 2872 3205 3050 3160 3004 3291 2781 3413 3291 3263 3098 3206 
3732 3346 3684 3221 3240 3231 3411 3085 3718 3516 3459 3104 3528 3527 3491 3780 3458 3282 3354 3610 3250 3442 3323 3442 3294 3676 3092 3503 3541 3473 3435 3546 
3209 3120 2991 2978 3182 2835 3060 2829 3178 3462 3044 2794 3104 3319 2941 3183 2880 3014 3074 2862 2760 3210 2989 2966 3029 3056 2692 3060 3135 3051 2949 3042 
3493 3267 3274 3206 3564 2947 3306 2942 3267 3477 3368 3263 3260 3508 3316 3406 3145 3332 3214 3292 3100 3367 3226 3282 3224 3477 3053 3590 3480 3298 3342 3231 
3321 2969 3077 2819 3131 2874 3040 2816 3152 3055 3153 3007 3071 3164 3054 3219 3128 2803 3013 3000 2819 2910 2953 3014 2994 3233 2953 3209 3026 2907 2984 2980 
3090 3013 3124 2793 3022 2950 2948 2829 3306 3250 3123 2743 3062 3255 3404 3328 2980 3053 3204 3276 2666 3042 3032 2998 3230 3221 3086 3459 2967 3235 3031 2923 
3237 2902 3069 2870 3197 2848 3142 2769 3043 3299 3158 2815 3052 3133 3239 3222 2971 3018 3000 3006 3070 3081 2987 3214 2980 3099 2769 3055 3200 3131 3027 3222 
3443 3088 3231 2982 2956 2885 3058 2799 3236 3319 3318 3053 3168 3181 3002 3266 2958 3232 2998 3114 2948 3192 2904 3060 3069 3375 3008 3060 3146 3073 3205 2996 
3594 3239 3402 3376 3615 2926 3436 2933 3496 3548 3530 2992 3470 3694 3301 3468 3621 3461 3447 3388 3125 3544 3422 3342 3181 3386 3167 3507 3406 3384 3269 3365 
