3771 3785 3880 3765 3826 3316 3815 3502 4009 3933 3724 3869 3930 3766 3972 4095 3828 3898 3668 3773 3760 4012 3723 3904 3585 4167 3706 4019 3956 3905 4042 3897 
3694 3544 3691 3787 3708 3448 3553 3231 3837 3772 3625 3550 3709 3558 3709 4017 3592 3804 3525 3586 3500 3790 3444 3916 3611 3877 3785 3898 3860 3697 3759 3520 
4151 3836 4022 3498 3959 3625 3971 3447 4107 4480 4056 3890 3920 4195 4199 4247 3887 3861 3745 4032 3880 3844 3697 3842 3850 4200 3705 4213 4090 4390 3888 3921 
3691 3621 3888 3620 3718 3322 3647 3585 3885 3787 3623 3388 3820 3916 3745 3891 3653 3658 3937 3831 3274 3765 3572 3767 3538 3818 3702 3865 3675 3694 3610 3800 
3686 3847 3821 3785 3885 3291 3666 3308 3934 4007 3465 3605 3705 3585 3917 3929 3449 3828 3722 3803 3742 3752 3718 3768 3673 3929 3805 3935 3948 3988 3777 3740 
3653 3526 3523 3568 3511 3057 3535 3127 3545 3524 3487 3318 3618 3491 3715 3753 3415 3527 3325 3396 3289 3504 3583 3451 3242 3699 3399 3724 3422 3491 3387 3683 
4042 4013 4125 4112 3910 3676 4101 3545 4162 4221 3941 3682 3802 3772 4136 4257 3974 4085 4166 4209 3586 4108 3834 4286 3713 4163 3911 4212 3970 4325 3938 3959 
4059 3948 3854 3932 4087 3529 3833 3635 4144 4051 4084 3721 3852 3932 3943 4365 4041 4021 3824 3820 3743 3981 3855 3839 3843 4236 3941 4030 3987 3832 3952 4031 
4067 4121 4321 3961 4117 3710 4045 3715 4457 4121 4273 3886 4070 3975 4210 4458 4222 4034 4191 4096 4223 4236 3949 4163 4091 4459 4208 4347 4277 4090 3962 4278 
3990 4026 3880 3935 3990 3655 4107 3570 3996 4016 4050 3764 3954 3985 4039 4484 4102 3942 3850 3876 3746 4000 3713 3980 3821 4339 3929 3938 4014 3856 3835 4101 
4220 3879 3751 3566 3950 3527 3888 3270 4067 3958 4098 3588 3891 3878 4171 4070 3917 3870 3774 3792 3721 3804 3869 3946 3706 4176 3625 3979 3855 4073 3890 4068 
3783 3680 3613 3648 3570 3240 3614 3120 3890 3719 3615 3505 3635 3463 3815 3883 3736 3869 3715 3784 3726 3472 3287 3572 3339 3784 3369 3862 3760 3794 3661 3722 
3962 3890 3875 3722 3802 3597 4010 3430 4101 4074 3771 3608 3718 3850 4062 4230 3727 3979 3848 3883 3624 3700 3647 3967 3568 3967 3550 3930 3780 3899 3774 3929 
4128 3664 3853 3878 3856 3565 3802 3732 3875 3934 3960 3703 3996 3747 3861 4017 3880 3864 3755 3762 3582 4047 3742 4059 3643 4028 3737 3951 3870 3956 3694 3918 
4126 3834 3650 3661 3897 3500 3899 3497 3978 4069 3911 3644 3853 3976 3919 4151 3648 3921 3795 3964 3526 4107 3856 3890 3649 4039 3707 4190 3809 3848 3838 3982 
4163 3972 3844 3948 4000 3433 3903 3412 4105 4139 3960 3810 3706 3963 3843 4055 3920 4097 3874 3946 3667 3985 3665 4130 3878 4097 3762 3921 3930 4010 4187 3868 
4175 4165 3840 3835 4255 3669 4179 3822 4221 4245 4179 3985 4155 4064 4071 4387 4106 3979 3927 4136 3764 4199 3901 4332 3913 4340 4009 4351 4084 4248 4060 4247 
3969 3628 3767 3735 3829 3432 3755 3297 3948 3766 3759 3351 3700 3836 3719 3984 3691 3789 3791 3690 3525 3638 3618 3794 3486 3772 3641 3891 3856 3872 3556 3670 
3885 3923 4065 4072 3828 3466 4010 3550 4095 3868 3985 3754 3940 3993 4156 4493 3965 3865 4046 3971 3746 3815 3690 3807 3743 4088 3721 4100 4068 3642 3954 3813 
4276 4312 4230 3955 4118 3888 4380 3912 4532 4340 4113 3981 4262 4022 4359 4367 4394 4446 4060 4230 3861 4307 4048 4182 4012 4540 4150 4379 4302 4239 3978 4239 
3707 3849 3809 3497 3756 3247 3746 3654 3919 3900 3741 3573 3786 3649 4031 3957 3730 3852 3777 3684 3626 3786 3493 3679 3460 4096 3742 3843 3568 4037 3778 3819 
4172 3846 3848 3738 3965 3548 4035 3554 4002 4175 3986 3794 3931 4049 4179 4267 3921 4062 3952 4095 3594 3991 3543 3932 3803 4075 3766 4026 3867 3970 3827 3964 
4548 4004 4311 3862 4171 3672 4318 3760 4336 4124 4180 4157 4166 3998 4217 4335 4089 4208 4069 4039 3867 4195 3956 4159 3915 4459 3981 4496 4212 4271 4063 4322 
3980 3946 3936 3548 4138 3407 3999 3559 4024 4147 4063 3767 3721 3810 4025 4128 3912 3902 3688 3856 3565 3873 3777 3874 3491 3964 3524 4103 3962 4020 3772 3924 
4290 4068 4155 3916 3834 3649 4057 3633 4272 4055 3984 3675 4103 4027 4046 4615 4098 3892 4013 4168 3807 4132 3977 4067 3842 4266 3859 4133 4174 4016 4081 4112 
3882 3965 3693 3751 3872 3348 3774 3403 3859 4119 3698 3453 3788 3839 3583 3954 3563 3869 3754 3487 3528 4014 3755 3687 3568 3827 3552 3847 3734 3752 3622 3778 
4141 4010 3932 3894 4202 3532 4050 3569 3968 4181 3991 3915 3848 4004 4011 4185 3796 4083 3876 4029 3869 3987 3891 4020 3707 4221 3771 4334 4225 4032 4101 4012 
3956 3808 3668 3559 3801 3451 3707 3349 3853 3719 3762 3611 3746 3654 3832 3954 3758 3551 3643 3674 3569 3552 3523 3736 3501 3949 3710 3923 3677 3615 3745 3767 
3772 3923 3855 3544 3727 3510 3714 3467 4098 3912 3832 3421 3762 3806 4098 4256 3720 3886 3918 3969 3472 3753 3838 3777 3808 4069 3962 4312 3624 3990 3825 3704 
3834 3618 3582 3433 3834 3241 3744 3308 3609 3771 3682 3335 3657 3633 3802 3868 3493 3673 3615 3530 3704 3766 3570 3880 3429 3738 3453 3656 3790 3761 3583 3816 
4140 3965 3990 3795 3682 3484 3816 3450 3988 4082 4062 3747 3923 3745 3793 4178 3715 4121 3674 3874 3770 3984 3713 3860 3657 4246 3946 3849 3841 3893 3989 3809 
4255 3955 3986 3980 4240 3408 4067 3412 4096 4150 4131 3593 4041 4218 3878 4133 4145 4161 3978 3933 3863 4202 4024 4037 3638 4086 3859 4167 3941 4012 3926 4032 
