5035 4912 5158 4913 5180 4680 4902 4668 5175 5266 4686 4918 5239 4969 5205 5474 5021 5065 4933 4913 4909 5211 4869 5006 4927 5361 4928 5224 5068 5186 5401 5065 
5049 4665 5032 4963 5028 4832 4630 4556 5046 5031 4580 4589 4909 4695 5059 5470 4772 4977 4792 4818 4605 5047 4651 5017 4844 4937 5008 5190 4948 4971 5134 4566 
5752 5006 5528 4770 5503 5255 5237 4816 5365 5921 5147 5166 5333 5431 5537 5842 5292 5155 5130 5285 5215 5147 5127 5129 5155 5572 5053 5484 5325 5875 5467 5312 
5206 4702 5326 4872 5090 4686 4812 4762 5049 5083 4637 4407 5112 5077 5040 5369 4865 5078 5205 4974 4484 4895 4917 5046 4695 5131 4932 5045 4892 4955 5097 5000 
5007 4900 5246 4886 5241 4724 4817 4514 5088 5244 4352 4684 4926 4848 5252 5337 4651 4952 4957 4856 4968 4975 4894 4886 4968 5131 4993 5182 4978 5235 5189 4850 
5103 4891 4981 4733 5035 4590 4829 4570 4729 4898 4561 4499 4959 4727 5049 5320 4661 4761 4744 4560 4407 4664 5028 4691 4424 4917 4690 5017 4676 4884 4806 4945 
5645 5354 5594 5478 5561 5268 5340 4848 5630 5796 5019 5027 5191 5140 5621 5786 5430 5438 5613 5524 4791 5472 5261 5624 5057 5622 5398 5663 5280 5828 5616 5347 
5469 5214 5337 5115 5557 5117 4956 4945 5447 5457 5142 4930 5126 5098 5260 5768 5387 5252 5211 4953 4949 5184 5157 4984 5193 5553 5292 5347 5303 5215 5356 5358 
5450 5228 5601 5065 5507 5121 5202 4911 5674 5498 5279 4969 5269 5165 5505 5896 5521 5240 5436 5144 5268 5469 5221 5282 5257 5702 5513 5614 5465 5405 5445 5486 
5585 5192 5480 5154 5452 5151 5488 5066 5377 5583 5159 4973 5438 5203 5433 6177 5508 5420 5266 5054 5033 5400 5199 5291 5183 5753 5154 5237 5262 5393 5423 5480 
6001 5357 5395 4896 5596 5235 5290 4654 5495 5617 5226 4808 5420 5271 5831 5808 5423 5362 5318 5105 5192 5268 5342 5363 5185 5718 5161 5319 5220 5636 5605 5561 
5193 4985 4973 4723 4816 4542 4819 4315 4999 5046 4593 4599 4829 4640 4970 5181 4978 5010 5038 4988 4807 4565 4585 4776 4583 5064 4588 5067 4783 5098 5033 4935 
5401 5058 5387 5018 5485 5117 5304 4854 5429 5599 4793 4839 5087 5100 5418 5953 5007 5455 5165 5069 4871 5060 5016 5374 4838 5430 4971 5342 5068 5361 5453 5307 
5707 4749 5207 4896 5417 4987 5003 5077 5154 5245 4985 4902 5287 5012 5109 5519 5178 5122 5027 4882 4809 5274 5141 5211 4873 5276 5035 5180 5009 5302 5151 5184 
5569 5026 5095 4865 5278 4891 5108 4815 5106 5374 4930 4657 5026 5085 5165 5635 4947 5222 5206 5057 4749 5317 5127 5040 4861 5313 4913 5461 4907 5222 5229 5220 
5492 5012 5285 5088 5446 4993 5007 4782 5388 5602 4935 4918 5074 5030 5161 5561 5130 5350 5131 5109 4832 5109 4997 5287 5186 5498 5067 5191 5214 5422 5651 5135 
5598 5292 5276 5093 5703 5284 5349 5128 5520 5698 5221 5259 5488 5249 5518 5954 5350 5163 5248 5448 4927 5499 5238 5561 5246 5672 5268 5658 5301 5575 5483 5454 
5530 4880 5396 5033 5532 4935 5072 4757 5184 5279 4790 4658 5123 5029 5203 5681 5089 5163 5031 5011 4772 5079 4987 5179 4856 5251 5011 5328 5120 5303 5201 5008 
5545 5426 5731 5424 5444 5153 5454 5150 5575 5532 5167 4983 5478 5365 5817 6239 5276 5324 5507 5314 5034 5109 5235 5151 5189 5616 5353 5470 5303 5219 5657 5135 
6004 5625 5860 5317 5856 5606 5709 5435 5863 5889 5196 5316 5633 5439 5893 5995 5884 5883 5639 5553 5332 5813 5555 5587 5452 5960 5633 5922 5627 5781 5618 5688 
5102 5127 5480 4607 5260 4781 5044 5127 5225 5431 4774 4706 5090 4933 5423 5476 4975 5041 5199 4873 4795 5017 4830 4945 4764 5501 5005 5054 4803 5539 5192 5087 
5442 4949 5144 4702 5146 4777 5094 4721 5113 5466 4949 4962 5133 5085 5374 5689 4993 5284 5206 5142 4676 5157 4734 5091 4999 5274 4945 5140 4916 5264 5271 5226 
5889 5018 5671 4888 5572 4987 5584 4930 5551 5417 5045 5078 5372 5084 5497 5665 5278 5334 5233 5044 4887 5393 5140 5239 5171 5804 5212 5675 5332 5544 5482 5473 
5365 5171 5407 4660 5521 4864 5154 4749 5246 5563 5141 4915 4924 5083 5319 5583 5208 5127 5094 5057 4678 5059 5108 5114 4803 5231 4746 5404 5142 5414 5266 5129 
5802 5225 5680 5122 5315 5162 5371 5072 5620 5490 5047 4880 5301 5297 5413 6298 5628 5319 5445 5291 5058 5428 5395 5204 5220 5566 5207 5502 5310 5393 5564 5380 
5365 5111 5044 4844 5202 4853 4910 4673 5165 5404 4695 4444 5078 5093 4894 5504 4780 5071 5073 4661 4760 5212 4979 4844 4886 4933 4859 5054 4917 5030 4879 4945 
5655 5165 5486 5115 5674 4930 5168 4815 5173 5560 4936 5075 4971 5182 5396 5631 5027 5312 5250 5187 5084 5075 5177 5091 5014 5465 5088 5615 5351 5491 5469 5199 
5629 5136 5248 4850 5443 5073 4913 4702 5219 5253 4851 4886 5195 5027 5407 5497 5110 4880 5075 4968 4894 4895 4802 5108 4943 5389 5026 5246 5007 5131 5379 5075 
5043 5118 5109 4722 5062 4879 4835 4618 5233 5257 4642 4495 5006 4919 5204 5666 4856 5057 5176 5113 4582 4968 4992 5051 5007 5204 5198 5440 4653 5253 5266 4817 
5342 4886 5022 4559 5389 4755 4972 4663 4931 5135 4826 4453 4945 4852 5290 5431 4736 4962 4968 4649 4893 4972 5032 4941 4758 5077 4670 5006 4968 5228 5028 5033 
5589 5288 5537 5163 5221 5064 5130 4663 5349 5446 5101 4934 5316 5032 5214 5694 4957 5392 5026 5211 5052 5352 5063 5031 5063 5577 5296 5203 5075 5189 5641 5126 
5449 5101 5225 5076 5441 4620 5141 4567 5137 5388 4971 4582 5036 5169 4915 5343 5287 5344 5087 4950 4868 5223 5282 5138 4634 5209 5002 5296 4916 5140 5261 5204 
