544 541 554 686 656 576 677 595 609 639 610 529 687 736 622 588 518 430 506 509 727 611 608 498 658 671 535 674 674 447 740 571 
548 470 557 594 589 673 497 491 517 649 523 440 693 620 643 483 462 417 467 466 553 669 477 500 628 652 553 501 537 429 710 548 
775 582 694 710 728 731 717 630 628 877 774 563 748 906 696 639 644 451 593 558 784 704 692 531 774 829 587 845 774 549 801 651 
552 572 694 734 614 662 641 695 613 675 657 479 819 799 603 568 536 494 582 557 648 614 660 525 708 705 459 623 627 448 661 686 
640 637 625 717 679 644 655 577 656 706 619 559 786 793 717 615 558 479 614 558 674 695 659 515 729 763 624 732 676 526 815 638 
556 581 599 632 606 673 545 611 566 693 642 451 691 787 628 635 525 457 520 473 550 669 602 440 626 650 571 545 580 362 688 610 
615 557 656 683 611 715 649 611 604 590 584 438 739 727 616 571 550 442 656 590 517 625 586 544 607 761 554 617 611 475 661 631 
712 709 654 741 718 678 659 669 674 757 745 586 711 882 770 780 660 513 584 589 661 701 711 543 729 766 618 728 697 581 792 864 
741 712 737 755 787 840 693 798 656 813 852 595 824 955 778 704 725 569 711 632 764 825 732 639 777 875 797 819 808 540 934 853 
695 647 638 631 659 767 650 657 615 643 650 485 739 745 722 705 518 386 550 593 671 667 622 598 702 743 643 644 631 508 655 646 
663 660 595 716 638 743 678 522 601 748 726 461 691 765 764 607 588 489 578 559 621 613 711 506 684 739 582 716 626 548 787 780 
516 515 564 642 542 557 509 438 554 537 513 361 617 628 550 531 575 482 556 488 607 521 503 488 586 601 407 538 535 532 687 599 
549 562 508 578 518 710 618 525 666 620 567 474 559 645 655 596 485 412 487 490 474 530 497 432 543 656 473 562 559 464 628 592 
786 589 695 648 660 692 701 744 634 877 718 554 825 890 710 658 599 488 596 630 607 719 656 619 802 891 627 768 680 555 730 755 
826 703 661 711 603 777 812 759 767 924 746 613 836 917 809 719 660 490 640 657 630 809 706 603 727 930 633 771 719 550 802 790 
654 666 630 747 674 743 769 632 681 711 657 499 725 776 750 618 656 508 625 661 679 613 640 645 697 821 637 761 580 560 880 700 
644 699 584 651 619 740 780 648 606 759 648 472 737 696 659 541 698 418 605 625 617 642 721 660 697 820 634 716 571 518 739 781 
479 508 583 649 528 665 593 627 589 597 639 407 635 718 601 565 523 475 519 474 593 581 564 402 604 634 508 539 571 473 671 593 
685 698 761 850 778 811 782 750 770 813 780 596 878 918 818 727 661 581 707 705 759 725 785 655 794 822 619 829 814 546 904 800 
545 531 527 543 586 654 541 507 531 613 531 419 654 578 530 456 527 371 490 431 551 600 582 426 615 658 534 567 532 455 603 575 
720 641 634 629 626 705 720 665 693 698 725 539 774 858 740 667 629 515 627 611 590 698 625 536 742 889 668 805 595 592 867 676 
610 534 571 679 573 638 711 574 690 751 658 518 657 842 738 648 536 525 563 539 569 538 510 493 611 747 498 665 596 561 704 638 
683 618 620 604 645 695 705 619 568 701 604 491 785 753 635 605 560 407 575 563 580 652 691 533 730 798 672 701 530 499 703 708 
687 555 599 633 684 625 709 572 665 808 718 547 720 755 690 628 670 486 473 563 653 674 553 541 688 776 451 743 636 547 813 701 
662 615 618 652 652 714 630 644 666 665 688 516 720 825 719 665 583 460 585 572 622 665 577 489 669 738 602 670 697 435 778 722 
684 703 658 827 722 839 758 737 808 912 699 533 812 921 770 713 631 519 663 635 709 749 691 582 736 773 683 679 832 547 747 836 
565 630 605 670 651 648 663 683 580 629 654 520 658 668 582 553 601 420 550 541 647 606 623 506 623 726 593 708 634 425 688 669 
647 642 628 647 632 769 658 687 620 667 693 538 666 787 705 620 591 431 523 502 623 661 639 557 684 785 593 716 596 472 753 679 
602 583 506 563 484 668 638 573 563 675 525 390 628 613 664 546 494 343 507 585 566 608 595 524 650 673 584 577 580 449 696 572 
750 607 681 723 734 811 719 744 625 745 711 491 772 783 713 609 574 434 545 597 785 655 614 616 757 767 593 700 771 566 682 757 
596 521 509 551 429 576 482 443 506 651 504 413 631 613 552 462 429 416 456 442 498 591 509 423 606 700 491 545 429 397 681 491 
499 478 414 493 485 472 473 508 420 529 469 354 531 600 478 400 452 321 450 482 465 438 498 487 453 530 491 549 492 345 499 555 
