4372 4371 4584 4356 4423 4055 4374 4157 4659 4695 4293 4433 4601 4362 4608 4856 4458 4478 4379 4357 4302 4633 4248 4425 4368 4793 4322 4643 4543 4571 4753 4466 
4321 4153 4348 4382 4357 4130 4166 3909 4458 4450 4191 4079 4282 4056 4461 4720 4258 4349 4217 4144 3967 4382 4076 4375 4305 4377 4382 4579 4434 4360 4410 4028 
4700 4271 4604 3899 4459 4219 4393 4015 4583 5108 4494 4330 4424 4557 4656 4902 4392 4254 4259 4436 4346 4248 4244 4247 4387 4718 4227 4563 4535 4931 4424 4390 
4384 4117 4528 4092 4278 4008 4163 4103 4471 4444 4162 3829 4404 4458 4365 4614 4264 4308 4513 4349 3818 4227 4216 4276 4181 4442 4286 4381 4186 4249 4281 4284 
4260 4421 4507 4275 4466 3986 4262 3883 4524 4698 3945 4131 4293 4133 4613 4659 4055 4325 4386 4287 4358 4283 4348 4211 4411 4513 4365 4547 4412 4626 4423 4246 
4432 4306 4325 4177 4260 3889 4184 3932 4283 4368 4095 3951 4297 4125 4399 4609 4096 4077 4075 4017 3799 4060 4390 4033 3901 4318 4033 4379 4107 4167 4109 4298 
4713 4669 4839 4685 4638 4416 4660 4232 4913 4973 4497 4286 4413 4434 4844 4983 4711 4667 4859 4819 4042 4704 4462 4842 4420 4840 4618 4835 4567 4961 4702 4565 
4801 4708 4638 4563 4863 4444 4406 4378 4899 4866 4692 4382 4578 4545 4708 5154 4748 4636 4604 4407 4410 4563 4607 4361 4683 4981 4711 4736 4688 4498 4695 4674 
4654 4683 4907 4395 4695 4310 4555 4242 5031 4807 4764 4301 4579 4475 4835 5126 4761 4527 4731 4527 4667 4701 4450 4625 4633 5070 4843 4834 4799 4653 4580 4877 
4800 4693 4762 4484 4687 4524 4889 4432 4786 4921 4706 4375 4744 4667 4848 5460 4862 4704 4633 4495 4394 4668 4512 4589 4713 5129 4630 4698 4625 4646 4615 4819 
5116 4698 4558 4189 4749 4408 4616 4040 4818 4854 4728 4162 4664 4538 5056 5046 4668 4623 4617 4426 4415 4522 4665 4585 4580 5007 4478 4635 4509 4852 4741 4806 
4526 4349 4347 4089 4188 3891 4200 3793 4483 4431 4112 4014 4204 4043 4433 4570 4400 4380 4352 4310 4293 3954 3968 4155 4006 4479 3984 4479 4257 4427 4320 4314 
4530 4422 4493 4170 4434 4252 4477 4039 4729 4831 4269 4127 4302 4360 4683 4994 4252 4567 4365 4393 4113 4243 4179 4499 4187 4604 4192 4460 4290 4485 4400 4519 
4823 4235 4511 4340 4451 4212 4367 4340 4502 4599 4481 4223 4589 4286 4462 4741 4490 4371 4384 4228 4123 4531 4359 4555 4298 4650 4338 4452 4344 4511 4365 4431 
4886 4532 4476 4293 4527 4222 4506 4197 4541 4823 4512 4170 4418 4517 4593 4953 4308 4538 4580 4545 4127 4638 4537 4403 4360 4700 4418 4873 4357 4535 4490 4559 
4879 4552 4581 4472 4649 4327 4434 4170 4841 4960 4513 4347 4482 4518 4554 4856 4556 4761 4562 4529 4292 4542 4312 4696 4689 4864 4480 4543 4631 4749 4932 4491 
4878 4845 4643 4477 4991 4520 4785 4582 4936 5107 4813 4651 4852 4651 4913 5257 4775 4598 4690 4788 4358 4812 4603 4924 4724 5067 4712 5070 4738 4985 4773 4872 
4610 4231 4471 4235 4514 4105 4364 3977 4520 4504 4290 3864 4312 4316 4472 4834 4287 4373 4416 4279 4050 4292 4258 4338 4225 4440 4252 4569 4422 4512 4247 4219 
4766 4738 4862 4688 4653 4362 4775 4459 4949 4811 4604 4378 4738 4655 5033 5463 4700 4631 4798 4619 4362 4476 4508 4429 4615 4869 4557 4715 4680 4465 4764 4492 
5047 5105 4976 4542 4879 4650 4979 4678 5126 5142 4637 4594 4887 4629 5097 5144 5093 5078 4884 4836 4507 4941 4748 4771 4813 5212 4906 5098 4867 4963 4729 4886 
4373 4527 4578 4015 4390 4042 4314 4395 4592 4715 4257 4095 4449 4242 4731 4736 4282 4392 4446 4247 4122 4296 4108 4235 4166 4834 4364 4433 4153 4738 4401 4425 
4808 4392 4501 4246 4501 4160 4565 4134 4612 4907 4523 4365 4573 4570 4817 5079 4513 4684 4586 4641 4152 4584 4105 4469 4496 4702 4382 4634 4331 4555 4514 4594 
5250 4621 5027 4360 4834 4429 5017 4410 5052 4848 4700 4634 4812 4534 5016 5111 4774 4805 4732 4562 4416 4798 4594 4685 4710 5223 4721 5121 4797 4946 4774 4928 
4674 4621 4645 4082 4811 4137 4553 4196 4630 4910 4623 4376 4361 4478 4696 4880 4564 4519 4376 4478 4101 4443 4419 4505 4206 4637 4190 4706 4513 4687 4551 4538 
5150 4813 5103 4564 4626 4542 4822 4473 5109 5007 4676 4359 4826 4767 4958 5667 4982 4697 4897 4781 4534 4861 4789 4678 4766 5099 4704 4937 4794 4817 4916 4836 
4585 4627 4367 4251 4483 4162 4429 4069 4598 4846 4214 3868 4423 4427 4259 4777 4172 4413 4453 4060 4092 4534 4366 4197 4376 4447 4248 4411 4332 4369 4251 4340 
4778 4599 4633 4467 4839 4236 4567 4130 4494 4842 4409 4407 4325 4488 4691 4873 4321 4595 4499 4500 4429 4419 4467 4455 4363 4808 4417 4896 4742 4634 4644 4491 
4734 4615 4427 4229 4598 4325 4335 4138 4638 4547 4400 4279 4504 4338 4689 4798 4486 4244 4471 4395 4167 4215 4206 4386 4412 4655 4454 4625 4315 4393 4565 4419 
4453 4592 4452 4093 4345 4212 4246 4105 4696 4666 4261 4019 4384 4356 4708 4995 4345 4474 4617 4542 4035 4356 4400 4375 4513 4611 4628 4859 4091 4611 4537 4256 
4528 4351 4331 4029 4557 4035 4385 4034 4334 4531 4350 3872 4292 4262 4612 4685 4196 4309 4295 4104 4244 4317 4336 4306 4243 4374 4106 4334 4370 4425 4250 4399 
4702 4587 4628 4366 4345 4207 4378 3986 4635 4741 4559 4260 4550 4249 4510 4908 4252 4651 4314 4420 4322 4565 4283 4323 4348 4839 4589 4457 4451 4489 4652 4353 
4843 4600 4578 4410 4797 3989 4580 3978 4567 4828 4590 4074 4557 4696 4423 4724 4712 4682 4484 4408 4349 4640 4695 4484 4159 4609 4458 4722 4358 4537 4535 4611 
