1231 1077 1140 1252 1237 1243 1266 1080 1295 1291 1362 1218 1386 1345 1251 1317 1113 1241 1087 1060 1158 1290 1190 1170 1247 1323 1064 1321 1274 1143 1436 1240 
1264 1084 1209 1251 1292 1332 1166 1118 1220 1244 1340 1206 1380 1187 1255 1271 1180 1159 1114 1115 1082 1334 1086 1222 1221 1367 1162 1223 1277 1035 1450 1293 
1443 1142 1276 1182 1271 1320 1270 1137 1336 1465 1490 1226 1377 1549 1303 1371 1186 1106 1207 1116 1271 1354 1212 1116 1297 1494 1134 1463 1262 1261 1433 1271 
1263 1205 1268 1349 1315 1334 1280 1328 1263 1273 1481 1149 1507 1525 1231 1290 1159 1222 1281 1191 1061 1243 1230 1283 1220 1312 1082 1329 1229 1157 1355 1395 
1063 1058 1070 1177 1098 1178 1080 966 1143 1157 1186 1065 1277 1126 1210 1165 970 1038 1087 1009 1062 1163 1035 983 1144 1277 1063 1169 1207 1081 1336 1131 
1188 1130 1184 1247 1136 1229 1048 1081 1201 1203 1284 1130 1267 1316 1168 1248 1070 1129 1047 957 968 1222 1142 976 1007 1211 1081 1114 1055 904 1208 1232 
1356 1180 1405 1297 1198 1375 1349 1093 1306 1224 1473 1102 1441 1334 1258 1383 1190 1156 1423 1256 967 1297 1157 1256 1170 1421 1134 1303 1194 1190 1349 1244 
1368 1265 1198 1353 1305 1306 1241 1137 1347 1347 1544 1306 1341 1466 1351 1569 1269 1196 1151 1100 1110 1309 1302 1218 1269 1448 1220 1353 1285 1183 1435 1439 
1400 1280 1347 1287 1304 1457 1288 1219 1416 1413 1643 1213 1513 1455 1325 1513 1374 1209 1436 1216 1351 1490 1330 1285 1436 1515 1334 1390 1344 1105 1468 1475 
1492 1432 1401 1356 1474 1550 1447 1289 1458 1325 1554 1283 1607 1504 1433 1634 1362 1220 1416 1312 1191 1412 1255 1379 1435 1610 1358 1412 1338 1212 1460 1423 
1447 1365 1223 1247 1430 1535 1415 1093 1417 1442 1525 1189 1582 1589 1484 1541 1403 1248 1334 1227 1118 1377 1418 1261 1360 1530 1178 1392 1248 1316 1500 1559 
1041 1022 1059 1089 1003 1061 1004 806 1160 1048 1019 899 1174 1036 1059 1127 1104 1070 1053 1017 1027 993 939 844 996 1163 824 1045 1050 986 1161 1111 
1188 1057 1053 1088 1053 1348 1281 1044 1287 1196 1306 1068 1160 1327 1323 1401 1088 1114 1159 1123 899 1126 1036 1151 971 1234 931 1208 1049 1104 1286 1282 
1402 1068 1281 1203 1211 1253 1213 1289 1185 1283 1468 1167 1418 1448 1234 1266 1198 1079 1187 1014 1040 1283 1145 1243 1305 1489 1112 1361 1197 1121 1296 1364 
1454 1305 1156 1297 1218 1446 1399 1301 1424 1516 1407 1302 1490 1497 1434 1438 1240 1215 1258 1209 1045 1409 1186 1271 1216 1548 1247 1381 1323 1191 1452 1461 
1489 1367 1385 1429 1368 1414 1468 1180 1530 1386 1492 1271 1520 1439 1421 1396 1341 1407 1337 1315 1230 1333 1277 1357 1370 1615 1286 1517 1309 1310 1611 1437 
1432 1441 1341 1256 1426 1483 1559 1259 1417 1500 1532 1298 1606 1499 1440 1514 1443 1235 1388 1360 1138 1430 1450 1451 1316 1687 1324 1508 1200 1339 1510 1508 
1212 993 1136 1140 1110 1280 1200 1100 1253 1157 1298 951 1305 1370 1128 1245 1114 1112 1076 1046 943 1199 1097 1083 1077 1228 1012 1138 1086 1065 1250 1164 
1410 1358 1492 1552 1397 1486 1524 1297 1549 1398 1620 1276 1530 1584 1526 1547 1382 1355 1408 1411 1315 1309 1294 1336 1321 1495 1137 1472 1388 1212 1603 1469 
1182 1170 1083 1064 1223 1248 1213 972 1182 1241 1227 1107 1276 1166 1094 1153 1133 1047 1115 1022 867 1230 1116 1053 1191 1282 1089 1214 1079 1094 1209 1143 
1282 1105 1129 1061 1114 1282 1263 1141 1268 1209 1424 1179 1345 1415 1306 1368 1124 1172 1251 1131 1006 1266 1096 1041 1245 1511 1199 1357 1092 1260 1492 1241 
1488 1299 1435 1300 1369 1432 1592 1274 1615 1531 1653 1332 1549 1648 1534 1662 1325 1350 1465 1385 1221 1459 1189 1279 1342 1626 1188 1445 1335 1389 1517 1480 
1608 1376 1463 1281 1496 1442 1583 1316 1498 1400 1592 1298 1655 1579 1458 1533 1408 1298 1412 1292 1212 1523 1410 1430 1486 1676 1322 1573 1396 1308 1537 1551 
1391 1223 1326 1136 1448 1305 1395 1101 1271 1357 1515 1207 1494 1434 1305 1373 1338 1191 1221 1131 1001 1324 1173 1177 1235 1436 1015 1427 1217 1162 1429 1365 
1412 1184 1310 1201 1282 1414 1314 1129 1390 1237 1499 1145 1500 1408 1276 1463 1301 1160 1244 1170 1121 1289 1183 1163 1305 1449 1129 1289 1296 1074 1518 1409 
1398 1368 1304 1365 1453 1493 1440 1360 1492 1564 1537 1164 1594 1673 1410 1465 1313 1285 1387 1288 1128 1448 1284 1346 1331 1481 1251 1374 1456 1247 1505 1539 
1155 1226 1229 1244 1312 1212 1267 1244 1197 1220 1459 1238 1287 1319 1259 1268 1111 1200 1148 1041 1124 1223 1170 1088 1154 1397 1174 1352 1223 1096 1347 1293 
1279 1213 1190 1136 1231 1417 1210 1165 1245 1179 1398 1226 1309 1325 1155 1361 1217 978 1179 1056 1033 1231 1147 1089 1202 1401 1203 1255 1112 1025 1307 1239 
1153 1131 1074 954 1057 1308 1256 1036 1125 1234 1249 961 1218 1244 1304 1237 1021 993 1121 1146 929 1131 1112 1056 1105 1292 1034 1198 992 1115 1278 1102 
1358 1156 1252 1192 1349 1483 1395 1327 1295 1385 1519 1131 1431 1512 1439 1408 1206 1229 1326 1195 1279 1321 1176 1357 1328 1432 1158 1403 1356 1253 1353 1441 
1335 1167 1237 1159 1070 1212 1144 1048 1226 1250 1330 1160 1333 1228 1205 1273 1052 1297 1167 1015 1047 1293 1056 1108 1241 1398 1095 1205 1085 1082 1419 1173 
1318 1155 1096 1072 1169 1253 1147 976 1215 1247 1369 987 1421 1273 1146 1195 1192 1121 1198 1168 950 1109 1183 1196 1121 1264 1107 1288 1205 1049 1250 1226 
