1939 1820 1815 1885 1983 1785 1891 1717 1912 1914 2056 1945 1984 1983 1958 1992 1767 1842 1738 1753 1851 1981 1914 1896 1870 2021 1708 1990 1924 1883 2070 1751 
1818 1650 1810 1781 1908 1787 1685 1624 1800 1760 1974 1772 1959 1841 1805 1904 1710 1714 1667 1679 1621 1939 1616 1886 1809 1937 1783 1785 1819 1635 1987 1646 
2154 1838 1964 1814 1981 1819 1909 1762 1927 2222 2323 1988 2128 2311 2074 2187 1991 1789 1934 1889 1921 2142 1840 1810 2057 2257 1944 2168 1957 2111 2026 1776 
1853 1768 1807 1705 1797 1771 1732 1871 1731 1904 2042 1702 1944 2042 1757 1910 1731 1634 1763 1793 1403 1799 1620 1896 1721 1867 1672 1858 1720 1670 1789 1765 
1778 1732 1686 1768 1778 1605 1579 1605 1763 1842 1817 1726 1835 1635 1953 1909 1475 1656 1739 1649 1720 1813 1665 1674 1832 1846 1746 1896 1847 1814 1892 1544 
1954 1806 1844 1883 1862 1802 1751 1803 1905 1867 2034 1799 1932 1866 1874 1999 1717 1741 1682 1682 1656 1884 1804 1661 1687 1942 1732 1861 1727 1683 1796 1722 
2169 1919 2134 2004 2032 1971 1991 1820 2035 2076 2210 1799 2082 1945 2075 2176 1853 1859 2191 2011 1630 2090 1797 2127 1925 2109 1968 2106 1926 2073 1940 1730 
2040 1981 1870 1886 2036 1845 1817 1883 1985 2047 2206 1903 1979 2136 2013 2355 1970 1730 1751 1687 1806 1964 1976 1818 2006 2074 1863 1903 1887 1883 1986 1897 
2084 2011 2034 1860 2020 2006 1935 1980 2145 2012 2412 1903 2111 2107 2100 2295 2057 1806 2105 1845 2132 2105 2057 1858 2134 2225 1989 2120 1990 1954 2084 1992 
2212 2248 2047 1894 2272 2116 2074 2014 2004 2100 2288 2003 2167 2287 2160 2412 2061 1891 1942 2036 1925 2164 1873 2119 2119 2293 2030 2024 2062 1952 2090 2000 
2199 2115 1937 1903 2214 2065 2111 1858 2164 2171 2296 1945 2168 2261 2295 2336 2127 1911 2045 1917 1900 2111 2106 2062 2124 2229 1810 2154 1894 2106 2172 2058 
1733 1680 1735 1603 1628 1716 1606 1517 1804 1689 1725 1656 1809 1630 1846 1817 1775 1720 1715 1708 1696 1627 1540 1561 1684 1846 1491 1767 1681 1744 1788 1590 
1939 1703 1762 1707 1836 1882 1900 1719 1948 1941 1951 1690 1789 1960 2017 2085 1649 1685 1790 1814 1537 1818 1639 1849 1654 1811 1557 1867 1696 1860 1800 1775 
2229 1856 2063 1915 2048 1981 1994 1992 1984 2039 2335 1963 2163 2184 1992 1965 2004 1768 1941 1812 1721 2065 1894 2111 2070 2203 1853 2066 1907 1976 1923 1860 
2247 1989 1855 1886 2049 1928 2012 1988 1998 2298 2091 1964 2074 2188 2111 2167 1881 1810 1959 1956 1762 2164 1906 1920 1978 2142 1897 2048 1980 1954 1921 1910 
2214 2159 2076 2034 2160 1928 2079 1861 2170 2195 2228 2024 2108 2130 2201 2205 2073 2086 2051 2013 1908 2140 1940 2194 2153 2343 2031 2156 2006 2067 2257 1911 
2257 2239 2076 1968 2347 2046 2315 2052 2184 2333 2380 2072 2333 2288 2230 2396 2124 1907 2026 2141 1928 2234 2149 2276 2157 2396 2046 2295 1966 2219 2167 2078 
1942 1683 1755 1682 1836 1825 1786 1757 1871 1815 2006 1594 1876 2012 1701 1905 1745 1680 1678 1686 1507 1811 1735 1748 1677 1833 1647 1747 1737 1799 1797 1604 
2102 2012 2162 2150 2062 1915 2084 1886 2101 2072 2274 1918 2141 2142 2203 2317 1894 1911 2024 2090 1884 1978 1911 1948 1982 2142 1808 2191 1991 1845 2159 1960 
1914 1987 1827 1692 1981 1916 2018 1733 1941 2001 2076 1866 2013 1991 1894 2007 1979 1853 1748 1828 1691 2051 1806 1772 1963 2078 1787 1884 1864 1928 1894 1698 
1996 1844 1838 1743 1891 1806 1901 1861 1964 1930 2147 1895 2006 2093 2076 2073 1825 1758 1876 1852 1697 2024 1783 1847 1929 2138 1877 2016 1760 2000 2063 1746 
2261 1988 2035 1840 2030 1930 2217 1968 2200 2256 2348 1996 2124 2208 2199 2393 1969 1914 1968 2079 1795 2101 1761 1994 2057 2253 1781 2112 1920 1960 2052 1944 
2318 2014 2127 1781 2177 1975 2141 1971 2127 2105 2271 2049 2269 2143 2102 2267 1899 1885 2017 1998 1819 2165 2010 2052 2120 2319 2013 2315 2071 2089 2035 1998 
2002 1879 2073 1666 2091 1845 1967 1753 2000 2049 2173 1887 2000 2012 1959 2048 1938 1699 1800 1751 1557 1951 1825 1898 1788 1989 1661 1993 1850 1867 1937 1732 
2203 1912 2104 1799 1991 2021 2009 1928 2124 1974 2189 1811 2143 2164 2067 2329 2031 1734 1946 1942 1806 2005 1877 1858 1951 2128 1809 2011 1999 1822 2057 1961 
2013 1907 1895 1846 2162 1949 1956 1953 2007 2210 2073 1681 2087 2298 1943 2058 1811 1801 1935 1891 1734 2060 1793 1923 1943 1998 1787 1921 1976 1918 1959 1983 
1909 2001 1944 1920 2135 1709 1925 1965 1813 1926 2175 1966 1942 2047 2020 2092 1754 1818 1779 1741 1875 1968 1938 1816 1869 2115 1851 2081 1990 1860 2002 1832 
2001 1944 1870 1796 2077 1928 1911 1908 1852 1891 2127 1940 2017 2105 1875 2162 1865 1615 1842 1758 1752 1944 1871 1779 1940 2125 1890 1946 1805 1839 1928 1794 
1793 1815 1739 1513 1736 1780 1797 1656 1756 1887 1918 1569 1843 1901 1959 1882 1614 1522 1730 1762 1465 1736 1698 1685 1770 1877 1719 1813 1533 1826 1818 1584 
1969 1823 1855 1733 2060 1942 1935 1953 1777 2067 2118 1750 1980 2135 2101 2130 1763 1791 1906 1822 1909 1979 1858 1947 1911 1921 1755 1903 1969 1897 1865 1895 
2096 1870 1911 1700 1767 1832 1754 1762 1824 2022 2073 1917 2041 1847 1893 2080 1695 1956 1810 1740 1666 2003 1729 1809 1993 2054 1801 1837 1773 1762 2018 1633 
2110 1916 1867 1820 2056 1837 1925 1714 1927 2025 2295 1655 2108 2175 1926 2025 2058 1849 1952 1950 1740 1952 1931 1984 1913 2011 1860 1976 1970 1929 1922 1800 
