2443 2336 2342 2498 2477 2215 2545 2249 2652 2542 2590 2454 2432 2615 2531 2545 2304 2412 2283 2446 2405 2549 2458 2589 2415 2580 2249 2594 2588 2448 2694 2408 
2471 2333 2395 2467 2559 2372 2406 2112 2561 2446 2532 2342 2479 2464 2469 2603 2246 2396 2262 2391 2239 2510 2260 2596 2482 2531 2371 2591 2556 2394 2637 2275 
2804 2517 2560 2445 2701 2315 2724 2328 2811 2977 2910 2668 2649 3124 2777 2811 2623 2528 2490 2692 2555 2714 2437 2601 2721 2890 2500 2929 2706 2795 2692 2481 
2540 2382 2421 2351 2438 2269 2490 2424 2633 2514 2624 2263 2549 2845 2470 2460 2411 2338 2402 2531 1909 2495 2249 2603 2445 2515 2289 2563 2362 2284 2475 2467 
2401 2415 2426 2522 2538 2125 2449 2214 2671 2567 2314 2367 2386 2414 2578 2538 2075 2332 2325 2490 2354 2493 2369 2408 2437 2538 2426 2573 2572 2558 2603 2305 
2443 2221 2305 2340 2361 2187 2312 2226 2463 2367 2446 2270 2370 2415 2415 2405 2137 2226 2117 2250 2053 2353 2289 2243 2241 2369 2127 2392 2285 2263 2310 2292 
2814 2613 2770 2741 2711 2542 2838 2431 2893 2831 2803 2458 2641 2677 2684 2807 2565 2646 2809 2860 2281 2814 2523 2992 2610 2747 2499 2779 2663 2883 2732 2531 
2683 2583 2425 2547 2667 2354 2559 2435 2810 2709 2822 2418 2520 2874 2687 2929 2633 2458 2428 2411 2376 2596 2568 2502 2705 2722 2467 2612 2517 2430 2617 2512 
2711 2755 2774 2597 2723 2559 2748 2580 3061 2818 3069 2558 2697 2882 2852 2954 2707 2546 2766 2711 2806 2827 2700 2692 2906 2937 2660 2946 2768 2666 2762 2754 
2693 2674 2525 2475 2798 2521 2787 2488 2639 2692 2754 2465 2622 2875 2678 2881 2634 2459 2482 2593 2407 2668 2439 2739 2691 2870 2458 2620 2682 2470 2635 2583 
2783 2584 2411 2418 2735 2456 2745 2244 2801 2702 2795 2433 2653 2808 2874 2768 2620 2456 2525 2442 2346 2614 2711 2637 2703 2718 2276 2723 2421 2664 2704 2684 
2378 2308 2208 2198 2248 2107 2327 1999 2535 2368 2339 2313 2322 2308 2482 2346 2362 2397 2245 2376 2301 2097 2040 2219 2278 2375 1939 2481 2308 2350 2377 2268 
2635 2344 2337 2320 2468 2388 2651 2333 2693 2638 2581 2292 2379 2719 2665 2669 2221 2401 2336 2548 2052 2368 2262 2532 2397 2366 2081 2544 2338 2529 2511 2553 
2802 2341 2524 2433 2567 2520 2590 2514 2638 2656 2789 2394 2638 2686 2441 2546 2491 2413 2378 2461 2267 2636 2502 2742 2572 2634 2327 2727 2481 2552 2475 2499 
2816 2544 2368 2454 2681 2483 2750 2549 2723 2876 2664 2557 2681 2849 2724 2750 2484 2475 2480 2672 2286 2804 2544 2718 2615 2769 2384 2767 2589 2580 2547 2610 
2836 2768 2651 2624 2879 2360 2746 2426 2889 2877 2782 2638 2578 2824 2769 2719 2697 2752 2613 2727 2439 2698 2421 2874 2849 2852 2496 2732 2657 2744 2906 2577 
2920 2811 2602 2536 2994 2585 3035 2675 2957 2944 2998 2689 2892 3017 2852 2996 2730 2630 2522 2821 2507 2854 2786 3040 2865 2953 2585 3025 2673 2881 2778 2833 
2656 2339 2413 2424 2556 2357 2504 2324 2768 2610 2675 2226 2479 2819 2492 2620 2339 2412 2382 2505 2106 2427 2420 2472 2419 2397 2330 2612 2509 2502 2483 2327 
2653 2508 2624 2690 2621 2296 2719 2369 2767 2549 2842 2463 2684 2779 2811 2853 2465 2451 2564 2675 2371 2390 2408 2537 2624 2694 2202 2789 2544 2377 2728 2508 
2698 2639 2540 2368 2654 2517 2870 2424 2916 2741 2760 2438 2714 2794 2665 2591 2716 2718 2452 2643 2288 2767 2580 2615 2742 2780 2416 2742 2621 2575 2563 2539 
2525 2421 2321 2253 2500 2200 2539 2348 2601 2587 2636 2384 2452 2723 2669 2587 2350 2404 2405 2452 2163 2570 2260 2380 2544 2652 2406 2588 2314 2604 2613 2412 
2825 2524 2508 2475 2639 2395 2842 2510 2841 2883 2843 2547 2645 2828 2722 2903 2493 2562 2529 2768 2319 2711 2296 2673 2618 2700 2323 2711 2536 2591 2710 2629 
3065 2622 2759 2442 2893 2411 2966 2583 2974 2760 2842 2638 2760 2876 2752 2835 2567 2637 2680 2685 2381 2834 2643 2764 2757 2909 2482 3027 2751 2741 2723 2670 
2624 2541 2656 2282 2842 2351 2726 2339 2813 2808 2766 2517 2530 2752 2595 2699 2628 2448 2389 2525 2194 2614 2378 2627 2485 2607 2222 2757 2555 2545 2575 2478 
2932 2639 2820 2533 2607 2671 2803 2518 3031 2748 2798 2457 2796 2825 2723 2983 2652 2470 2539 2855 2512 2675 2650 2782 2612 2798 2429 2763 2772 2631 2839 2759 
2530 2478 2364 2377 2683 2334 2564 2363 2631 2807 2568 2165 2511 2788 2454 2538 2251 2366 2431 2406 2190 2555 2343 2455 2474 2445 2209 2501 2511 2464 2458 2511 
2586 2572 2480 2472 2758 2242 2622 2510 2572 2686 2695 2540 2507 2799 2666 2637 2390 2509 2364 2547 2404 2611 2498 2522 2510 2661 2301 2814 2655 2525 2666 2498 
2580 2382 2303 2303 2567 2280 2522 2320 2517 2375 2604 2392 2466 2650 2419 2622 2396 2144 2352 2309 2187 2348 2369 2409 2430 2600 2278 2523 2327 2272 2496 2341 
2497 2456 2383 2228 2425 2403 2455 2218 2617 2573 2608 2144 2435 2562 2704 2635 2198 2275 2428 2535 2054 2343 2367 2437 2542 2487 2370 2701 2260 2521 2460 2204 
2571 2426 2349 2357 2587 2374 2677 2392 2504 2655 2652 2293 2463 2653 2684 2670 2358 2416 2455 2422 2460 2569 2464 2639 2528 2491 2243 2512 2548 2501 2535 2578 
2701 2515 2510 2383 2363 2292 2452 2353 2616 2631 2675 2477 2534 2546 2464 2599 2256 2610 2368 2436 2285 2556 2256 2463 2565 2687 2400 2451 2469 2417 2625 2238 
2793 2532 2465 2529 2820 2295 2777 2349 2765 2726 2842 2286 2730 3004 2589 2648 2699 2597 2616 2678 2333 2690 2603 2635 2499 2622 2454 2767 2643 2603 2627 2560 
