4335 4284 4339 3871 4345 4661 4501 4475 4320 4436 4511 4441 4430 4636 4239 4227 4648 4413 4743 4659 4069 4674 4711 4575 4430 4591 4684 4650 4291 4368 4239 4345 
4210 4527 4189 3947 4513 4619 4544 4429 4342 4399 4287 4378 4309 4625 4341 4445 4619 4375 4696 4375 3779 4672 4362 4281 4464 4477 4631 4542 4606 4036 4208 4322 
4611 4581 4776 4068 4416 4881 4799 4787 4787 4897 4750 4774 4617 4930 4603 4487 4780 4724 5131 4532 4338 4722 4942 4448 4788 4737 5079 5133 4920 4398 4720 4532 
4248 4283 4166 3941 4506 4426 4333 4507 4313 4651 4247 4415 4314 4525 4695 4258 4466 4418 4419 4614 3974 4462 4599 4246 4711 4615 4530 4584 4474 4263 4369 4304 
4193 4288 4157 3710 4235 4540 4666 4518 4395 4620 4272 4369 4310 4463 4140 4134 4741 4200 4576 4341 3763 4405 4560 4238 4486 4675 4464 4548 4031 4115 4285 4266 
4251 4162 4469 3648 4167 4245 4239 4142 4408 4148 4409 4195 4278 4209 4089 3890 4539 4413 4475 4401 3847 4351 4316 4059 4480 4406 4550 4596 4186 3961 4145 3993 
4876 4687 4842 4332 4862 5073 5138 4520 4999 5075 4780 4787 4774 5038 4865 4479 4922 5114 5107 4785 4333 5000 5123 4672 4953 5176 5077 5106 4821 4516 4664 4371 
4076 4208 4647 4041 4653 4709 4691 4424 4325 4468 4557 4609 4722 4920 4569 4452 4751 4719 5033 4817 4247 4498 4907 4503 4649 4855 4513 4748 4678 4260 4454 4419 
4417 4495 4807 4017 4612 5006 4633 4656 4600 4648 4873 4624 4489 4828 4345 4283 4738 4935 4914 4592 4122 4778 4690 4549 4660 5004 4892 4796 4840 4645 4893 4520 
4477 4719 4603 4490 4982 5007 4785 4782 4739 4738 4679 4574 4712 4846 4510 4416 4977 4907 5066 4727 4186 4836 5034 4732 5108 4994 4709 4850 4807 4600 4337 4484 
4371 4750 4525 4246 4646 5049 4515 4750 4813 4513 4905 4751 4867 4891 4355 4472 5013 4671 5020 4766 4192 4876 4823 4906 4684 4789 4724 5003 4777 4480 4656 4429 
4360 4438 4292 3628 4435 4565 4195 4311 4361 4366 4441 4514 4408 4636 4238 3939 4477 4531 4642 4382 3682 4590 4282 4296 4360 4564 4365 4419 4332 4190 4334 4226 
4597 4914 4545 4458 4695 4848 4664 4611 4685 4828 4581 4677 4625 4738 4615 4338 4765 4901 4950 4876 4105 4855 4602 4436 5122 5098 4886 5032 5146 4520 4471 4605 
4104 4486 4401 3899 4523 4735 4413 4479 4390 4779 4360 4410 4458 4675 4301 4067 4630 4582 4735 4492 3942 4600 4496 4461 4690 4507 4755 4569 4490 4138 4429 4402 
4066 4463 4246 3836 4520 4527 4420 4377 4513 4615 4408 4437 4210 4695 4435 4127 4520 4452 4609 4445 4051 4555 4741 4338 4643 4714 4675 4336 4279 4135 4252 4274 
4462 4376 4600 3896 4486 4850 4608 4501 4431 4644 4423 4758 4385 4672 4481 4228 4663 4723 4893 4553 3970 4739 4689 4339 4725 4877 4985 4590 4588 4321 4364 4198 
4464 4712 4715 4268 4821 4890 4706 4835 4801 5025 4588 4520 4664 5087 4447 4340 5010 4827 4813 4697 4046 4929 5102 4620 4980 4957 4855 4738 4865 4484 4504 4701 
4258 4373 4527 4190 4557 4652 4510 4631 4504 4488 4545 4553 4618 4631 4434 4476 4695 4546 4890 4819 3944 4735 4405 4640 4590 4717 4543 4858 4607 4212 4402 4390 
4706 4769 4825 4185 4635 4819 4726 4710 4599 4794 4608 4904 4807 4891 4441 4528 4879 4753 4933 4614 4245 5071 4925 4626 4747 4891 5111 4954 4873 4451 4480 4466 
4942 5063 5012 4663 5301 5393 5071 5071 4975 5187 5203 4981 5260 5451 4903 4716 5117 5399 5501 5057 4617 5223 5259 5107 5393 5280 5466 5470 5384 5139 5145 4929 
4281 4601 4556 4057 4602 4412 4292 4602 4516 4573 4509 4286 4407 4478 4340 4318 4566 4447 4519 4436 3865 4641 4358 4467 4405 4560 4507 4643 4422 4384 4350 4449 
4391 4562 4434 4007 4376 4615 4789 4602 4526 4891 4588 4438 4140 4521 4451 4232 4763 4723 4633 4643 4072 4626 4811 4414 4783 4674 4733 4802 4472 4458 4271 4343 
4520 4891 4862 4226 4776 5005 4688 4640 4539 4699 4819 4700 4687 5020 4532 4324 4919 4627 5053 4664 4134 4913 4848 4875 4794 5028 4975 4893 4994 4583 4682 4644 
4349 4550 4360 4088 4508 4614 4700 4378 4519 4663 4594 4368 4422 4819 4566 4214 4622 4506 4776 4667 3902 4978 4463 4562 4706 5084 4532 4618 4410 4235 4395 4164 
4607 4918 4557 4226 4662 5005 4810 4743 4823 4952 4834 4850 4865 4926 4804 4723 5187 5106 5075 4650 4270 4871 4765 4847 5130 4861 4995 5037 4904 4548 4601 4509 
4233 4392 4133 3851 4390 4638 4504 4042 4249 4510 4111 4149 4226 4607 4281 4088 4389 4209 4535 4151 3891 4293 4430 4108 4356 4584 4457 4581 4093 3827 4255 4277 
4495 4568 4483 4230 4816 4835 4535 4420 4590 4851 4554 4596 4715 4935 4801 4382 4871 4860 5058 4883 3908 4473 4677 4554 4890 4724 4808 4654 4754 4500 4517 4472 
4357 4544 4171 4097 4542 4477 4511 4491 4550 4440 4333 4424 4603 4790 4504 4455 4683 4723 4853 4504 4043 4642 4496 4497 4740 4863 4631 4882 4647 4436 4216 4481 
4344 4608 4427 4195 4540 4578 4757 4542 4407 4575 4456 4719 4552 4545 4345 4353 4669 4601 4624 4636 3898 4644 4535 4376 4571 4457 4450 4920 4785 4376 4199 4248 
4126 4365 4083 4123 4331 4551 4500 4226 4356 4529 4493 4415 4374 4538 4084 3922 4386 4174 4626 4469 4035 4361 4415 4250 4552 4401 4798 4437 4554 4127 4323 4184 
4417 4671 4641 4304 4883 4899 4745 4828 4632 4867 4591 4685 4593 4844 4639 4685 4852 4815 5094 4922 4430 4880 4825 4539 4757 4813 5092 5147 4939 4585 4465 4386 
4564 4455 4500 3982 4582 4790 4686 4810 4539 4755 4937 4606 4437 4822 4765 4396 4563 4528 4910 4904 4140 4712 4780 4693 4990 4886 4678 4636 4763 4622 4753 4609 
