817 602 777 580 585 730 454 540 717 726 684 594 571 623 677 496 724 539 608 633 529 609 749 701 729 678 693 488 791 723 640 674 
806 740 805 625 740 719 596 484 752 681 747 616 586 726 726 535 785 635 585 566 593 585 772 639 798 726 744 629 925 752 584 783 
716 668 680 540 566 671 519 562 723 761 614 582 513 568 615 548 721 541 571 543 556 552 747 617 735 606 740 575 732 697 542 619 
739 674 779 676 770 698 579 536 708 729 748 597 549 649 761 524 804 530 613 699 712 612 788 582 828 693 754 659 781 726 642 637 
625 527 497 414 515 581 425 412 592 558 443 358 453 502 491 463 589 347 406 355 377 485 524 375 516 582 538 385 548 528 380 427 
766 549 740 441 561 606 406 434 630 574 645 524 506 499 581 488 665 550 512 614 560 666 636 535 625 644 638 449 684 610 570 589 
849 663 801 585 747 738 668 518 809 806 691 517 578 650 722 542 770 617 686 656 587 732 740 675 762 756 794 533 871 736 662 601 
753 665 663 539 632 533 435 453 675 651 572 533 489 570 638 419 716 589 637 581 542 575 654 689 596 663 651 513 818 692 546 683 
787 731 712 486 604 656 535 524 762 696 594 538 389 537 627 441 691 525 679 606 626 655 593 630 638 723 682 464 805 674 658 657 
960 781 919 735 741 836 737 635 819 900 782 643 582 758 801 540 932 711 776 736 775 785 815 768 860 870 922 621 928 841 654 756 
815 738 757 683 614 792 508 681 783 836 785 673 595 625 680 459 818 578 762 726 685 728 825 795 869 736 789 556 911 732 673 715 
652 503 582 317 439 585 371 421 650 564 505 471 429 386 470 413 549 473 476 482 379 577 561 448 573 550 515 327 673 529 464 554 
756 695 740 599 621 674 521 476 627 694 664 544 580 565 595 474 709 538 626 628 584 616 673 588 831 650 731 489 848 624 565 629 
619 588 618 525 578 569 468 507 566 687 630 511 411 602 552 420 632 520 570 520 570 588 581 557 638 616 745 487 730 577 560 532 
726 635 713 552 607 615 494 524 691 660 601 579 531 587 618 475 761 523 561 654 701 613 646 515 719 712 689 494 759 702 547 614 
1003 718 930 555 725 810 563 611 802 805 774 674 593 713 744 621 841 661 680 692 575 754 862 783 792 794 864 593 870 792 681 752 
994 765 911 732 703 826 734 639 830 849 769 634 627 844 688 517 930 679 710 677 592 771 856 789 851 827 834 588 881 839 559 719 
676 522 707 524 561 590 422 439 607 576 650 563 503 561 619 458 690 500 548 523 504 579 769 677 652 642 604 520 691 594 527 532 
883 686 822 618 681 751 564 610 773 793 686 608 625 596 691 589 743 676 667 677 653 781 711 613 843 731 931 564 906 739 566 675 
751 559 712 577 576 603 522 492 734 711 653 506 516 617 624 342 700 565 611 608 525 507 705 662 717 590 663 485 775 635 544 611 
686 617 685 557 519 572 470 575 672 756 567 465 488 548 677 468 664 515 528 528 560 524 610 587 691 523 647 498 668 637 473 551 
962 829 971 754 769 890 826 683 949 974 903 638 701 786 856 712 937 776 764 716 740 777 942 808 998 892 942 753 986 901 743 766 
959 813 963 808 776 862 715 666 796 926 927 754 710 840 752 657 901 719 739 725 686 758 949 900 905 920 998 809 1045 847 754 790 
765 583 809 617 681 689 609 491 633 721 793 512 549 622 684 426 705 619 624 698 587 714 670 677 788 659 686 511 824 691 686 607 
766 681 776 539 582 701 499 556 716 740 664 640 565 641 710 496 743 603 609 588 625 657 649 679 782 648 784 516 844 769 598 694 
837 665 773 691 712 811 677 500 694 776 786 582 575 714 712 551 811 543 646 597 607 548 832 654 826 741 762 598 776 764 630 658 
779 643 691 584 686 604 467 517 700 719 640 492 502 605 702 475 694 650 651 659 487 540 710 632 701 575 726 600 755 738 558 660 
658 643 656 441 588 496 496 506 688 625 580 532 434 535 590 450 660 589 493 492 620 577 574 558 692 599 634 459 740 670 509 652 
748 581 657 572 516 654 512 509 635 741 600 499 538 587 557 402 656 540 547 518 433 535 589 536 762 503 668 443 719 646 481 574 
804 759 756 646 658 669 551 538 711 782 686 675 527 658 621 472 743 581 674 645 688 542 689 616 811 690 768 558 867 740 625 684 
737 732 794 687 713 720 591 564 740 764 686 565 589 626 760 622 713 659 651 647 637 675 782 755 789 695 840 638 880 781 608 691 
912 670 817 546 725 795 573 553 839 829 768 706 541 600 793 528 812 555 711 739 653 667 770 681 764 782 706 567 926 829 824 776 
