3274 3244 3032 2685 3072 3379 3100 3260 3127 3267 3334 3129 3142 3268 3285 2891 3388 3065 3442 3285 2916 3511 3291 3484 3298 3297 3171 3137 3165 3359 3148 3232 
3163 3417 3069 2721 3346 3431 3230 2987 3257 3071 3218 3123 3110 3091 3324 2976 3319 3033 3290 2962 2722 3374 3009 3107 3340 3216 3158 3164 3439 3053 3017 3147 
3399 3389 3270 2697 3093 3495 3247 3278 3383 3397 3416 3287 3174 3400 3377 2963 3342 3189 3561 3218 2992 3470 3368 3206 3346 3332 3410 3517 3438 3256 3370 3269 
3155 3123 2904 2612 3056 3171 3010 3128 3106 3237 3183 3109 3036 3182 3525 2740 3186 3092 3109 3210 2907 3150 3289 2999 3512 3415 3151 3086 3140 3270 3174 3110 
3169 3084 2817 2457 3054 3359 3278 3146 3234 3216 3078 3007 2990 3103 3097 2715 3347 2937 3220 3064 2661 3303 3193 3104 3236 3422 2898 3075 2913 3046 3102 2988 
2969 3067 2939 2265 2820 2954 2765 2694 3034 2734 3082 2743 2832 2803 2949 2363 3076 3002 3067 2857 2692 3079 2861 2828 3086 3086 2947 2959 2840 2953 2873 2715 
3589 3541 3373 2809 3329 3607 3551 3088 3597 3640 3506 3329 3251 3437 3787 2906 3554 3623 3654 3319 3013 3591 3568 3347 3523 3710 3476 3380 3417 3327 3348 3203 
3048 3182 3096 2717 3245 3394 3261 3134 3167 3193 3330 3178 3229 3435 3290 2970 3343 3170 3532 3416 2821 3272 3287 3127 3305 3499 2979 3233 3312 3161 3171 3112 
3303 3507 3378 2657 3439 3626 3362 3425 3431 3424 3696 3309 3235 3437 3299 2851 3536 3528 3573 3330 3034 3485 3345 3380 3317 3632 3430 3340 3524 3597 3719 3277 
3217 3393 3155 2989 3396 3627 3346 3269 3379 3250 3357 3116 3262 3337 3427 2770 3515 3410 3586 3175 3067 3418 3474 3163 3681 3603 3265 3210 3417 3373 3141 3143 
3120 3354 2942 2710 3098 3540 2998 3217 3366 3043 3512 3236 3208 3230 3082 2632 3473 3065 3320 3331 2784 3347 3180 3283 3326 3270 3031 3191 3291 3263 3179 2958 
3139 3340 2919 2377 3073 3281 2886 2957 3128 3076 3294 3287 3129 3216 3206 2581 3322 3298 3304 3064 2553 3418 3110 3050 3101 3292 3056 2967 3148 3230 3192 3006 
3247 3724 3047 2887 3278 3423 3235 3050 3263 3302 3370 3147 3266 3313 3451 2688 3436 3337 3517 3346 2983 3407 3172 3185 3664 3656 3295 3322 3535 3333 3167 3326 
2967 3307 2958 2684 3275 3333 3115 3205 3235 3278 3149 2982 3118 3158 3219 2713 3236 3254 3312 3117 2748 3319 3110 3177 3316 3283 3219 3119 3215 3084 3161 3052 
3025 3345 2957 2619 3112 3234 3072 3039 3284 3302 3212 3176 2995 3291 3313 2748 3341 3075 3231 3154 2891 3303 3367 3036 3439 3338 3101 2994 3126 3064 3086 3094 
3346 3228 3224 2589 3153 3548 3193 3121 3224 3374 3334 3278 3022 3272 3281 2757 3394 3157 3501 3152 2846 3471 3312 3100 3450 3433 3471 3121 3152 3255 3150 2988 
3397 3486 3357 2848 3525 3611 3469 3489 3555 3609 3388 3180 3393 3620 3317 2805 3625 3409 3384 3281 2892 3659 3573 3333 3608 3619 3269 3233 3519 3424 3281 3333 
3063 3091 3106 2713 3182 3223 3053 3044 3155 2939 3191 3061 3242 3143 3350 2759 3355 3021 3286 3308 2791 3338 2978 3223 3213 3322 2996 3321 3191 3041 3064 3069 
3244 3271 3171 2697 3216 3363 3150 3107 3203 3183 3215 3239 3066 3234 3231 2695 3396 3179 3395 3110 3023 3532 3334 3081 3402 3370 3365 3202 3329 3251 2991 3074 
3567 3714 3490 3141 3836 3819 3522 3441 3667 3614 3878 3381 3736 3689 3656 2968 3630 3785 3896 3594 3240 3693 3684 3575 3957 3705 3586 3685 3965 3858 3593 3466 
3069 3252 3007 2664 3132 2993 2926 3258 3073 3228 3285 2906 3081 3040 3210 2670 3203 3004 3138 3070 2767 3283 2927 3115 3187 3153 2938 3010 3121 3281 3006 3096 
3302 3471 3193 2736 3194 3432 3461 3308 3442 3600 3488 3166 2963 3249 3381 2809 3600 3468 3419 3371 3127 3352 3503 3280 3575 3517 3356 3400 3343 3504 3175 3123 
3508 3591 3537 2955 3522 3746 3546 3412 3416 3521 3680 3433 3371 3664 3579 2977 3729 3323 3687 3433 3132 3667 3586 3637 3601 3712 3653 3549 3814 3565 3503 3460 
3209 3400 3020 2743 3184 3294 3309 3009 3316 3368 3404 3135 3043 3322 3462 2752 3302 3178 3492 3313 2781 3556 3086 3262 3355 3535 3115 3042 3179 3164 3125 2999 
3329 3775 3146 2890 3274 3708 3340 3295 3481 3445 3441 3449 3435 3434 3600 3123 3771 3560 3540 3274 3138 3596 3388 3563 3705 3428 3441 3388 3488 3421 3236 3236 
3092 3135 2736 2600 3197 3284 3127 2739 3026 3185 3097 2822 2938 3074 3197 2575 3127 2930 3223 2910 2658 3082 3151 2856 3229 3401 2923 2996 2982 2855 3030 3051 
3285 3421 3098 2894 3517 3496 3173 3125 3375 3514 3526 3294 3394 3426 3631 2892 3511 3425 3726 3525 2806 3254 3352 3346 3681 3396 3302 3242 3535 3424 3236 3248 
3096 3228 2784 2561 3099 3085 3069 2952 3248 2980 3142 3009 3004 3187 3305 2765 3123 3166 3382 2947 2897 3154 2900 3080 3353 3340 3010 3114 3286 3231 2761 3105 
3209 3495 3080 2880 3356 3557 3399 3250 3307 3353 3325 3422 3217 3310 3358 2946 3389 3306 3397 3349 2870 3485 3229 3163 3473 3272 3182 3366 3508 3238 3155 3067 
2995 3139 2669 2710 2855 3159 3005 2871 3050 3108 3292 2946 2901 2964 2917 2541 3089 2751 3167 2987 2844 2946 2947 3016 3219 3106 3166 3035 3255 3061 3036 2996 
3118 3437 3146 2873 3480 3525 3321 3375 3285 3354 3402 3206 3233 3367 3426 3068 3373 3329 3615 3464 3206 3533 3404 3388 3534 3506 3431 3537 3561 3505 3247 3065 
3553 3549 3326 2840 3416 3677 3541 3474 3543 3563 3855 3440 3330 3613 3825 3035 3564 3359 3641 3692 3197 3484 3589 3472 3864 3648 3464 3399 3597 3632 3725 3585 
