1840 1737 1985 1511 1664 1944 1773 1799 1915 1814 2093 1905 1801 1884 2009 1609 2121 1806 1908 1776 1602 1978 1852 2015 1979 1869 2039 1727 1894 1921 2124 1900 
1980 1928 2038 1677 2040 2052 1903 1692 2025 1665 2052 2040 1838 1919 2011 1703 2179 1771 1770 1760 1638 1997 1767 1807 2063 1892 2121 1879 2153 1864 1963 2046 
2039 2032 2176 1691 1930 2190 1974 2063 2223 2045 2149 2253 1994 2068 2051 1710 2219 1969 2078 1806 1778 2032 2056 1871 2080 1968 2391 2129 2058 2038 2289 2114 
1900 1796 1987 1528 1765 1837 1766 1815 1913 1870 2031 1930 1729 2001 2180 1568 2138 1793 1739 1841 1889 1854 1903 1712 2118 2048 2067 1819 1844 1881 2091 1845 
1843 1697 1806 1392 1776 2026 1907 1887 1949 1734 1818 1839 1707 1950 1786 1547 2200 1678 1704 1617 1535 1903 1867 1760 1856 1979 1895 1740 1660 1796 2016 1749 
1835 1737 1988 1206 1613 1808 1558 1539 1913 1454 1979 1684 1720 1765 1754 1441 2054 1812 1639 1609 1632 1816 1659 1660 1865 1806 1907 1591 1743 1674 1905 1650 
2302 2082 2290 1610 1966 2284 2222 1958 2280 2062 2226 2087 2010 2167 2293 1700 2400 2156 2157 1965 1785 2176 2199 1970 2267 2275 2378 1947 2154 2029 2410 1979 
1881 1822 2016 1560 1794 1848 1910 1732 1918 1797 1968 1927 1773 2060 1991 1667 2144 1908 1887 1924 1695 1830 1938 1760 1889 2009 1976 1851 2035 1879 1975 1945 
2039 2077 2180 1558 1939 2152 2000 1993 2166 1928 2212 2103 1790 2105 2103 1721 2331 2048 2083 1909 1882 2064 1951 1953 1914 2194 2225 1871 2075 2110 2375 2019 
2028 1979 2144 1734 1918 2177 2020 1876 2106 1818 2115 1885 1900 1993 2050 1612 2279 2044 2025 1764 1843 1953 2042 1885 2243 2118 2214 1898 2094 1972 2011 1968 
1959 2023 2004 1700 1767 2236 1759 1926 2229 1821 2231 2014 1867 1962 1922 1454 2256 1936 1938 1887 1739 2066 2025 1996 2116 1969 2025 1807 1991 1971 2132 1915 
1891 1843 1888 1221 1641 1899 1660 1584 1977 1681 1991 1942 1810 1781 1826 1475 2015 1866 1900 1654 1482 2023 1753 1703 1625 1916 1960 1700 1832 1822 1961 1793 
1955 2157 1977 1634 1863 2013 1957 1740 1978 1826 2043 1953 1895 1984 2019 1520 2219 1933 2002 1849 1680 1984 1859 1770 2202 2054 2113 1753 2054 1926 1942 2000 
1764 1858 1950 1558 1826 1962 1828 1738 1975 1803 1896 1774 1748 1916 1873 1568 1958 1845 1866 1678 1665 1928 1785 1741 1980 1899 2117 1869 1985 1713 2088 1895 
1881 1978 2015 1554 1831 1964 1760 1743 2094 1874 1974 1991 1926 2014 2007 1603 2169 1823 1857 1884 1824 1966 2092 1726 2100 2133 2092 1785 1934 1790 2097 2030 
2244 1973 2295 1598 1837 2195 1951 1887 2106 2004 2205 2187 1869 2157 2162 1741 2320 2012 2040 1904 1731 2115 2115 1974 2115 2203 2386 1941 2053 2091 2136 1978 
2242 2162 2359 1778 2209 2313 2245 2143 2333 2180 2191 1991 2044 2323 2107 1624 2474 2153 2019 2014 1831 2215 2327 2063 2230 2234 2322 2005 2325 2104 2192 2175 
1801 1827 2136 1599 1831 1910 1777 1848 2028 1617 2077 1986 1874 2024 2072 1689 2256 1803 1840 1866 1721 1970 1849 1952 2029 2022 1995 1934 1907 1847 1976 1903 
1933 1821 2031 1445 1816 2067 1839 1695 1974 1809 1968 1988 1790 1863 1936 1558 2057 1879 1907 1771 1698 2051 1936 1684 1961 1898 2217 1765 2072 1891 1919 1806 
2106 2039 2217 1791 2064 2234 2062 1862 2255 1913 2349 1996 2108 2057 2132 1635 2302 2155 2106 1986 1863 1978 2080 1980 2321 2063 2303 1979 2338 2211 2177 2003 
1828 1864 1936 1554 1717 1815 1858 1885 1958 1920 1997 1807 1720 1809 1959 1497 2135 1809 1785 1663 1612 1866 1700 1840 1943 1689 1843 1676 1822 1839 1881 1845 
2095 2045 2139 1686 1924 2105 2158 1944 2171 2167 2170 1939 1797 1998 2104 1723 2379 2131 1938 1915 1818 2012 2110 1895 2304 2197 2218 2063 2046 2169 2091 1922 
2181 2021 2379 1734 2036 2228 2091 2008 2101 2001 2324 2180 2001 2202 2109 1712 2320 1972 1979 1927 1859 2051 2307 2157 2202 2242 2457 2090 2327 2037 2344 2232 
1946 1959 2023 1721 1839 2057 1984 1675 2070 1929 2156 1951 1867 2048 2071 1512 2074 1915 1945 1899 1709 2112 1890 1903 2104 2062 2133 1726 2013 1864 2127 1871 
2128 2239 2193 1669 1946 2356 2001 1884 2210 1983 2181 2228 2049 2127 2214 1852 2464 2254 2078 1851 1932 2154 2002 2080 2294 2057 2259 1974 2186 2180 2143 1990 
1803 1745 1836 1501 1797 2031 1882 1526 1834 1666 1990 1744 1596 1856 1851 1524 1964 1601 1706 1636 1456 1714 1877 1665 1831 1983 1924 1702 1838 1672 1930 1856 
2049 1963 2038 1737 2023 1991 1817 1774 2052 1894 2067 2002 1944 1968 2185 1581 2238 2000 2228 1904 1676 1910 1908 1907 2123 1919 2177 1919 2089 2058 1981 2048 
1792 1812 1800 1501 1756 1763 1743 1715 2052 1630 1933 1781 1775 1913 2002 1493 1975 1798 1856 1633 1709 1793 1675 1716 2014 1873 1992 1699 1994 1826 1724 1923 
1856 1900 2003 1563 1924 2101 1973 1821 2038 1737 1957 2051 1801 1972 1875 1616 2147 1844 1784 1803 1572 1911 1787 1684 2065 1804 2002 1827 2033 1876 2007 1962 
1924 1915 1813 1823 1689 1957 1819 1680 1975 1915 1980 1899 1759 1968 1902 1557 2034 1773 1903 1768 1830 1785 1854 1797 2015 1989 2020 1823 2063 1841 2016 1852 
1859 1882 2113 1662 1975 2038 2057 1964 2046 1859 1990 1900 1890 2016 2144 1858 2174 1956 1970 1901 1872 2060 1997 1990 1994 2068 2259 2085 2152 1941 2037 1894 
2172 2115 2247 1689 1967 2342 2145 2107 2331 2067 2408 2310 2007 2212 2433 1810 2356 2041 2185 2119 1894 2108 2211 2028 2323 2309 2320 2092 2247 2161 2547 2244 
