1356 1263 1381 1046 1132 1491 1104 1174 1424 1188 1452 1248 1180 1221 1280 988 1457 1185 1329 1058 1077 1276 1383 1418 1402 1329 1345 1203 1415 1297 1368 1356 
1375 1268 1302 1060 1274 1357 1176 1029 1297 1128 1352 1206 1120 1250 1246 910 1309 1150 1173 990 1025 1132 1346 1132 1395 1258 1387 1146 1519 1240 1235 1383 
1416 1346 1366 1071 1227 1548 1233 1327 1492 1343 1361 1395 1173 1217 1240 975 1491 1276 1321 1024 1213 1210 1564 1204 1428 1291 1529 1360 1399 1338 1421 1410 
1254 1194 1267 906 1186 1264 1033 1063 1344 1150 1252 1149 1042 1205 1283 907 1347 1121 1072 1004 1221 1079 1303 1036 1427 1304 1274 1164 1226 1094 1208 1111 
1243 1105 1044 807 1134 1331 1032 1060 1309 1052 1075 1002 1017 1099 993 795 1420 950 1038 823 926 1095 1271 1029 1128 1248 1096 987 1062 1069 1102 1068 
1397 1253 1409 769 1126 1332 1055 1064 1397 1038 1394 1105 1136 1182 1206 952 1462 1239 1206 1058 1164 1244 1323 1210 1339 1362 1338 1168 1339 1182 1241 1176 
1626 1391 1490 999 1338 1624 1396 1165 1620 1375 1413 1262 1246 1406 1363 987 1590 1357 1425 1176 1183 1372 1553 1286 1567 1578 1489 1262 1526 1300 1555 1337 
1328 1242 1234 977 1193 1260 1148 1078 1342 1168 1229 1209 1082 1288 1139 986 1397 1280 1247 1065 1142 1071 1391 1159 1244 1337 1230 1176 1426 1157 1178 1296 
1353 1353 1335 932 1184 1513 1214 1233 1439 1159 1413 1259 971 1263 1185 939 1465 1273 1356 1048 1250 1240 1388 1301 1262 1398 1349 1149 1444 1268 1404 1276 
1569 1477 1559 1235 1374 1697 1420 1301 1534 1386 1519 1283 1265 1356 1378 1045 1677 1466 1482 1216 1398 1353 1552 1365 1671 1555 1565 1340 1655 1406 1327 1359 
1501 1468 1394 1172 1252 1701 1182 1359 1607 1378 1621 1414 1229 1298 1283 950 1616 1355 1486 1279 1250 1406 1566 1493 1586 1446 1401 1284 1570 1407 1465 1376 
1344 1204 1209 696 1004 1369 982 1037 1346 995 1294 1169 1120 1012 1088 833 1306 1234 1210 927 919 1217 1301 1099 1175 1277 1251 1046 1267 1127 1278 1175 
1382 1442 1287 1005 1206 1418 1239 1031 1384 1189 1296 1134 1193 1241 1175 888 1395 1199 1335 1117 1100 1132 1370 1168 1578 1401 1363 1136 1524 1120 1233 1308 
1318 1351 1380 1050 1184 1385 1224 1202 1401 1203 1426 1193 1143 1344 1222 1001 1353 1276 1339 1061 1189 1216 1271 1200 1440 1382 1464 1279 1455 1165 1435 1328 
1363 1321 1366 1021 1161 1356 1130 1133 1390 1279 1276 1274 1177 1282 1180 993 1496 1185 1287 1182 1309 1161 1461 1123 1473 1431 1319 1207 1341 1225 1316 1375 
1686 1376 1536 1038 1280 1609 1199 1253 1570 1385 1512 1394 1267 1409 1376 1148 1599 1331 1363 1200 1191 1388 1581 1416 1616 1520 1624 1357 1484 1391 1377 1324 
1704 1513 1648 1246 1554 1742 1561 1489 1686 1435 1543 1278 1323 1563 1342 973 1786 1488 1446 1280 1206 1369 1676 1416 1674 1555 1520 1331 1662 1480 1372 1505 
1166 1153 1361 1009 1073 1308 963 1063 1345 932 1275 1114 1063 1221 1201 918 1352 1103 1174 968 1077 1090 1378 1269 1352 1297 1195 1191 1309 1010 1150 1192 
1469 1317 1369 963 1296 1502 1242 1242 1414 1299 1330 1335 1159 1188 1247 937 1428 1344 1351 1139 1186 1383 1450 1147 1505 1371 1651 1234 1495 1332 1349 1294 
1448 1311 1450 1088 1262 1567 1333 1113 1519 1204 1483 1175 1236 1227 1208 873 1484 1349 1366 1148 1222 1141 1451 1285 1543 1294 1465 1249 1602 1351 1288 1191 
1364 1331 1341 1024 1177 1320 1231 1254 1440 1358 1256 1105 1171 1130 1243 948 1476 1256 1228 989 1115 1149 1237 1231 1398 1114 1206 1151 1315 1250 1172 1246 
1549 1475 1522 1161 1381 1606 1458 1301 1695 1531 1540 1309 1218 1318 1347 1132 1647 1488 1412 1148 1298 1341 1605 1351 1715 1545 1533 1459 1559 1510 1416 1373 
1560 1443 1619 1186 1420 1635 1320 1345 1470 1360 1578 1354 1303 1470 1285 1001 1652 1357 1355 1198 1266 1319 1728 1495 1561 1581 1667 1424 1640 1352 1497 1494 
1372 1295 1294 1088 1122 1435 1239 988 1331 1181 1434 1137 1096 1249 1188 887 1304 1224 1186 1113 1148 1242 1263 1244 1500 1308 1239 1070 1419 1142 1296 1107 
1389 1484 1391 953 1155 1564 1238 1170 1466 1290 1439 1396 1265 1344 1311 1008 1550 1437 1341 1039 1302 1271 1466 1373 1575 1368 1457 1202 1496 1388 1338 1352 
1318 1265 1262 1051 1231 1527 1296 1008 1293 1201 1402 1117 1048 1315 1218 965 1351 1098 1259 1044 1019 1047 1468 1173 1420 1413 1335 1145 1313 1163 1327 1322 
1427 1319 1320 1110 1340 1379 1156 1202 1447 1262 1366 1169 1226 1294 1329 948 1479 1350 1424 1187 1125 1131 1460 1299 1490 1250 1393 1301 1497 1329 1201 1323 
1269 1307 1283 987 1239 1306 1208 1211 1518 1149 1333 1161 1164 1290 1295 936 1372 1280 1327 1018 1268 1160 1288 1188 1467 1348 1384 1187 1529 1230 1198 1360 
1292 1216 1234 991 1098 1432 1204 1123 1308 1163 1218 1197 1045 1193 1075 789 1298 1245 1214 975 952 1053 1274 1005 1414 1093 1302 1104 1322 1164 1190 1249 
1313 1356 1194 1201 1139 1411 1172 1091 1394 1269 1322 1277 1131 1231 1159 916 1379 1185 1371 1064 1258 1096 1331 1152 1471 1353 1354 1229 1486 1199 1303 1244 
1362 1374 1423 1128 1338 1431 1254 1300 1525 1238 1366 1177 1290 1364 1428 1119 1459 1330 1342 1159 1269 1288 1483 1336 1444 1504 1596 1378 1491 1281 1372 1318 
1601 1505 1547 1123 1313 1723 1345 1331 1623 1372 1645 1473 1257 1439 1550 1148 1562 1370 1525 1311 1303 1299 1566 1354 1583 1570 1487 1388 1688 1447 1681 1483 
