3771 3808 3683 3270 3784 4009 3902 3888 3686 3833 3995 3825 3903 4036 3898 3636 4089 3826 4137 4106 3505 4109 4126 4091 3863 4005 3944 3900 3675 3876 3729 3810 
3629 3959 3623 3270 4033 3994 3921 3650 3753 3664 3864 3805 3807 3909 3903 3650 4002 3779 3997 3753 3233 4008 3692 3741 3909 3885 3893 3792 3990 3481 3639 3773 
3812 3806 3794 3120 3598 3919 3868 3770 3875 3942 3979 3857 3795 4025 3902 3502 3937 3791 4166 3773 3426 3903 3970 3691 3852 3841 3957 4033 3918 3664 3840 3734 
3617 3693 3397 3157 3773 3720 3617 3697 3665 3856 3777 3669 3722 3826 4139 3419 3711 3724 3759 3986 3393 3776 3816 3680 4096 3964 3760 3713 3654 3616 3753 3684 
3620 3701 3502 3039 3712 3897 3957 3750 3769 3827 3763 3664 3731 3851 3638 3377 4077 3518 3873 3805 3117 3838 3872 3683 3862 4088 3584 3779 3392 3572 3615 3611 
3582 3618 3778 2909 3569 3580 3585 3427 3722 3478 3827 3494 3706 3667 3545 3250 3919 3789 3818 3746 3257 3784 3634 3598 3791 3811 3728 3779 3452 3485 3500 3402 
4144 4033 3979 3463 4127 4224 4300 3735 4215 4263 4117 4017 4063 4222 4362 3658 4204 4400 4326 4081 3543 4271 4303 4051 4199 4446 4189 4207 4040 3770 4013 3675 
3633 3728 3954 3369 4013 4112 4011 3801 3781 3866 4025 4008 4122 4391 4021 3801 4155 4011 4377 4327 3515 4005 4193 3899 4017 4277 3871 4012 3984 3726 3867 3795 
3814 3921 3972 3212 4022 4214 3884 3872 3923 3911 4241 3876 3901 4039 3866 3536 4073 4155 4158 3951 3461 4037 3991 3925 3859 4264 4028 3958 4031 3958 4235 3868 
3906 4214 3893 3702 4212 4321 4186 4079 4156 4060 4212 3911 4187 4237 4064 3700 4289 4212 4469 4099 3696 4143 4308 4068 4512 4420 4090 4091 4047 3938 3851 3925 
3763 4143 3792 3460 3977 4269 3759 3921 4050 3745 4284 4099 4171 4161 3776 3565 4255 3844 4201 4169 3443 4178 4015 4177 4040 4035 3901 4070 4013 3829 3928 3757 
3700 3902 3529 2974 3808 3951 3549 3599 3761 3731 3885 3913 3849 3976 3756 3284 3876 3920 3979 3802 3054 3994 3610 3770 3723 3976 3732 3649 3622 3682 3812 3617 
3773 4183 3602 3498 3948 3991 3824 3586 3858 3915 3885 3780 3889 3952 4025 3446 3942 4043 4122 4035 3461 3974 3789 3792 4249 4224 3919 4012 4117 3710 3720 3919 
3486 3840 3636 3136 3863 3887 3750 3780 3707 3956 3799 3599 3885 3904 3746 3384 3903 3865 3952 3832 3255 3899 3767 3826 3946 3894 3838 3780 3727 3521 3758 3655 
3544 3926 3577 3185 3813 3852 3788 3700 3901 3977 3878 3798 3665 4082 4016 3508 4024 3800 3980 3951 3447 3896 4044 3715 3979 4061 3975 3599 3595 3608 3760 3770 
3998 3842 3902 3205 3924 4230 3969 3800 3902 4013 3978 4093 3854 4114 4012 3510 4047 4046 4286 3987 3459 4119 4077 3809 4136 4200 4248 3844 3811 3737 3776 3663 
3901 4175 4085 3578 4298 4272 4167 4142 4236 4272 4132 3952 4190 4464 3999 3662 4396 4198 4175 4156 3479 4320 4452 4086 4335 4360 4122 4009 4180 3924 3944 4090 
3521 3760 3687 3330 3912 3852 3705 3704 3757 3559 3833 3725 3903 3895 3861 3514 3927 3684 4049 4038 3355 3997 3598 3938 3839 3949 3693 3973 3717 3469 3647 3717 
3965 4036 3977 3414 4047 4037 3933 3850 3914 4000 4027 4115 4092 4132 3906 3614 4178 4002 4224 3962 3648 4341 4192 4007 4184 4159 4187 4069 4077 3775 3757 3829 
4183 4319 4223 3779 4597 4493 4310 4127 4231 4235 4580 4162 4566 4611 4278 3767 4341 4519 4681 4389 3827 4413 4450 4395 4603 4510 4418 4430 4532 4493 4300 4141 
3617 3924 3739 3350 3878 3643 3540 3860 3809 3803 3909 3586 3828 3763 3743 3509 3853 3689 3816 3829 3272 3859 3678 3804 3816 3864 3711 3798 3692 3745 3614 3756 
3798 4060 3748 3314 3798 3942 4141 3923 3959 4243 4036 3812 3586 3961 3933 3524 4187 4088 4035 4036 3595 3940 4179 3896 4150 4125 4070 4111 3860 3966 3725 3772 
4046 4319 4207 3588 4211 4412 4109 4045 4013 4097 4347 4083 4150 4465 4136 3744 4359 3982 4452 4160 3681 4318 4273 4341 4254 4468 4384 4272 4362 3993 4174 4100 
3721 3980 3618 3385 3901 3917 4008 3640 3923 4003 4085 3776 3859 4070 4049 3489 4003 3775 4194 4124 3310 4246 3833 3987 4044 4334 3810 3763 3692 3671 3776 3552 
4057 4499 3990 3624 4202 4428 4268 4052 4249 4325 4329 4288 4425 4371 4356 4064 4618 4485 4402 4168 3774 4332 4218 4385 4522 4267 4345 4342 4219 4055 4002 4038 
3668 3829 3508 3176 3848 3915 3882 3348 3651 3773 3718 3498 3758 3827 3748 3323 3754 3643 3949 3627 3239 3656 3750 3549 3820 4061 3635 3762 3499 3337 3631 3645 
3799 3904 3659 3484 4158 4043 3748 3605 3961 4132 4028 3841 4046 4114 4251 3538 4135 4089 4360 4207 3305 3759 3940 3889 4213 4017 3997 3843 4010 3853 3836 3743 
3708 3961 3561 3306 3947 3795 3851 3658 3921 3642 3836 3835 3923 4110 3960 3627 3915 3957 4137 3864 3485 3935 3739 3867 4065 4183 3894 4043 3952 3803 3497 3829 
3762 4127 3764 3462 4003 4088 4135 3826 3792 3900 3962 4140 4005 4035 3872 3711 4042 3938 3997 4040 3342 4103 3912 3865 4019 3909 3843 4171 4035 3800 3712 3659 
3503 3715 3368 3367 3659 3810 3739 3528 3714 3807 3957 3680 3755 3803 3562 3291 3820 3500 3980 3826 3470 3673 3691 3750 3883 3820 4003 3781 3866 3525 3707 3594 
3579 3918 3801 3495 4156 4110 3930 3956 3810 3961 3923 3879 3903 4094 4060 3760 4058 3993 4259 4236 3737 4149 4095 3926 4095 4100 4149 4200 4095 3924 3750 3682 
3984 4004 3809 3368 3990 4204 4055 4075 4037 4106 4394 4026 3907 4251 4376 3696 4054 3872 4295 4387 3614 4099 4163 4165 4400 4250 4090 3935 4035 4069 4268 4123 
