5157 5012 4979 4393 4990 5388 5093 5149 4954 4934 5245 4976 4969 5157 4913 4739 5237 5051 5526 5409 4636 5387 5340 5117 5137 5318 5264 5319 5054 5001 4983 4886 
4925 5154 4708 4521 5200 5280 5198 5085 4892 4909 4930 4946 4852 5074 4966 4935 5345 5004 5314 5071 4341 5266 4891 4827 5071 5176 5246 5214 5296 4573 4793 4850 
5571 5312 5435 4660 5189 5658 5400 5645 5662 5555 5556 5453 5412 5465 5334 5044 5533 5434 5894 5486 4985 5449 5483 5154 5566 5600 5833 5973 5651 5186 5507 5310 
5073 5022 4890 4449 5231 5140 4941 5229 4962 5245 4981 5046 4929 5132 5423 4728 5042 4998 5180 5337 4490 5156 5230 4881 5400 5277 5213 5255 5224 4900 5147 4955 
5108 5020 4830 4328 4972 5337 5384 5273 5124 5179 5041 5043 4908 5040 4832 4715 5456 4923 5422 5143 4367 5097 5322 4903 5193 5526 5119 5234 4833 4810 4945 4892 
5014 4845 5056 4170 4855 4918 4910 4816 5071 4766 5118 4783 4747 4702 4692 4430 5131 5110 5073 5166 4367 5019 4908 4602 5136 5044 5165 5246 4826 4524 4775 4609 
5760 5401 5489 4935 5566 5833 5765 5207 5700 5710 5444 5378 5449 5630 5541 4985 5536 5781 5831 5528 4950 5552 5774 5298 5605 5890 5724 5793 5373 5156 5353 4969 
5005 5028 5386 4627 5402 5580 5355 5228 5193 5142 5399 5290 5307 5517 5271 5136 5420 5417 5854 5562 4854 5247 5669 5174 5395 5611 5203 5500 5487 5034 5198 5120 
5401 5296 5507 4704 5478 5916 5444 5567 5513 5442 5783 5360 5272 5455 5065 4971 5624 5857 5786 5558 4908 5486 5423 5317 5444 5838 5704 5744 5610 5467 5763 5246 
5349 5481 5282 5030 5727 5781 5414 5496 5506 5449 5544 5147 5285 5356 5125 4966 5630 5689 5758 5464 4799 5451 5709 5451 5755 5706 5343 5499 5550 5199 5047 5125 
5249 5357 5123 4838 5294 5836 5183 5477 5564 5112 5635 5509 5520 5387 4989 5082 5664 5332 5754 5543 4814 5625 5462 5590 5430 5595 5458 5725 5453 5245 5446 5157 
5068 5070 4857 4053 5047 5176 4669 4957 5001 4914 5001 5000 4978 5191 4788 4482 5007 5082 5294 4974 4226 5142 4862 4839 4932 5045 4934 5010 4952 4737 4917 4742 
5391 5476 5200 5007 5266 5580 5296 5200 5289 5436 5195 5289 5158 5245 5204 4791 5340 5505 5611 5494 4656 5421 5136 4955 5728 5748 5510 5590 5738 5148 5176 5128 
5079 5255 5133 4535 5334 5615 5070 5363 5171 5509 5279 5057 5183 5338 5037 4662 5385 5337 5617 5368 4578 5276 5194 5111 5429 5279 5476 5388 5263 4802 5183 5150 
5116 5254 5057 4539 5280 5414 5217 5189 5311 5399 5303 5173 4983 5391 5158 4631 5286 5314 5631 5393 4669 5303 5544 5102 5404 5561 5440 5222 5120 4876 5129 5063 
5437 5073 5343 4518 5214 5672 5329 5341 5183 5249 5268 5441 5017 5283 5250 4832 5468 5459 5693 5350 4594 5452 5346 4988 5480 5709 5690 5312 5352 5055 5182 4894 
5379 5454 5490 4785 5522 5724 5412 5678 5536 5683 5474 5157 5394 5704 5178 4895 5839 5518 5553 5483 4609 5621 5736 5307 5687 5764 5536 5480 5607 5211 5271 5390 
4984 4969 5141 4642 5210 5293 5036 5330 5121 5048 5142 5056 5143 5122 5013 4929 5231 5112 5530 5497 4467 5363 4933 5185 5264 5333 5178 5461 5234 4857 5108 4971 
5728 5611 5610 4884 5484 5773 5510 5549 5411 5521 5511 5701 5534 5566 5260 5193 5650 5583 5883 5535 4926 5919 5724 5368 5519 5731 5923 5777 5737 5280 5387 5216 
5664 5657 5589 5087 5946 6030 5719 5764 5579 5750 5845 5519 5863 5967 5509 5167 5791 5999 6097 5721 5145 5764 5770 5675 5974 5998 6013 6027 5991 5730 5661 5487 
5267 5259 5292 4698 5398 5240 5029 5444 5309 5278 5333 4949 5056 5097 5031 4920 5302 5278 5368 5285 4518 5292 5121 5170 5148 5407 5232 5341 5138 5061 5106 5177 
5258 5208 5117 4639 4997 5388 5318 5271 5217 5493 5283 5070 4772 5101 5066 4764 5394 5321 5419 5373 4638 5274 5442 4976 5531 5413 5480 5510 5194 5106 5078 4967 
5437 5633 5556 4782 5487 5803 5354 5393 5314 5335 5654 5384 5377 5616 5260 4831 5619 5316 5754 5393 4681 5545 5517 5551 5550 5911 5599 5552 5675 5207 5403 5338 
5225 5243 5085 4645 5258 5385 5350 5155 5254 5306 5342 4988 5089 5443 5290 4796 5364 5214 5572 5446 4500 5709 5042 5186 5398 5832 5264 5363 5205 4861 5162 4853 
5495 5565 5246 4851 5360 5780 5498 5425 5630 5629 5531 5533 5446 5488 5422 5246 5825 5845 5885 5389 4892 5496 5440 5491 5818 5554 5663 5740 5587 5211 5398 5146 
5181 5140 4936 4464 5252 5544 5241 4891 5121 5318 4922 4884 4972 5228 5059 4722 5113 4963 5375 4973 4609 4968 5076 4819 5240 5320 5161 5360 4872 4639 5108 4945 
5369 5207 5201 4687 5501 5559 5184 5199 5347 5406 5300 5133 5303 5511 5446 4849 5526 5531 5780 5584 4511 5051 5253 5164 5564 5458 5351 5281 5390 5176 5209 5057 
5264 5181 4815 4632 5244 5195 5220 5314 5287 5113 5150 5052 5196 5304 5145 5020 5327 5486 5517 5328 4663 5287 5082 5133 5467 5626 5331 5521 5345 5104 4917 5173 
5136 5238 5055 4721 5157 5319 5386 5234 4989 5123 5198 5269 5016 5002 4924 4813 5328 5270 5399 5341 4381 5283 5148 4949 5112 5099 5013 5559 5489 5025 4852 4811 
4991 5107 4782 4713 5126 5313 5147 5047 5138 5234 5339 5046 5035 5075 4795 4474 5056 4886 5469 5239 4733 4986 4968 4948 5295 5108 5482 5198 5307 4858 5132 4839 
5203 5136 5145 4798 5410 5474 5396 5459 5127 5336 5213 5241 5094 5346 5200 5072 5398 5434 5762 5626 4963 5459 5360 5012 5354 5405 5576 5744 5507 5042 5064 4970 
5167 5008 4953 4401 5160 5354 5160 5404 5113 5255 5619 5069 4932 5199 5254 4856 5083 5077 5500 5500 4580 5123 5292 5190 5514 5368 5077 5186 5230 5130 5260 5055 
