2652 2457 2539 2058 2367 2712 2456 2549 2543 2575 2762 2576 2489 2650 2625 2382 2859 2424 2659 2684 2302 2808 2558 2860 2596 2583 2637 2487 2574 2713 2767 2598 
2650 2575 2575 2147 2700 2762 2561 2427 2599 2301 2582 2611 2459 2517 2570 2425 2773 2431 2427 2400 2145 2717 2297 2585 2663 2460 2566 2599 2830 2535 2588 2577 
2855 2690 2916 2258 2612 3020 2734 2838 2909 2798 2882 2876 2627 2867 2682 2484 2942 2680 2868 2583 2510 2904 2709 2760 2784 2664 2985 3028 2835 2771 2987 2771 
2560 2444 2583 2069 2398 2580 2414 2532 2528 2589 2600 2583 2438 2635 2776 2230 2728 2445 2329 2612 2420 2547 2603 2501 2816 2635 2603 2535 2560 2586 2718 2420 
2613 2328 2413 1943 2461 2796 2652 2615 2619 2515 2519 2505 2449 2686 2344 2223 2874 2364 2421 2451 2136 2683 2503 2551 2497 2633 2453 2565 2410 2496 2736 2417 
2414 2276 2491 1624 2212 2338 2101 2078 2405 1987 2501 2182 2227 2378 2196 1981 2589 2340 2190 2202 2053 2461 2109 2219 2350 2306 2353 2291 2265 2345 2406 2120 
2967 2662 2917 2140 2631 2920 2842 2552 2941 2794 2885 2741 2617 2827 2933 2384 2995 2877 2772 2695 2377 2868 2816 2745 2859 2894 2889 2783 2798 2672 2934 2600 
2573 2424 2580 2118 2571 2659 2633 2436 2548 2557 2734 2556 2517 2771 2567 2374 2734 2605 2638 2739 2275 2558 2564 2543 2583 2688 2462 2576 2768 2619 2693 2511 
2835 2843 2923 2124 2783 3009 2796 2816 2887 2754 3026 2742 2574 2888 2715 2459 3041 2926 2882 2765 2483 2875 2696 2873 2656 2859 2884 2758 2906 2983 3224 2680 
2598 2566 2614 2327 2611 2801 2612 2480 2659 2449 2664 2467 2474 2662 2607 2204 2830 2674 2654 2449 2353 2586 2693 2482 2839 2651 2668 2458 2675 2617 2583 2424 
2541 2580 2430 2151 2391 2841 2347 2550 2822 2438 2833 2605 2473 2530 2359 2131 2851 2474 2533 2570 2222 2704 2499 2657 2673 2519 2443 2498 2588 2606 2667 2354 
2442 2460 2422 1736 2257 2493 2145 2259 2504 2309 2595 2560 2384 2447 2330 2015 2602 2516 2397 2370 1993 2685 2360 2399 2307 2426 2472 2301 2494 2485 2627 2317 
2598 2775 2537 2201 2470 2678 2540 2332 2590 2440 2590 2543 2529 2663 2574 2074 2824 2545 2602 2572 2258 2688 2388 2485 2849 2654 2599 2521 2714 2541 2616 2638 
2405 2573 2483 2104 2552 2617 2434 2480 2635 2538 2538 2401 2440 2606 2484 2277 2615 2550 2523 2477 2214 2637 2420 2560 2620 2495 2640 2572 2676 2408 2731 2429 
2456 2570 2522 2034 2412 2622 2385 2508 2728 2566 2562 2579 2438 2665 2596 2283 2741 2479 2454 2613 2347 2585 2698 2479 2750 2589 2572 2412 2623 2479 2663 2530 
2837 2482 2695 2027 2388 2792 2503 2462 2586 2620 2698 2667 2365 2690 2534 2290 2829 2581 2642 2492 2233 2742 2633 2504 2726 2664 2934 2519 2600 2668 2677 2400 
2813 2785 2817 2306 2768 2956 2823 2818 2936 2866 2755 2590 2714 3000 2640 2297 3043 2737 2643 2715 2381 2977 2886 2773 2886 2900 2786 2692 2978 2748 2819 2671 
2485 2463 2696 2222 2601 2690 2542 2498 2657 2357 2718 2565 2621 2654 2670 2372 2887 2441 2589 2671 2275 2761 2379 2710 2648 2676 2534 2763 2675 2481 2637 2508 
2712 2485 2681 2123 2585 2772 2517 2434 2608 2483 2592 2697 2410 2655 2594 2220 2747 2612 2640 2507 2382 2877 2614 2426 2637 2592 2773 2577 2781 2605 2645 2474 
2946 2828 2921 2479 2943 3013 2804 2618 2982 2693 3127 2725 2912 2973 2833 2419 3029 3016 2871 2833 2520 2891 2803 2919 3016 2819 2879 2917 3180 3038 3017 2748 
2475 2491 2445 2048 2377 2388 2380 2477 2424 2498 2583 2305 2364 2441 2476 2147 2682 2338 2320 2378 2126 2626 2195 2577 2464 2286 2333 2397 2478 2475 2484 2424 
2815 2698 2723 2200 2604 2832 2848 2678 2832 2887 2918 2641 2381 2740 2720 2399 3052 2860 2622 2765 2452 2690 2793 2684 2914 2827 2737 2766 2732 2871 2757 2561 
2884 2752 3013 2320 2802 3017 2852 2714 2834 2789 3024 2832 2684 2970 2765 2504 3053 2720 2867 2762 2519 2935 2942 2975 2934 2970 3055 2923 3124 2852 3051 2889 
2617 2581 2557 2201 2520 2641 2604 2403 2709 2593 2750 2534 2436 2751 2673 2287 2696 2496 2656 2573 2238 2835 2354 2628 2647 2744 2520 2464 2669 2512 2665 2375 
2861 3032 2730 2276 2755 3060 2673 2674 2891 2783 2835 2931 2727 2926 2925 2705 3201 3018 2819 2709 2590 2992 2702 2948 3018 2705 2880 2760 2939 2966 2820 2652 
2441 2310 2288 1960 2403 2581 2420 2091 2439 2424 2386 2236 2255 2490 2419 2143 2562 2271 2319 2246 1997 2337 2395 2298 2470 2576 2356 2286 2389 2149 2467 2332 
2702 2635 2633 2331 2781 2824 2528 2519 2803 2756 2830 2732 2710 2766 2840 2309 2962 2839 2905 2791 2320 2627 2659 2815 2970 2522 2747 2658 2919 2822 2720 2663 
2456 2390 2351 1933 2338 2470 2399 2323 2671 2202 2505 2398 2372 2530 2504 2176 2591 2432 2511 2326 2296 2482 2150 2467 2636 2494 2414 2456 2661 2500 2363 2457 
2570 2537 2563 2151 2632 2795 2686 2584 2661 2533 2535 2756 2463 2599 2510 2396 2729 2605 2493 2615 2124 2703 2451 2475 2687 2402 2499 2598 2758 2551 2607 2428 
2470 2473 2270 2188 2246 2586 2381 2321 2520 2505 2621 2374 2261 2502 2324 2177 2609 2223 2512 2462 2350 2407 2340 2484 2599 2506 2568 2461 2696 2526 2532 2351 
2470 2477 2579 2170 2686 2744 2628 2643 2613 2539 2606 2550 2457 2641 2606 2521 2739 2577 2633 2674 2405 2730 2553 2691 2714 2637 2737 2729 2794 2702 2651 2354 
2903 2780 2859 2350 2757 3226 2910 2910 3033 2903 3162 2954 2733 3029 3139 2561 3058 2845 2915 3044 2611 2887 2933 2912 3169 2986 2922 2847 3061 2968 3369 2965 
