2301 2526 2720 2691 2737 2701 2711 2675 2714 2378 2428 2655 2363 2579 2772 2770 2585 2312 2428 2392 2443 2453 2365 2677 2475 2523 2382 2558 2260 2495 2551 2461 
2500 2345 2823 2327 2389 2585 2511 2481 2390 2273 2353 2369 2242 2449 2645 2653 2336 2385 2286 2386 2314 2494 2347 2643 2318 2675 2553 2551 2012 2445 2584 2449 
2524 2539 2860 2561 2617 2940 2858 2830 2654 2500 2377 2575 2499 2651 2680 3021 2666 2407 2538 2488 2689 2721 2499 2677 2421 2722 2689 2962 2313 2651 2682 2601 
2293 2479 2501 2440 2705 2540 2534 2617 2380 2213 2413 2508 2224 2317 2538 2717 2318 2278 2328 2271 2212 2371 2241 2437 2458 2437 2543 2436 2107 2390 2403 2563 
2455 2542 2700 2579 2544 2755 2696 2797 2607 2351 2600 2441 2522 2698 2727 3062 2484 2637 2426 2544 2508 2734 2407 2736 2512 2773 2585 2629 2289 2616 2788 2500 
2194 2313 2512 2257 2362 2323 2477 2491 2467 2169 2163 2233 2204 2373 2559 2460 2206 2024 2225 2312 2221 2124 2124 2550 2088 2354 2124 2315 2055 2426 2301 2183 
2765 2681 2850 2707 2712 2650 2828 2858 2603 2434 2732 2542 2597 2748 2885 3018 2701 2605 2646 2716 2759 2740 2449 2872 2586 2519 2707 2814 2409 2871 2707 2700 
2509 2418 2780 2625 2689 2743 2620 2606 2702 2346 2338 2426 2430 2485 2878 2648 2689 2432 2616 2497 2608 2454 2249 2756 2464 2651 2467 2704 2248 2577 2585 2509 
2477 2715 3069 2691 2781 2984 2882 2924 2803 2339 2548 2714 2519 2624 3051 2908 2605 2461 2538 2555 2574 2674 2453 3017 2657 2790 2665 2947 2227 2890 2728 2563 
2363 2424 2798 2511 2487 2662 2584 2550 2533 2388 2260 2517 2299 2418 2674 2653 2573 2551 2541 2424 2529 2522 2336 2749 2366 2564 2473 2670 2191 2482 2344 2405 
2270 2392 2580 2417 2494 2678 2426 2600 2377 2214 2389 2184 2247 2349 2618 2462 2420 2373 2413 2340 2365 2421 2219 2645 2360 2584 2521 2583 1875 2560 2458 2383 
2329 2602 2747 2533 2632 2744 2647 2765 2599 2557 2427 2335 2527 2435 2730 2772 2549 2367 2475 2452 2533 2664 2480 2744 2588 2693 2669 2586 2149 2531 2552 2550 
2503 2680 2749 2487 2673 2924 2761 2940 2685 2632 2542 2645 2408 2662 2916 2967 2552 2512 2545 2488 2661 2618 2562 2812 2516 2901 2912 2708 2433 2790 2552 2451 
2423 2695 2947 2581 2623 2614 2618 2557 2668 2443 2494 2495 2380 2490 2778 2724 2417 2503 2343 2437 2475 2573 2543 2713 2440 2561 2575 2790 2086 2443 2630 2493 
2440 2222 2667 2417 2439 2666 2595 2716 2552 2277 2370 2359 2435 2469 2585 2769 2406 2394 2422 2280 2460 2480 2490 2369 2272 2462 2494 2636 2039 2261 2463 2467 
2377 2462 2606 2405 2408 2679 2297 2426 2414 2403 2096 2466 2312 2515 2726 2563 2381 2545 2409 2554 2445 2263 2228 2644 2365 2468 2564 2675 2144 2451 2353 2317 
2452 2595 2912 2539 2846 2838 2716 2636 2642 2398 2322 2597 2598 2682 2947 2697 2490 2527 2399 2550 2539 2631 2430 2807 2490 2788 2668 2964 2267 2429 2627 2527 
2278 2533 2741 2482 2613 2678 2685 2655 2692 2424 2442 2394 2268 2498 2782 2740 2351 2330 2383 2377 2261 2366 2261 2784 2534 2571 2617 2715 2154 2563 2414 2452 
2349 2402 2621 2302 2452 2716 2648 2641 2458 2348 2261 2307 2115 2444 2557 2730 2480 2334 2367 2541 2591 2536 2364 2462 2338 2522 2476 2406 2280 2494 2629 2455 
2960 3097 3343 2840 3109 3276 3124 3307 3087 2725 2679 3031 2721 2991 3245 3180 2886 2772 2927 2727 2897 2917 2904 3217 2905 3143 3012 3132 2592 3044 3012 3058 
2330 2474 2664 2524 2735 2790 2528 2615 2630 2398 2391 2598 2207 2447 2788 2557 2235 2393 2375 2433 2387 2525 2291 2686 2340 2706 2395 2613 2275 2500 2521 2425 
2306 2452 2674 2463 2578 2614 2583 2579 2623 2304 2349 2302 2185 2500 2599 2554 2266 2376 2383 2516 2562 2570 2135 2491 2455 2397 2495 2443 2125 2405 2527 2251 
2563 2747 2871 2629 2607 2804 2735 2708 2615 2528 2343 2540 2573 2650 2799 2885 2567 2418 2601 2658 2685 2598 2522 2850 2570 2698 2663 2947 2272 2749 2679 2538 
2413 2567 2785 2571 2806 2643 2627 2513 2560 2414 2440 2449 2491 2449 2632 2700 2472 2429 2386 2520 2428 2510 2488 2792 2442 2630 2676 2900 2177 2586 2709 2508 
2603 2672 3042 2622 2863 3060 3021 2875 2620 2468 2610 2559 2505 2632 2980 3070 2718 2422 2733 2530 2619 2753 2536 2859 2647 2783 2851 2605 2332 2696 2620 2685 
2263 2212 2641 2171 2120 2583 2311 2473 2218 2167 2021 2262 2154 2335 2639 2534 2170 2351 2333 2382 2238 2439 2038 2375 2152 2378 2462 2245 1982 2096 2294 2306 
2461 2683 2864 2841 2787 2915 2790 2864 2720 2652 2485 2537 2470 2723 2979 2702 2677 2467 2698 2556 2686 2827 2802 2901 2702 2911 2857 2961 2225 2832 2684 2745 
2394 2501 2696 2383 2513 2623 2529 2706 2558 2275 2293 2365 2332 2453 2794 2534 2543 2236 2376 2347 2452 2348 2589 2589 2394 2530 2495 2588 1944 2785 2471 2408 
2633 2362 2844 2540 2673 2786 2799 2907 2598 2371 2358 2559 2472 2487 2696 3010 2565 2484 2644 2632 2608 2558 2531 2630 2445 2586 2604 2740 2319 2589 2762 2597 
2121 2366 2593 2307 2495 2580 2400 2448 2513 2054 1991 2313 2204 2261 2605 2230 2260 2198 2066 2178 2244 2329 2078 2435 2075 2410 2210 2330 1681 2352 2300 2174 
2470 2557 2846 2532 2518 2783 2560 2843 2648 2456 2414 2567 2568 2651 2966 2993 2594 2638 2537 2773 2535 2535 2334 2931 2531 2687 2735 2742 2361 2843 2574 2485 
2686 2628 3086 2906 2889 3016 3006 2975 2903 2495 2518 2740 2559 2844 2962 3155 2757 2839 2836 2544 2676 2721 2593 2920 2715 2838 2678 2902 2453 2534 2660 2680 
