1626 1954 2084 2148 2154 2060 2086 1966 2143 1826 1833 2002 1716 2083 2135 2036 1801 1783 1752 1892 1706 1765 1707 1881 1920 1933 1796 1982 1727 1873 1981 1802 
1777 1765 2174 1789 1927 2048 1831 1758 1817 1676 1756 1800 1641 1885 2044 1973 1646 1718 1679 1800 1597 1687 1721 1939 1779 2051 1977 1990 1364 1793 2001 1806 
1968 2115 2460 2061 2158 2418 2367 2198 2148 1932 1902 2037 2036 2167 2170 2442 2047 1871 1912 2157 2083 2034 1901 2058 1842 2204 2196 2419 1851 2030 2180 2052 
1580 1821 1971 1893 2123 1949 2041 1886 1753 1530 1813 1829 1652 1785 1886 2083 1602 1687 1658 1782 1611 1680 1584 1779 1864 1854 1904 1853 1634 1787 1859 1957 
1794 1941 2141 2089 2025 2237 2075 2133 1988 1699 2055 1926 1924 2103 2172 2364 1789 2053 1826 2037 1881 1976 1745 2051 1997 2185 2027 2071 1695 2008 2203 1942 
1487 1715 1814 1795 1850 1710 1784 1750 1805 1524 1572 1699 1472 1801 1829 1720 1420 1430 1564 1710 1495 1412 1402 1780 1593 1771 1478 1781 1465 1805 1744 1554 
2034 2073 2179 2222 2217 2126 2166 2030 2004 1699 2012 1951 1864 2218 2152 2237 1953 1923 1919 2100 2035 1891 1655 2147 1957 1917 2089 2139 1812 2079 2133 2022 
1815 1828 2207 2050 2140 2084 2041 1906 2074 1671 1778 1903 1835 1916 2256 1943 1849 1768 1902 1952 1904 1796 1618 1960 1885 1970 1861 2161 1660 1922 1953 1878 
1879 2193 2479 2283 2286 2313 2293 2159 2218 1714 1984 2081 2031 2097 2410 2329 1936 1899 1970 2095 1952 1987 1834 2342 2072 2185 2085 2325 1725 2241 2183 2032 
1559 1742 2074 1928 1931 1913 1936 1739 1833 1617 1592 1756 1623 1812 1932 1860 1668 1731 1738 1836 1771 1682 1601 1856 1686 1881 1835 1974 1473 1710 1734 1781 
1664 1782 1981 1865 1863 1924 1803 1794 1722 1539 1849 1647 1676 1795 2006 1832 1571 1701 1721 1821 1628 1732 1595 1847 1755 1931 1827 1929 1323 1813 1862 1777 
1636 1870 2066 1989 1983 2023 1977 1894 1854 1729 1709 1706 1745 1870 1998 2030 1640 1618 1678 1838 1835 1854 1644 1900 1876 1967 1979 1834 1565 1765 1848 1860 
1701 1892 1975 1884 2036 2130 1985 1922 1865 1806 1805 1944 1695 1985 2162 2097 1685 1762 1814 1799 1809 1744 1732 1940 1790 2112 2104 1992 1712 1931 1879 1786 
1750 1997 2225 2086 2088 2017 2008 1831 2013 1769 1803 1850 1755 2061 2126 2064 1597 1770 1651 1911 1887 1864 1804 1912 1831 1937 1973 2077 1599 1717 1994 1881 
1758 1717 2100 2004 1979 2109 2025 2004 1949 1549 1808 1836 1817 1985 1984 2040 1658 1815 1751 1753 1856 1790 1740 1653 1718 1874 2048 1999 1520 1679 1922 1932 
1643 1835 1946 1848 1889 2053 1693 1742 1841 1721 1500 1889 1717 1915 2100 1866 1588 1860 1739 1958 1763 1575 1602 1871 1818 1832 1916 2076 1585 1805 1749 1684 
1807 1937 2250 2048 2252 2217 2022 1909 2062 1730 1743 1919 1967 2174 2294 2039 1707 1839 1760 2033 1937 1898 1753 2057 1882 2182 2120 2262 1736 1806 2051 1902 
1744 2032 2176 2002 2060 2120 2096 1945 2105 1810 1899 1893 1685 2051 2104 2145 1637 1747 1765 1917 1658 1713 1691 2089 2006 2136 2024 2177 1663 1930 1962 1840 
1692 1832 1927 1834 1938 2012 1969 1899 1809 1677 1622 1750 1509 1947 2002 1985 1689 1723 1703 1967 1888 1750 1737 1694 1776 1922 1901 1817 1663 1886 2030 1827 
2133 2342 2461 2217 2452 2470 2408 2359 2369 1948 1973 2222 1984 2299 2426 2407 2009 1963 2207 2068 2063 2051 2132 2277 2187 2388 2242 2342 1897 2246 2361 2306 
1606 1773 1995 1911 2131 2070 1827 1735 1937 1683 1727 1891 1643 1832 1979 1894 1534 1649 1667 1762 1611 1731 1582 1980 1664 2072 1691 1919 1701 1728 1844 1787 
1634 1860 2014 1988 2086 1944 1952 1856 1997 1706 1780 1691 1633 1963 1992 1882 1606 1737 1758 1896 1826 1804 1559 1799 1896 1838 1856 1933 1601 1778 1979 1682 
1843 2085 2203 2052 2074 2164 2149 1972 1983 1814 1727 1942 1936 2171 2162 2195 1780 1676 1839 2045 1922 1862 1801 2104 1951 2079 2103 2256 1725 1990 2088 1948 
1760 1901 2145 2068 2218 2030 1969 1735 1853 1639 1779 1876 1814 1897 2026 1910 1623 1701 1651 1928 1769 1736 1679 2009 1809 2000 2055 2205 1605 1879 2059 1855 
1917 2113 2392 2221 2335 2412 2387 2169 2008 1827 2028 2039 1894 2189 2458 2345 1933 1902 2076 2072 1947 2110 1905 2107 2161 2157 2312 2065 1732 2155 2118 2036 
1484 1592 1956 1598 1552 1890 1624 1588 1526 1449 1404 1583 1524 1713 1895 1747 1430 1644 1610 1700 1586 1645 1384 1562 1548 1748 1814 1672 1398 1431 1689 1633 
1794 2026 2271 2265 2208 2209 2160 2096 2056 1875 1848 1959 1862 2127 2353 2029 1850 1801 2015 2073 1995 2084 2018 2169 2000 2190 2223 2243 1619 2140 2042 2058 
1649 1846 2037 1872 1979 2012 1907 1860 1915 1575 1695 1762 1629 1980 2022 1816 1727 1598 1685 1874 1748 1555 1775 1784 1748 1908 1927 1893 1378 2008 1905 1844 
1822 1765 2183 1958 2125 2091 2095 1978 1870 1576 1678 1916 1763 1907 1986 2133 1721 1767 1837 1941 1753 1727 1701 1794 1790 1880 1963 2048 1637 1783 2101 1929 
1464 1813 2052 1845 1927 1970 1755 1722 1885 1505 1577 1724 1722 1821 2003 1707 1584 1688 1559 1715 1630 1675 1515 1793 1609 1877 1656 1783 1259 1789 1790 1653 
1664 1951 2121 1879 1981 2079 1833 1873 1951 1718 1707 1865 1842 2011 2180 2127 1709 1791 1707 1998 1683 1683 1572 2031 1900 2021 1984 2069 1675 1968 1862 1789 
1991 2097 2505 2342 2345 2415 2339 2238 2348 1875 2060 2193 2017 2311 2367 2451 2039 2223 2182 2022 2039 1987 1980 2200 2234 2297 2198 2312 1882 1964 2123 2080 
