4292 4539 4769 4659 4608 4682 4358 4257 4937 4193 4379 4577 4523 4402 4635 4526 4387 4130 4395 4332 4203 4177 3919 4642 4245 4429 4183 4633 4198 4435 4395 4272 
4438 4331 4793 4275 4302 4307 4015 4233 4544 4086 4261 4205 4153 4379 4494 4307 4036 4128 4014 4337 4117 4283 3996 4452 4168 4530 4499 4596 4023 4329 4368 4200 
4712 4697 4992 4699 4776 5109 4627 4839 5223 4670 4526 4806 4810 4704 4986 5089 4728 4634 4675 4597 4588 4664 4277 4857 4540 4928 4815 5195 4664 4998 4790 4652 
4429 4509 4395 4420 4498 4443 4066 4455 4784 3913 4344 4621 4166 4347 4530 4573 4122 4189 4356 4112 3956 4110 3833 4158 4290 4419 4456 4647 4274 4456 4326 4441 
4449 4486 4798 4582 4561 4824 4302 4527 4920 4337 4525 4330 4602 4642 4658 5038 4290 4574 4306 4576 4320 4555 4022 4645 4392 4770 4489 4724 4324 4574 4677 4408 
4239 4234 4583 4216 4369 4375 4226 4327 4890 4124 4088 4318 4457 4294 4772 4302 4068 3845 4166 4283 4160 3914 3807 4507 3998 4310 4080 4457 4196 4601 4283 4294 
5006 5067 5002 4891 4784 4772 4570 4610 5085 4377 4899 4693 4962 4943 4872 4851 4644 4624 4796 4866 4619 4616 4308 5003 4638 4578 4766 5040 4675 5115 4751 4707 
4748 4412 4809 4662 4758 5032 4367 4459 5044 4343 4344 4572 4710 4519 5086 4735 4762 4363 4699 4807 4469 4368 4057 4726 4363 4741 4382 4903 4338 4861 4798 4625 
4524 4861 5204 4658 4857 5108 4689 4672 5146 4337 4635 4882 4756 4559 5246 5017 4598 4542 4719 4648 4504 4535 4318 5018 4697 4889 4691 5144 4515 5224 4783 4606 
4649 4536 4947 4782 4519 4707 4320 4384 5072 4300 4300 4626 4395 4615 4696 4461 4451 4499 4687 4624 4542 4337 4195 4803 4351 4867 4503 4762 4437 4560 4379 4371 
4577 4639 4849 4841 4721 4831 4362 4514 5004 4256 4636 4577 4514 4591 4853 4644 4674 4500 4671 4757 4363 4407 4082 4791 4504 4926 4716 4889 4312 4861 4689 4534 
4406 4523 4608 4203 4283 4498 4105 4450 4769 4311 4261 4214 4474 4253 4431 4372 4260 4265 4255 4379 4234 4256 4066 4580 4431 4536 4493 4408 4154 4366 4340 4457 
4467 4638 4778 4562 4545 4881 4525 4673 5013 4680 4495 4897 4526 4584 4938 4841 4426 4435 4518 4541 4460 4515 4167 4825 4260 4918 4818 4870 4737 4895 4564 4452 
4512 4907 5002 4726 4516 4881 4288 4353 5040 4480 4592 4721 4583 4608 4843 4698 4347 4533 4370 4559 4317 4427 4325 4641 4400 4652 4669 4950 4385 4654 4617 4615 
4677 4351 4876 4454 4383 4762 4394 4606 4938 4251 4537 4527 4520 4544 4758 4796 4463 4301 4552 4402 4410 4409 4232 4430 4134 4640 4657 4947 4236 4520 4667 4458 
4302 4481 4556 4516 4374 4723 3962 4271 4890 4403 4085 4654 4432 4541 4816 4390 4346 4583 4452 4720 4237 4127 3913 4600 4229 4531 4633 4909 4374 4623 4401 4257 
4681 4637 5052 4743 4969 4953 4404 4470 5066 4394 4354 4874 4829 4692 5092 4677 4314 4493 4430 4781 4469 4450 4200 4724 4449 4737 4865 5143 4534 4642 4628 4518 
4413 4557 4810 4487 4614 4633 4417 4535 5097 4430 4524 4651 4408 4595 4800 4719 4234 4409 4302 4480 4143 4177 3958 4677 4431 4688 4607 4887 4334 4619 4410 4499 
4769 4818 5048 4714 4779 4868 4479 4768 5210 4577 4650 4702 4492 4882 4864 4910 4633 4667 4688 4787 4734 4620 4484 4785 4610 4866 4894 4854 4706 4906 4826 4784 
5204 5140 5668 5115 5066 5413 4843 5160 5516 4921 4735 5250 5011 5018 5368 5197 4883 4879 5021 4951 4846 4860 4601 5302 4887 5215 5184 5437 4893 5265 5159 5129 
4444 4606 4970 4514 4822 4991 4189 4454 5054 4471 4386 4801 4323 4603 4942 4555 4211 4313 4464 4525 4173 4496 4142 4757 4350 4787 4371 4771 4545 4589 4567 4438 
4183 4448 4550 4341 4400 4465 4209 4169 4708 4090 4303 4409 4180 4361 4455 4306 4047 4253 4072 4619 4401 4281 3674 4229 4117 4254 4283 4343 4127 4098 4395 4259 
4548 4793 4853 4603 4434 4743 4323 4382 4841 4312 4123 4565 4520 4536 4739 4679 4365 4199 4684 4625 4436 4342 4212 4628 4388 4772 4575 5008 4288 4861 4491 4304 
4665 4589 4808 4596 4666 4524 4299 4243 4884 4223 4294 4564 4578 4468 4607 4718 4437 4322 4558 4492 4273 4344 4157 4674 4263 4568 4598 5039 4396 4768 4634 4543 
4717 4845 5145 4844 4820 5180 4708 4710 5072 4398 4703 4595 4830 4839 5085 5104 4570 4258 4732 4702 4700 4436 4313 4956 4528 4944 4936 4826 4631 4761 4715 4594 
4544 4268 4766 4308 4125 4637 4103 4156 4614 4199 4146 4534 4253 4222 4732 4378 4030 4260 4272 4571 4078 4254 3809 4354 4051 4439 4456 4503 4241 4247 4423 4394 
4543 4742 4890 4754 4706 4939 4402 4674 5029 4431 4323 4694 4503 4712 4953 4636 4351 4404 4656 4654 4497 4605 4568 4964 4538 4846 4731 5200 4298 5003 4740 4661 
4630 4717 4900 4623 4630 4665 4379 4560 5058 4288 4306 4647 4607 4645 4985 4690 4471 4207 4554 4671 4469 4210 4473 4831 4432 4748 4425 4873 4288 4991 4611 4539 
4505 4170 4760 4541 4592 4468 4341 4495 4724 4229 4151 4454 4475 4212 4484 4779 4371 4172 4501 4649 4215 4251 4005 4326 4105 4352 4359 4827 4231 4529 4487 4363 
4358 4450 4695 4387 4461 4603 4098 4266 4918 3981 4070 4539 4319 4439 4543 4198 4127 4262 4268 4293 4218 4230 3933 4529 4034 4680 4262 4480 3965 4601 4406 4147 
4453 4556 4936 4569 4527 4710 4169 4546 5047 4434 4354 4658 4408 4642 4979 4826 4323 4575 4431 4786 4329 4403 4022 4920 4442 4659 4597 4763 4524 4914 4585 4450 
4464 4235 4901 4512 4422 4684 4366 4386 4831 4110 4292 4512 4300 4570 4475 4684 4373 4531 4416 4238 4126 4269 3918 4554 4110 4480 4311 4608 4123 4314 4288 4208 
