4904 5248 5486 5212 5344 5304 5050 4951 5610 4715 5040 5134 5049 5068 5233 5240 5117 4764 4956 4879 4921 4803 4539 5246 4959 5033 4835 5348 4967 5027 5075 4884 
5045 5128 5514 4836 5022 5023 4828 4895 5261 4625 5004 4777 4679 5124 5143 4969 4686 4780 4557 4939 4942 4992 4678 5000 4857 5214 5217 5327 4832 4920 5137 4694 
5277 5366 5587 5192 5437 5628 5312 5546 5828 5234 5101 5377 5301 5376 5568 5780 5343 5219 5142 5057 5202 5317 4849 5441 5229 5526 5348 5801 5289 5527 5412 5143 
5087 5302 5033 5029 5246 5121 4862 5119 5495 4521 4996 5201 4677 4909 5085 5239 4884 4825 4915 4687 4778 4773 4523 4811 4945 5083 5096 5334 5019 5080 5112 4989 
4842 5068 5278 4985 5144 5245 4817 5019 5445 4766 4992 4670 4915 5115 5135 5617 4773 5139 4740 4976 4847 5008 4455 5098 4932 5259 4979 5126 4825 4986 5197 4775 
4773 4827 5167 4632 4929 4886 4822 4911 5507 4618 4648 4844 4961 4875 5335 4832 4733 4303 4552 4758 4784 4508 4408 5055 4649 4815 4647 5114 4785 5198 4819 4826 
5709 5902 5653 5454 5564 5462 5308 5314 5818 5001 5523 5262 5532 5639 5471 5608 5318 5333 5337 5474 5294 5245 4910 5665 5467 5189 5417 5792 5437 5772 5435 5431 
5281 5113 5445 5190 5406 5569 5041 5143 5749 4812 4873 5118 5117 5171 5569 5420 5440 4931 5282 5291 5079 5056 4691 5178 5050 5299 4945 5584 5085 5478 5541 5065 
5060 5571 5943 5225 5525 5670 5406 5333 5825 4887 5220 5435 5246 5222 5812 5642 5248 5244 5193 5166 5188 5234 4837 5647 5415 5495 5350 5816 5225 5828 5443 5226 
5384 5467 5653 5487 5337 5499 5224 5187 5917 5012 4987 5391 4988 5393 5339 5289 5166 5278 5301 5281 5356 5116 4867 5544 5170 5558 5255 5612 5308 5248 5183 5115 
5241 5409 5633 5482 5497 5499 5213 5310 5802 4976 5366 5248 5101 5331 5546 5419 5387 5190 5294 5269 5175 5137 4751 5510 5273 5636 5464 5709 5153 5449 5477 5170 
4889 5089 5236 4624 4803 4993 4768 5013 5397 4757 4855 4743 4870 4822 4927 4897 4680 4645 4624 4737 4761 4757 4561 5056 5010 4971 5000 4951 4670 4806 4822 4939 
5105 5347 5438 5046 5271 5498 5211 5271 5695 5253 5130 5397 5066 5141 5555 5505 5063 4967 5002 5076 5102 5160 4771 5423 4919 5472 5421 5566 5429 5428 5182 5027 
5100 5558 5480 5209 5100 5417 4910 4956 5660 5047 5080 5170 5012 5190 5312 5327 4955 5118 4853 5075 4869 5018 4861 5167 5089 5151 5192 5543 4997 5129 5186 5143 
5275 4998 5524 5027 5091 5347 5118 5229 5627 4843 5141 5116 4951 5071 5301 5485 5143 4850 5085 4865 5109 5078 4863 5006 4796 5200 5254 5574 4878 5088 5362 5023 
4977 5302 5323 5136 5186 5454 4843 5067 5683 5010 4854 5326 4997 5355 5502 5188 5098 5271 5012 5360 5056 4821 4629 5217 4980 5188 5339 5675 5263 5396 5150 4932 
5359 5499 5701 5395 5829 5670 5243 5254 5852 5066 5084 5525 5427 5518 5785 5509 5021 5253 5012 5417 5248 5168 4830 5375 5204 5487 5584 5929 5447 5350 5369 5154 
4922 5275 5408 4975 5217 5188 5021 5142 5745 4875 5084 5240 4849 5231 5385 5279 4888 4934 4732 4923 4800 4733 4499 5179 5013 5218 5219 5516 5001 5173 5097 5009 
5522 5643 5763 5308 5478 5610 5308 5528 5934 5266 5338 5358 5087 5660 5544 5660 5275 5323 5160 5315 5456 5279 5151 5462 5426 5464 5590 5651 5487 5548 5451 5478 
5842 5814 6316 5619 5793 6085 5542 5775 6099 5442 5373 5788 5528 5636 5882 5846 5407 5459 5566 5470 5544 5389 5159 5842 5507 5802 5781 6139 5636 5835 5831 5687 
5015 5269 5541 5013 5432 5479 4757 5081 5610 5094 4894 5383 4766 5124 5430 5263 4801 4866 5017 5037 4751 5054 4727 5305 5015 5290 4848 5388 5184 5074 5139 4926 
4939 5362 5390 4997 5277 5181 5090 5020 5521 4914 5074 5252 4867 5209 5282 5225 4832 5066 4695 5250 5298 5112 4367 5025 5077 5016 5123 5237 4980 4755 5204 5028 
5327 5743 5624 5283 5366 5520 5275 5246 5732 5057 4922 5307 5089 5385 5490 5648 5213 5046 5379 5300 5308 5140 4955 5278 5244 5497 5414 5806 5249 5562 5371 4978 
5287 5309 5392 5120 5400 5135 5007 4845 5643 4874 4939 5177 5102 5064 5165 5411 5119 4937 5125 5143 5012 4932 4755 5281 5029 5125 5265 5794 5157 5362 5270 5228 
5286 5578 5855 5422 5460 5845 5488 5397 5805 5064 5338 5208 5355 5619 5758 5793 5194 4904 5218 5210 5436 5078 4946 5552 5308 5613 5673 5554 5374 5361 5355 5264 
5131 5039 5396 4864 4912 5336 4902 4839 5311 4795 4827 5121 4789 4864 5343 5094 4696 4969 4799 5178 4894 4916 4411 4982 4685 5165 5171 5190 5003 4848 5152 4993 
5087 5403 5522 5228 5407 5477 5108 5376 5708 4966 4911 5236 4945 5337 5479 5366 5019 4987 5271 5195 5176 5248 5234 5514 5251 5460 5289 5847 5048 5631 5423 5122 
5172 5338 5502 5191 5184 5226 5053 5150 5656 4868 4901 5277 5061 5323 5478 5293 5010 4692 4997 5132 5136 4859 5020 5276 5105 5252 4972 5582 4950 5524 5252 5025 
5072 4824 5277 5011 5295 5025 4972 5071 5358 4815 4742 4949 4913 4816 5027 5481 4856 4739 4975 5179 4815 4735 4489 4857 4768 4922 4933 5394 4870 5024 4993 4889 
5026 5191 5387 4947 5289 5260 4845 4916 5664 4624 4761 5111 4751 5016 5151 4983 4790 4896 4834 4902 4941 4937 4536 5126 4734 5300 4953 5137 4688 5184 5122 4757 
5039 5367 5640 5050 5227 5255 4936 5355 5800 4997 5018 5327 4901 5373 5545 5581 5104 5301 4995 5434 5030 5157 4760 5532 5246 5273 5207 5457 5285 5540 5301 5075 
5125 5043 5710 5226 5222 5415 5260 5130 5714 4764 4980 5189 4783 5290 5103 5454 5136 5237 5031 4823 4988 4945 4580 5220 4898 5181 5110 5352 4907 5031 5132 4905 
