467 656 672 724 737 722 616 575 827 668 586 799 574 750 673 741 465 632 456 678 629 577 557 649 593 699 563 774 535 701 679 629 
475 477 596 601 604 633 507 459 707 629 541 656 471 660 634 625 405 541 484 543 581 504 407 624 556 626 531 709 493 539 653 521 
576 657 684 664 714 848 750 618 842 678 577 764 619 770 685 935 507 637 583 744 796 764 575 645 658 598 619 866 679 727 760 718 
368 492 474 475 580 555 559 462 513 454 472 561 426 581 488 635 346 443 358 532 507 420 365 423 524 499 559 535 478 539 524 560 
469 535 538 667 699 693 593 579 698 547 607 653 601 739 670 696 430 616 438 667 720 638 496 621 529 613 645 726 556 749 704 624 
469 673 607 755 774 661 671 605 834 627 598 767 556 808 710 745 414 559 438 704 604 490 513 712 667 643 556 745 629 769 722 576 
667 632 674 741 836 788 678 618 827 664 658 808 630 911 764 863 547 675 545 770 804 639 526 701 611 617 658 839 722 725 818 688 
514 485 717 747 773 722 607 512 764 520 529 698 562 700 761 730 491 649 633 595 772 522 390 564 591 605 546 758 562 645 673 529 
519 598 699 832 742 729 713 593 812 569 580 702 635 725 793 841 464 580 605 591 727 618 466 684 678 647 539 801 548 813 690 605 
465 631 766 769 864 777 658 582 806 641 495 806 601 811 676 754 551 688 517 662 724 602 484 664 670 767 575 799 592 732 678 660 
566 640 693 745 753 775 704 632 808 642 661 728 635 750 765 762 563 674 553 693 696 673 589 705 703 781 700 808 612 818 780 672 
483 592 651 724 689 719 655 670 754 643 593 711 595 708 627 856 478 522 464 637 654 580 502 581 727 669 581 678 565 703 643 626 
526 572 655 640 706 703 613 520 704 621 554 743 584 774 712 655 478 597 487 697 619 530 532 662 511 672 686 753 604 684 729 600 
667 788 810 778 793 775 704 548 935 798 676 853 672 906 747 832 527 655 571 733 747 586 617 787 645 712 668 948 729 691 815 664 
508 524 646 678 647 814 689 598 845 606 586 762 612 777 746 706 504 630 527 633 709 629 507 555 542 640 682 807 619 727 708 707 
492 607 690 709 822 720 595 658 843 660 602 824 615 781 749 736 519 726 528 753 702 566 530 655 701 672 730 754 584 752 753 626 
607 681 823 810 899 775 700 568 856 690 658 822 716 895 846 788 540 730 581 826 771 683 578 840 672 768 771 929 748 814 868 683 
478 682 684 665 677 612 546 500 764 640 550 692 543 725 600 679 393 554 436 622 566 447 495 662 590 656 574 787 521 649 610 596 
451 488 539 635 702 675 643 585 678 483 504 706 493 697 678 740 416 616 447 667 632 604 510 523 562 571 555 627 570 701 729 610 
599 788 779 798 847 813 753 623 936 699 483 847 739 848 781 822 507 625 648 704 731 623 602 780 713 752 611 908 684 827 809 683 
490 655 765 703 846 798 619 543 818 682 633 812 593 763 708 697 499 590 481 716 691 674 536 674 562 731 599 753 688 673 700 636 
406 552 563 613 752 671 640 522 724 552 543 718 504 709 565 677 400 603 404 671 625 614 492 570 595 663 577 688 587 675 672 532 
520 606 605 733 686 626 630 549 729 568 583 663 610 783 629 800 354 510 416 658 641 550 497 644 598 609 603 800 574 718 726 660 
528 620 648 677 723 666 537 444 708 573 562 718 532 720 646 688 415 536 416 576 530 497 428 713 611 693 617 768 495 665 673 509 
511 637 684 755 752 815 807 618 765 561 571 780 620 800 801 847 531 581 598 619 695 704 592 693 644 743 675 711 616 818 747 680 
481 474 612 555 561 649 523 479 626 517 481 661 569 658 643 647 438 563 479 555 568 480 410 487 432 539 593 673 498 534 615 570 
459 568 682 795 819 790 674 591 876 638 585 769 548 759 827 699 522 661 536 703 714 592 566 750 655 825 616 785 561 842 729 694 
465 655 713 772 780 797 697 607 864 627 576 761 579 767 856 717 492 676 565 734 707 580 608 762 619 756 635 780 578 841 756 685 
476 574 672 629 711 661 584 508 659 506 472 653 559 681 624 735 459 583 536 643 667 536 519 545 525 535 524 652 565 586 615 548 
427 532 637 658 672 735 568 541 729 512 502 721 487 721 674 645 435 647 443 567 595 636 462 613 497 658 548 708 469 711 674 514 
445 624 709 717 775 707 608 657 814 634 638 794 587 763 692 771 399 658 451 694 679 538 474 621 664 685 679 758 610 738 734 613 
560 692 883 779 839 910 750 687 991 763 657 928 624 856 864 876 659 749 663 660 743 664 514 796 757 790 656 885 727 784 748 682 
