3002 3252 3501 3545 3366 3357 3194 3217 3531 2891 3122 3225 3200 3321 3415 3361 3178 2714 3169 3214 3123 2985 2787 3390 3045 3108 3131 3302 2868 3206 3209 3124 
3242 3084 3563 3140 2966 3112 3011 3177 3222 2784 3054 2886 2980 3272 3288 3190 2861 2800 2923 3175 3037 3097 2892 3337 3035 3355 3337 3355 2682 3117 3212 3048 
3090 3132 3359 3202 3053 3480 3202 3404 3344 2973 2948 3025 3192 3218 3252 3453 3119 2781 3072 3006 3225 3086 2879 3282 2919 3263 3342 3492 2825 3243 3192 3139 
2990 3139 3076 3180 3176 3037 2920 3183 3175 2663 3036 3046 2869 3078 3136 3225 2880 2778 2975 2887 2873 2887 2648 3068 3061 3014 3219 3132 2704 2982 2943 3166 
3160 3136 3473 3415 3144 3364 3199 3326 3442 2890 3227 2914 3187 3435 3258 3648 2986 3120 3029 3329 3193 3208 2827 3437 3082 3391 3318 3261 2948 3218 3393 3177 
2955 3054 3369 3142 3039 3063 3068 3220 3384 2786 2950 2839 3169 3208 3331 3060 2863 2565 2930 3129 3023 2765 2703 3429 2862 3113 2992 3117 2822 3287 3058 2968 
3549 3546 3586 3470 3355 3309 3326 3480 3416 3022 3478 3148 3528 3621 3545 3560 3283 3007 3383 3511 3493 3318 2973 3650 3269 3122 3503 3603 3098 3662 3333 3374 
3306 3125 3634 3576 3323 3577 3210 3290 3593 3091 3128 3077 3376 3342 3631 3285 3357 3012 3377 3381 3358 3101 2832 3657 3234 3352 3318 3524 3021 3425 3389 3358 
3044 3350 3679 3347 3272 3557 3335 3362 3491 2846 3189 3181 3213 3193 3669 3362 3159 2895 3173 3172 3146 3124 2924 3637 3181 3349 3334 3543 2857 3562 3272 3121 
3299 3234 3674 3557 3169 3367 3141 3253 3545 3015 3083 3195 3180 3322 3388 3267 3269 3174 3280 3376 3434 3106 2917 3586 3144 3354 3447 3475 3006 3203 3062 3206 
3165 3320 3422 3416 3168 3420 3065 3247 3318 2921 3243 2949 3132 3242 3391 3158 3138 2965 3239 3257 3161 3047 2832 3527 3126 3353 3420 3487 2681 3359 3200 3189 
3089 3253 3445 3292 3088 3351 3070 3367 3381 3161 3081 2857 3284 3159 3242 3265 3184 2924 3083 3189 3114 3157 2888 3463 3233 3288 3462 3304 2878 3195 3182 3242 
3084 3308 3367 3217 3214 3550 3109 3483 3372 3210 3243 3197 3095 3375 3584 3475 3122 2983 3127 3181 3243 3125 2989 3510 3133 3434 3610 3375 3069 3446 3168 3039 
3083 3307 3547 3393 3128 3221 3054 3133 3446 2994 3098 3043 3089 3206 3393 3221 2957 2974 2970 3146 3159 3078 2975 3366 3080 3160 3311 3430 2720 3079 3210 3193 
3225 3000 3444 3196 2956 3303 3075 3354 3398 2869 3140 2942 3301 3271 3227 3321 3062 2907 3052 3087 3160 3049 3000 3182 2878 3126 3332 3492 2729 3024 3261 3145 
3133 3181 3343 3308 2967 3395 2815 3130 3299 3121 2902 3062 3099 3307 3477 3191 3014 3109 3150 3313 3122 2815 2744 3465 3055 3161 3445 3445 2864 3219 3090 3042 
3309 3367 3709 3494 3546 3548 3263 3331 3541 3034 3136 3201 3449 3519 3714 3345 3112 3041 3148 3363 3241 3252 3042 3623 3245 3428 3541 3791 2997 3188 3314 3269 
3073 3244 3431 3291 3230 3269 3176 3276 3518 2942 3170 2994 2910 3304 3365 3263 2903 2824 3063 3130 2929 2901 2720 3465 3197 3189 3415 3498 2828 3184 3003 3089 
3234 3299 3479 3357 3164 3371 3231 3377 3401 3030 3100 3073 2996 3380 3336 3407 3178 2928 3167 3436 3409 3171 3034 3373 3128 3312 3466 3274 3035 3359 3387 3260 
3830 3870 4206 3717 3663 3982 3689 3962 3930 3425 3430 3659 3611 3835 3887 3793 3546 3314 3660 3625 3607 3559 3384 4082 3604 3825 3873 3987 3348 3760 3802 3825 
3077 3200 3494 3319 3371 3504 3041 3142 3353 3009 3133 3191 3005 3174 3425 3164 2837 2839 3022 3240 2974 3049 2784 3482 2952 3237 3148 3327 2950 3256 3158 3081 
2958 3128 3304 3282 3126 3240 3037 3071 3340 2871 3080 2859 2890 3209 3208 3059 2878 2869 2937 3270 3212 3048 2580 3157 3058 3003 3201 3148 2737 2986 3135 2904 
3392 3562 3644 3486 3215 3418 3293 3263 3456 3105 3088 3190 3301 3413 3407 3464 3144 2879 3274 3480 3390 3093 3066 3539 3254 3336 3438 3721 2958 3439 3244 3185 
3249 3317 3538 3427 3345 3265 3102 3032 3406 2938 3094 3005 3316 3200 3237 3308 3119 2902 3126 3194 3097 3069 2925 3510 3011 3242 3433 3623 2811 3305 3310 3220 
3480 3592 3897 3668 3641 3851 3588 3646 3734 3215 3566 3203 3526 3663 3808 3717 3450 3045 3515 3564 3625 3386 3209 3818 3439 3647 3906 3511 3267 3513 3486 3497 
2964 2952 3364 2979 2639 3216 2851 3066 3057 2736 2722 2929 2957 3056 3336 3082 2727 2837 2992 3223 2920 2965 2553 3186 2778 3080 3226 2987 2681 2833 2973 3026 
3183 3418 3540 3540 3295 3508 3229 3421 3440 3185 3188 3117 3174 3477 3601 3258 3209 2934 3300 3279 3290 3350 3262 3673 3279 3448 3505 3646 2840 3541 3379 3329 
3290 3380 3655 3355 3188 3340 3155 3360 3446 2966 3144 3066 3250 3386 3544 3258 3237 2756 3161 3315 3240 3043 3190 3499 3190 3232 3354 3504 2709 3621 3220 3204 
3332 3090 3592 3409 3268 3339 3308 3457 3348 2935 3044 3146 3235 3189 3323 3624 3158 2915 3313 3395 3204 3096 2936 3350 3043 3161 3275 3494 2866 3193 3377 3259 
2914 3107 3440 3135 3128 3239 2952 3076 3367 2619 2731 2931 3073 3166 3230 2764 2886 2746 2762 3053 3051 2925 2692 3280 2747 3179 3054 3108 2468 3180 3013 2914 
3084 3210 3532 3342 3082 3410 3041 3362 3436 3013 3113 3120 3223 3368 3608 3581 3131 3133 3160 3490 3171 3048 2839 3646 3171 3274 3434 3451 2978 3566 3235 3138 
3358 3208 3790 3566 3327 3533 3424 3469 3536 3008 3078 3218 3224 3485 3395 3573 3358 3352 3376 3157 3187 3218 2967 3553 3223 3407 3306 3536 3008 3167 3192 3300 
