936 1222 1242 1328 1407 1339 1352 1214 1377 1066 1135 1460 1102 1406 1328 1262 1004 1185 965 1157 1069 1099 1068 1238 1258 1211 1113 1293 1002 1202 1293 1220 
1118 1032 1359 1216 1321 1438 1275 1092 1281 1037 1126 1385 1187 1233 1396 1249 989 1163 1067 1188 1102 1105 1100 1308 1154 1348 1231 1401 847 1189 1341 1244 
1192 1290 1462 1336 1437 1671 1609 1292 1398 1149 1194 1444 1318 1412 1407 1593 1191 1277 1117 1469 1428 1357 1217 1384 1264 1386 1363 1628 1129 1331 1456 1426 
969 1103 1102 1158 1380 1295 1374 1201 1131 905 1134 1295 1105 1168 1229 1276 951 1068 997 1126 1047 1006 928 1118 1250 1121 1197 1249 996 1140 1246 1316 
1108 1128 1287 1383 1373 1508 1407 1317 1263 968 1303 1375 1358 1404 1400 1486 1075 1397 1065 1302 1286 1286 1074 1388 1257 1385 1295 1438 1038 1314 1438 1305 
881 1103 1165 1255 1321 1260 1233 1117 1196 990 1029 1327 985 1325 1271 1173 819 1072 976 1090 989 895 973 1184 1131 1172 993 1252 929 1226 1205 1047 
1320 1351 1410 1497 1542 1618 1493 1325 1429 1108 1354 1493 1330 1599 1580 1575 1284 1386 1240 1408 1487 1314 1175 1431 1346 1316 1394 1524 1177 1418 1442 1468 
1137 1056 1413 1376 1505 1386 1402 1169 1356 953 1193 1408 1171 1260 1482 1251 1094 1213 1183 1220 1317 1128 962 1228 1238 1199 1135 1428 1045 1232 1341 1212 
1153 1281 1502 1529 1566 1582 1557 1295 1447 987 1260 1551 1359 1371 1567 1490 1164 1295 1241 1316 1347 1228 1111 1467 1387 1331 1264 1601 1089 1449 1425 1328 
979 1090 1392 1339 1406 1333 1321 1140 1257 978 1043 1382 1152 1270 1230 1266 1060 1302 1025 1132 1242 1039 1085 1179 1150 1344 1138 1341 886 1223 1192 1253 
1038 1076 1267 1297 1320 1368 1322 1178 1199 974 1253 1264 1200 1183 1360 1240 992 1275 1045 1166 1157 1140 1068 1231 1239 1332 1205 1325 881 1276 1277 1238 
1031 1191 1297 1361 1405 1457 1396 1237 1250 1122 1129 1264 1296 1275 1325 1386 1040 1129 961 1208 1259 1178 1107 1263 1313 1312 1258 1267 952 1301 1272 1323 
1083 1167 1223 1246 1468 1490 1344 1236 1284 1172 1143 1468 1297 1374 1462 1314 1125 1222 1164 1162 1211 1081 1120 1337 1133 1356 1371 1462 1116 1301 1265 1287 
1177 1266 1415 1331 1418 1418 1355 1129 1419 1097 1210 1406 1260 1431 1368 1386 974 1278 995 1236 1244 1127 1207 1247 1226 1227 1248 1435 1002 1166 1358 1279 
1151 1055 1295 1356 1350 1543 1450 1294 1360 942 1215 1402 1278 1366 1374 1329 1028 1286 1058 1135 1340 1206 1159 1056 1131 1284 1350 1397 949 1215 1283 1415 
1034 1244 1260 1351 1472 1487 1218 1164 1341 1140 1056 1456 1244 1355 1481 1304 1082 1343 1144 1349 1306 1153 1080 1370 1282 1261 1308 1496 1058 1366 1349 1231 
1154 1306 1476 1446 1677 1586 1407 1241 1439 1137 1231 1446 1403 1539 1587 1468 1080 1393 1083 1405 1358 1254 1168 1463 1331 1495 1393 1588 1151 1308 1495 1367 
1069 1282 1399 1343 1456 1428 1443 1241 1426 1099 1261 1435 1153 1353 1380 1331 1029 1223 1060 1248 1070 1109 1095 1382 1283 1317 1251 1553 1080 1253 1366 1285 
976 1022 1079 1155 1266 1386 1278 1120 1143 872 960 1254 1034 1238 1269 1252 909 1087 957 1190 1173 1107 1051 988 1079 1167 1100 1137 951 1238 1292 1169 
1313 1403 1528 1482 1708 1712 1656 1498 1604 1150 1180 1696 1416 1554 1526 1584 1254 1402 1389 1281 1388 1214 1360 1414 1445 1503 1393 1603 1130 1487 1518 1561 
1014 1125 1283 1271 1455 1426 1279 1118 1322 1092 1133 1405 1196 1260 1340 1252 977 1174 1053 1231 1170 1198 1006 1349 1120 1354 1101 1368 1096 1179 1258 1248 
922 1122 1195 1255 1448 1332 1311 1113 1317 965 1145 1264 1042 1288 1312 1204 932 1223 986 1142 1102 1193 973 1153 1210 1191 1072 1292 992 1200 1261 1129 
1128 1299 1291 1329 1393 1447 1366 1156 1258 1047 1071 1393 1300 1449 1353 1495 1004 1174 1089 1246 1283 1141 1187 1309 1298 1344 1279 1448 1031 1323 1437 1405 
1159 1230 1326 1439 1491 1458 1361 1033 1289 977 1213 1436 1265 1316 1386 1292 990 1245 975 1311 1195 1130 1131 1399 1274 1326 1357 1558 965 1277 1377 1245 
1156 1305 1506 1436 1604 1725 1657 1404 1379 1008 1272 1541 1404 1530 1632 1558 1239 1296 1279 1286 1308 1393 1276 1386 1418 1445 1462 1364 981 1563 1425 1461 
976 983 1205 969 1057 1284 1080 925 1048 826 893 1140 1100 1103 1212 1150 881 1108 917 1074 1049 1007 859 1045 941 1132 1085 1131 818 981 1129 1143 
1060 1150 1331 1472 1584 1511 1491 1248 1361 1129 1132 1467 1241 1347 1519 1243 1073 1245 1160 1275 1295 1228 1306 1400 1282 1421 1361 1485 989 1549 1365 1414 
948 1130 1235 1300 1398 1411 1376 1172 1360 997 1056 1303 1108 1277 1421 1173 1029 1117 1062 1163 1182 1034 1145 1200 1155 1235 1234 1268 897 1360 1294 1304 
1093 1133 1360 1231 1480 1466 1426 1227 1266 905 1100 1448 1175 1267 1350 1397 1014 1253 1138 1239 1187 1161 1177 1159 1121 1184 1178 1357 969 1144 1393 1262 
932 1159 1324 1242 1336 1412 1257 1104 1277 940 1082 1274 1154 1249 1407 1171 984 1243 1002 1162 1156 1210 974 1233 1167 1279 1139 1208 774 1309 1348 1240 
1000 1206 1352 1249 1480 1457 1250 1259 1378 1091 1191 1435 1286 1405 1416 1474 1027 1283 966 1279 1192 1073 1079 1325 1314 1371 1272 1374 1045 1340 1332 1255 
1266 1307 1573 1532 1579 1696 1625 1401 1577 1135 1342 1661 1361 1500 1572 1598 1247 1547 1314 1245 1364 1271 1221 1422 1460 1500 1331 1559 1235 1304 1473 1436 
