3615 3851 4164 4219 4015 3988 3835 3760 4327 3531 3734 3855 3866 3846 3956 3796 3779 3424 3725 3813 3582 3560 3253 4070 3630 3695 3691 3897 3613 3862 3868 3709 
3858 3778 4291 3800 3723 3681 3639 3812 4014 3437 3672 3490 3582 3848 3864 3654 3437 3523 3399 3809 3546 3731 3412 3981 3623 3949 3972 3998 3476 3756 3883 3697 
4010 3994 4301 4148 4074 4391 4133 4299 4490 3882 3783 3956 4127 4031 4175 4236 3941 3866 3907 3937 3940 4015 3549 4280 3788 4123 4140 4368 3865 4222 4161 3995 
3694 3818 3754 3897 3922 3718 3604 3885 4103 3322 3643 3790 3509 3743 3750 3732 3499 3527 3627 3548 3322 3629 3173 3699 3649 3672 3838 3910 3551 3774 3706 3814 
3806 3768 4126 4071 3908 4011 3829 3979 4222 3615 3840 3564 3852 4014 3915 4254 3576 3880 3586 3962 3712 3900 3285 4044 3745 4005 3855 3923 3667 3881 4111 3830 
3643 3639 4031 3784 3756 3742 3726 3753 4216 3460 3554 3538 3860 3726 4005 3556 3437 3288 3509 3767 3565 3381 3153 4015 3452 3665 3530 3796 3583 3951 3697 3664 
4396 4363 4400 4373 4248 4070 4133 4207 4446 3771 4222 3913 4376 4346 4228 4189 4043 3934 4153 4393 4031 4045 3611 4500 3999 3832 4271 4364 4021 4509 4207 4128 
3945 3632 4192 4207 4053 4207 3759 3843 4308 3585 3656 3704 3963 3853 4279 3852 3973 3682 3934 4066 3805 3706 3307 4203 3717 3906 3735 4098 3625 4098 4068 3923 
3763 4106 4427 4087 4075 4272 4089 4059 4326 3525 3817 3917 3972 3861 4367 4045 3831 3757 3833 3936 3706 3851 3516 4417 3853 4052 3941 4290 3701 4404 4045 3843 
3978 3830 4362 4241 3904 4004 3803 3866 4373 3650 3696 3933 3738 3976 3974 3721 3854 3844 3904 4068 3902 3792 3457 4248 3659 4091 4007 4094 3778 3864 3750 3818 
3921 4033 4273 4295 4061 4157 3815 3970 4260 3648 3940 3702 3842 3942 4131 3805 3899 3868 3943 4070 3744 3812 3410 4318 3855 4070 4039 4189 3547 4116 4053 3886 
3792 3903 4069 3849 3845 3903 3673 4017 4159 3744 3636 3510 3943 3741 3829 3723 3718 3654 3646 3887 3696 3753 3448 4167 3835 3885 4057 3873 3595 3875 3847 3913 
3864 4093 4239 4072 3987 4335 4017 4264 4437 4099 3999 4088 3948 4145 4380 4165 3900 3907 3912 3983 3848 4025 3592 4350 3832 4270 4364 4292 4096 4349 4051 3869 
3824 4103 4265 4214 3872 4092 3744 3800 4286 3720 3808 3844 3896 3857 4032 3796 3555 3800 3551 3888 3653 3816 3600 4151 3687 3871 3975 4205 3583 3892 3992 3938 
3837 3562 4092 3833 3609 3896 3738 4033 4177 3468 3740 3621 3804 3806 3871 3811 3672 3619 3727 3692 3654 3754 3482 3875 3426 3833 3894 4095 3394 3706 3927 3693 
3659 3784 3972 3971 3622 3990 3446 3720 4066 3682 3405 3734 3719 3925 4098 3657 3653 3841 3701 3965 3524 3469 3191 4029 3538 3722 4046 4116 3575 3901 3813 3641 
3949 4035 4400 4155 4239 4165 3881 3972 4286 3683 3700 3928 4155 4129 4307 3877 3636 3782 3669 4049 3703 3857 3516 4290 3824 4012 4157 4367 3753 3827 4015 3875 
3821 4010 4253 4087 4095 4077 4008 4001 4453 3848 3973 3873 3824 4127 4147 3996 3623 3795 3665 3961 3551 3690 3363 4270 3829 3991 4099 4255 3721 4041 3876 3906 
3987 3990 4300 4096 4035 4027 3872 4152 4408 3808 3804 3731 3681 4088 4009 3935 3870 3867 3829 4115 4010 3964 3675 4129 3840 3980 4196 3963 3871 4086 4164 4064 
4662 4644 5078 4639 4586 4779 4488 4771 4928 4296 4201 4506 4426 4555 4735 4518 4269 4261 4381 4432 4249 4393 3996 4908 4406 4618 4587 4825 4307 4616 4692 4590 
3838 3851 4301 4015 4162 4213 3730 3839 4240 3778 3722 3980 3560 3918 4162 3733 3456 3623 3645 3881 3543 3866 3378 4196 3640 3966 3749 4016 3750 3856 3971 3801 
3585 3729 3906 3894 3799 3870 3621 3643 4013 3461 3646 3573 3513 3772 3850 3565 3359 3622 3419 3987 3758 3661 3058 3742 3508 3479 3724 3742 3399 3556 3769 3603 
3903 4107 4197 4030 3797 3953 3850 3853 4104 3692 3528 3792 3820 3957 3966 3957 3675 3538 3890 4000 3778 3757 3525 4171 3758 4010 3933 4269 3590 4079 3874 3698 
3929 3920 4218 4104 4038 3842 3767 3681 4206 3488 3627 3691 3901 3789 3864 3859 3702 3635 3749 3843 3571 3753 3493 4161 3647 3865 3960 4336 3606 4051 4050 3864 
4032 4148 4547 4302 4197 4448 4203 4148 4412 3794 4082 3821 4148 4187 4358 4282 3908 3698 3945 4130 4089 3876 3620 4419 3883 4160 4346 4132 3950 4104 4077 3975 
3668 3584 4016 3712 3404 3852 3467 3659 3906 3339 3389 3493 3546 3582 3939 3516 3302 3547 3505 3873 3388 3613 3069 3788 3428 3642 3806 3748 3503 3521 3681 3667 
3883 4157 4296 4253 4072 4218 3950 4209 4307 3801 3784 3878 3878 4214 4269 3885 3775 3745 3911 4029 3786 4080 3918 4442 3963 4124 4183 4428 3632 4306 4189 4089 
3947 4072 4349 4115 4004 3983 3871 4058 4244 3690 3758 3799 3993 4070 4218 3900 3869 3533 3807 4036 3770 3703 3747 4211 3883 3939 3918 4180 3534 4365 4001 3891 
3947 3657 4217 4053 3953 3828 3905 3992 4118 3550 3561 3735 3898 3696 3815 4066 3773 3613 3869 4053 3666 3701 3403 3887 3489 3736 3795 4109 3625 3839 4044 3870 
3601 3768 4071 3805 3877 3906 3575 3781 4217 3266 3279 3615 3664 3804 3839 3326 3455 3511 3457 3626 3487 3649 3243 3991 3334 3836 3654 3791 3214 3893 3743 3542 
3905 4006 4414 4146 3964 4119 3743 4133 4445 3898 3797 4000 3940 4147 4323 4159 3756 4079 3832 4255 3813 3940 3458 4496 3946 4059 4131 4178 3926 4379 4153 3944 
3968 3734 4411 4152 3915 4070 3988 4117 4276 3581 3664 3856 3804 4046 3942 4109 3869 4033 3886 3748 3676 3791 3435 4188 3638 3957 3823 4092 3630 3775 3792 3828 
