2056 1690 2103 1957 1954 2001 1746 1607 2011 1860 2007 1960 1734 2064 1680 1783 2011 2164 2039 2035 2049 1974 1923 2002 1885 1814 1925 1669 1939 1986 1864 1963 
1771 1893 1881 1987 1963 1872 1848 1517 1917 1944 2133 1901 1603 2041 1675 1741 1902 1865 2024 1968 1865 2143 1705 1964 2078 1843 1765 1552 1970 2145 1838 1876 
1629 1840 1908 2067 2016 1999 1810 1454 1927 1897 2074 1860 1616 2071 1872 1985 2038 2052 2169 1876 2083 1933 1937 1955 2163 1851 1837 1669 1937 2112 1746 2170 
1763 1912 1987 1921 2037 1992 1747 1714 2034 1879 2189 1924 1711 2145 1861 1799 2025 2054 2221 2022 1897 1983 1889 1971 2006 2041 1802 1687 1939 2084 1814 1794 
1812 1881 1996 2015 1965 1988 1917 1725 1933 2001 2243 2043 1721 2020 1932 1794 2092 2055 2110 2107 2047 2249 1793 1998 2128 1930 1864 1655 2009 2119 1734 2090 
1531 1615 1880 1691 1769 1583 1609 1474 1677 1725 1838 1636 1560 1657 1512 1574 1697 1747 1904 1736 1751 1759 1577 1666 1831 1686 1670 1405 1570 1784 1432 1706 
1843 1853 2065 2070 2051 2087 1879 1649 1971 1838 2209 1951 1834 2025 1855 1893 1958 2163 2228 2052 2097 2240 1707 2143 2028 1830 2092 1836 2102 2084 1827 1982 
1978 1836 1946 1998 2054 2091 1835 1731 2174 1870 2126 2060 1765 2305 1792 1897 1974 2117 2135 1794 2000 2184 1995 1883 2250 1925 1892 1486 1947 2093 1861 1820 
1931 2032 2106 2248 2101 2126 1930 1746 2196 1993 2199 2067 1720 2162 2015 1983 2107 2128 2475 2255 2163 2084 2108 1991 2291 2074 1890 1731 2076 2253 1875 2150 
1878 1936 2034 1792 1919 1856 1724 1608 1957 1844 1981 1971 1545 2042 1764 1781 1843 2080 2015 1832 1798 2062 1657 1975 2075 1861 1724 1727 1979 1912 1622 1963 
1669 1620 1855 1779 1880 1650 1638 1484 1936 1826 1868 1826 1476 1912 1622 1702 1754 1770 1911 1813 1767 1799 1752 1652 1964 1742 1651 1596 1545 1897 1658 1773 
1681 1861 2081 1834 1976 1997 1875 1635 1977 1902 2107 1901 1923 2252 1807 1845 1944 1990 2240 1956 2000 1982 1948 1826 2148 1805 1976 1780 1881 2222 1717 1909 
1974 1924 2056 2024 2174 2028 1984 1822 2000 2023 2328 2101 1779 2104 1993 1898 1922 2108 2142 2061 2158 2121 1767 2179 2118 2241 2078 1864 1947 2136 2008 2045 
1994 1905 2026 1783 1785 2080 1599 1610 1948 1880 1965 1790 1673 1919 1660 1673 1885 1826 2054 2008 1879 2130 1687 1951 2018 1774 1693 1664 1960 2058 1697 1903 
1735 1877 1921 1912 1937 1949 1714 1596 1840 1778 1967 1812 1730 2057 1682 1707 1869 1958 2140 1842 1743 2021 1722 1929 1974 1706 1769 1590 1851 1866 1700 1700 
1627 1689 1841 1783 1871 1835 1694 1448 1773 1808 1957 1782 1601 2183 1740 1725 1711 2063 2105 1800 1837 1807 1757 1830 2048 1752 1599 1605 1744 1905 1592 1737 
1790 1884 2003 1873 1711 1961 1818 1604 1921 1833 2086 1898 1715 2093 1731 1713 2096 2016 2077 2049 1959 1981 1908 1828 1893 1807 1803 1633 1874 2062 1791 1824 
1791 1850 1970 1903 2193 1974 1847 1704 2093 1912 2071 1970 1691 2258 1740 1888 1945 2033 2000 1959 2049 2110 1930 1837 2119 1904 1891 1560 1837 2008 1810 1957 
1867 1762 1845 1891 1904 1866 1850 1611 1789 1784 2156 1862 1784 1922 1717 1670 1909 1995 1909 1817 1872 2004 1780 1911 1950 1790 1794 1551 1796 2106 1860 1800 
2193 2153 2332 2387 2290 2336 2254 1974 2419 2324 2561 2334 1978 2295 2227 2301 2253 2518 2542 2335 2382 2410 2140 2335 2539 2438 2258 1950 2262 2524 2118 2181 
1800 1627 1898 1841 1882 1825 1874 1624 1854 1900 2047 1878 1598 1901 1854 1712 1748 1982 2116 1941 1898 1889 1890 2019 2017 1792 1778 1644 1822 2059 1639 1851 
1863 1599 1944 1891 2015 1910 1735 1583 1810 1762 2095 1999 1626 1967 1848 1831 1697 2089 2059 1932 1816 2043 1714 1975 1994 1935 1956 1626 1780 1887 1883 1841 
1931 1793 2077 2033 2058 2100 1961 1681 2034 1943 2092 1940 1848 2174 1878 2079 2142 2230 2082 2000 2134 2204 1902 2229 2268 1938 1907 1725 2076 2125 1921 1934 
1825 1970 1975 2031 1904 1956 1747 1720 1838 1999 2144 1986 1688 2089 1879 1797 2007 2019 2228 2008 2071 2269 1927 1993 2100 2052 1799 1730 2055 2231 1867 1967 
1970 1970 2188 1975 2191 1967 1814 1672 2246 1991 2206 1945 1770 2172 1752 1887 2038 2151 2177 2344 2073 2308 1791 1961 2215 2027 2022 1874 1967 2157 1992 1941 
1678 1775 1910 1719 1864 1943 1723 1383 1717 1842 1940 1847 1454 1998 1715 1782 1595 1927 1951 1848 1731 1973 1617 1877 1715 1660 1487 1714 1714 1998 1416 1726 
1909 2054 1909 2104 2270 2139 1928 1648 2120 1958 2255 1928 1810 2410 2017 1949 1981 2102 2372 2044 2146 2118 1917 1991 2404 2121 2026 1699 1943 2075 1929 1840 
1720 1597 1776 1947 1801 1919 1821 1542 1820 1544 1839 1684 1611 1948 1565 1776 1822 1971 1839 1725 1955 1917 1752 1996 1943 1804 1804 1486 1742 1933 1804 1763 
2088 2170 2146 2106 2276 2236 1799 1723 2184 2138 2168 1896 1895 2330 1802 1933 2052 2057 2270 2010 2093 2283 1942 2123 2236 2000 1984 1849 2167 2215 1998 2033 
1547 1474 1841 1745 1810 1766 1507 1350 1753 1666 1820 1838 1523 1978 1582 1597 1769 1824 1908 1891 1772 1845 1664 1843 1806 1625 1659 1625 1554 1797 1717 1845 
1877 1972 2069 1889 2114 2143 1832 1622 2258 1839 2110 1973 1739 2246 1924 1887 1949 2219 2179 2031 2135 2120 2004 1974 2243 1853 1952 1800 2064 2033 1797 1997 
1875 1939 2125 2146 2226 2132 1927 1675 1984 1863 2240 2155 1796 2308 2051 1926 2090 2268 2179 2182 2007 2155 2027 2121 2178 1997 1992 1728 2018 2089 2006 1998 
