2738 2321 2834 2567 2493 2716 2574 2235 2628 2482 2501 2667 2600 2666 2332 2369 2621 2801 2614 2642 2692 2574 2519 2640 2502 2330 2531 2376 2487 2644 2569 2556 
2434 2540 2608 2660 2559 2547 2639 2152 2455 2559 2715 2568 2368 2665 2254 2331 2520 2545 2641 2555 2448 2764 2307 2522 2661 2422 2431 2325 2509 2742 2401 2552 
2207 2284 2496 2548 2441 2532 2424 1975 2349 2365 2581 2363 2259 2512 2369 2477 2583 2603 2646 2383 2570 2421 2353 2610 2673 2190 2301 2279 2490 2532 2187 2756 
2376 2446 2696 2566 2583 2541 2360 2351 2599 2507 2721 2524 2374 2694 2365 2251 2544 2625 2819 2538 2440 2622 2472 2518 2617 2481 2407 2290 2561 2690 2363 2374 
2365 2418 2646 2532 2531 2721 2625 2293 2395 2606 2823 2634 2432 2528 2530 2297 2696 2615 2678 2639 2645 2802 2273 2617 2699 2379 2340 2266 2595 2667 2446 2680 
2299 2308 2765 2409 2451 2379 2473 2264 2208 2462 2601 2430 2447 2237 2149 2231 2452 2457 2539 2455 2424 2345 2243 2570 2593 2255 2383 2204 2248 2412 2128 2487 
2569 2423 2865 2785 2647 2734 2729 2249 2673 2442 2724 2613 2652 2578 2505 2496 2578 2768 2757 2692 2723 2860 2306 2839 2599 2321 2741 2651 2724 2813 2528 2606 
2792 2534 2881 2675 2783 2841 2756 2501 2788 2566 2770 2854 2674 2971 2484 2469 2694 2808 2765 2502 2713 2855 2618 2710 3020 2431 2552 2240 2600 2778 2575 2630 
2496 2494 2660 2733 2601 2613 2572 2333 2657 2520 2709 2671 2373 2606 2472 2404 2632 2643 3039 2763 2710 2562 2627 2556 2869 2421 2355 2291 2671 2735 2343 2744 
2610 2608 2739 2555 2656 2681 2685 2365 2736 2611 2726 2786 2459 2670 2478 2484 2643 2871 2755 2507 2515 2704 2251 2682 2770 2467 2445 2613 2660 2655 2364 2656 
2425 2360 2698 2508 2601 2480 2559 2385 2635 2586 2639 2640 2321 2612 2291 2383 2503 2457 2688 2515 2523 2504 2489 2518 2703 2325 2339 2396 2301 2657 2445 2578 
2410 2345 2722 2382 2558 2560 2642 2192 2657 2487 2610 2549 2628 2729 2346 2367 2526 2514 2793 2542 2538 2517 2431 2468 2712 2248 2569 2359 2554 2854 2348 2510 
2608 2433 2605 2609 2730 2542 2688 2436 2502 2625 2762 2667 2415 2566 2494 2349 2399 2677 2628 2633 2715 2652 2268 2800 2776 2535 2653 2489 2549 2733 2583 2587 
2623 2439 2763 2386 2439 2670 2327 2249 2451 2399 2561 2383 2430 2440 2234 2215 2497 2337 2635 2571 2434 2691 2167 2562 2591 2236 2222 2358 2543 2571 2282 2534 
2513 2563 2669 2551 2502 2595 2601 2260 2449 2446 2529 2538 2567 2701 2350 2282 2524 2700 2737 2472 2404 2733 2285 2555 2496 2201 2369 2325 2447 2520 2297 2339 
2368 2300 2590 2399 2455 2503 2489 2103 2367 2441 2538 2476 2408 2824 2400 2273 2331 2816 2819 2408 2460 2456 2313 2571 2789 2184 2269 2314 2436 2537 2239 2538 
2530 2553 2801 2593 2380 2684 2645 2341 2476 2529 2726 2661 2557 2809 2413 2285 2805 2802 2738 2681 2620 2685 2483 2623 2634 2282 2478 2424 2532 2709 2452 2644 
2464 2477 2607 2516 2776 2629 2607 2397 2676 2588 2593 2604 2362 2778 2319 2425 2539 2648 2572 2553 2620 2716 2453 2467 2690 2379 2511 2244 2421 2690 2460 2545 
2628 2482 2670 2654 2706 2694 2830 2457 2475 2497 2967 2661 2657 2653 2413 2388 2653 2779 2679 2536 2605 2645 2508 2768 2682 2377 2564 2430 2500 2815 2617 2597 
2974 2833 3075 2983 2967 3072 3183 2632 3143 2999 3115 3109 2817 2897 2858 2899 2971 3152 3108 2980 3022 2993 2747 3047 3173 2983 2921 2642 2881 3282 2841 2834 
2472 2208 2570 2428 2421 2501 2628 2279 2402 2544 2618 2527 2300 2500 2529 2221 2352 2643 2710 2481 2493 2419 2419 2816 2648 2209 2301 2305 2433 2691 2331 2549 
2437 2181 2532 2504 2611 2527 2477 2213 2332 2314 2607 2627 2359 2524 2414 2413 2279 2671 2636 2452 2488 2702 2185 2581 2543 2375 2508 2340 2332 2516 2462 2429 
2594 2355 2754 2698 2677 2751 2782 2349 2680 2565 2752 2602 2580 2751 2554 2691 2796 2849 2767 2618 2768 2828 2434 2831 2794 2462 2470 2476 2682 2748 2579 2601 
2527 2522 2735 2687 2479 2565 2544 2352 2519 2615 2698 2744 2485 2632 2464 2349 2621 2615 2817 2602 2657 2843 2513 2688 2704 2520 2424 2348 2712 2897 2529 2581 
2772 2656 2985 2746 2972 2838 2873 2450 2957 2823 2933 2746 2786 2798 2486 2601 2871 2966 2893 3112 2855 3077 2444 2732 2932 2598 2737 2859 2736 2929 2833 2635 
2344 2418 2621 2307 2465 2667 2526 2157 2336 2429 2601 2569 2188 2568 2388 2367 2241 2485 2613 2450 2419 2592 2160 2559 2268 2189 2076 2463 2304 2592 2084 2362 
2538 2625 2614 2649 2769 2746 2608 2231 2667 2552 2742 2527 2489 3002 2633 2417 2497 2749 2859 2569 2765 2720 2442 2589 3012 2529 2557 2373 2535 2654 2487 2435 
2484 2316 2695 2663 2537 2713 2727 2301 2498 2234 2484 2487 2463 2718 2322 2435 2543 2684 2530 2319 2698 2641 2441 2819 2692 2424 2496 2291 2429 2724 2606 2559 
2681 2753 2796 2648 2903 2945 2553 2342 2752 2747 2761 2583 2669 2898 2336 2552 2649 2570 2805 2607 2719 2804 2545 2826 2884 2552 2640 2482 2696 2863 2703 2619 
2271 2154 2696 2399 2473 2567 2376 2132 2404 2369 2439 2585 2312 2610 2230 2140 2450 2499 2541 2473 2496 2489 2348 2566 2415 2209 2273 2401 2165 2500 2395 2499 
2481 2590 2804 2488 2654 2739 2572 2310 2673 2421 2664 2614 2427 2791 2477 2412 2431 2812 2758 2652 2771 2752 2539 2619 2909 2205 2505 2414 2680 2582 2443 2663 
2489 2458 2677 2631 2767 2609 2595 2235 2563 2469 2742 2767 2418 2737 2492 2344 2565 2712 2665 2726 2569 2605 2576 2668 2677 2428 2524 2193 2543 2725 2481 2525 
