4453 4374 4788 4204 4534 4695 4407 3950 4530 4144 4363 4277 4420 4735 4176 4422 4357 4471 4190 4594 4374 4719 4064 4516 4377 4282 4527 4038 4426 4613 4540 4308 
4117 4304 4690 4390 4512 4494 4514 3879 4406 4345 4647 4318 4216 4648 4227 4239 4252 4284 4343 4507 4247 5008 4048 4498 4522 4519 4582 3913 4424 4697 4277 4284 
4216 4439 4740 4506 4964 4948 4702 3900 4672 4512 4704 4350 4369 4714 4637 4916 4813 4775 4570 4891 4532 4976 4385 4874 4887 4439 4607 4310 4911 4970 4380 4851 
4132 4348 4762 4529 4754 4742 4153 4137 4547 4541 4709 4432 4234 4767 4374 4524 4371 4544 4543 4729 4307 4928 4388 4545 4503 4531 4528 4213 4788 4796 4326 4344 
3917 4166 4431 4160 4560 4650 4414 3896 4197 4439 4637 4355 4099 4381 4488 4147 4457 4394 4132 4555 4391 4992 3835 4423 4526 4448 4383 3745 4375 4525 4292 4399 
4043 4114 4688 4066 4411 4294 4219 3882 3898 4269 4380 4059 4214 4176 4018 4197 4202 4132 4213 4275 4102 4421 3896 4430 4481 4100 4351 3937 4155 4335 3990 4212 
4321 4555 4972 4622 4995 5033 4781 4140 4959 4345 4807 4555 4493 4899 4649 4611 4785 4837 4564 4979 4670 5273 4144 4726 4537 4691 4848 4653 5009 5147 4675 4570 
4420 4380 4946 4408 4870 5007 4675 4291 4707 4519 4552 4782 4451 5138 4331 4511 4768 4703 4628 4520 4531 5181 4373 4747 4972 4462 4683 4026 4555 4716 4505 4499 
4364 4692 4735 4726 4708 4857 4661 4242 4756 4460 4659 4688 4458 5060 4620 4794 4716 4746 4977 5021 4694 4921 4574 4779 5023 4816 4519 4139 4937 5110 4547 4734 
4461 4757 4860 4573 4846 4922 4595 4261 4838 4651 4664 4784 4551 4813 4556 4728 4621 4938 4584 4749 4462 5088 4273 4876 4848 4654 4544 4547 4943 4868 4387 4597 
4182 4435 4824 4468 4727 4797 4814 4364 4766 4699 4798 4636 4441 4883 4407 4589 4587 4580 4696 4804 4499 4978 4488 4697 4875 4447 4526 4456 4489 4952 4584 4682 
3849 3779 4502 3770 4414 4376 4128 3720 4371 4170 4270 4091 4253 4521 4062 4060 4200 4132 4234 4398 4158 4543 4024 4124 4325 3939 4219 3888 4274 4604 3945 4044 
4340 4365 4781 4512 5047 4699 4680 4205 4526 4537 4665 4549 4360 4750 4665 4559 4253 4522 4527 4808 4667 4819 4097 4817 4928 4554 4665 4470 4797 4839 4655 4458 
4424 4384 4835 4250 4613 4777 4298 3945 4497 4201 4473 4376 4291 4555 4379 4434 4439 4335 4318 4720 4152 4982 3985 4660 4558 4378 4218 4176 4729 4722 4334 4405 
4324 4431 4858 4324 4710 4730 4557 4042 4434 4378 4453 4525 4405 4856 4511 4664 4285 4607 4277 4617 4272 5129 4005 4530 4588 4306 4652 3997 4649 4681 4375 4336 
4394 4464 4817 4289 4702 4559 4562 3962 4508 4453 4403 4268 4512 5036 4442 4455 4179 4689 4794 4576 4316 4805 4091 4686 4917 4408 4475 4182 4668 4737 4340 4428 
4437 4595 4969 4524 4723 4670 4641 4354 4654 4484 4671 4789 4459 4935 4507 4401 4866 4662 4480 4760 4501 5040 4452 4678 4824 4478 4607 4285 4786 4891 4460 4425 
4303 4376 4528 4297 4885 4514 4617 4140 4719 4486 4456 4459 4407 4886 4220 4476 4368 4609 4331 4669 4365 4987 4367 4474 4767 4445 4493 4047 4346 4641 4373 4373 
4570 4596 4969 4758 5197 5155 5009 4463 4691 4668 5224 4851 4794 4828 4718 4694 4661 4738 4606 4885 4707 5228 4422 5101 5017 4750 4928 4579 4925 5190 4813 4718 
4866 4694 5011 4938 5140 5061 5220 4471 5076 4912 4988 4946 4824 4933 5000 5029 4993 5131 4938 5133 4861 5274 4636 5096 5211 5075 5079 4475 5078 5377 4863 4746 
4238 4087 4657 4194 4667 4609 4670 4033 4341 4640 4581 4324 4301 4519 4733 4362 4287 4582 4489 4469 4300 4772 4253 4951 4585 4232 4357 4101 4485 4717 4250 4419 
4124 4188 4716 4382 4738 4600 4526 4114 4421 4369 4698 4533 4313 4592 4340 4473 4235 4575 4333 4647 4398 4972 4107 4528 4673 4415 4505 4286 4333 4703 4654 4297 
4482 4540 4883 4566 4769 4915 4744 4320 4780 4571 4660 4548 4586 4785 4686 4810 4839 4923 4588 4782 4609 5086 4379 4871 4824 4563 4633 4337 4937 4840 4712 4534 
4142 4333 4887 4452 4568 4672 4545 4120 4523 4448 4597 4558 4467 4717 4543 4502 4620 4322 4591 4792 4460 5070 4358 4740 4742 4607 4397 4309 4803 5066 4492 4476 
4411 4694 4871 4407 5078 4764 4809 4236 4792 4606 4754 4437 4664 4818 4323 4604 4601 4688 4609 5022 4660 5240 4106 4699 4981 4631 4538 4580 4749 5052 4783 4270 
4162 4217 4836 4182 4802 4975 4600 4121 4455 4333 4570 4591 4120 4691 4455 4376 4190 4382 4526 4894 4385 4839 4157 4595 4255 4348 4218 4336 4612 4689 4260 4376 
4364 4576 4755 4411 5007 4731 4487 3961 4657 4372 4488 4565 4457 5027 4699 4466 4512 4592 4559 4610 4636 5025 4271 4691 4997 4556 4522 4202 4723 4700 4443 4332 
4252 4305 4731 4500 4567 4704 4669 4098 4375 4053 4423 4195 4427 4853 4335 4418 4291 4507 4322 4270 4455 4855 4217 4821 4756 4423 4492 4039 4296 4765 4635 4388 
4396 4433 4834 4279 4977 4820 4358 3906 4699 4482 4513 4308 4374 4722 4138 4316 4338 4037 4308 4479 4221 4889 4096 4624 4811 4554 4452 4152 4581 4700 4487 4248 
4089 3921 4840 4203 4552 4753 4376 3858 4444 4238 4389 4645 4244 4779 4363 4358 4279 4513 4326 4732 4338 4787 4382 4561 4312 4472 4368 4309 4474 4579 4476 4432 
4250 4617 4928 4157 4878 4770 4562 4245 4650 4241 4831 4462 4330 4883 4595 4423 4382 4838 4460 4691 4669 5212 4459 4653 5001 4256 4695 4239 4739 4688 4445 4696 
4220 4279 4666 4317 4606 4596 4167 4024 4321 4282 4426 4446 4070 4765 4245 4189 4251 4636 4204 4541 4195 4739 4207 4512 4474 4312 4341 3798 4562 4829 4533 4215 
