3847 3549 4152 3676 3964 4118 3900 3290 3935 3545 3701 3719 3824 4059 3612 3883 3742 3876 3565 4027 3808 3931 3521 3938 3758 3653 3843 3377 3814 3993 3816 3752 
3507 3511 3976 3847 3897 3891 3964 3176 3841 3708 3916 3668 3577 3917 3568 3689 3595 3637 3712 3837 3631 4102 3475 3827 3872 3799 3803 3258 3824 4013 3529 3640 
3688 3656 4134 3916 4350 4383 4224 3401 4168 3911 4024 3781 3861 4207 4119 4444 4185 4170 4054 4277 3995 4216 3881 4259 4223 3928 4064 3643 4359 4287 3683 4314 
3568 3595 4079 3810 4156 4144 3707 3529 3987 3840 3931 3739 3626 4095 3701 3927 3770 3849 3940 4007 3731 4065 3777 3861 3868 3861 3842 3474 4114 4073 3565 3703 
3594 3567 4001 3765 4078 4216 3999 3460 3711 3962 4092 3861 3801 3878 4004 3783 3939 3886 3845 4106 3937 4325 3430 4109 4083 3859 3875 3309 3979 4044 3794 3979 
3516 3385 4110 3559 3946 3788 3818 3405 3460 3771 3793 3484 3681 3604 3549 3762 3669 3639 3665 3780 3601 3706 3426 3872 3871 3582 3747 3342 3596 3721 3391 3767 
3738 3713 4387 3898 4309 4419 4224 3464 4309 3699 4014 3896 3961 4186 4085 4076 4034 4237 3998 4312 4006 4374 3543 4184 3867 3900 4162 3821 4347 4357 3872 3984 
3882 3618 4396 3845 4390 4436 4152 3658 4195 3994 3938 4162 3921 4436 3832 3973 4087 4109 4025 3960 3956 4330 3840 4150 4364 3852 3987 3382 4086 4123 3903 3912 
3897 3802 4278 4035 4275 4281 4168 3510 4344 3933 3968 4229 3939 4316 4145 4289 4107 4141 4392 4453 4101 4098 3992 4264 4387 4157 3863 3535 4379 4444 3845 4175 
3789 3798 4150 3748 4199 4210 3956 3464 4236 3928 3805 3981 3807 4080 3877 4057 3830 4171 3905 3888 3702 4076 3538 4145 4017 3875 3766 3672 4256 4027 3566 3850 
3566 3579 4180 3724 4210 4132 4246 3676 4208 4010 3989 3979 3735 4226 3761 3923 3950 3888 4015 4033 3832 4061 3874 3952 4084 3909 3861 3691 3864 4177 3811 4040 
3345 3207 4044 3302 3989 3952 3757 3273 4035 3664 3761 3666 3793 4056 3637 3685 3804 3679 3775 3955 3688 3867 3653 3682 3844 3512 3739 3395 3869 4024 3383 3616 
3827 3730 4179 3889 4431 4162 4239 3629 4020 3923 3942 3897 3849 4127 4064 4029 3696 4041 3952 4205 4114 4079 3521 4252 4320 3987 4033 3755 4145 4219 3962 3955 
3977 3662 4271 3686 4189 4257 3869 3414 3981 3705 3870 3777 3770 3975 3829 3947 3791 3734 3847 4112 3651 4271 3502 4056 3933 3825 3671 3504 4242 4133 3703 3882 
3774 3744 4217 3702 4225 4197 4120 3487 3971 3719 3759 3849 3846 4243 3945 4086 3776 3991 3807 3951 3704 4340 3501 3964 3970 3720 3987 3405 4099 4028 3717 3777 
3617 3508 4065 3645 3994 3977 3960 3212 3833 3780 3649 3635 3817 4289 3839 3920 3463 4023 4120 3852 3611 3847 3473 4002 4158 3646 3672 3491 3916 3937 3471 3830 
3760 3677 4234 3787 3951 4089 4017 3561 3988 3820 3872 3989 3822 4274 3823 3774 4053 4057 3830 4033 3744 4080 3797 4025 3973 3668 3800 3519 4088 4032 3662 3860 
3765 3637 3952 3807 4379 3993 4140 3590 4194 3998 3743 3895 3833 4348 3779 4048 3843 4057 3751 4089 3821 4271 3832 3896 4155 3948 3845 3415 3842 4077 3739 3865 
3943 3735 4301 4004 4496 4538 4447 3804 4072 3947 4416 4128 4212 4231 4041 4123 3984 4177 3986 4250 4044 4350 3872 4474 4256 4081 4263 3763 4214 4429 4067 4172 
4224 4032 4459 4346 4591 4598 4712 3873 4562 4356 4305 4357 4196 4300 4488 4455 4388 4538 4378 4469 4280 4480 4084 4501 4650 4429 4426 3796 4505 4723 4177 4164 
3756 3390 4119 3663 4107 4075 4238 3573 3833 4081 3933 3820 3747 3968 4181 3852 3666 3993 4017 3938 3773 4033 3719 4408 3998 3707 3794 3454 3965 4118 3627 3925 
3386 3159 3908 3566 4000 3787 3854 3282 3751 3556 3739 3791 3537 3880 3699 3864 3405 3804 3659 3808 3676 3989 3373 3792 3746 3650 3774 3365 3588 3787 3656 3525 
3722 3524 4042 3869 4088 4179 4060 3481 3960 3798 3790 3807 3758 4000 3992 4216 3961 4104 3866 3891 3870 4108 3638 4078 3973 3740 3797 3527 4180 4015 3767 3789 
3515 3588 4249 3811 4065 4103 4081 3471 3957 3844 3916 3962 3798 4088 3976 3968 3957 3759 4010 4096 3865 4219 3768 4117 4077 3907 3821 3534 4165 4292 3749 3867 
3811 3857 4223 3800 4508 4106 4264 3532 4198 3978 4007 3863 4109 4195 3758 4030 3974 4123 4030 4405 4055 4396 3571 4047 4183 3986 3908 3866 4148 4292 4033 3762 
3559 3474 4136 3515 4134 4356 4032 3397 3858 3637 3815 3901 3501 4062 3844 3855 3576 3719 3904 4095 3801 4038 3517 3973 3527 3660 3553 3614 3916 3962 3405 3742 
3730 3815 4131 3858 4433 4196 3994 3364 4099 3793 3895 3931 3916 4436 4122 3980 3771 3960 3980 4039 4041 4172 3687 4087 4377 3902 3938 3541 4162 4015 3808 3698 
3690 3597 4137 3856 4146 4175 4213 3553 3972 3514 3751 3652 3847 4252 3825 3872 3786 3977 3840 3646 3941 4041 3789 4187 4091 3883 3908 3405 3792 4091 3936 3850 
3869 3803 4275 3720 4336 4386 3912 3382 4156 3908 3902 3719 3921 4257 3540 3837 3727 3554 3830 3955 3730 4156 3581 4122 4209 3917 3981 3463 4004 4051 3872 3794 
3523 3203 4174 3575 4018 4233 3872 3231 3920 3601 3656 3982 3634 4088 3748 3843 3684 3848 3750 3983 3741 4000 3708 3981 3673 3815 3679 3650 3811 3905 3720 3827 
3691 3730 4281 3589 4219 4117 3996 3633 4081 3620 4082 3829 3716 4270 4029 3925 3624 4136 3859 4017 3979 4310 3826 3964 4318 3595 4032 3518 4156 3979 3744 3994 
3529 3392 4037 3574 4063 3896 3622 3205 3732 3526 3713 3893 3433 3978 3654 3605 3639 3937 3516 3874 3596 3799 3614 3898 3764 3546 3668 3061 3892 3999 3655 3558 
