1299 1178 1245 1409 1361 1325 1147 1033 1408 1285 1500 1345 1107 1287 1126 1171 1396 1307 1366 1407 1362 1496 1391 1244 1247 1251 1326 1058 1396 1290 1300 1314 
1105 1270 1101 1388 1317 1240 1239 1019 1400 1332 1549 1216 975 1305 1054 1221 1367 1145 1352 1385 1195 1545 1335 1199 1435 1203 1127 1011 1303 1440 1270 1204 
1084 1347 1287 1666 1462 1444 1337 983 1476 1383 1631 1311 1088 1430 1253 1431 1521 1368 1615 1459 1522 1577 1528 1271 1554 1385 1362 1136 1417 1575 1303 1487 
1211 1325 1216 1396 1462 1371 1226 1066 1511 1308 1583 1343 1069 1442 1247 1247 1442 1287 1466 1442 1304 1457 1432 1208 1385 1399 1242 1010 1395 1359 1365 1156 
1206 1275 1268 1479 1471 1387 1294 1163 1458 1398 1660 1426 1073 1361 1289 1322 1511 1345 1458 1515 1421 1675 1420 1215 1510 1344 1282 1137 1396 1423 1232 1434 
890 987 1013 1116 1128 932 956 820 1112 1038 1279 987 850 976 900 968 1171 963 1225 1125 1110 1027 1130 886 1124 1042 994 809 959 1059 902 1094 
1155 1166 1218 1428 1410 1314 1205 1057 1454 1271 1665 1326 1119 1291 1196 1286 1430 1349 1453 1428 1383 1536 1241 1328 1350 1231 1400 1186 1341 1330 1305 1278 
1220 1286 1140 1447 1403 1432 1253 1064 1503 1232 1533 1402 1112 1511 1232 1309 1367 1296 1464 1246 1294 1621 1482 1163 1540 1341 1332 927 1386 1401 1324 1237 
1279 1435 1338 1722 1470 1514 1325 1189 1617 1481 1732 1579 1128 1527 1374 1395 1572 1375 1743 1661 1489 1603 1622 1311 1661 1480 1377 1120 1559 1591 1440 1476 
1056 1195 1102 1227 1232 1093 1059 889 1210 1161 1398 1235 857 1204 1039 1041 1142 1117 1224 1140 1054 1394 1075 1055 1268 1126 1057 959 1251 1101 1123 1145 
940 1055 1070 1175 1165 1102 1033 895 1285 1215 1324 1144 844 1107 970 1100 1114 967 1214 1217 999 1235 1222 881 1265 1100 1120 928 1039 1209 1051 1087 
954 1169 1186 1175 1262 1279 1149 913 1284 1224 1455 1205 1103 1373 1102 1266 1200 1175 1400 1329 1191 1321 1345 1024 1350 1127 1284 1078 1159 1381 1132 1160 
1193 1102 1171 1246 1407 1267 1246 1050 1335 1305 1623 1288 1037 1264 1230 1236 1353 1246 1299 1342 1319 1318 1268 1202 1353 1319 1349 1100 1234 1296 1317 1245 
1278 1294 1206 1277 1231 1403 980 955 1353 1341 1447 1222 992 1230 1078 1119 1266 1003 1362 1394 1063 1488 1179 1139 1347 1201 1138 1003 1276 1268 1207 1186 
1108 1300 1175 1355 1332 1198 1103 1009 1327 1225 1428 1276 1058 1323 1107 1158 1323 1248 1477 1287 1125 1470 1150 1243 1327 1176 1163 1069 1171 1227 1176 1120 
951 1113 1012 1189 1211 1181 1075 814 1200 1142 1343 1134 903 1360 1160 1122 1155 1270 1390 1203 1159 1184 1292 1056 1346 1138 997 1008 1119 1173 1059 1114 
1140 1258 1233 1319 1223 1324 1197 1018 1319 1338 1525 1238 1087 1291 1103 1222 1390 1193 1390 1403 1230 1484 1344 1102 1322 1177 1210 1033 1256 1326 1248 1136 
1190 1289 1287 1441 1611 1408 1301 1180 1578 1410 1605 1366 1147 1517 1202 1378 1499 1355 1430 1424 1393 1536 1497 1155 1543 1350 1366 991 1313 1374 1382 1295 
1193 1201 1074 1354 1274 1263 1242 1059 1230 1252 1574 1250 1207 1284 1108 1183 1333 1255 1306 1149 1211 1454 1232 1150 1271 1149 1174 1027 1257 1398 1277 1140 
1411 1461 1340 1747 1534 1568 1519 1205 1729 1600 1859 1514 1232 1417 1463 1541 1575 1475 1649 1572 1593 1760 1536 1391 1731 1584 1527 1180 1532 1652 1498 1406 
1076 1042 1091 1187 1152 1139 1153 951 1221 1317 1441 1205 931 1195 1115 1088 1202 1159 1261 1229 1174 1320 1311 1037 1319 1016 1186 957 1143 1310 1058 1099 
1277 1096 1195 1344 1361 1318 1165 1012 1332 1149 1481 1347 1045 1316 1183 1213 1211 1301 1426 1319 1194 1484 1241 1149 1316 1279 1388 1052 1242 1193 1330 1170 
1194 1305 1271 1451 1378 1419 1311 1047 1473 1296 1582 1296 1143 1406 1297 1408 1584 1457 1348 1443 1462 1609 1343 1317 1526 1317 1287 1032 1299 1395 1347 1241 
1184 1316 1233 1450 1324 1276 1127 1033 1322 1373 1504 1321 1035 1345 1192 1249 1433 1227 1586 1407 1284 1577 1404 1155 1429 1400 1174 1115 1354 1483 1315 1258 
1344 1421 1435 1470 1618 1414 1259 1112 1683 1417 1669 1392 1192 1504 1248 1379 1519 1431 1618 1760 1446 1719 1395 1350 1566 1424 1428 1314 1457 1465 1539 1342 
938 1113 1051 1100 1141 1137 1039 779 1114 1185 1269 1087 726 1206 1011 1064 1119 1100 1086 1171 1025 1315 1074 1032 1018 1010 849 1008 1038 1217 917 1011 
1251 1393 1169 1480 1603 1515 1288 989 1513 1303 1624 1263 1134 1638 1390 1404 1395 1383 1662 1510 1417 1536 1449 1206 1690 1421 1405 1112 1320 1389 1329 1181 
957 932 936 1287 1192 1135 1172 896 1275 1025 1310 1040 984 1168 948 1213 1220 1104 1095 1085 1166 1262 1178 1089 1243 1131 1134 835 1042 1206 1206 1083 
1296 1517 1256 1447 1445 1391 1131 1031 1525 1424 1584 1187 1143 1481 1093 1210 1489 1214 1489 1380 1333 1603 1350 1236 1442 1298 1284 1115 1388 1475 1362 1239 
956 978 1123 1200 1201 1181 1017 871 1264 1124 1316 1275 952 1228 1021 1104 1223 1122 1286 1328 1046 1346 1221 1145 1268 1061 1180 1016 1106 1166 1144 1158 
1055 1262 1109 1225 1246 1304 1203 920 1525 1148 1529 1152 1027 1398 1148 1146 1338 1263 1347 1357 1348 1386 1370 1016 1452 1109 1237 996 1329 1299 1146 1176 
1243 1397 1441 1548 1632 1525 1334 1216 1558 1357 1664 1466 1234 1560 1418 1455 1559 1566 1545 1526 1392 1686 1457 1298 1573 1375 1376 1164 1375 1436 1400 1337 
