4857 5045 5324 4896 5167 5458 5110 4466 5174 4757 4840 4888 5182 5385 4914 5072 5049 5077 4865 5079 4962 5200 4677 5125 4962 4861 5073 4693 4976 5108 5309 4780 
4447 4913 5181 4986 5134 5104 5076 4312 4914 4859 5091 4824 4855 5237 4870 4780 4732 4811 4897 4965 4811 5470 4608 5035 4938 5100 5087 4399 4980 5104 4901 4724 
4612 5209 5446 5279 5647 5752 5521 4431 5288 5145 5298 5050 5199 5476 5430 5632 5485 5438 5241 5506 5156 5559 5170 5604 5508 5089 5268 4974 5545 5519 5322 5405 
4361 4796 5246 5160 5250 5263 4671 4607 5032 5040 5177 4846 4772 5298 4905 5055 4876 5081 4953 5109 4731 5216 4811 5025 4897 4984 4910 4670 5236 5155 4927 4743 
4391 4790 4970 4895 5237 5362 5102 4510 4851 5125 5206 4913 4917 5029 5129 4855 5088 4970 4772 4994 5033 5458 4394 5042 5046 5054 4882 4327 4864 4965 4943 4848 
4540 4757 5328 4759 5080 4999 4924 4453 4538 4890 4877 4589 4950 4891 4788 4894 4984 4707 4910 4774 4821 4902 4478 5059 5078 4667 4794 4613 4766 4840 4642 4657 
4820 5257 5590 5469 5824 5854 5473 4921 5669 5119 5377 5089 5334 5590 5361 5398 5604 5460 5392 5550 5402 5780 4812 5412 5098 5418 5433 5407 5700 5667 5433 5045 
4842 4980 5553 5037 5524 5722 5362 4786 5283 5101 5066 5344 5194 5828 5012 5060 5303 5366 5327 5101 5163 5585 4990 5453 5507 5119 5222 4621 5104 5205 5305 4960 
4904 5361 5367 5483 5411 5664 5443 4811 5414 5109 5255 5346 5286 5788 5359 5407 5287 5313 5668 5604 5410 5372 5218 5503 5585 5416 5079 4806 5417 5618 5353 5238 
4833 5446 5536 5259 5513 5651 5310 4843 5516 5304 5169 5341 5341 5550 5295 5380 5280 5591 5199 5277 5076 5572 4846 5501 5424 5295 5065 5192 5572 5358 5169 5110 
4635 5125 5351 5242 5451 5574 5540 5036 5480 5433 5411 5284 5230 5609 5149 5232 5292 5252 5321 5349 5162 5472 5169 5374 5437 5046 5073 5125 5045 5490 5349 5153 
4248 4318 4974 4496 5020 5139 4777 4276 5001 4853 4764 4668 4940 5191 4792 4723 4832 4699 4778 4809 4801 5077 4616 4696 4892 4523 4691 4470 4793 5066 4714 4488 
4790 4977 5354 5149 5719 5381 5304 4817 5200 5199 5188 5035 5058 5369 5338 5185 4996 5167 5222 5307 5310 5267 4656 5435 5439 5110 5149 5109 5481 5409 5369 4896 
4883 5147 5478 5029 5361 5568 5047 4564 5145 4983 4972 5000 5120 5287 5228 5103 5312 4979 5059 5296 4801 5541 4698 5333 5186 5104 4804 4884 5367 5334 5181 4921 
4741 5121 5434 4987 5413 5474 5273 4633 5148 4954 5024 5131 5200 5538 5255 5323 5041 5299 4951 5150 4866 5613 4678 5216 5145 4844 5168 4664 5269 5238 5208 4867 
4744 5160 5453 5039 5441 5259 5256 4598 5238 5102 4999 4869 5313 5809 5192 5138 4856 5415 5474 5048 4968 5306 4679 5317 5539 5068 5050 4769 5286 5241 5072 4949 
4949 5356 5723 5263 5485 5452 5444 5031 5386 5207 5238 5422 5406 5749 5332 5198 5629 5415 5217 5398 5308 5580 5134 5438 5404 5158 5144 5036 5500 5461 5227 4908 
4673 5021 5157 5038 5515 5120 5287 4656 5329 5083 4898 4987 5146 5535 4944 5013 5039 5201 4933 5170 4995 5443 4927 5102 5297 5069 4962 4584 4834 5169 5051 4938 
4986 5190 5544 5395 5834 5889 5606 4982 5264 5190 5698 5379 5480 5474 5357 5428 5251 5323 5229 5374 5340 5702 5069 5747 5504 5192 5436 5246 5559 5669 5541 5063 
5384 5439 5839 5645 5795 5905 6063 5044 5787 5577 5513 5598 5599 5823 5801 5706 5801 5766 5606 5756 5540 5872 5350 5790 5931 5765 5690 5122 5762 5955 5730 5248 
4660 4696 5225 4820 5347 5393 5398 4670 4992 5279 5139 4906 5078 5186 5365 5113 5067 5200 5159 5025 4878 5241 4859 5516 5162 4779 4844 4810 5117 5189 5046 4812 
4450 4751 5282 5052 5353 5275 5160 4649 5001 4909 5201 5035 4927 5255 5029 5139 4898 5206 4845 5179 4999 5385 4749 5159 5161 4876 4907 4882 4914 5153 5384 4739 
4962 5159 5513 5360 5448 5600 5402 4879 5387 5170 5145 5123 5394 5484 5401 5510 5506 5451 5196 5235 5302 5581 4962 5498 5287 5191 5082 4984 5455 5304 5366 5030 
4559 4913 5407 5186 5304 5333 5094 4756 5109 5068 5129 4997 5111 5357 5243 5087 5319 4854 5183 5238 5062 5507 4912 5283 5252 5188 4861 4839 5334 5581 5145 5001 
4900 5253 5487 5139 5727 5591 5550 4876 5508 5261 5401 5019 5367 5544 5044 5328 5376 5325 5271 5594 5286 5733 4740 5386 5570 5117 5087 5271 5356 5608 5671 4737 
4515 4761 5323 4761 5306 5632 5207 4607 5067 4849 4958 5100 4785 5194 5050 4876 4729 4966 5144 5392 4918 5170 4702 5201 4657 4868 4715 4887 5170 5159 4959 4786 
4810 5309 5379 5071 5761 5458 5186 4533 5335 4965 5077 5164 5242 5805 5446 5196 5204 5268 5268 5138 5341 5632 4908 5325 5627 5148 5013 4907 5409 5252 5189 4805 
4658 5045 5391 5126 5206 5373 5448 4595 5086 4647 4965 4868 5231 5606 5075 5114 4976 5197 5057 4819 5195 5444 4851 5460 5382 5014 4987 4718 5052 5374 5419 4841 
4764 4965 5424 4938 5570 5493 4985 4420 5254 5037 5004 4869 5068 5355 4767 4914 4839 4606 4950 5041 4830 5312 4711 5263 5286 5059 4976 4775 5147 5234 5292 4652 
4443 4530 5350 4769 5117 5414 5043 4354 5092 4829 4814 5140 4935 5351 4996 4997 4975 5080 4939 5167 4943 5265 4949 5126 4852 5000 4850 4826 5092 5076 5207 4848 
4647 5258 5569 4848 5472 5471 5282 4740 5301 4904 5275 5055 5129 5582 5357 5115 5083 5506 5049 5151 5365 5751 5050 5296 5622 4915 5174 4752 5335 5211 5194 5161 
4691 5114 5391 5056 5376 5448 4988 4703 5068 4994 5035 5098 4943 5508 5132 4837 5011 5330 4973 5273 4903 5313 4961 5283 5167 4939 5015 4494 5270 5506 5472 4777 
