3305 2943 3498 3085 3156 3478 3234 2748 3234 3010 3039 3123 3183 3334 3067 3079 3309 3489 3078 3380 3187 3229 3015 3264 3134 2878 3125 2911 3177 3353 3189 3161 
2999 3013 3338 3277 3235 3335 3358 2648 3146 3157 3332 3125 2898 3247 2957 2980 3182 3179 3144 3304 3063 3493 2906 3244 3348 3061 3110 2867 3198 3402 2966 3141 
3057 3068 3506 3293 3532 3629 3415 2739 3257 3261 3363 3064 3110 3455 3436 3560 3633 3586 3383 3480 3337 3413 3174 3618 3707 3011 3293 3086 3540 3506 3057 3668 
2990 3083 3498 3220 3367 3433 3110 2901 3294 3234 3357 3059 2998 3328 3094 3068 3287 3329 3411 3370 3072 3331 3106 3254 3336 3094 3127 2938 3370 3415 2976 3035 
3004 2976 3303 3099 3243 3504 3325 2790 2993 3285 3414 3177 3028 3109 3281 3022 3422 3370 3231 3407 3264 3529 2847 3353 3433 3013 3052 2885 3225 3332 3077 3336 
2912 2860 3441 3009 3199 3160 3211 2812 2800 3169 3144 2944 3035 2840 2851 3004 3179 3111 3063 3205 2994 3068 2784 3243 3315 2821 3060 2874 2938 3050 2690 3129 
3201 3147 3794 3399 3540 3698 3585 2930 3554 3183 3432 3291 3309 3480 3413 3354 3532 3684 3410 3705 3386 3678 3018 3648 3379 3122 3539 3303 3603 3718 3291 3338 
3298 3102 3618 3200 3510 3614 3473 2949 3419 3295 3228 3315 3156 3535 3067 3175 3474 3454 3299 3215 3195 3547 3113 3368 3703 3002 3253 2807 3189 3424 3101 3206 
3112 3122 3460 3297 3385 3435 3352 2856 3433 3194 3219 3329 3054 3401 3364 3347 3489 3448 3666 3685 3345 3282 3263 3446 3724 3164 3061 2940 3453 3631 2993 3420 
3202 3215 3480 3155 3343 3410 3322 2890 3518 3308 3197 3362 3041 3352 3171 3291 3361 3590 3225 3217 3110 3418 2962 3417 3460 3076 3102 3180 3484 3370 2921 3253 
3012 3031 3541 3125 3494 3386 3472 2992 3436 3288 3312 3241 3059 3441 3129 3177 3376 3229 3335 3364 3159 3307 3167 3291 3527 3005 3149 3083 3086 3460 3187 3342 
2919 2824 3521 2799 3343 3357 3240 2777 3339 3123 3184 3083 3166 3351 3022 3055 3304 3161 3179 3335 3084 3274 3033 3184 3399 2801 3238 2849 3251 3491 2857 3047 
3394 3211 3551 3411 3666 3537 3580 3088 3354 3414 3408 3369 3210 3463 3473 3409 3290 3612 3336 3624 3518 3467 3049 3710 3728 3290 3464 3309 3540 3665 3378 3416 
3324 3105 3468 3060 3309 3468 3098 2793 3183 3069 3157 3031 3048 3111 3099 3082 3264 3106 3189 3413 3011 3473 2872 3341 3309 2967 2883 2969 3369 3391 2945 3185 
3111 3082 3379 3076 3209 3388 3246 2745 3090 3075 3006 2992 3121 3329 3104 3158 3219 3413 3177 3218 3018 3446 2855 3247 3173 2758 3075 2878 3234 3256 2905 2975 
2941 2856 3252 2975 3160 3215 3196 2517 3019 3103 2923 2983 2999 3481 3098 3083 2984 3445 3400 3158 2976 3074 2836 3282 3532 2848 2931 2907 3098 3266 2755 3160 
3080 3074 3420 3082 3117 3354 3263 2879 3159 3175 3217 3205 3115 3496 3093 3002 3497 3469 3185 3387 3130 3381 3112 3340 3325 2905 3062 2907 3225 3429 2980 3195 
3163 3175 3423 3245 3722 3419 3493 3064 3511 3413 3208 3317 3165 3640 3220 3289 3394 3611 3191 3463 3275 3592 3222 3359 3671 3225 3268 2924 3241 3514 3193 3273 
3286 3043 3521 3317 3507 3634 3657 3081 3214 3240 3667 3349 3386 3374 3318 3209 3421 3591 3312 3458 3271 3490 3211 3616 3534 3095 3417 3143 3305 3568 3325 3385 
3748 3547 3913 3742 3928 4032 4109 3323 3930 3812 3807 3759 3555 3722 3838 3848 3888 4044 3803 3917 3773 3876 3536 3928 4134 3735 3802 3371 3811 4169 3617 3648 
3055 2750 3392 2997 3238 3306 3448 2907 3110 3352 3205 3171 2923 3179 3386 3035 3124 3409 3315 3248 3184 3193 3112 3651 3370 2827 3029 2983 3177 3420 2901 3254 
2883 2642 3205 3006 3303 3120 3133 2728 2990 2919 3106 3234 2892 3114 3076 3078 2968 3249 3012 3116 3040 3312 2806 3226 3217 2921 3131 2887 2946 3128 2990 2926 
3106 2876 3396 3171 3290 3449 3348 2786 3248 3108 3184 3142 3107 3295 3269 3393 3395 3512 3244 3302 3276 3390 3019 3483 3407 3003 3019 3018 3389 3413 3109 3143 
3020 3042 3543 3220 3192 3379 3288 2888 3180 3265 3194 3304 3054 3326 3242 3154 3397 3226 3393 3398 3256 3463 3095 3427 3448 3051 3132 2967 3388 3642 3106 3244 
3266 3243 3613 3237 3682 3385 3552 2898 3476 3390 3404 3201 3331 3422 3100 3241 3449 3568 3416 3743 3367 3632 2947 3346 3583 3137 3243 3376 3374 3603 3358 3108 
2936 2923 3357 2908 3185 3513 3267 2678 2949 3067 3219 3047 2674 3136 3094 3022 2991 3084 3174 3265 3028 3239 2741 3227 2903 2767 2777 3004 3028 3200 2629 3005 
3121 3237 3474 3278 3583 3524 3361 2787 3417 3294 3339 3201 3162 3727 3469 3278 3257 3446 3433 3401 3427 3466 3120 3403 3803 3218 3305 3034 3324 3457 3136 3087 
3030 2933 3404 3288 3332 3480 3530 2901 3243 2879 3079 3131 3144 3490 3095 3139 3310 3405 3106 3034 3289 3360 3180 3507 3521 3085 3230 2917 3111 3438 3275 3234 
3226 3304 3573 3152 3540 3760 3193 2810 3460 3348 3279 3072 3197 3518 2954 3137 3353 3196 3310 3349 3233 3431 3083 3469 3523 3122 3290 3008 3365 3472 3250 3191 
2879 2657 3459 2994 3160 3406 3121 2686 3107 3036 3006 3203 2860 3248 3108 2972 3162 3232 3099 3271 3074 3215 3035 3310 3096 2869 3023 3043 2993 3215 3031 3194 
3215 3236 3687 3135 3523 3635 3388 3038 3478 3113 3447 3292 3184 3542 3444 3247 3251 3697 3337 3549 3452 3649 3313 3486 3753 2894 3310 3100 3572 3408 3164 3393 
2985 3015 3392 3146 3474 3284 3206 2734 3185 3099 3237 3236 2951 3379 3129 3074 3221 3426 3088 3401 3127 3282 3130 3341 3363 2960 3138 2688 3221 3415 3067 3040 
