522 531 576 608 680 582 491 455 646 574 671 595 524 597 524 576 625 587 654 735 607 758 567 623 622 547 633 621 684 521 653 608 
523 688 584 631 754 588 577 482 698 732 751 513 471 727 592 622 718 585 737 862 590 905 669 641 813 603 575 688 651 790 673 732 
402 627 618 760 727 613 655 539 695 719 749 563 521 714 620 757 726 685 755 870 696 899 793 610 843 649 715 651 664 826 719 763 
562 643 540 697 796 615 604 530 747 623 748 576 555 727 776 686 701 732 786 814 668 819 744 647 805 747 705 602 718 708 807 571 
562 675 655 684 765 633 610 582 641 702 830 640 501 675 728 646 759 694 733 926 670 988 634 651 802 633 652 761 734 690 664 782 
388 469 494 526 540 423 461 396 503 565 613 445 357 459 438 470 497 501 581 686 433 573 530 460 578 508 478 513 444 510 528 509 
579 592 576 694 758 634 663 573 718 655 812 698 598 718 708 728 733 792 748 927 662 894 624 755 776 661 732 799 686 610 729 714 
582 646 556 668 717 660 553 499 704 599 694 605 538 726 690 644 629 616 722 697 597 896 723 646 767 684 673 608 717 739 723 616 
586 723 670 801 754 617 601 574 737 736 818 645 540 740 736 712 749 685 891 970 749 914 811 678 815 802 680 747 766 784 790 747 
446 518 479 607 596 489 496 435 500 612 649 525 362 480 547 550 520 513 573 626 475 743 521 610 705 598 520 637 636 552 548 672 
434 528 509 534 589 483 459 406 513 628 608 521 367 503 473 535 512 513 585 689 372 683 552 514 636 591 535 601 512 606 547 587 
380 568 534 613 638 585 583 483 603 653 704 530 579 678 601 664 600 644 706 674 596 756 721 580 770 591 750 662 591 748 597 640 
613 595 552 615 743 578 618 538 616 666 826 618 516 649 728 656 641 678 712 812 677 733 649 686 769 667 799 695 672 631 761 692 
541 611 565 607 571 566 428 462 631 624 639 497 446 523 495 474 602 468 673 743 459 798 506 542 664 542 532 600 598 593 597 592 
527 636 538 662 646 504 599 625 625 710 720 580 559 631 578 575 660 626 769 711 508 861 571 654 710 576 599 646 605 703 665 627 
533 585 478 612 659 563 568 444 544 625 723 530 490 720 754 629 621 695 719 722 597 735 682 580 778 643 628 674 588 647 665 586 
538 633 641 698 648 603 647 556 684 733 788 565 555 622 616 598 738 640 750 777 610 811 695 600 781 633 637 617 683 740 677 663 
627 714 664 729 851 674 642 537 765 738 811 599 546 760 674 740 764 711 797 901 685 881 764 626 819 689 736 707 717 753 785 720 
457 550 410 556 584 538 541 467 552 569 614 470 553 611 573 564 617 589 593 576 537 699 578 540 671 492 537 566 506 613 565 492 
635 742 625 863 785 708 715 568 866 774 849 622 597 658 786 810 736 761 804 916 743 953 694 760 908 839 788 732 716 786 841 700 
510 533 484 568 597 506 535 387 531 667 717 539 430 596 640 550 572 621 674 668 540 732 562 570 730 501 646 615 546 603 559 545 
580 518 580 557 649 506 576 512 647 537 705 601 487 630 579 581 552 653 681 716 484 782 578 568 653 585 670 588 625 558 702 545 
478 610 585 668 696 650 672 467 690 672 711 471 526 665 729 776 782 717 618 790 680 842 628 666 807 617 615 669 584 662 641 634 
575 701 580 760 711 615 593 541 641 743 760 615 542 752 678 674 738 689 900 829 601 939 759 631 860 767 603 694 715 827 763 652 
614 683 668 736 802 624 618 596 835 712 772 628 583 741 639 701 760 694 811 1048 691 963 654 697 836 727 768 840 717 734 818 756 
381 501 453 518 524 480 486 334 486 604 575 413 367 537 526 520 570 519 545 615 483 709 460 489 588 393 466 615 438 560 447 530 
502 634 496 693 762 584 576 510 671 654 686 467 560 757 700 664 674 687 847 811 657 778 714 627 884 684 708 670 649 699 719 591 
407 438 426 529 634 450 533 396 584 497 529 429 446 577 460 662 527 557 514 597 458 694 494 561 607 537 555 472 500 561 659 525 
635 792 647 702 769 666 551 557 799 784 783 535 544 728 657 603 769 579 765 806 632 911 702 642 823 648 676 756 683 822 761 700 
445 489 576 574 621 531 539 427 654 624 691 613 505 633 519 608 613 593 662 770 506 822 591 663 667 581 641 647 635 647 674 611 
501 634 514 559 672 656 577 477 686 562 683 511 498 630 685 596 664 628 605 758 710 831 652 579 796 552 677 668 731 665 579 625 
580 710 633 725 776 639 642 610 676 710 785 595 543 651 743 740 771 758 755 815 611 965 638 656 808 679 642 702 657 684 716 650 
