5332 5258 4787 4727 4919 5018 5314 5018 5104 5076 5162 5051 5036 5332 4679 5137 4834 4676 5107 5259 5107 5198 4807 5086 5080 5077 5213 5060 4862 5226 4838 5062 
5233 4927 4686 4604 4680 4563 5448 4969 4931 5114 4751 4877 5287 5092 4746 4771 4510 4475 4901 5205 5311 4881 4993 4842 5037 4980 5150 4667 4786 5114 4577 5141 
5970 5282 5192 4954 4975 5105 5660 5190 4910 5472 5419 5166 5579 5706 5095 5442 5396 4876 5185 5553 5490 5335 5219 5383 5385 5180 5485 5411 5284 5529 5220 5476 
5283 4849 4547 4535 4663 4831 5252 5076 4937 5169 4890 5049 5316 5364 4936 5269 4750 4498 5030 5196 5041 5153 4930 4812 5070 5012 5142 5235 4775 5189 4743 5426 
5298 4948 4696 4469 4392 4755 5183 4988 4905 5043 4969 4778 4999 5372 4578 5062 4826 4730 4932 5087 5136 5123 4760 4968 4884 5092 5192 5104 4805 5443 4476 5129 
5159 5003 4695 4585 4591 4653 5081 5107 4747 4819 4761 4809 4891 4989 4586 4893 4709 4524 4687 5167 4827 4934 4651 4843 4945 4804 5162 4910 4629 5145 4717 5012 
5591 5324 5125 5129 5027 5368 5944 5632 5395 5505 5711 5336 5581 6000 5063 5536 5274 4931 5352 5399 5465 5609 5028 5507 5415 5238 5612 5504 5384 5587 5505 5550 
5531 5329 5015 4790 4815 4996 5596 5251 5165 5351 5482 5612 5351 5449 5165 5438 5115 4877 5052 5371 5484 5377 5013 5347 5401 5278 5448 5467 4824 5784 4992 5283 
5785 5471 5163 5234 4970 5251 5647 5498 5313 5366 5726 5425 5249 5355 5337 5475 5202 4967 5121 5539 5726 5487 4927 5747 5533 5601 5641 5461 5263 5843 5239 5517 
5765 5247 5203 4881 4894 5318 5689 5408 5439 5404 5344 5360 5547 5679 5134 5373 4985 4775 5472 5553 5403 5309 5072 5336 5413 5313 5582 5593 5134 5718 5275 5428 
5747 5114 5042 4955 4963 4999 5518 5394 5286 5475 5324 5442 5665 5522 5048 5470 5016 4968 5168 5638 5422 5324 5264 5557 5527 5470 5557 5342 5108 5524 5264 5305 
5245 5001 4786 4505 4402 4795 5148 4833 4730 4916 4807 4855 5097 5067 4716 4963 4436 4460 4478 5003 4756 4703 4729 4968 4959 5045 5133 4863 4966 4959 4894 4895 
5548 5209 5118 5046 4726 5115 5493 5412 5281 4993 5476 5470 5333 5642 5157 5424 5057 4640 5156 5353 5487 5256 5138 5230 5230 5012 5629 5357 5117 5288 5233 5618 
5709 5149 4935 4741 4967 4991 5342 5312 5045 5068 5136 5142 5059 5348 4923 5104 5163 4769 4928 5122 5468 5217 4995 5077 5322 5394 5442 5323 4937 5345 4862 5193 
5580 5182 4813 4801 4803 5050 5571 5231 4970 5122 5136 5241 5294 5463 4758 5226 5017 4535 5003 4940 5285 5332 5113 5164 5253 5150 5622 5351 5017 5527 5049 5259 
5512 4894 5132 5047 4924 5297 5372 5279 5277 5341 5214 5175 5414 5708 5185 5056 4943 4731 5163 5396 5510 5066 5159 5171 5217 5141 5362 5505 4891 5681 4971 5645 
6028 5254 5157 5187 5146 5274 5712 5510 5155 5303 5366 5271 5433 5854 5055 5304 5034 4777 5042 5388 5517 5462 5307 5011 5591 5384 5694 5615 5129 5537 4967 5578 
5335 4892 4685 4880 4635 5047 5435 5163 4905 5435 5162 5088 5355 5421 5069 5005 4674 4609 5020 5459 5333 5204 4925 5107 5345 4897 5431 5116 5063 5121 4973 5261 
5853 5349 5101 5127 5156 5206 5950 5605 5619 5381 5281 5560 5878 5729 4920 5372 5081 4899 5391 5539 5537 5666 5523 5505 5655 5291 5516 5495 5535 5721 5258 5714 
6044 5599 5474 5438 5239 5592 6111 5592 5504 5593 5512 5774 5920 5632 5270 5630 5326 5142 5475 5995 5789 5799 5617 5659 5774 5684 5932 5572 5623 6049 5550 5744 
5333 4901 4728 4555 4305 5073 5246 4999 5251 4857 5144 5075 5093 5419 4815 5015 4916 4773 5023 5302 5158 5188 4720 5119 5204 5013 5291 5003 4914 5537 4772 5165 
5574 4902 4597 4735 4532 5113 5501 5169 5092 4997 5240 4886 5258 5222 4802 5161 4967 4854 5128 5121 5303 5058 4970 5066 5209 5061 5324 5458 5069 5177 4995 5502 
5530 5073 5000 5001 4843 5320 5638 5460 5223 5339 5286 5300 5571 5800 5017 5419 5229 4648 5213 5546 5546 5268 5083 5104 5396 5403 5845 5574 5257 5515 5270 5296 
5518 4901 4747 4877 4724 5065 5389 5238 5330 5295 5104 5107 5480 5498 4873 5360 4811 4792 4946 5059 5170 5107 5141 4881 5459 5439 5209 5317 4919 5674 5081 5181 
5752 5374 5007 5196 5121 5153 5853 5613 5372 5476 5276 5429 5663 5399 5292 5362 5252 5016 5173 5575 5515 5636 5314 5478 5140 5413 5726 5773 5125 5370 5162 5568 
5178 4793 4556 4831 4667 4805 5450 5067 4960 5192 5071 4855 5225 5257 4702 5052 4946 4447 4918 5183 5104 5078 4866 5197 4881 5147 5185 5042 4788 5062 4889 5071 
5758 5206 5032 4639 4991 5201 5642 5198 5140 5296 5171 5433 5477 5345 5034 5344 4986 5069 4921 5441 5534 5395 5232 5352 5467 5320 5681 5386 5091 5635 5037 5339 
5664 5020 4847 4946 4795 5076 5268 5266 4894 5179 5341 5228 5401 5173 4755 5234 5009 4861 4996 5308 5040 5377 5123 5047 5235 5172 5459 5038 5305 5353 5136 5205 
5343 4822 4710 4664 4390 4838 5537 5193 5005 4680 5099 5218 5326 5311 4931 4946 4826 4322 4718 4950 5151 5228 4639 5049 5075 4907 5099 5070 4872 5076 4895 5137 
5510 4940 4636 4688 4910 4955 5300 5255 5059 4837 5022 4983 5273 5273 4850 5333 4894 4673 4752 5323 4975 5412 4864 5136 5281 5056 5271 5185 4659 5286 4691 5043 
5557 5239 5033 4920 4715 5042 5713 5329 5058 5181 5340 5547 5352 5818 4795 5299 5140 4718 5057 5437 5220 5371 4975 5255 5500 5446 5514 5341 5052 5676 5100 5601 
5541 4946 4926 4861 4594 4917 5495 5010 5199 4980 5039 5470 5298 5451 4711 5202 4876 4630 5151 5361 5411 5040 5001 5290 5314 5242 5338 5095 5221 5404 5158 5283 
