2560 2595 2541 2489 2503 2631 3034 2685 2751 2569 2542 2424 2448 2672 2278 2573 2619 2410 2668 2627 2508 2646 2545 2494 2266 2749 2630 2630 2432 2672 2440 2610 
2473 2326 2444 2492 2462 2482 2857 2671 2566 2556 2287 2410 2644 2448 2182 2276 2486 2325 2477 2505 2723 2439 2452 2333 2396 2723 2551 2334 2454 2572 2158 2579 
2632 2559 2734 2648 2639 2602 3011 2694 2635 2788 2549 2657 2671 2912 2512 2507 2774 2542 2495 2691 2779 2631 2567 2643 2535 2758 2727 2708 2523 2916 2452 2684 
2488 2382 2392 2507 2354 2464 2682 2636 2581 2527 2376 2468 2610 2750 2457 2468 2367 2314 2380 2667 2566 2488 2315 2400 2313 2748 2558 2548 2399 2752 2272 2765 
2463 2326 2371 2460 2236 2591 2759 2577 2520 2638 2471 2478 2505 2599 2289 2495 2549 2481 2534 2500 2534 2519 2421 2400 2428 2765 2598 2536 2421 2790 2064 2650 
2457 2444 2459 2454 2358 2589 2870 2837 2672 2540 2334 2456 2594 2627 2316 2375 2645 2582 2404 2527 2475 2454 2449 2391 2356 2613 2529 2707 2380 2789 2350 2560 
2515 2536 2510 2683 2611 2761 3232 2979 2884 2816 2798 2712 2816 2950 2510 2690 2702 2514 2695 2756 2759 2735 2569 2666 2645 2955 2661 2677 2674 2899 2662 2692 
2541 2583 2768 2545 2507 2617 2995 2829 2696 2838 2675 2707 2691 2769 2545 2612 2767 2616 2456 2640 2835 2501 2447 2719 2442 2904 2831 2713 2419 2904 2365 2626 
2490 2508 2663 2514 2377 2505 2900 2835 2789 2575 2692 2627 2523 2614 2597 2459 2727 2477 2352 2543 2784 2486 2386 2637 2463 2823 2663 2662 2540 2820 2372 2642 
2729 2588 2688 2578 2525 2623 3123 2786 2965 2892 2545 2751 2835 2845 2570 2629 2655 2515 2763 2845 2748 2500 2592 2557 2510 3080 2838 2848 2610 3071 2693 2633 
2707 2578 2674 2587 2454 2614 2975 2874 2737 2893 2695 2845 2993 2818 2546 2767 2668 2651 2510 2860 2802 2740 2699 2791 2719 2948 2797 2810 2656 3046 2542 2732 
2503 2551 2617 2520 2345 2623 2855 2555 2623 2609 2364 2559 2706 2658 2383 2468 2543 2447 2192 2547 2630 2439 2455 2527 2515 2807 2676 2645 2597 2647 2433 2670 
2727 2633 2856 2803 2479 2780 3110 2910 3014 2592 2881 2963 2916 3024 2649 2731 2851 2542 2751 2788 3000 2644 2506 2560 2651 2819 2974 2937 2835 2934 2615 2996 
2680 2486 2663 2549 2548 2568 2814 2837 2698 2636 2541 2514 2489 2578 2434 2378 2707 2499 2480 2685 2862 2448 2499 2471 2486 2976 2824 2791 2481 2636 2351 2710 
2490 2411 2374 2495 2394 2656 2936 2586 2466 2408 2370 2440 2539 2479 2219 2437 2603 2254 2402 2421 2462 2362 2383 2451 2453 2720 2707 2710 2370 2767 2367 2410 
2412 2223 2701 2582 2383 2578 2749 2689 2756 2582 2384 2398 2665 2781 2524 2204 2545 2308 2321 2513 2686 2350 2374 2357 2250 2613 2529 2586 2322 2785 2279 2608 
2730 2494 2587 2490 2430 2539 2867 2691 2598 2660 2514 2526 2570 2704 2357 2322 2504 2402 2356 2517 2675 2454 2464 2401 2477 2858 2637 2657 2475 2772 2213 2545 
2636 2335 2450 2614 2389 2651 2952 2734 2679 2885 2517 2613 2648 2949 2495 2433 2505 2500 2528 2754 2835 2588 2363 2498 2613 2635 2803 2596 2683 2756 2447 2807 
2771 2642 2679 2691 2761 2653 3177 3032 3083 2739 2534 2853 3104 2873 2390 2642 2721 2731 2853 2868 2989 2821 2942 2765 2795 3001 2780 2753 2855 2995 2554 3009 
2945 2925 3060 3010 2810 3153 3465 3193 3123 3077 2766 3199 3125 2993 2765 2825 3066 2926 2977 3116 3217 3136 2894 3041 2828 3428 3108 2999 2976 3440 2890 3094 
2551 2545 2507 2443 2086 2655 2732 2627 2805 2571 2585 2618 2620 2715 2428 2457 2529 2465 2525 2677 2653 2530 2369 2588 2474 2800 2607 2446 2534 3012 2398 2613 
2566 2227 2249 2230 2162 2373 2878 2514 2630 2438 2466 2379 2604 2495 2203 2406 2397 2384 2587 2433 2703 2260 2439 2333 2346 2553 2451 2685 2422 2689 2317 2739 
2608 2486 2619 2571 2325 2646 2747 2802 2701 2640 2469 2656 2649 2768 2334 2484 2805 2381 2501 2655 2714 2555 2369 2523 2464 2857 2852 2674 2530 2696 2469 2516 
2402 2320 2449 2499 2370 2560 2793 2704 2800 2701 2498 2513 2780 2744 2385 2501 2646 2508 2382 2576 2645 2401 2447 2398 2480 2947 2549 2608 2433 2845 2340 2536 
2598 2409 2605 2685 2547 2532 3157 2941 2819 2730 2486 2656 2682 2611 2582 2563 2815 2485 2600 2795 2789 2834 2784 2558 2333 2863 2738 2975 2621 2624 2409 2792 
2396 2386 2329 2509 2416 2457 2872 2558 2775 2676 2385 2416 2550 2645 2283 2356 2569 2246 2411 2539 2570 2447 2387 2585 2315 2872 2526 2588 2493 2683 2314 2543 
2776 2596 2762 2456 2567 2645 3090 2872 2815 2738 2503 2705 2783 2761 2546 2553 2649 2615 2413 2774 2846 2592 2516 2762 2489 2995 2900 2707 2488 2943 2408 2765 
2679 2458 2567 2640 2440 2723 2855 2905 2682 2773 2723 2761 2799 2812 2307 2662 2813 2480 2586 2688 2630 2780 2576 2485 2567 2897 2756 2679 2865 3003 2554 2602 
2335 2332 2449 2414 2330 2518 2955 2853 2598 2457 2471 2541 2703 2761 2348 2585 2555 2375 2497 2535 2645 2531 2376 2626 2407 2839 2549 2593 2557 2662 2509 2688 
2684 2451 2397 2446 2406 2502 2747 2696 2639 2398 2329 2434 2594 2713 2404 2512 2584 2378 2199 2590 2530 2635 2438 2556 2431 2656 2686 2603 2478 2676 2170 2542 
2685 2577 2726 2630 2431 2824 3131 3021 2760 2682 2733 2852 2780 2947 2513 2698 2933 2603 2706 2619 2807 2719 2478 2719 2724 3084 2843 2872 2600 3008 2579 2795 
2466 2222 2386 2442 2164 2488 2858 2476 2746 2396 2259 2614 2638 2598 2112 2441 2492 2356 2441 2601 2666 2253 2303 2401 2331 2684 2635 2478 2567 2575 2350 2608 
