4669 4594 4246 4159 4454 4559 4710 4460 4535 4432 4520 4538 4333 4772 4071 4548 4368 4072 4565 4528 4419 4513 4272 4480 4464 4544 4530 4461 4303 4616 4223 4522 
4477 4137 3991 4025 4282 4121 4643 4327 4309 4479 4039 4289 4519 4406 4094 4125 3970 3927 4228 4387 4631 4111 4269 4170 4420 4423 4364 4020 4224 4441 3923 4546 
5149 4507 4473 4397 4554 4553 4945 4474 4343 4767 4706 4684 4809 5017 4499 4684 4795 4332 4409 4693 4812 4582 4438 4737 4745 4580 4728 4736 4640 4826 4438 4773 
4570 4138 3869 3967 4117 4357 4425 4485 4248 4374 4191 4441 4561 4743 4255 4539 4233 3878 4309 4358 4361 4322 4130 4197 4294 4383 4409 4437 4062 4453 3937 4722 
4470 4127 4031 3967 3962 4334 4433 4289 4170 4305 4258 4266 4243 4574 4013 4380 4243 4055 4159 4194 4404 4344 4049 4234 4215 4445 4356 4415 4197 4632 3760 4435 
4575 4456 4189 4153 4197 4307 4570 4567 4283 4337 4288 4394 4389 4544 4139 4421 4269 4143 4152 4549 4242 4366 4174 4273 4452 4379 4608 4482 4154 4668 4241 4559 
4790 4507 4353 4525 4557 4830 5116 4914 4695 4730 4979 4737 4794 5294 4408 4850 4650 4275 4623 4510 4640 4782 4275 4742 4777 4614 4737 4739 4741 4870 4680 4844 
4805 4702 4346 4171 4299 4488 4821 4622 4502 4677 4700 5019 4514 4818 4550 4730 4576 4344 4386 4523 4855 4630 4275 4746 4660 4702 4715 4684 4084 5024 4285 4650 
4935 4654 4473 4517 4457 4676 4876 4772 4704 4545 4901 4818 4447 4716 4651 4705 4614 4326 4339 4615 4924 4621 4142 5003 4754 4907 4814 4665 4511 5031 4459 4770 
5089 4599 4670 4418 4532 4873 5134 4810 4886 4925 4743 4894 4917 5139 4611 4809 4616 4293 4853 4831 4740 4681 4516 4736 4916 4813 4952 5097 4633 5162 4688 4898 
5091 4520 4488 4501 4541 4623 4910 4803 4732 4950 4788 5057 5082 5000 4563 4914 4653 4532 4598 4963 4858 4732 4692 4971 5008 4973 4952 4843 4600 4987 4662 4825 
4538 4340 4175 3986 3975 4255 4525 4147 4212 4334 4169 4463 4404 4453 4069 4252 3967 3906 3791 4256 4146 4068 3969 4398 4405 4511 4370 4308 4392 4349 4144 4294 
4777 4470 4402 4533 4262 4557 4786 4726 4627 4304 4869 4873 4736 5028 4403 4754 4516 4056 4462 4486 4741 4465 4294 4418 4639 4464 4853 4747 4538 4707 4483 4934 
5030 4507 4336 4281 4487 4618 4689 4756 4527 4514 4577 4709 4405 4805 4419 4468 4731 4241 4421 4508 4892 4599 4389 4529 4824 4860 4806 4763 4480 4727 4277 4761 
4826 4459 4110 4228 4329 4636 4871 4592 4377 4516 4502 4677 4593 4788 4153 4645 4579 3997 4321 4290 4591 4538 4385 4625 4717 4584 4844 4688 4430 4849 4326 4647 
4849 4263 4538 4574 4524 4752 4730 4696 4646 4636 4637 4629 4757 5124 4559 4426 4446 4247 4427 4587 4780 4417 4438 4527 4608 4588 4620 4892 4283 5032 4304 5055 
5337 4535 4434 4630 4622 4795 5002 4884 4617 4599 4802 4784 4770 5148 4430 4593 4539 4258 4346 4660 4879 4673 4505 4446 4995 4769 4991 4948 4588 4879 4269 4940 
4471 4145 4035 4221 4155 4480 4607 4481 4269 4674 4386 4547 4534 4784 4339 4269 4050 3988 4278 4556 4589 4331 4087 4315 4593 4293 4627 4406 4363 4377 4209 4574 
5238 4810 4538 4589 4782 4805 5288 5106 5084 4835 4670 5074 5216 5194 4384 4814 4714 4507 4769 4835 4947 4978 4829 5061 5168 4849 4894 4844 4977 5159 4658 5227 
5163 4716 4676 4732 4683 4986 5234 4788 4804 4888 4745 5110 5043 5011 4548 4862 4751 4522 4771 5114 4930 4914 4730 4927 5061 4975 5135 4837 4848 5360 4642 4996 
4758 4363 4111 4140 3957 4652 4569 4444 4571 4280 4612 4581 4489 4814 4272 4425 4459 4260 4354 4592 4551 4582 4063 4507 4617 4510 4595 4468 4400 4961 4147 4628 
4910 4309 4039 4232 4021 4643 4817 4559 4474 4323 4649 4413 4638 4606 4171 4556 4404 4267 4482 4403 4714 4341 4291 4420 4586 4528 4595 4794 4552 4541 4384 4910 
4876 4311 4257 4463 4422 4809 4836 4750 4640 4695 4623 4715 4800 5115 4464 4715 4667 4114 4536 4686 4846 4505 4367 4566 4796 4731 5213 4929 4594 4833 4445 4679 
4699 4167 4064 4269 4233 4550 4628 4602 4672 4533 4395 4541 4732 4860 4158 4576 4329 4191 4123 4259 4376 4326 4322 4253 4711 4804 4391 4565 4244 4878 4243 4531 
4869 4474 4299 4519 4545 4617 5036 4887 4709 4726 4514 4845 4813 4715 4602 4647 4635 4310 4508 4664 4741 4805 4542 4717 4505 4746 4871 4989 4525 4673 4373 4890 
4671 4232 4009 4371 4369 4400 4796 4537 4483 4731 4546 4421 4625 4733 4317 4570 4552 4044 4380 4519 4580 4511 4319 4687 4517 4659 4583 4560 4365 4535 4344 4656 
5007 4526 4424 4117 4473 4693 4949 4600 4598 4660 4481 4871 4736 4781 4360 4643 4427 4475 4231 4645 4794 4674 4444 4729 4795 4788 4931 4739 4440 4943 4213 4714 
5048 4389 4322 4450 4419 4629 4647 4708 4357 4672 4774 4782 4762 4708 4152 4667 4630 4363 4465 4661 4496 4710 4520 4583 4759 4698 4906 4477 4794 4898 4452 4699 
4551 4081 4024 4017 3926 4320 4718 4543 4370 3995 4385 4586 4450 4664 4229 4300 4290 3803 4064 4128 4404 4417 3849 4409 4410 4291 4329 4406 4214 4382 4264 4551 
4961 4311 3988 4160 4395 4526 4524 4613 4396 4203 4430 4529 4586 4663 4285 4634 4450 4081 4098 4536 4406 4686 4230 4606 4735 4477 4596 4496 4204 4710 4027 4524 
4872 4517 4406 4384 4299 4587 5050 4813 4521 4541 4714 5000 4580 5057 4224 4674 4619 4193 4470 4615 4595 4739 4263 4665 4863 4889 4806 4696 4507 4996 4449 4927 
4688 4167 4231 4312 4126 4458 4667 4282 4521 4263 4278 4875 4571 4734 4070 4485 4357 3967 4389 4546 4661 4215 4224 4648 4617 4546 4564 4383 4498 4578 4291 4633 
