1347 1410 1290 1297 1248 1483 1545 1268 1475 1365 1471 1258 1127 1345 1044 1320 1352 1281 1396 1401 1380 1375 1441 1311 1233 1422 1449 1341 1210 1257 1292 1548 
1294 1245 1252 1168 1124 1380 1382 1236 1404 1382 1322 1228 1210 1163 1043 1185 1302 1246 1264 1338 1387 1176 1263 1146 1209 1325 1412 1097 1122 1258 1129 1392 
1261 1239 1379 1122 1087 1307 1350 1114 1326 1434 1336 1229 1068 1292 1092 1315 1288 1202 1146 1336 1374 1176 1276 1311 1244 1323 1398 1199 1159 1175 1221 1467 
1288 1284 1224 1124 981 1367 1321 1194 1321 1288 1332 1101 1110 1154 1117 1318 1167 1174 1160 1331 1417 1218 1120 1189 1185 1349 1312 1136 1128 1284 1239 1464 
1301 1349 1270 1199 1093 1473 1350 1163 1377 1421 1393 1266 1199 1260 1092 1335 1225 1367 1356 1395 1342 1207 1257 1165 1272 1346 1469 1260 1180 1308 1157 1499 
1107 1194 1086 1044 932 1411 1344 1252 1345 1330 1197 1075 1083 1195 1010 1177 1125 1313 1123 1201 1106 1125 1221 1083 1091 1192 1306 1340 1080 1234 1198 1276 
1164 1265 1167 1276 951 1449 1556 1307 1376 1433 1490 1197 1196 1283 1130 1347 1212 1330 1362 1302 1418 1240 1226 1260 1298 1421 1412 1212 1249 1316 1371 1413 
1281 1455 1408 1094 1165 1431 1464 1283 1439 1552 1460 1300 1282 1307 1203 1334 1409 1353 1218 1353 1479 1217 1254 1341 1288 1418 1489 1305 1181 1364 1291 1381 
1312 1364 1399 1117 1011 1366 1507 1373 1504 1444 1450 1331 1137 1194 1299 1388 1387 1375 1275 1433 1517 1274 1248 1445 1306 1384 1524 1340 1290 1364 1308 1558 
1327 1294 1462 1181 1067 1362 1531 1290 1464 1448 1325 1310 1236 1259 1144 1331 1224 1190 1304 1356 1461 1196 1313 1399 1265 1497 1533 1314 1136 1285 1466 1359 
1294 1296 1315 1050 952 1306 1289 1256 1275 1338 1391 1286 1240 1210 1127 1361 1234 1228 1132 1318 1422 1216 1268 1306 1237 1310 1354 1257 1132 1266 1275 1397 
1313 1487 1432 1216 1063 1477 1485 1204 1414 1405 1413 1304 1233 1192 1243 1328 1352 1280 1146 1334 1461 1228 1299 1375 1329 1463 1573 1453 1248 1249 1299 1458 
1402 1381 1335 1267 999 1479 1546 1320 1579 1365 1528 1427 1403 1324 1162 1476 1375 1305 1408 1387 1502 1290 1276 1360 1412 1385 1573 1399 1380 1394 1370 1602 
1322 1272 1360 1191 1078 1450 1379 1271 1476 1385 1337 1228 1104 1105 1096 1237 1315 1313 1347 1297 1550 1145 1274 1205 1221 1439 1548 1318 1170 1200 1281 1493 
1232 1149 1107 1113 1000 1383 1399 1150 1283 1163 1322 1136 1092 1133 1016 1248 1263 1068 1121 1199 1207 1151 1207 1244 1291 1332 1386 1372 1155 1168 1200 1290 
1169 1151 1299 1015 1029 1339 1262 1205 1411 1330 1202 1036 1225 1182 1021 1082 1329 1155 1158 1250 1371 1127 1122 1169 1109 1295 1236 1257 1064 1202 1117 1351 
1320 1298 1335 1160 1009 1289 1352 1199 1389 1313 1322 1214 1105 1160 1087 1164 1218 1224 1083 1345 1344 1214 1191 1212 1226 1430 1370 1277 1134 1268 1162 1385 
1267 1200 1174 1183 1002 1316 1360 1213 1380 1453 1292 1123 1092 1286 1061 1180 1145 1282 1163 1383 1355 1078 1119 1190 1232 1176 1359 1143 1171 1226 1199 1441 
1324 1382 1311 1093 1154 1353 1502 1343 1546 1393 1328 1324 1360 1220 989 1226 1260 1198 1445 1335 1433 1238 1443 1347 1240 1302 1400 1324 1251 1260 1220 1477 
1558 1619 1654 1358 1241 1711 1753 1445 1757 1647 1574 1594 1427 1419 1371 1485 1570 1595 1542 1633 1728 1571 1470 1551 1406 1741 1682 1560 1449 1646 1597 1764 
1281 1375 1266 1137 904 1366 1345 1198 1486 1327 1443 1202 1188 1218 1112 1208 1223 1160 1290 1304 1402 1266 1150 1275 1211 1369 1375 1163 1247 1349 1279 1443 
1327 1174 1130 1168 955 1408 1477 1213 1514 1226 1330 1255 1261 1174 1049 1229 1168 1272 1351 1304 1399 1238 1338 1243 1240 1186 1362 1360 1209 1273 1343 1540 
1396 1467 1458 1358 1103 1525 1518 1427 1573 1509 1451 1340 1337 1344 1140 1304 1534 1287 1441 1436 1546 1310 1364 1454 1319 1536 1689 1389 1181 1339 1408 1499 
1227 1249 1275 1156 1028 1416 1364 1155 1427 1501 1370 1216 1248 1250 1118 1262 1317 1234 1212 1275 1400 1200 1300 1200 1260 1436 1448 1358 1174 1292 1237 1359 
1207 1267 1269 1215 1128 1396 1482 1278 1514 1495 1365 1295 1210 1208 1201 1301 1344 1297 1337 1450 1392 1388 1377 1399 1112 1319 1493 1531 1249 1173 1222 1441 
1247 1195 1213 1121 996 1323 1508 1201 1493 1426 1261 1248 1092 1310 1143 1207 1266 1085 1200 1259 1415 1113 1149 1324 1165 1463 1407 1260 1246 1165 1290 1360 
1467 1449 1553 1179 1177 1497 1563 1287 1537 1529 1433 1334 1367 1243 1275 1418 1473 1475 1240 1473 1616 1218 1299 1482 1347 1536 1646 1422 1238 1332 1290 1588 
1332 1276 1289 1209 996 1451 1277 1300 1323 1359 1467 1296 1181 1180 977 1313 1474 1213 1197 1316 1340 1233 1285 1140 1279 1391 1436 1274 1334 1325 1321 1368 
1303 1316 1232 1237 1134 1451 1599 1493 1427 1404 1494 1315 1283 1414 1199 1362 1436 1293 1347 1358 1436 1296 1295 1450 1389 1449 1492 1427 1308 1282 1426 1496 
1262 1120 1084 1022 903 1185 1243 1135 1308 1152 1173 1034 1056 1129 1041 1166 1144 1087 958 1159 1186 1149 1130 1209 1142 1110 1344 1186 1075 1074 1019 1311 
1326 1351 1407 1165 1053 1529 1610 1395 1498 1447 1558 1407 1388 1401 1252 1446 1559 1376 1326 1351 1465 1340 1296 1440 1451 1527 1548 1436 1347 1395 1403 1474 
1361 1355 1293 1187 1078 1403 1570 1185 1667 1349 1359 1401 1314 1290 977 1303 1412 1281 1308 1504 1460 1175 1279 1355 1324 1381 1544 1375 1375 1310 1315 1561 
