2017 2010 1965 1871 1897 2060 2379 2020 2199 1952 1946 1765 1805 1999 1679 2101 2052 1950 2140 1992 1906 2021 2099 1902 1743 2140 2023 1941 1869 1934 1868 2164 
1991 1834 1962 1811 1847 1990 2189 2004 2000 1918 1698 1774 1951 1778 1639 1815 1936 1799 1939 1934 2006 1798 1909 1719 1823 2010 1987 1677 1816 1855 1646 2021 
1817 1751 1962 1676 1751 1695 2046 1714 1905 1833 1652 1591 1657 1883 1614 1831 1818 1751 1680 1796 1797 1673 1847 1705 1745 1819 1818 1720 1687 1720 1711 1941 
1948 1797 1784 1807 1694 1829 1989 1860 1982 1904 1772 1643 1822 1878 1742 1937 1716 1762 1674 1957 1830 1742 1859 1691 1802 2008 1927 1757 1790 1856 1649 2155 
1935 1816 1865 1798 1657 2018 2096 1909 1997 1984 1837 1742 1881 1893 1674 2029 1928 1982 1931 1954 1847 1802 1890 1703 1873 2065 1984 1820 1825 1977 1620 2079 
1883 1875 1827 1789 1736 1996 2183 2109 2140 1920 1727 1711 1908 1916 1614 1892 1931 1998 1831 1833 1741 1790 1952 1725 1791 2005 1879 2012 1832 2020 1807 1929 
1855 1760 1822 1874 1725 1916 2384 2120 2164 1976 1951 1855 1912 2053 1700 2072 1943 1881 1963 1913 1934 1962 1972 1785 1911 2095 1958 1829 1987 1892 1954 2054 
2058 2102 2231 1919 1995 2053 2336 2188 2212 2184 2036 1990 2040 2126 1895 2107 2196 2088 1920 1996 2148 1906 2060 2021 1973 2223 2229 2029 1911 2115 1917 2087 
1865 1892 2024 1750 1609 1789 2147 2032 2143 1860 1927 1828 1735 1739 1792 1969 2038 1897 1774 1840 1992 1778 1850 1843 1786 1977 2012 1858 1881 1911 1768 2031 
2182 1986 2160 1957 1865 1994 2464 2134 2308 2193 1894 1944 2146 2025 1886 2185 2022 1991 2063 2153 2128 1831 2138 1984 1981 2407 2225 2071 2048 2127 2091 2110 
2149 1974 2145 1848 1807 1951 2171 2113 2097 2082 1937 1992 2137 2031 1862 2204 2011 2043 1807 2088 2037 1994 2136 1984 2056 2200 2071 1972 2004 2056 1928 2167 
1924 1969 2066 1914 1726 2009 2216 1909 2097 1976 1818 1871 1975 1891 1784 1986 1923 1852 1634 1974 1957 1817 2010 1858 1976 2100 2105 2007 2013 1877 1857 2116 
2000 1919 2003 1868 1619 1924 2233 1951 2287 1823 2030 1980 2015 2006 1708 2121 2004 1831 1961 1899 2001 1781 1942 1780 1961 1962 2135 1994 2027 1900 1801 2270 
1987 1795 1959 1841 1803 1874 2076 2020 2046 1899 1798 1759 1778 1758 1653 1830 2000 1963 1903 1877 2074 1676 1950 1688 1833 2138 2077 1945 1826 1794 1785 2122 
1958 1821 1826 1823 1761 2018 2306 1920 1921 1754 1721 1660 1888 1754 1567 1978 1924 1675 1832 1808 1808 1778 1918 1867 1895 2086 2035 2029 1817 1885 1856 1960 
1874 1760 2139 1870 1789 1991 2077 1950 2259 1964 1735 1625 1978 2039 1801 1794 1982 1841 1793 1852 1934 1774 1977 1730 1779 1941 1893 1941 1791 1984 1723 2090 
2119 1937 2126 1866 1804 1924 2188 2023 2112 1926 1906 1777 1889 1928 1754 1899 1945 1935 1766 1940 2034 1786 1954 1775 1934 2168 2075 1978 1903 1989 1667 2074 
1956 1736 1843 1761 1665 1890 2075 1874 2041 2035 1730 1672 1807 1966 1652 1876 1795 1879 1767 1993 1975 1645 1781 1678 1934 1816 1981 1802 1927 1808 1681 2131 
2206 2061 2140 1911 2033 1977 2372 2187 2422 2060 1870 2051 2306 2034 1747 2093 2038 2047 2184 2144 2125 2062 2360 1967 2079 2147 2084 2037 2171 2031 1911 2296 
2222 2236 2410 2077 2004 2361 2651 2266 2464 2271 1966 2256 2274 2124 1973 2245 2262 2244 2212 2297 2358 2289 2226 2232 2096 2570 2335 2115 2230 2405 2266 2450 
1971 1915 1944 1730 1504 1954 2074 1867 2227 1897 1951 1722 1884 1900 1699 1930 1874 1818 1850 1884 1903 1833 1845 1817 1798 2009 1946 1737 1974 2017 1823 2036 
2020 1767 1799 1727 1590 1924 2231 1896 2104 1779 1814 1744 1938 1803 1593 1962 1823 1826 2008 1842 1961 1710 1959 1672 1794 1875 1897 1995 1851 1932 1824 2168 
2112 1945 2088 2013 1771 2061 2243 2181 2227 2109 1931 1960 2070 2014 1740 2047 2283 1930 1981 2091 2104 1945 2068 1930 1966 2225 2277 2039 1961 1934 1967 2102 
1903 1778 1866 1801 1746 1921 2153 1968 2231 2112 1859 1812 2038 1978 1717 2025 2049 1910 1807 1874 1908 1833 2010 1717 1924 2189 2001 1928 1861 1968 1771 1992 
2066 1992 2078 2039 2020 1989 2551 2243 2401 2201 1966 2016 2106 2009 1917 2164 2274 2034 2100 2211 2109 2200 2310 2015 1867 2279 2194 2351 2140 1991 1909 2306 
1935 1809 1807 1833 1765 1892 2285 1872 2143 2066 1785 1761 1809 2002 1733 1881 1952 1729 1822 1900 1927 1800 1855 1909 1753 2189 1966 1893 1952 1884 1886 1974 
2090 2015 2146 1794 1889 1982 2347 2050 2164 2013 1820 1871 2015 1886 1807 2061 2002 1993 1775 2037 2059 1833 1981 2052 1873 2158 2229 1941 1797 1921 1809 2163 
2146 1913 2063 1964 1810 2137 2180 2183 2106 2059 2009 2008 2043 1994 1673 2171 2202 1928 1902 2040 1965 2009 2093 1801 1996 2231 2107 1893 2170 2117 1947 2099 
1894 1820 1863 1784 1755 1964 2296 2199 2061 1938 1883 1899 2011 2058 1749 2076 2043 1918 1958 1968 1925 1936 1964 2006 1990 2193 1982 1883 2009 1991 1950 2144 
2101 1779 1776 1744 1692 1793 2137 1938 2094 1795 1669 1657 1836 1845 1700 1981 1865 1756 1660 1872 1812 1931 1891 1832 1801 1882 2033 1878 1841 1728 1615 1962 
1989 1873 2121 1839 1692 2077 2312 2170 2170 1988 2102 1956 2006 2075 1829 2123 2231 1954 1933 1854 1993 1922 1901 1982 2057 2188 2103 2053 1892 2019 1871 2108 
1939 1799 1888 1770 1620 1903 2194 1814 2277 1796 1692 1916 2018 1887 1464 1969 1963 1802 1864 2031 1956 1645 1845 1835 1863 1995 2090 1854 2005 1845 1778 2124 
