637 725 630 642 603 779 799 605 853 757 700 684 585 746 511 709 664 664 826 756 669 674 768 707 590 682 721 740 642 650 665 807 
625 579 610 523 539 651 604 620 645 691 642 653 532 605 517 598 613 601 647 705 652 588 636 619 558 589 623 563 566 628 550 748 
664 714 775 579 589 755 764 600 892 824 690 732 586 762 647 781 716 737 677 753 740 665 749 747 720 745 773 723 725 694 671 845 
595 635 617 519 548 722 673 626 726 628 664 608 493 674 557 703 547 633 691 738 706 586 566 630 637 612 610 567 571 644 602 760 
630 736 608 634 557 785 730 629 806 740 729 720 571 721 625 738 627 748 761 780 705 671 681 676 690 693 698 706 655 693 640 818 
463 528 497 385 384 622 608 564 679 596 539 496 418 574 478 577 470 602 548 541 488 494 561 482 520 529 493 631 502 561 546 557 
465 574 529 503 421 613 739 637 656 651 691 622 548 674 561 726 507 717 704 655 710 609 612 738 592 613 575 580 681 626 701 686 
620 730 695 520 545 720 774 600 831 838 701 715 586 729 599 673 662 767 675 740 712 590 587 691 693 691 710 699 636 717 624 765 
660 795 786 569 593 821 799 758 847 816 753 757 578 741 673 807 712 863 769 840 842 661 713 763 710 686 833 742 720 768 724 918 
544 524 628 401 478 606 772 495 723 641 533 563 475 638 426 609 471 576 632 643 624 467 543 626 566 624 633 617 486 544 620 613 
576 554 597 457 377 663 625 518 648 627 683 621 489 663 505 652 511 684 594 624 591 538 591 590 636 620 587 598 564 599 601 647 
541 584 629 438 433 713 710 485 744 565 599 623 493 617 610 626 517 644 592 608 621 523 591 679 568 621 667 673 611 525 570 692 
561 567 591 547 445 703 671 533 700 606 671 675 531 629 489 703 578 655 709 684 675 580 568 613 593 584 615 649 628 605 594 719 
613 580 601 479 518 755 759 585 793 627 627 623 457 642 539 700 562 681 782 676 745 512 636 662 579 652 697 670 574 587 633 773 
630 476 534 489 489 644 674 566 714 552 569 616 497 530 531 641 544 582 595 610 588 555 643 658 576 577 640 673 645 548 577 694 
463 460 577 384 445 581 481 532 712 642 480 455 499 617 420 444 558 499 525 612 598 480 522 558 474 516 491 629 570 472 464 633 
576 552 623 500 455 661 682 573 745 655 610 642 500 719 523 618 531 661 604 681 594 546 563 635 531 637 667 657 575 578 563 720 
629 576 564 586 490 676 711 602 830 776 695 684 560 757 528 677 585 747 712 795 745 597 555 660 668 653 681 643 646 685 610 818 
668 682 708 521 604 695 838 679 849 755 628 738 672 700 497 627 626 621 808 685 727 592 764 761 585 673 646 671 645 637 673 771 
665 813 806 607 604 891 876 702 858 853 775 831 655 829 664 812 652 861 876 860 845 759 782 768 683 779 789 784 693 776 748 888 
465 636 584 508 478 676 619 492 692 708 652 617 488 706 520 602 474 595 654 655 601 624 565 606 497 601 590 568 588 637 538 685 
673 571 586 563 465 704 738 578 808 643 665 688 556 584 540 680 598 737 733 660 690 617 719 659 610 596 673 736 708 575 725 825 
630 671 704 595 553 751 812 676 854 837 704 684 622 770 614 743 724 753 759 792 753 659 725 802 635 717 847 716 671 704 622 783 
555 547 564 486 422 655 662 500 755 692 662 668 448 651 569 672 585 601 639 588 643 609 668 642 577 709 595 663 665 615 647 633 
603 578 683 594 582 791 816 639 865 761 737 696 589 725 591 718 662 667 815 811 781 723 707 792 595 712 743 849 669 643 709 790 
482 460 560 463 483 581 619 534 716 704 520 560 438 672 428 520 511 482 611 646 682 515 553 625 455 699 596 626 604 467 578 605 
738 675 784 553 570 831 864 643 872 754 703 747 633 717 676 752 655 845 724 802 786 634 680 764 723 746 854 768 659 659 662 851 
624 587 637 517 469 659 570 653 670 707 695 688 552 577 468 634 681 665 604 683 596 599 689 553 581 554 537 611 666 623 552 691 
554 539 535 464 554 640 721 691 690 671 621 623 531 653 575 629 602 686 657 676 696 555 609 707 578 638 560 654 662 641 640 716 
598 556 561 479 440 608 565 523 745 613 582 530 491 609 487 575 520 566 550 553 511 529 601 614 560 503 653 586 533 527 493 675 
563 594 704 428 479 712 724 521 705 708 710 669 568 667 588 672 742 729 612 653 650 542 586 733 647 666 635 711 686 657 558 651 
697 674 729 642 571 767 887 627 981 824 707 865 665 746 554 736 699 730 741 862 792 644 726 807 653 706 802 838 850 721 722 902 
