3985 3968 3566 3570 3745 4012 4232 3927 3985 3747 3858 3794 3780 4007 3533 3874 3787 3457 3879 3902 3848 3910 3698 3665 3732 3984 3868 3812 3546 4052 3665 3915 
3889 3603 3416 3589 3734 3728 4115 3863 3756 3879 3591 3631 4001 3783 3622 3480 3570 3387 3693 3842 4156 3668 3673 3472 3882 3968 3882 3451 3561 3956 3361 3987 
4341 3859 3748 3812 3915 4038 4329 3843 3737 4049 3924 3892 4176 4217 3902 3788 4098 3653 3641 3972 4195 4037 3809 3817 4071 4055 3959 4022 3762 4214 3801 4033 
4030 3700 3363 3588 3685 3861 4034 3956 3862 3923 3716 3815 4071 4194 3782 3933 3725 3430 3744 3956 3971 3932 3643 3650 3836 4001 3914 3875 3506 4065 3463 4180 
3838 3619 3286 3394 3367 3876 3999 3723 3537 3647 3636 3660 3656 3909 3570 3651 3644 3438 3607 3606 3824 3807 3498 3490 3671 3889 3741 3712 3480 4125 3157 3821 
3879 3822 3482 3544 3556 3702 4027 3978 3767 3715 3540 3687 3804 3851 3592 3612 3689 3530 3537 3829 3687 3771 3530 3481 3777 3821 3819 3845 3409 4061 3640 3932 
4040 3935 3532 3948 3980 4281 4501 4239 4070 4070 4195 3945 4079 4451 3876 3923 3964 3581 3964 3887 4024 4197 3651 3916 4116 4111 3992 3949 3914 4223 3977 4119 
4020 4055 3746 3645 3794 4063 4302 4164 3980 4107 4038 4224 3924 4132 3952 3973 3945 3744 3833 4013 4265 3959 3766 3962 4068 4215 4192 4030 3540 4399 3604 3943 
4129 4025 3743 3861 3835 4209 4323 4254 4121 3865 4173 4113 3813 4060 4027 3934 3930 3715 3712 4014 4289 3966 3612 4066 4088 4275 4152 4010 3799 4340 3787 4081 
4375 3987 3929 3859 3891 4355 4575 4249 4314 4316 4119 4129 4276 4431 4087 4071 4024 3752 4227 4137 4118 4051 3906 3974 4199 4312 4318 4316 3920 4606 4040 4241 
4307 3874 3673 3853 3890 4101 4374 4177 4041 4225 4091 4288 4470 4227 4004 4140 3995 3823 3940 4330 4223 4117 4083 4120 4298 4292 4263 4137 3805 4370 3983 4161 
3762 3717 3470 3427 3388 3763 3951 3515 3620 3620 3475 3679 3819 3768 3517 3466 3429 3311 3190 3601 3670 3504 3397 3540 3746 3927 3754 3642 3566 3722 3550 3682 
4117 3937 3679 3984 3662 4072 4240 4153 4033 3708 4202 4114 4097 4328 3867 3992 3914 3484 3902 3946 4172 3915 3656 3707 4002 3947 4172 4107 3835 4149 3825 4319 
4276 3763 3578 3688 3809 4022 4024 4074 3956 3817 3770 3799 3740 3887 3796 3638 4077 3597 3697 3830 4233 3931 3680 3690 4002 4269 4051 4039 3645 4020 3584 4080 
4161 3906 3379 3699 3625 4176 4333 3953 3849 3801 3797 3957 3926 3997 3570 3852 3895 3351 3715 3749 3925 3920 3737 3760 4065 4060 4104 4053 3676 4189 3697 3905 
4105 3646 3752 4020 3841 4170 4242 4128 4077 3924 3958 3847 4168 4397 4017 3634 3836 3531 3730 3932 4204 3776 3710 3731 3906 4018 3973 4095 3599 4446 3680 4342 
4567 3845 3585 3938 3932 4215 4342 4179 3913 3930 4064 4006 4085 4356 3825 3702 3797 3623 3684 3877 4119 3993 3790 3634 4264 4153 4173 4170 3746 4270 3496 4254 
3877 3560 3369 3719 3577 3905 4096 3950 3785 4119 3811 3768 3982 4131 3752 3641 3541 3477 3645 3962 4037 3781 3473 3569 3992 3765 4017 3755 3668 3872 3613 4023 
4557 4263 3905 4050 4182 4324 4760 4551 4511 4174 4042 4427 4667 4473 3928 4037 4122 3936 4227 4225 4432 4465 4326 4295 4532 4409 4210 4230 4159 4571 4047 4615 
4369 4027 3903 4059 4016 4440 4525 4274 4169 4192 3985 4311 4359 4226 3980 4017 4155 3884 4081 4274 4377 4309 4093 4051 4236 4432 4382 4113 4057 4647 3908 4359 
4082 3755 3440 3524 3342 4069 4052 3831 3994 3687 3915 3809 3885 4085 3744 3693 3773 3620 3747 3910 3933 3938 3481 3750 3921 3998 3878 3810 3667 4405 3583 3956 
4256 3694 3423 3677 3510 4078 4298 3936 3886 3783 4047 3677 4077 3960 3671 3802 3797 3706 3963 3749 4141 3770 3766 3747 4024 4060 3944 4135 3838 4081 3845 4307 
4271 3788 3527 3942 3808 4318 4210 4137 4065 4039 4028 4084 4199 4454 3954 3956 4118 3595 3968 4036 4294 4029 3776 3781 4212 4228 4508 4226 3770 4309 3810 4097 
4035 3672 3388 3776 3683 4012 4091 4078 4088 3989 3888 3780 4152 4241 3670 3908 3885 3650 3616 3757 3893 3747 3732 3578 4122 4293 3878 3930 3619 4306 3602 3959 
4102 3842 3599 3852 3866 4046 4483 4256 4081 4057 3801 4043 4095 3977 3999 3871 3939 3657 3893 4102 4123 4224 4014 3881 3806 4172 4169 4320 3759 3951 3703 4168 
4059 3766 3387 3860 3791 4065 4299 4033 3985 4178 3992 3783 4066 4070 3804 3917 3960 3568 3827 4110 4066 4053 3814 3991 3981 4216 4041 4035 3750 4045 3733 4081 
4286 3881 3677 3563 3770 4131 4397 4077 3992 3925 3830 4087 4084 4045 3819 3893 3860 3792 3601 3974 4174 4000 3761 3891 4062 4231 4164 4029 3651 4307 3565 4067 
4289 3716 3569 3868 3695 4099 4062 4150 3821 4002 4057 3967 4093 4019 3596 3875 3978 3714 3775 4001 3888 4048 3796 3720 4001 4070 4065 3836 4022 4251 3774 4030 
3845 3481 3407 3473 3446 3832 4200 4019 3819 3438 3708 3833 3903 4015 3651 3579 3675 3309 3499 3590 3873 3859 3399 3648 3821 3836 3722 3752 3527 3828 3622 3976 
4294 3806 3346 3629 3764 4120 4033 4098 3899 3693 3868 3797 4016 4061 3919 3969 3884 3515 3593 3974 3850 4061 3709 3913 4060 3941 4023 3932 3577 4109 3452 3887 
4126 3847 3723 3819 3654 4054 4463 4182 4014 3920 4070 4149 3994 4343 3715 3883 4011 3599 3881 3902 4070 4092 3572 3884 4194 4286 4173 4019 3746 4377 3789 4218 
3796 3420 3417 3600 3390 3888 4028 3618 3950 3576 3466 3935 3859 3859 3405 3614 3607 3273 3666 3829 3945 3482 3481 3681 3836 3887 3800 3673 3672 3769 3528 3768 
