3389 3314 3050 3086 3064 3315 3758 3357 3398 3169 3241 3145 3138 3318 2918 3252 3233 3025 3167 3226 3230 3348 3078 3123 2931 3307 3147 3205 3051 3384 3009 3235 
3240 2890 2894 3025 3029 2988 3544 3194 3145 3198 2927 2873 3319 3054 2874 2867 2992 2817 2938 3076 3417 3029 3012 2903 3072 3262 3086 2880 2989 3240 2717 3200 
3676 3283 3214 3352 3265 3400 3778 3318 3234 3559 3325 3313 3569 3576 3274 3246 3527 3224 3011 3406 3562 3422 3224 3255 3339 3417 3280 3424 3258 3670 3133 3384 
3336 3033 2795 3039 2980 3159 3398 3266 3192 3237 3060 3156 3398 3442 3102 3216 3010 2935 2931 3301 3290 3253 2900 3003 3019 3307 3242 3177 2906 3406 2796 3397 
3331 3062 2866 3064 2854 3261 3539 3241 3174 3316 3190 3194 3288 3306 3057 3198 3182 3089 3107 3167 3333 3245 3102 3088 3149 3380 3202 3256 3043 3586 2656 3280 
3293 3111 2970 3067 2950 3162 3543 3436 3313 3139 3040 3062 3222 3168 3064 3068 3225 3170 2923 3237 3118 3202 3003 2975 3028 3089 3210 3286 2938 3431 2985 3253 
3287 3169 2878 3292 3195 3448 3900 3540 3486 3491 3521 3318 3520 3625 3234 3285 3342 3129 3258 3365 3453 3478 3038 3253 3294 3391 3225 3269 3303 3487 3272 3301 
3454 3414 3255 3171 3206 3408 3788 3576 3373 3542 3481 3491 3434 3466 3317 3424 3433 3279 3146 3426 3604 3397 3152 3440 3306 3603 3532 3535 2992 3753 3026 3264 
3533 3345 3230 3290 3143 3427 3765 3642 3605 3354 3545 3444 3381 3343 3509 3264 3452 3244 2978 3381 3652 3399 3089 3465 3366 3567 3440 3445 3256 3692 3140 3429 
3611 3250 3186 3141 3109 3431 3810 3365 3580 3587 3290 3332 3590 3509 3335 3343 3277 3147 3317 3473 3449 3249 3179 3160 3242 3602 3439 3585 3149 3769 3316 3297 
3614 3233 3095 3247 3107 3296 3745 3522 3318 3584 3419 3554 3721 3485 3279 3415 3323 3335 3135 3631 3513 3515 3339 3431 3390 3568 3419 3497 3219 3810 3174 3470 
3197 3142 2980 3011 2867 3222 3464 3096 3176 3189 2967 3106 3350 3200 3034 3062 3047 3002 2694 3137 3202 3053 2933 3064 3115 3349 3191 3197 3102 3208 2939 3162 
3470 3240 3215 3458 2938 3416 3705 3501 3476 3156 3600 3481 3496 3632 3213 3401 3393 3105 3216 3362 3624 3327 3053 3085 3220 3295 3507 3531 3390 3519 3154 3634 
3708 3233 3129 3252 3213 3408 3561 3521 3455 3328 3276 3237 3253 3279 3208 3100 3468 3145 3071 3385 3617 3352 3111 3113 3368 3613 3443 3534 3180 3416 3051 3422 
3481 3206 2860 3213 3017 3522 3763 3285 3263 3210 3234 3291 3341 3337 2919 3256 3349 2898 3019 3128 3328 3317 3049 3098 3324 3393 3454 3465 3102 3575 3021 3182 
3393 2943 3155 3352 3077 3348 3557 3430 3401 3238 3209 3087 3442 3508 3296 2954 3221 3054 2893 3188 3550 3110 3001 3070 3001 3250 3149 3337 2992 3587 2935 3419 
3732 3138 3002 3239 3106 3301 3669 3395 3220 3295 3272 3239 3311 3442 3030 3097 3147 3082 2853 3196 3517 3242 3107 2995 3307 3479 3316 3397 3083 3519 2747 3325 
3396 2931 2846 3180 2939 3286 3598 3310 3196 3522 3194 3201 3328 3484 3114 3082 3062 3121 2986 3393 3472 3302 2861 3020 3236 3196 3410 3154 3195 3304 2991 3428 
3799 3491 3239 3404 3434 3511 4046 3854 3851 3536 3322 3693 3963 3705 3238 3439 3482 3484 3522 3633 3883 3719 3692 3549 3580 3631 3448 3537 3550 3868 3281 3807 
3725 3475 3380 3544 3353 3721 4051 3723 3584 3650 3388 3704 3762 3599 3374 3472 3562 3429 3387 3706 3846 3748 3455 3536 3470 3926 3667 3597 3507 4041 3314 3656 
3507 3259 2917 3155 2759 3447 3518 3307 3480 3244 3366 3311 3395 3431 3207 3137 3213 3173 3095 3360 3419 3366 2964 3236 3237 3426 3255 3231 3179 3812 3056 3338 
3395 2894 2663 2911 2686 3095 3523 3113 3179 3063 3196 2970 3312 3098 2852 3093 3110 3015 3138 2999 3381 2994 3031 2921 3011 3187 2975 3329 3109 3355 2949 3436 
3534 3122 2951 3215 3010 3380 3503 3351 3300 3258 3220 3310 3406 3546 3072 3198 3428 3031 3049 3271 3489 3321 2935 3060 3236 3409 3530 3436 3149 3434 2999 3194 
3359 3048 2850 3131 2991 3279 3525 3411 3433 3315 3267 3151 3505 3466 3059 3301 3282 3170 2908 3202 3357 3141 3078 2980 3271 3610 3138 3295 3057 3649 2950 3205 
3451 3147 2982 3249 3152 3331 3885 3583 3451 3435 3198 3338 3402 3287 3307 3275 3406 3166 3221 3422 3493 3630 3404 3179 3004 3456 3395 3706 3174 3367 3036 3429 
3370 3170 2841 3215 3107 3301 3661 3290 3389 3529 3257 3160 3370 3306 3084 3253 3288 3022 3041 3438 3407 3412 3155 3337 3163 3604 3236 3358 3185 3384 3071 3227 
3633 3306 3144 3075 3203 3445 3780 3574 3350 3342 3249 3411 3517 3407 3193 3355 3221 3311 2893 3413 3566 3328 3137 3403 3215 3585 3503 3403 3054 3647 2937 3355 
3632 3106 3042 3372 3080 3446 3554 3551 3260 3428 3508 3327 3553 3417 2989 3383 3474 3170 3157 3405 3297 3531 3161 3079 3281 3459 3405 3344 3477 3744 3225 3381 
3156 2948 2947 3043 2804 3157 3674 3481 3273 3013 3122 3222 3298 3362 3015 3180 3082 2910 2919 3145 3405 3242 2897 3160 3047 3331 3113 3190 3047 3288 3052 3352 
3596 3166 2876 3119 3065 3384 3438 3395 3297 3103 3196 3099 3415 3381 3172 3326 3268 3066 2769 3352 3227 3450 3016 3261 3242 3303 3306 3250 3079 3384 2816 3190 
3465 3133 3097 3206 2980 3347 3783 3530 3372 3264 3348 3454 3349 3541 3072 3226 3429 3099 3158 3215 3399 3370 2901 3249 3300 3555 3377 3368 3150 3610 3091 3427 
3095 2740 2776 2959 2673 3105 3377 2936 3244 2886 2786 3165 3219 3063 2679 2908 2974 2812 2857 3172 3216 2891 2784 2988 2965 3131 3022 2987 3011 3096 2786 3022 
