703 818 1033 753 764 735 770 824 764 679 789 665 621 859 687 739 792 784 629 776 636 744 731 631 728 609 797 856 756 658 731 656 
678 651 917 720 649 702 703 777 569 708 656 566 566 745 592 729 821 656 618 708 535 571 654 682 725 563 723 751 592 576 628 617 
607 635 863 694 769 675 776 629 689 724 761 564 562 722 641 580 762 683 596 789 536 647 677 501 694 556 743 763 653 580 725 589 
672 663 831 719 737 643 693 782 557 585 640 463 584 717 604 654 773 708 618 655 515 697 606 576 765 576 786 779 582 600 746 659 
585 638 782 563 578 602 645 622 540 696 593 492 512 723 590 614 665 473 564 647 562 467 651 572 629 499 587 608 559 476 628 520 
613 558 805 640 697 579 589 569 563 595 599 484 525 743 482 646 718 782 644 627 477 655 603 521 723 526 677 675 463 614 637 482 
523 510 615 551 509 579 504 496 559 504 618 456 410 669 499 537 522 597 543 530 448 482 510 512 481 456 513 517 535 403 565 454 
796 771 1053 772 824 870 747 780 784 795 856 744 634 946 672 804 955 899 733 790 610 834 714 628 817 727 788 766 699 672 656 775 
654 615 759 540 562 556 607 657 517 454 617 501 540 656 534 671 700 656 534 536 480 593 608 439 594 456 646 667 538 496 569 494 
743 837 996 806 806 772 804 822 774 840 896 645 586 832 709 736 912 800 654 759 684 762 748 644 805 712 908 884 784 639 765 731 
719 805 1019 837 811 798 832 826 789 838 902 710 638 1013 693 806 849 850 734 744 696 791 804 693 839 678 843 850 733 694 787 752 
571 538 693 577 640 546 655 605 504 601 674 480 477 650 583 583 624 636 566 528 476 566 601 496 581 492 617 639 556 537 546 588 
641 697 777 588 612 619 679 658 563 668 745 637 608 723 581 727 731 568 673 616 576 562 632 567 712 664 723 719 620 528 550 626 
606 640 762 602 648 621 645 607 573 560 652 542 521 776 556 612 665 670 656 656 492 616 666 495 629 548 650 599 573 546 657 518 
807 818 966 752 757 761 773 743 853 706 835 688 680 898 713 739 813 831 799 803 645 802 743 610 783 718 808 863 735 683 802 584 
625 648 810 757 681 665 651 608 712 676 778 514 566 716 647 653 646 710 706 725 566 645 609 586 684 648 718 721 660 590 683 491 
801 716 921 652 692 791 704 785 679 656 759 658 588 866 651 751 874 766 718 685 595 785 717 613 754 730 770 785 643 587 669 626 
688 660 886 663 706 719 734 644 737 749 818 635 594 844 616 634 736 684 740 783 534 670 638 545 749 688 709 774 625 526 700 591 
641 556 724 592 701 560 566 523 601 607 670 428 416 735 516 487 662 739 591 608 464 639 549 468 632 510 666 626 450 500 614 484 
591 625 763 605 549 567 658 545 549 582 628 519 524 693 609 638 675 661 559 641 476 597 592 448 598 475 670 655 549 565 587 393 
609 634 737 562 667 498 552 569 529 630 631 469 457 646 543 511 586 637 572 568 558 525 558 478 553 474 653 599 501 512 622 523 
391 428 543 430 461 419 448 426 449 417 448 316 407 470 382 434 439 389 428 465 338 355 459 355 496 346 405 429 406 402 478 414 
819 749 987 795 801 833 745 768 804 731 906 628 660 802 617 784 855 833 787 813 571 804 714 657 838 782 856 923 713 642 793 689 
645 766 794 746 695 670 693 644 680 727 850 613 587 738 602 638 682 599 716 766 566 697 640 545 787 719 775 746 641 571 618 609 
753 715 886 764 757 793 682 754 718 738 851 651 712 754 619 758 884 720 777 778 615 738 639 613 861 772 827 839 697 612 650 714 
725 676 864 752 732 672 760 738 609 669 813 598 664 693 669 764 775 681 732 716 624 594 716 630 713 658 775 790 672 613 760 673 
725 744 982 855 826 760 789 843 759 779 896 618 648 839 644 791 800 769 713 710 643 721 828 642 814 631 860 864 675 630 711 669 
831 801 1138 850 898 812 889 820 781 892 923 702 708 920 724 844 956 862 793 866 572 870 706 601 926 788 889 888 665 799 793 854 
686 735 921 748 823 720 668 669 598 696 740 533 634 781 629 762 767 755 722 806 508 716 646 571 809 650 803 721 586 550 754 647 
618 623 916 636 650 650 699 619 718 701 738 595 450 777 613 565 724 699 485 657 586 649 618 520 593 530 616 718 622 566 645 546 
725 718 882 739 763 757 683 685 674 692 838 579 675 846 557 695 813 672 756 819 577 699 670 540 894 703 780 704 605 589 664 664 
662 695 888 662 703 707 688 735 612 654 719 633 625 748 632 776 868 765 615 667 600 676 692 592 746 611 808 828 698 558 596 590 
