3917 4091 4117 3931 4149 4331 3690 3985 4159 3903 3947 4082 3569 4258 3798 3717 4070 3577 3832 4427 3593 3550 4024 3818 3953 3782 3869 4031 4038 3903 3777 3855 
3757 3477 3936 3594 3767 3760 3386 3701 3663 3639 3525 3659 3670 3912 3662 3489 3499 3377 3377 3678 3497 2988 3750 3846 3636 3502 3281 3694 3528 3477 3428 3848 
3733 3742 3884 3783 4045 3953 3637 3869 3852 3837 3823 3851 3668 4074 3712 3642 3719 3644 3658 4035 3574 3432 3900 3619 3854 3810 3727 3883 3882 3782 3591 3704 
3968 3638 3906 3446 3785 4004 3700 4107 3746 3532 3639 3675 3548 4022 3874 3692 3742 3677 3419 3921 3336 3771 3561 3793 3665 3580 3786 3730 3439 3682 3612 3860 
3896 3969 4122 3814 3946 4302 3850 4004 3821 4073 3801 4117 3649 4232 3913 4077 3942 3722 3918 4212 3752 3550 4029 3991 4004 4033 3825 4226 3762 3953 3747 3904 
4058 3785 3993 3729 4004 4174 3836 3912 3769 3651 3833 3982 3650 4336 3709 3805 3884 3885 3585 4047 3595 3735 3946 3577 3903 3690 3861 3990 3523 3886 3842 3696 
4176 4065 4061 3888 4049 4156 3908 3880 3872 3856 3747 4211 3714 4284 3984 3855 3653 3456 3624 3976 3839 3538 4000 3879 3895 3847 3740 4024 3669 3750 3732 4133 
3989 3810 4152 3791 4101 4231 3863 3922 3895 3785 3966 3951 3451 4286 3675 3903 3878 3788 3682 4103 3480 3633 3867 3672 3847 3781 3675 3903 3574 3776 3761 3914 
3892 3773 3761 3587 3783 3790 3729 3919 3617 3570 3676 3724 3511 3897 3650 3817 3839 3477 3263 3748 3473 3432 3718 3323 3879 3490 3322 3780 3446 3496 3538 3723 
4344 4241 4317 4193 4385 4386 4119 4431 4152 4337 4048 4287 3811 4564 3932 4150 4201 3790 3983 4370 3846 3659 4244 3984 4415 4087 3982 4544 4105 4111 4146 4189 
4077 3855 4096 3919 4013 4351 4069 4020 4062 3962 3782 4029 3715 4536 3758 3841 4018 3497 3780 4077 3619 3749 4121 3706 3897 3918 3873 4258 3752 3780 3723 3941 
4073 3876 4179 3875 4132 4119 4088 4097 4071 3986 3909 3954 3779 4222 3989 3998 4120 3713 3630 3987 3741 3930 3955 3924 4087 3979 3858 4202 3647 3978 3871 4200 
3954 4196 4171 3641 3835 4053 3734 4272 3987 3719 3775 4234 3848 4379 3836 4080 4077 3780 3922 3979 3687 3686 4159 3680 3883 4067 3831 4278 3749 3903 3804 4245 
3960 3872 4104 3896 4181 4221 3865 4038 3949 3705 3847 4124 3634 4501 4030 3766 3912 3650 3773 4204 3676 3823 4025 3752 3934 3961 3878 4169 3832 3732 3612 4011 
4307 3911 4187 3844 4206 4062 3720 4077 4067 3953 3801 4071 3862 4192 3634 3786 3750 3830 3844 4195 3753 3724 3881 3682 4050 3841 3792 4412 3740 3912 3659 4101 
4177 3978 4357 4078 4312 4242 4015 4145 4021 4078 4076 4019 3830 4474 4236 3888 4042 3911 3983 4231 3676 3589 4154 3960 4130 4086 4099 4388 4170 4043 4000 3981 
4154 3974 3860 3625 4015 4197 3965 3998 3844 3702 3935 3963 3616 4448 3758 3583 3812 3771 3812 4016 3623 3519 3874 3806 4035 3862 3729 3914 3728 3572 3852 3832 
4175 3983 4033 3721 4073 4336 3589 3994 3817 3905 3840 4330 3831 4214 3719 3711 3779 3761 3898 4050 3646 3542 4051 3430 3845 4055 3741 4033 3678 3766 3934 3903 
4180 3955 4170 4012 4362 4174 3745 4026 3954 3834 3959 4179 3678 4384 4009 3755 3975 3916 3886 4230 3794 3785 4027 3845 4112 4024 3853 4246 3872 3855 4053 4133 
4392 4112 4149 4167 4071 4515 4074 4276 4137 4095 3943 4198 4204 4505 4114 4169 4313 4030 3864 4404 3699 3739 4211 3956 4154 3948 3943 4340 4082 3945 4092 4109 
3861 3850 3864 3711 3873 3893 3786 4022 3546 3797 3664 4043 3635 4022 3636 3855 3909 3455 3710 3842 3681 3585 3814 3487 3771 3675 3771 3886 3523 3918 3828 3833 
3777 3777 4006 3646 3961 3921 3470 3800 3589 3631 3550 3498 3727 4031 3650 3580 3503 3276 3516 3997 3491 3279 3859 3610 3849 3670 3299 3810 3629 3602 3448 3895 
4271 4191 4500 4103 4312 4402 4139 4417 4344 4028 4233 4522 4163 4339 4115 4157 4172 4019 4031 4482 3870 3908 4267 4005 4226 4140 3992 4588 3953 4242 4059 4331 
4407 4427 4369 4346 4533 4487 4191 4482 4159 4201 4350 4324 4316 4492 4317 4155 4064 3855 4267 4651 4071 4010 4344 4043 4433 4294 4083 4400 4216 4234 3761 4355 
4098 4193 4031 4180 3975 4372 4035 4026 4055 3957 3932 3987 3899 4046 3760 3871 4157 3797 3985 4339 3693 3797 3857 3696 4185 4011 3996 4409 3675 3922 3685 3909 
4120 3754 4114 3844 4129 3990 4006 4097 3823 3848 3823 3827 3928 4047 3858 3953 4125 3637 3686 4187 3693 3573 3763 3625 3802 3723 3972 4186 3967 3992 3824 3925 
3944 3719 3953 3963 3978 4015 3556 4083 3633 3650 3863 3934 3671 4403 3746 3860 3654 3661 3749 3986 3509 3506 3970 3428 4040 3739 3703 4275 3752 3719 3655 3695 
4367 3922 4525 4257 4181 4401 4009 4323 3886 4113 4326 4237 3987 4500 3899 4118 4055 3819 3885 4234 3826 3888 4173 3779 4374 4184 3689 4334 3868 4272 3730 4179 
3923 4000 4041 3688 3889 4081 3703 3995 3566 3824 3610 3895 3987 4066 3702 3863 3813 3809 3802 4030 3525 3593 3777 3752 3908 3627 3702 3977 3608 3719 3750 3910 
4235 4254 4233 3962 4229 4362 4292 4368 4032 4091 3978 4313 3808 4825 4051 4093 4078 3820 4013 4276 3915 3667 4345 3875 4106 4186 3795 4476 4192 4052 4189 4066 
4337 4081 4320 4031 4237 4434 3656 4335 3895 4085 4080 4073 3878 4446 3939 4030 3941 3797 3880 4434 3679 3854 4155 3824 4202 4108 3854 4241 3751 4032 3697 4234 
4304 4126 4547 4031 4290 4430 3848 4340 4295 4147 4021 4406 4097 4427 4122 4029 4252 3889 3909 4246 3866 3883 4089 3838 4337 4222 4002 4600 3942 4018 3668 4193 
