4664 4854 4870 4817 5013 5115 4419 4620 4900 4477 4621 4962 4191 4874 4677 4424 4788 4248 4564 5058 4388 4348 4743 4538 4689 4441 4591 4926 4885 4670 4592 4495 
4291 3974 4550 4323 4301 4369 3919 4189 4258 4177 3992 4366 4228 4429 4289 4108 4044 3883 3967 4102 4097 3615 4328 4413 4162 3987 3848 4353 4238 4115 4029 4373 
4418 4443 4580 4535 4753 4583 4245 4427 4554 4408 4485 4581 4272 4574 4412 4277 4361 4213 4326 4577 4290 4139 4506 4297 4554 4315 4360 4628 4601 4470 4244 4215 
4556 4352 4533 4230 4443 4659 4328 4697 4337 4014 4220 4383 4091 4573 4597 4204 4467 4215 4025 4455 3985 4387 4300 4472 4311 4035 4377 4460 4086 4359 4152 4459 
4559 4631 4781 4593 4671 5005 4497 4633 4546 4650 4360 4859 4341 4808 4711 4781 4605 4364 4548 4753 4415 4185 4684 4662 4680 4652 4538 5061 4558 4568 4494 4489 
4659 4414 4544 4418 4610 4934 4546 4496 4405 4134 4413 4593 4219 4887 4452 4453 4567 4507 4171 4619 4232 4375 4618 4177 4517 4177 4513 4730 4189 4435 4421 4246 
4730 4640 4617 4481 4686 4746 4503 4438 4453 4390 4181 4814 4180 4727 4575 4351 4218 3966 4191 4441 4409 4070 4521 4525 4475 4313 4303 4596 4337 4344 4261 4626 
4605 4555 4667 4531 4791 4908 4495 4473 4626 4340 4472 4625 4013 4902 4469 4551 4519 4291 4291 4570 4140 4255 4463 4298 4489 4273 4337 4631 4274 4472 4519 4495 
4451 4450 4433 4231 4437 4444 4451 4496 4261 4099 4288 4431 4133 4510 4330 4369 4457 4039 3729 4319 4092 4089 4349 4038 4514 4093 3995 4556 4065 4110 4110 4268 
5154 5049 5184 5082 5248 5290 4924 5143 4973 5005 4843 5221 4631 5298 4938 4909 4958 4548 4751 5129 4602 4417 5141 4856 5159 4808 4842 5554 5038 4900 4899 4955 
4869 4482 4835 4668 4740 5077 4687 4701 4866 4514 4469 4848 4386 5108 4692 4562 4662 4105 4371 4747 4257 4477 4923 4436 4593 4611 4565 5189 4526 4391 4339 4605 
4688 4532 4907 4713 4881 4785 4769 4738 4835 4544 4527 4771 4487 4865 4793 4704 4801 4291 4215 4538 4444 4651 4638 4624 4679 4563 4609 5041 4393 4683 4619 4848 
4655 4924 4966 4386 4605 4726 4451 4897 4706 4317 4446 5040 4567 4941 4651 4720 4778 4434 4506 4609 4323 4331 4859 4410 4644 4721 4607 5155 4542 4565 4468 4846 
4478 4349 4671 4519 4764 4864 4566 4531 4529 4210 4355 4714 4148 5011 4668 4283 4508 4139 4273 4709 4261 4365 4558 4255 4405 4476 4467 4774 4480 4321 4213 4551 
4945 4521 4835 4557 4908 4698 4378 4701 4731 4485 4408 4775 4422 4659 4333 4383 4425 4376 4484 4782 4414 4462 4501 4364 4670 4344 4401 5127 4441 4610 4247 4686 
4859 4636 5080 4768 4950 4919 4619 4715 4729 4632 4651 4721 4430 4972 4973 4469 4716 4497 4637 4792 4374 4215 4887 4607 4796 4621 4721 5115 4912 4668 4566 4562 
4788 4578 4527 4318 4573 4823 4588 4622 4474 4280 4549 4590 4268 5001 4520 4250 4412 4347 4345 4508 4228 4163 4599 4394 4702 4329 4349 4682 4437 4117 4413 4358 
4817 4640 4747 4568 4873 5117 4424 4671 4572 4475 4458 5117 4457 4896 4509 4384 4555 4431 4547 4699 4431 4263 4733 4140 4480 4689 4507 4889 4432 4454 4691 4626 
4873 4671 4842 4817 5117 4972 4470 4658 4637 4446 4649 4960 4391 5052 4843 4446 4699 4629 4546 4794 4480 4438 4795 4527 4750 4564 4554 5082 4628 4555 4703 4750 
5029 4703 4823 4963 4810 5194 4779 4946 4833 4664 4563 4977 4800 5127 4821 4788 5066 4659 4498 5003 4406 4450 4988 4640 4744 4491 4518 5116 4683 4661 4700 4755 
4473 4446 4479 4458 4549 4582 4413 4673 4238 4344 4271 4799 4287 4659 4458 4537 4658 4023 4212 4324 4304 4234 4560 4075 4347 4231 4383 4671 4157 4535 4559 4441 
4367 4265 4557 4200 4531 4588 4076 4286 4194 4180 4027 4050 4228 4534 4226 4088 4038 3740 4014 4521 4047 3830 4450 4237 4348 4137 3915 4405 4193 4168 3909 4385 
4872 4857 5116 4882 4974 5048 4759 4999 5066 4578 4746 5239 4704 4977 4839 4762 4711 4526 4650 4974 4515 4521 4960 4737 4775 4639 4583 5284 4628 4940 4650 4937 
5069 5096 4975 5128 5280 5269 4869 5067 4846 4687 4965 4993 4919 5058 5087 4821 4774 4492 4925 5278 4807 4684 5047 4746 5077 4787 4759 5285 4953 4870 4406 4933 
4853 4884 4745 5004 4825 5211 4843 4670 4837 4490 4614 4807 4554 4648 4665 4565 4852 4450 4646 5027 4455 4586 4565 4424 4860 4766 4710 5384 4512 4655 4430 4536 
4747 4463 4806 4550 4847 4685 4730 4695 4495 4397 4452 4599 4611 4649 4653 4638 4768 4307 4228 4783 4329 4222 4425 4275 4458 4339 4727 4989 4717 4613 4575 4473 
4703 4417 4644 4705 4681 4766 4233 4709 4342 4244 4586 4675 4239 4965 4505 4516 4353 4218 4370 4607 4240 4161 4709 4091 4759 4326 4355 5048 4471 4348 4277 4225 
5089 4707 5276 5091 4953 5165 4773 5045 4647 4786 5061 5052 4742 5216 4761 4844 4841 4477 4536 4882 4528 4552 5034 4564 5124 4817 4469 5219 4659 4997 4467 4858 
4624 4707 4824 4522 4721 4942 4474 4683 4325 4431 4320 4789 4746 4706 4642 4658 4642 4484 4474 4643 4279 4409 4564 4426 4595 4309 4541 4862 4534 4482 4575 4616 
4946 4858 4941 4702 5024 5098 5071 5095 4782 4760 4701 5109 4523 5457 4947 4845 4789 4497 4661 4961 4470 4403 5102 4629 4696 4763 4560 5237 5015 4794 4922 4737 
4874 4663 4965 4666 5016 5150 4336 4845 4456 4572 4647 4788 4483 4967 4602 4637 4606 4452 4421 4998 4312 4438 4735 4420 4819 4635 4548 5042 4496 4650 4298 4752 
4891 4823 5166 4646 4979 5143 4518 4896 4920 4677 4667 5114 4709 4957 4809 4620 4925 4490 4442 4787 4500 4371 4706 4480 5024 4843 4666 5303 4621 4588 4319 4710 
