2637 2656 2764 2611 2682 2888 2513 2741 2827 2503 2601 2481 2306 2896 2467 2448 2743 2550 2537 2856 2340 2330 2604 2537 2613 2406 2480 2865 2725 2528 2469 2656 
2522 2318 2731 2478 2506 2602 2246 2543 2330 2479 2316 2344 2314 2713 2359 2377 2396 2348 2405 2432 2231 1923 2479 2594 2580 2356 2194 2612 2368 2287 2232 2602 
2615 2596 2793 2671 2945 2819 2578 2696 2684 2755 2666 2500 2512 2965 2429 2458 2683 2642 2713 2780 2463 2270 2649 2545 2686 2627 2597 2827 2723 2639 2598 2660 
2769 2283 2659 2364 2595 2701 2517 2860 2368 2495 2488 2373 2318 2985 2558 2539 2521 2575 2362 2566 2193 2441 2299 2501 2607 2338 2594 2743 2309 2400 2465 2734 
2595 2549 2715 2553 2687 2838 2608 2613 2410 2702 2535 2649 2382 3045 2486 2686 2630 2483 2666 2730 2419 2182 2625 2653 2758 2566 2530 2973 2497 2517 2496 2575 
2737 2395 2618 2470 2654 2807 2418 2633 2389 2499 2566 2365 2336 2999 2333 2641 2744 2681 2546 2642 2294 2413 2629 2420 2673 2360 2598 2903 2256 2529 2578 2439 
2683 2411 2535 2392 2540 2611 2396 2457 2359 2453 2400 2447 2166 2676 2326 2461 2232 2224 2381 2410 2379 2148 2361 2469 2490 2262 2198 2662 2154 2304 2319 2571 
2682 2541 2864 2619 2702 2948 2658 2642 2650 2498 2673 2541 2206 2986 2325 2697 2671 2658 2552 2802 2335 2531 2540 2468 2689 2437 2443 2727 2310 2450 2415 2640 
2581 2314 2451 2326 2407 2402 2326 2565 2303 2329 2425 2258 2266 2626 2291 2432 2629 2350 2265 2369 2246 2177 2343 2184 2652 2223 2083 2548 2173 2284 2273 2485 
3041 2731 2950 2826 2918 2950 2853 2976 2745 2866 2788 2690 2476 3083 2469 2894 2894 2669 2703 2883 2602 2284 2830 2736 3078 2668 2642 3240 2810 2668 2809 2897 
2823 2527 2828 2764 2664 2952 2805 2753 2686 2723 2618 2499 2417 3188 2356 2670 2756 2493 2600 2749 2430 2563 2744 2557 2733 2576 2586 3045 2488 2509 2536 2742 
2661 2362 2758 2570 2656 2664 2668 2588 2504 2566 2518 2387 2410 2825 2422 2586 2640 2430 2445 2545 2400 2477 2545 2579 2723 2493 2392 2823 2415 2549 2496 2770 
2692 2757 2711 2476 2690 2711 2521 2857 2507 2478 2681 2725 2549 3093 2471 2773 2771 2545 2719 2630 2539 2395 2763 2538 2742 2687 2592 2955 2634 2593 2532 2904 
2675 2455 2590 2518 2748 2894 2548 2606 2517 2425 2586 2467 2232 3158 2490 2437 2594 2617 2639 2651 2284 2453 2491 2500 2544 2555 2512 2959 2477 2358 2449 2620 
2960 2620 2850 2596 2847 2831 2555 2805 2714 2620 2626 2604 2483 2948 2323 2570 2428 2657 2684 2832 2629 2585 2700 2547 2801 2561 2496 3205 2623 2628 2555 2779 
2982 2738 3090 2864 3050 3022 2845 2906 2890 2822 2898 2623 2622 3182 2868 2743 2866 2849 2975 2932 2648 2514 2866 2884 2969 2859 2831 3298 2900 2683 2766 2831 
2858 2597 2626 2428 2682 2838 2709 2806 2533 2476 2567 2482 2257 3024 2376 2552 2637 2581 2696 2644 2515 2390 2555 2590 2715 2552 2405 2866 2442 2294 2512 2688 
2810 2584 2668 2562 2675 2957 2474 2705 2470 2594 2686 2774 2455 2892 2372 2473 2562 2544 2763 2753 2475 2406 2690 2266 2694 2641 2447 2839 2446 2444 2586 2631 
2793 2456 2622 2558 2872 2564 2475 2393 2355 2457 2532 2451 2267 2989 2427 2296 2572 2634 2628 2547 2430 2350 2387 2459 2799 2452 2448 2769 2358 2332 2621 2728 
3135 2704 2920 2910 2753 3175 2850 2891 2847 2865 2806 2790 2821 3271 2689 2989 3139 2904 2860 3041 2663 2526 2919 2806 3022 2686 2719 3167 2909 2794 2966 2913 
2463 2334 2438 2259 2429 2414 2286 2557 2131 2446 2325 2306 2124 2621 2062 2438 2501 2292 2403 2257 2277 2181 2346 2210 2265 2257 2295 2459 2185 2376 2446 2455 
2636 2501 2801 2486 2703 2685 2376 2617 2506 2562 2544 2318 2442 2743 2349 2500 2480 2334 2484 2744 2281 2115 2597 2512 2690 2418 2250 2708 2482 2451 2364 2706 
2789 2690 2998 2678 2840 2935 2761 2833 2845 2637 2832 2751 2566 2844 2451 2682 2662 2646 2771 2832 2544 2444 2679 2677 2814 2700 2665 3120 2524 2693 2627 2929 
2831 2688 2624 2724 2786 2851 2662 2912 2498 2686 2781 2492 2553 2934 2491 2707 2612 2599 2915 2820 2606 2480 2666 2569 2885 2688 2571 2983 2625 2620 2382 2826 
2747 2673 2665 2746 2704 2990 2705 2634 2597 2579 2643 2520 2510 2753 2391 2556 2865 2553 2836 2755 2488 2456 2617 2469 2814 2655 2702 3100 2455 2587 2378 2633 
2838 2413 2775 2577 2793 2648 2730 2894 2505 2575 2656 2418 2508 2827 2419 2743 2763 2605 2465 2704 2512 2386 2629 2440 2674 2455 2583 2986 2659 2551 2517 2763 
2719 2456 2795 2740 2761 2790 2538 2878 2383 2666 2786 2521 2519 3146 2465 2728 2577 2659 2635 2733 2384 2366 2740 2411 2862 2509 2505 3030 2526 2557 2511 2650 
3091 2640 3304 2980 2954 3181 2825 3081 2674 2957 3006 2831 2744 3193 2660 3060 2914 2808 2957 2950 2662 2738 2889 2635 3090 2968 2656 3177 2683 3010 2700 3043 
2762 2668 2833 2659 2807 2792 2575 2778 2435 2705 2603 2530 2694 2965 2388 2687 2649 2723 2807 2775 2419 2424 2598 2607 2992 2486 2624 2842 2422 2508 2622 2805 
2992 2824 2919 2737 2934 3007 2946 2997 2840 2853 2726 2864 2509 3498 2706 2856 2859 2835 2839 2953 2689 2443 2895 2780 2842 2724 2621 3305 2894 2821 2931 2803 
3051 2669 2960 2759 2899 3100 2530 2958 2622 2800 2939 2769 2637 3170 2551 2764 2787 2582 2780 3065 2532 2628 2787 2631 3021 2762 2539 3029 2574 2765 2569 2935 
2742 2450 2917 2607 2742 2987 2443 2760 2734 2649 2606 2555 2499 2855 2464 2632 2753 2552 2544 2603 2315 2422 2566 2540 2715 2567 2509 3118 2524 2471 2336 2606 
