5270 5667 5702 5482 5721 5986 5026 5345 5596 5168 5282 5666 4834 5639 5445 5055 5503 4887 5215 5740 4944 5171 5564 5322 5374 5254 5297 5515 5683 5346 5375 5035 
4882 4756 5381 4993 4878 5244 4633 4857 4978 4928 4738 5095 4949 5180 5117 4771 4776 4564 4578 4868 4707 4504 5126 5189 4878 4787 4593 4904 5074 4858 4850 4930 
4841 5110 5279 5089 5253 5303 4719 4994 5168 5047 5115 5209 4882 5193 5064 4900 4881 4795 4788 5215 4853 4774 5178 4892 5085 4993 4949 5150 5321 5042 4891 4688 
5131 5064 5224 4866 5093 5426 4984 5391 4898 4673 4869 5036 4781 5220 5536 4850 5142 4854 4717 5189 4633 5097 4988 5177 4862 4758 5133 5023 4910 5009 4932 5072 
5123 5264 5499 5202 5237 5876 5156 5193 5174 5236 4985 5425 4978 5530 5491 5389 5199 5003 5074 5450 5058 4883 5340 5341 5297 5307 5158 5507 5458 5292 5289 5014 
5311 5184 5403 5120 5320 5856 5314 5143 5096 4878 5117 5256 4903 5688 5302 5282 5304 5262 4739 5403 4856 5154 5440 4840 5249 4996 5185 5386 5140 5206 5202 4853 
5276 5317 5425 5036 5261 5545 5186 4943 5046 5061 4808 5350 4844 5383 5217 5015 4812 4632 4662 5119 4933 4806 5212 5214 5217 5097 4886 5101 5183 5070 4953 5224 
5172 5326 5408 5195 5369 5706 5114 5179 5288 5028 5102 5303 4731 5639 5265 5093 5091 4810 4936 5239 4711 5057 5131 5075 5101 5001 4921 5141 5101 5104 5342 5037 
4928 5124 5150 4877 5107 5129 5057 5149 4854 4728 4862 5102 4864 5068 5092 5048 5063 4589 4323 4981 4697 4744 5098 4703 5079 4781 4613 5119 4794 4678 4908 4835 
5738 5787 5945 5791 5921 6082 5549 5776 5647 5632 5414 5881 5247 6006 5717 5607 5579 5190 5291 5771 5201 5163 5924 5566 5851 5568 5475 6130 5830 5606 5696 5557 
5398 5182 5553 5307 5312 5772 5362 5313 5397 5123 5098 5520 5060 5702 5443 5100 5218 4666 4933 5466 4856 5126 5590 5107 5146 5274 5128 5725 5312 4994 5093 5201 
5222 5397 5867 5384 5522 5663 5401 5359 5567 5299 5212 5512 5133 5639 5559 5394 5417 4904 4835 5289 5045 5473 5449 5388 5391 5478 5302 5605 5248 5406 5409 5410 
5269 5750 5839 4975 5324 5668 5158 5516 5485 5168 5103 5706 5315 5715 5435 5445 5415 5075 5132 5311 5031 5098 5664 5206 5292 5523 5395 5782 5443 5369 5217 5497 
4934 4963 5371 5014 5246 5554 5129 5024 5123 4838 4945 5290 4724 5594 5324 4821 5019 4670 4754 5345 4824 5006 5265 4853 4891 5144 5083 5265 5163 4930 4865 4970 
5460 5196 5621 5128 5524 5504 5069 5361 5398 5182 5109 5373 5166 5356 5209 5119 5020 5037 5138 5514 5145 5175 5168 5086 5261 5100 5113 5682 5278 5341 5022 5332 
5446 5472 5998 5453 5586 5788 5336 5408 5449 5333 5479 5511 5159 5752 5816 5198 5445 5191 5226 5658 5002 5060 5731 5379 5529 5480 5468 5715 5831 5389 5415 5229 
5353 5348 5408 5015 5203 5701 5307 5241 5166 5013 5160 5267 5077 5666 5280 4998 5009 4978 4849 5273 4875 4869 5390 5142 5444 5187 5081 5269 5276 4946 5251 4977 
5339 5254 5386 5149 5433 5834 4975 5184 5028 5038 5017 5666 4996 5515 5191 4872 5072 5017 4998 5331 4920 4867 5393 4688 5002 5247 5099 5388 5226 5040 5343 5071 
5485 5565 5691 5447 5856 5905 5180 5299 5329 5190 5348 5605 5125 5806 5593 5212 5346 5292 5248 5494 5146 5239 5614 5241 5476 5405 5296 5693 5560 5268 5437 5343 
5496 5314 5493 5566 5414 5886 5311 5459 5377 5365 5112 5483 5476 5684 5444 5439 5560 5278 4980 5534 4939 5110 5639 5251 5369 5134 5138 5601 5431 5302 5445 5329 
5000 5076 5209 5009 5175 5351 5040 5172 4797 5030 4876 5410 4967 5300 5161 5046 5226 4611 4830 4987 4867 4968 5227 4679 4940 4798 4995 5124 4973 5151 5291 4974 
5068 5223 5462 4900 5304 5566 4850 5020 4988 4987 4722 4879 5077 5316 5096 4841 4748 4367 4747 5358 4741 4708 5332 5095 5100 5051 4693 5029 5111 4941 4768 5116 
5393 5438 5846 5466 5551 5732 5317 5577 5583 5150 5301 5831 5278 5640 5565 5348 5293 5042 5163 5574 5018 5165 5566 5381 5370 5327 5109 5795 5371 5562 5427 5530 
5644 5838 5809 5795 5936 6173 5520 5780 5572 5377 5685 5688 5633 5792 5892 5440 5478 5144 5542 6021 5446 5444 5791 5558 5755 5569 5422 5878 5833 5562 5174 5520 
5314 5522 5491 5520 5447 5969 5411 5304 5411 5061 5203 5357 5183 5258 5353 5257 5436 5051 5203 5635 5037 5211 5190 5105 5464 5492 5357 5920 5265 5324 5077 5117 
5389 5305 5729 5209 5572 5637 5448 5425 5259 5121 5221 5396 5443 5468 5583 5317 5433 4974 4865 5628 5048 5004 5260 5094 5108 5151 5536 5575 5650 5447 5490 5180 
5302 5242 5414 5367 5317 5662 4940 5404 5078 4999 5284 5338 5005 5665 5312 5159 5060 4876 5065 5333 4886 4966 5441 4867 5418 5088 5075 5594 5332 5056 5024 4797 
5664 5505 6163 5770 5654 6016 5390 5676 5431 5542 5748 5782 5463 5946 5547 5504 5455 5102 5177 5637 5157 5372 5886 5361 5859 5694 5162 5810 5539 5666 5272 5445 
5151 5346 5546 5103 5277 5721 5091 5227 4992 5013 4880 5380 5305 5364 5347 5260 5216 5071 4922 5297 4863 5117 5330 5088 5209 4994 5188 5338 5278 5169 5244 5088 
5596 5762 5898 5496 5842 6154 5772 5801 5629 5631 5413 5910 5344 6288 5834 5669 5557 5282 5445 5730 5240 5323 6008 5510 5513 5667 5430 5913 6036 5591 5814 5412 
5377 5287 5722 5188 5577 5917 4858 5387 5027 5147 5198 5361 5073 5624 5317 5233 5108 4998 5016 5574 4943 5051 5324 5049 5388 5344 5190 5546 5229 5263 4982 5327 
5453 5617 6049 5267 5588 6035 5247 5449 5680 5454 5385 5791 5427 5653 5558 5270 5597 5142 5037 5544 5189 5180 5549 5290 5721 5685 5431 5876 5452 5376 5150 5247 
