3240 3241 3394 3216 3328 3332 3030 3259 3363 3149 3187 3153 2815 3440 2996 3102 3398 2980 2983 3524 2909 2895 3172 3101 3189 2948 3048 3339 3099 3204 2963 3213 
3242 2917 3429 3094 3168 3075 2979 3068 3016 3185 2973 3017 3007 3307 3053 2954 3079 2947 2851 3046 2927 2553 3037 3231 3225 2959 2806 3119 2849 3042 2811 3369 
3209 3148 3322 3238 3483 3240 3120 3269 3251 3358 3243 3134 3024 3456 3047 3092 3255 3179 3072 3380 2993 2899 3161 3029 3266 3168 3187 3356 3122 3251 3040 3222 
3447 2962 3280 2932 3217 3238 3181 3470 2998 3150 3148 3039 2945 3472 3255 3158 3209 3103 2871 3275 2841 3187 2853 3083 3180 2993 3235 3250 2753 3243 3026 3359 
3387 3277 3455 3262 3350 3433 3348 3360 3112 3474 3200 3410 3050 3601 3294 3492 3409 3142 3253 3530 3134 2946 3314 3332 3427 3387 3163 3677 2997 3342 3039 3354 
3477 3023 3272 3107 3347 3355 3185 3194 2993 3088 3175 3164 2998 3634 3055 3209 3357 3277 3026 3279 3048 3126 3211 2935 3300 2945 3184 3452 2741 3319 3114 3083 
3493 3167 3254 3122 3271 3239 3170 3075 3046 3219 3035 3281 2860 3455 3118 3137 2999 2821 2887 3071 3173 2838 3085 3121 3180 2967 2981 3322 2722 3122 2975 3388 
3439 3187 3574 3241 3352 3420 3360 3236 3245 3193 3268 3229 2808 3614 3025 3345 3337 3223 3070 3381 2967 3146 3182 3049 3326 3091 3062 3304 2761 3275 3013 3451 
3318 2971 3079 3023 3053 2936 3095 3193 2917 2978 3041 2968 2815 3222 3039 3154 3268 2932 2705 3014 2900 2819 2982 2697 3296 2809 2689 3177 2675 2986 2824 3179 
3791 3499 3669 3548 3662 3495 3541 3662 3418 3663 3361 3539 3161 3790 3206 3604 3616 3184 3280 3582 3261 3022 3482 3330 3748 3316 3321 3910 3256 3527 3425 3633 
3458 3123 3420 3348 3266 3508 3455 3306 3251 3319 3166 3196 3049 3770 3048 3300 3429 2947 3095 3365 3017 3229 3359 3083 3249 3175 3173 3668 2962 3241 3066 3374 
3556 3240 3575 3321 3492 3385 3524 3366 3363 3408 3336 3314 3168 3615 3344 3442 3519 3154 3095 3348 3255 3414 3322 3362 3514 3317 3260 3595 2948 3527 3251 3707 
3547 3499 3427 3103 3330 3323 3233 3558 3246 3186 3229 3588 3294 3795 3309 3601 3567 3203 3316 3367 3269 3139 3506 3176 3382 3408 3287 3743 3121 3436 3156 3761 
3388 3134 3372 3244 3537 3422 3255 3276 3218 3070 3238 3295 2910 3815 3251 3177 3331 3169 3105 3406 3024 3155 3181 3075 3292 3208 3213 3621 2996 3194 3001 3393 
3808 3326 3604 3332 3596 3368 3275 3490 3441 3383 3319 3485 3252 3597 3046 3287 3232 3374 3277 3621 3249 3285 3292 3149 3534 3221 3213 3855 3097 3448 3108 3617 
3549 3308 3661 3373 3618 3440 3405 3391 3289 3401 3346 3202 3109 3696 3462 3315 3473 3311 3357 3491 3119 3091 3398 3383 3500 3385 3354 3737 3319 3382 3219 3362 
3484 3116 3104 2941 3232 3254 3350 3240 3021 3029 3126 3047 2814 3593 2953 3034 3267 3071 3073 3173 3047 2944 2978 3088 3253 3019 3015 3277 2830 2943 3038 3242 
3550 3249 3337 3130 3318 3512 3060 3274 3101 3259 3215 3585 3105 3517 2999 3143 3266 3113 3262 3375 3119 3021 3339 2801 3291 3305 3033 3478 2875 3236 3170 3381 
3550 3136 3343 3286 3616 3178 3137 3174 3032 3138 3183 3324 2890 3599 3197 3111 3357 3208 3130 3315 3103 3071 3158 3043 3445 3158 3134 3550 2911 3194 3217 3519 
3834 3404 3534 3544 3379 3749 3496 3495 3451 3600 3364 3526 3482 3854 3339 3618 3817 3493 3319 3750 3192 3156 3461 3322 3567 3269 3317 3729 3339 3509 3490 3613 
3233 3035 3158 2958 3132 2930 3094 3258 2792 3199 2914 3172 2866 3232 2846 3210 3242 2923 2965 2979 3005 2899 2920 2758 3022 2917 2977 3137 2653 3292 3090 3197 
3220 3070 3427 2996 3206 3119 2964 3023 2998 3082 2950 2860 2995 3266 2923 2970 3009 2743 2971 3233 2880 2625 3105 2986 3224 2953 2734 3173 2847 3112 2815 3321 
3614 3394 3740 3353 3528 3524 3479 3541 3509 3348 3507 3644 3333 3470 3215 3480 3522 3331 3346 3643 3229 3232 3351 3280 3495 3356 3282 3846 3018 3617 3264 3651 
3763 3526 3550 3583 3682 3509 3537 3715 3320 3540 3580 3458 3369 3669 3423 3562 3518 3289 3541 3727 3430 3373 3528 3300 3662 3479 3338 3705 3246 3635 3036 3734 
3570 3416 3364 3473 3334 3553 3430 3299 3299 3385 3285 3345 3206 3368 3115 3319 3633 3246 3418 3511 3152 3154 3199 3088 3558 3340 3377 3773 2903 3365 2988 3380 
3528 3084 3450 3199 3436 3162 3409 3440 3061 3190 3181 3109 3180 3393 3099 3360 3547 3122 3045 3423 3108 3074 3162 2970 3276 3031 3250 3545 3091 3375 3078 3355 
3328 3033 3269 3249 3247 3194 3043 3361 2886 3080 3176 3149 2928 3622 2990 3287 3099 3042 3075 3230 2917 2918 3234 2779 3421 2972 3040 3541 2875 3157 2945 3147 
3811 3235 3934 3668 3607 3682 3452 3664 3215 3599 3724 3554 3324 3808 3261 3617 3590 3404 3379 3571 3247 3344 3450 3183 3713 3580 3168 3753 3149 3743 3170 3709 
3426 3341 3434 3200 3314 3343 3220 3370 2961 3389 3148 3206 3383 3491 3104 3352 3340 3327 3270 3466 2987 3083 3143 3120 3531 3107 3178 3484 2862 3262 3173 3394 
3703 3418 3455 3299 3520 3513 3611 3494 3303 3429 3269 3476 3023 4090 3217 3412 3478 3251 3300 3460 3307 2973 3464 3232 3373 3335 3130 3802 3309 3520 3473 3441 
3835 3460 3732 3489 3590 3698 3173 3674 3249 3570 3574 3560 3283 3849 3349 3498 3486 3270 3385 3817 3212 3314 3545 3261 3690 3504 3255 3734 3135 3587 3059 3790 
3691 3324 3855 3398 3613 3638 3270 3536 3534 3512 3368 3558 3351 3635 3329 3478 3659 3347 3203 3511 3220 3282 3306 3264 3580 3405 3340 3882 3091 3478 3026 3516 
