1963 2042 2280 2157 2012 2171 1909 2042 2039 1914 1962 1938 1748 2313 1818 1868 2018 1920 1947 2178 1894 1785 1926 1975 2067 1808 1837 2195 1951 1729 1977 2063 
1826 1674 2056 1900 1835 1928 1658 1918 1625 1833 1748 1682 1664 2165 1657 1787 1720 1757 1818 1860 1658 1434 1637 1967 1968 1692 1619 1951 1632 1519 1693 1921 
1929 1884 2220 2085 2231 2191 1925 1984 1873 2111 2014 1919 1886 2244 1751 1773 1895 1950 2063 2231 1888 1735 1847 1981 2076 1926 1919 2204 1924 1814 1977 2053 
2132 1696 2171 1913 1971 2061 1973 2190 1686 1960 1861 1835 1850 2339 1873 1899 1833 1928 1860 2059 1753 1902 1671 1984 2130 1777 1942 2155 1588 1716 1888 2151 
1898 1819 2101 2025 1953 2164 1974 1873 1640 2133 1842 2008 1786 2304 1767 1969 1791 1780 2077 2099 1843 1508 1876 2064 2145 1877 1801 2195 1761 1648 1895 1968 
1913 1659 1954 1905 1847 2120 1709 1898 1705 1901 1789 1755 1698 2172 1580 1857 1860 1954 1888 1973 1638 1714 1750 1805 1944 1666 1786 2069 1554 1615 1902 1794 
1868 1658 1837 1808 1745 1898 1726 1839 1580 1808 1674 1787 1562 2050 1592 1794 1527 1625 1806 1808 1818 1558 1517 1871 1806 1636 1469 1893 1513 1581 1724 1904 
2083 1885 2293 2193 2080 2289 2079 2064 1903 1996 1986 2106 1685 2386 1680 2046 2056 2016 2039 2144 1849 1986 1833 1933 2066 1905 1852 2100 1634 1774 1901 2126 
1915 1613 1903 1799 1721 1757 1776 1921 1602 1763 1772 1691 1748 2012 1672 1762 1887 1764 1732 1831 1685 1642 1593 1700 1973 1591 1475 1935 1522 1567 1672 1915 
2258 2042 2463 2252 2194 2327 2275 2286 2015 2275 2160 2093 1871 2400 1855 2248 2184 1997 2079 2260 2081 1830 2059 2157 2412 2053 2018 2525 1951 1860 2181 2247 
2177 1990 2325 2326 2042 2371 2307 2192 2098 2243 2095 2059 1903 2535 1792 2167 2132 1936 2034 2174 1948 2028 2099 2102 2255 1984 1971 2390 1878 1838 2045 2254 
2019 1693 2176 2083 2022 2006 2033 2052 1721 1989 1856 1888 1828 2194 1768 2000 1871 1802 1907 1932 1936 1922 1846 2014 2076 1826 1836 2153 1758 1775 1852 2199 
1878 1948 2061 1969 1918 1983 1856 2031 1742 1891 1963 2058 1906 2307 1753 2039 1895 1784 2030 1924 1944 1717 1916 1887 1990 1955 1865 2056 1856 1648 1813 2184 
1942 1847 2082 1974 2038 2216 1960 1954 1915 1994 1909 1860 1738 2437 1846 1921 1857 1938 2074 2069 1748 1779 1886 2046 2075 1874 1813 2174 1804 1691 1883 2042 
2191 1872 2188 2071 2059 2212 2034 2071 1918 2070 1961 1988 1875 2256 1662 1960 1767 2019 2151 2177 2045 1946 1866 1968 2138 1936 1824 2407 1941 1826 1957 2108 
2061 1840 2280 2158 2104 2170 2027 1980 1944 2114 2082 1877 1895 2333 1980 1968 1934 2014 2172 2137 1919 1745 1819 2160 2166 1977 1956 2286 1891 1665 2061 2038 
2300 2013 2115 2040 2097 2243 2102 2194 1902 1947 1995 1939 1843 2466 1755 1939 2006 1984 2105 2209 2006 1933 1880 2118 2219 1978 1824 2321 1856 1642 2051 2139 
1982 1745 2000 1935 1903 2071 1763 1965 1686 1922 1903 2066 1834 2140 1551 1744 1671 1800 2019 2107 1800 1719 1746 1681 1995 1871 1729 2060 1660 1647 1909 1919 
2090 1839 2125 2005 2231 1938 1917 1841 1762 1960 1855 1907 1760 2350 1807 1748 1850 1984 2138 1932 1931 1791 1779 1994 2214 1869 1815 2098 1685 1657 2000 2120 
2335 2082 2341 2349 2080 2510 2190 2226 2141 2249 2130 2163 2193 2550 2010 2298 2311 2158 2183 2447 2107 2024 2131 2177 2390 1995 2084 2469 2100 1931 2270 2207 
1810 1671 1906 1807 1824 1824 1661 1894 1510 1867 1738 1759 1656 1954 1406 1761 1753 1582 1750 1747 1722 1604 1559 1643 1749 1630 1616 1828 1448 1623 1844 1806 
1879 1818 2064 1902 1990 1950 1731 1853 1750 1965 1781 1755 1851 2108 1670 1838 1679 1683 1874 2057 1712 1496 1751 1883 1995 1716 1563 1952 1691 1662 1800 2058 
2070 1887 2300 2142 2063 2231 2083 2056 2008 2015 2163 1968 1911 2260 1683 2043 1955 1975 2139 2250 1883 1828 1792 1987 2167 2016 1949 2335 1786 1856 2052 2167 
2126 1972 2087 2113 2154 2174 2042 2226 1852 2157 2090 1923 2036 2264 1781 2050 1857 1927 2256 2225 2027 1905 1865 2030 2333 2054 1898 2286 1912 1827 1920 2202 
2091 1952 2082 2224 2067 2412 2080 2021 1915 2059 1992 1950 1966 2158 1778 1955 2118 1872 2192 2120 1944 1860 1885 1931 2244 2126 2000 2383 1792 1806 1897 1994 
2085 1717 2211 2002 1977 2035 2038 2187 1846 2048 1883 1866 2027 2130 1844 2055 1946 1884 1813 2082 1947 1793 1820 1898 2078 1871 1820 2217 1823 1741 1961 2155 
1982 1837 2240 2272 2095 2181 1973 2248 1829 2167 2107 2054 2002 2450 1855 2081 1894 2008 2049 2103 1901 1816 1972 1956 2257 1920 1875 2394 1831 1828 1945 2104 
2274 2020 2672 2366 2310 2402 2244 2384 2053 2382 2286 2186 2179 2545 1952 2418 2147 2203 2343 2368 2032 2195 2027 2096 2466 2217 2037 2473 1934 2261 2132 2430 
2165 2058 2292 2206 2275 2201 2022 2240 1846 2160 2106 2041 2233 2456 1804 2077 1980 2171 2234 2280 1987 1988 1880 2088 2399 1928 2042 2232 1788 1864 2102 2277 
2210 1983 2371 2201 2169 2311 2313 2193 2013 2255 2055 2169 1840 2653 2005 2103 2029 2058 2131 2327 2093 1849 2041 2205 2194 1991 1851 2501 1998 1881 2212 2201 
2226 1954 2216 2183 2186 2360 1898 2222 1836 2177 2181 2134 1984 2443 1694 2047 2020 1864 2140 2327 1874 1968 1931 1976 2292 2032 1806 2291 1765 1891 1923 2165 
1986 1680 2170 2067 1953 2206 1786 2070 1824 2046 1927 1884 1853 2179 1744 1959 1995 1835 1913 1961 1760 1802 1743 1933 1997 1820 1871 2299 1707 1732 1641 1992 
