1225 1282 1606 1282 1412 1211 1292 1338 1163 1193 1184 1233 1128 1461 1136 1144 1247 1316 1207 1350 1243 1089 1099 1239 1400 1169 1238 1385 1262 1154 1349 1250 
1223 1145 1455 1259 1289 1256 1237 1436 1004 1272 1172 1157 1216 1457 1072 1222 1209 1254 1163 1257 1160 953 1067 1306 1422 1136 1127 1410 1166 1154 1263 1308 
1262 1257 1576 1303 1616 1332 1429 1398 1240 1446 1372 1332 1254 1509 1146 1171 1262 1385 1327 1506 1324 1179 1186 1306 1463 1273 1333 1484 1311 1336 1442 1403 
1318 1161 1510 1202 1405 1255 1346 1533 976 1357 1181 1189 1311 1480 1155 1222 1238 1350 1266 1299 1141 1213 985 1316 1556 1173 1330 1492 1087 1239 1310 1532 
1263 1325 1519 1235 1385 1359 1448 1374 1019 1529 1183 1367 1273 1614 1155 1349 1213 1223 1381 1422 1332 1004 1227 1411 1514 1243 1253 1488 1214 1177 1408 1443 
1183 1087 1335 1173 1367 1222 1227 1259 989 1273 1121 1183 1167 1421 942 1196 1151 1397 1268 1201 1066 1105 1053 1111 1389 1102 1147 1364 957 1152 1289 1188 
1205 1099 1204 1158 1266 1154 1141 1170 1037 1208 1119 1175 998 1443 952 1086 954 1196 1169 1161 1212 919 969 1261 1252 1077 1039 1265 1086 999 1276 1252 
1395 1299 1760 1405 1569 1503 1422 1451 1213 1470 1337 1427 1203 1623 1117 1452 1434 1560 1354 1409 1281 1351 1166 1281 1464 1287 1344 1454 1191 1357 1362 1505 
1257 1111 1399 1129 1213 983 1177 1196 907 1154 1119 1105 1224 1301 1070 1131 1288 1254 1135 1171 1115 954 978 1068 1386 1040 1048 1299 1000 1090 1169 1266 
1456 1450 1705 1392 1569 1383 1579 1513 1242 1580 1437 1353 1269 1625 1218 1403 1439 1442 1345 1446 1422 1140 1247 1393 1662 1361 1448 1677 1384 1326 1527 1529 
1333 1310 1597 1390 1463 1394 1515 1420 1226 1478 1360 1309 1196 1641 1135 1375 1330 1297 1316 1327 1235 1194 1252 1337 1507 1333 1302 1532 1242 1279 1345 1449 
1223 1105 1399 1245 1440 1172 1291 1305 1022 1311 1210 1182 1132 1446 1092 1187 1172 1253 1206 1195 1174 1136 1083 1311 1400 1152 1195 1367 1198 1187 1291 1452 
1214 1234 1380 1187 1291 1227 1226 1367 1066 1230 1256 1349 1325 1466 1025 1339 1160 1264 1391 1181 1306 1072 1140 1186 1392 1234 1307 1366 1211 1152 1256 1393 
1179 1158 1355 1132 1369 1275 1367 1257 1056 1250 1144 1184 1114 1534 1072 1140 1142 1247 1285 1268 1101 1104 1115 1221 1296 1195 1205 1368 1141 1138 1260 1239 
1491 1346 1564 1279 1506 1337 1412 1423 1245 1417 1368 1430 1279 1542 1107 1311 1232 1438 1467 1454 1397 1280 1165 1315 1503 1368 1328 1583 1324 1305 1448 1369 
1341 1287 1552 1403 1464 1338 1424 1376 1274 1461 1444 1244 1335 1574 1290 1282 1254 1428 1459 1416 1319 1206 1155 1403 1578 1342 1349 1559 1274 1222 1457 1407 
1480 1355 1471 1215 1496 1389 1390 1405 1195 1273 1270 1323 1207 1696 1237 1231 1334 1412 1397 1311 1271 1168 1140 1425 1566 1311 1268 1537 1254 1128 1395 1373 
1318 1227 1470 1219 1406 1329 1270 1421 1126 1362 1340 1447 1287 1464 1038 1191 1111 1308 1439 1437 1281 1170 1045 1132 1436 1330 1213 1355 1141 1184 1376 1401 
1468 1325 1518 1373 1635 1290 1351 1318 1189 1418 1341 1310 1239 1691 1167 1188 1268 1523 1480 1383 1367 1224 1154 1358 1612 1295 1363 1546 1190 1284 1497 1519 
1349 1308 1537 1369 1425 1331 1441 1379 1167 1379 1308 1408 1436 1589 1214 1363 1389 1438 1346 1374 1310 1178 1227 1301 1618 1295 1297 1504 1338 1297 1483 1342 
1196 1228 1438 1272 1452 1170 1222 1320 994 1452 1228 1248 1229 1409 996 1231 1228 1283 1232 1208 1252 1086 1055 1178 1313 1193 1206 1330 1101 1247 1360 1401 
1071 1082 1308 1036 1298 1057 1098 1199 938 1173 997 1053 1197 1216 917 1100 1007 1047 1111 1165 1053 819 930 1063 1302 1018 937 1150 1025 1142 1180 1283 
1442 1334 1720 1441 1569 1523 1468 1469 1324 1416 1546 1417 1417 1671 1143 1433 1408 1528 1560 1571 1291 1272 1238 1432 1753 1472 1478 1670 1270 1360 1602 1535 
1345 1442 1470 1312 1503 1308 1425 1448 1161 1493 1448 1347 1385 1562 1225 1309 1217 1291 1481 1460 1329 1208 1136 1312 1621 1432 1352 1496 1297 1265 1382 1455 
1395 1315 1445 1338 1520 1481 1450 1390 1188 1410 1322 1311 1345 1460 1084 1277 1381 1260 1422 1347 1272 1203 1138 1271 1581 1440 1394 1621 1174 1183 1319 1408 
1333 1178 1585 1301 1414 1295 1379 1477 1113 1429 1291 1276 1396 1360 1192 1349 1334 1257 1321 1341 1315 1083 1182 1242 1416 1356 1275 1461 1244 1250 1343 1460 
1336 1308 1674 1489 1549 1334 1393 1575 1229 1577 1509 1383 1398 1745 1222 1444 1331 1516 1383 1373 1368 1224 1304 1391 1687 1306 1372 1649 1379 1258 1483 1529 
1407 1321 1842 1404 1624 1337 1500 1495 1196 1570 1485 1435 1421 1708 1222 1512 1455 1572 1496 1482 1268 1403 1220 1322 1726 1455 1430 1522 1349 1537 1546 1584 
1406 1485 1744 1465 1719 1371 1426 1501 1171 1592 1439 1448 1532 1744 1265 1445 1405 1618 1607 1576 1394 1279 1233 1497 1775 1440 1494 1518 1299 1302 1574 1655 
1421 1301 1670 1313 1502 1376 1583 1436 1292 1538 1377 1396 1232 1789 1262 1331 1264 1474 1292 1380 1384 1190 1183 1389 1507 1273 1257 1694 1316 1349 1479 1494 
1387 1344 1653 1403 1624 1445 1341 1492 1121 1526 1466 1378 1409 1662 1128 1349 1304 1387 1410 1551 1305 1294 1137 1311 1689 1434 1316 1488 1245 1350 1386 1560 
1238 1113 1513 1260 1370 1285 1244 1361 1107 1348 1238 1213 1224 1436 1109 1278 1412 1292 1134 1240 1210 1201 1060 1276 1454 1213 1298 1525 1210 1123 1200 1386 
