2467 2459 2257 2353 2134 2570 2535 2309 2362 2294 2242 2287 2583 2085 2691 2416 2392 2529 2332 2807 2475 2279 2606 2163 2826 2293 2292 2303 2250 2263 2629 2508 
2490 2334 2245 2353 2202 2581 2242 2291 2309 2367 2355 2437 2514 2081 2637 2413 2681 2442 2363 2790 2323 2147 2513 2199 2682 2389 2343 2378 2223 2218 2441 2537 
2489 2416 2406 2572 2337 2675 2517 2339 2456 2555 2368 2418 2661 2296 2747 2597 2533 2504 2588 2831 2541 2295 2556 2323 2659 2528 2390 2604 2368 2216 2424 2500 
2513 2477 2268 2417 2170 2788 2438 2173 2471 2299 2495 2441 2648 2072 2837 2479 2456 2444 2374 2893 2280 2154 2410 2120 2588 2408 2389 2409 2164 2398 2510 2365 
2699 2738 2550 2692 2515 2745 2685 2609 2765 2813 2552 2684 3082 2438 2875 2702 2678 2650 2653 3059 2643 2703 2680 2406 2833 2502 2636 2671 2423 2495 2652 2767 
2498 2317 2309 2341 2364 2822 2469 2578 2574 2504 2385 2324 2623 2353 2747 2667 2596 2418 2362 2702 2414 2502 2386 2182 2597 2476 2365 2407 2234 2412 2428 2426 
2651 2526 2690 2614 2268 2790 2543 2496 2555 2528 2457 2682 2814 2295 2848 2884 2695 2549 2582 2812 2460 2527 2662 2222 2722 2552 2588 2520 2381 2438 2578 2459 
2420 2410 2273 2401 2162 2680 2413 2274 2516 2362 2158 2469 2748 2196 2657 2586 2440 2352 2501 2814 2398 2313 2728 2364 2582 2473 2527 2336 2233 2243 2566 2383 
2577 2483 2485 2389 2195 2717 2304 2315 2435 2310 2181 2352 2634 2315 2635 2474 2203 2357 2347 2720 2274 2434 2443 2146 2532 2362 2170 2386 2060 2237 2429 2411 
2850 2668 2483 2661 2404 2974 2794 2478 2685 2603 2442 2689 2842 2467 2895 2693 2649 2626 2619 3216 2484 2567 2687 2376 2954 2613 2786 2794 2544 2500 2681 2720 
2532 2425 2369 2332 2244 2781 2580 2360 2500 2462 2235 2415 2801 2458 2639 2448 2237 2350 2711 2805 2530 2337 2614 2281 2544 2463 2481 2266 2271 2346 2616 2396 
2748 2908 2604 2690 2519 3119 2674 2498 2892 2725 2688 2767 3036 2573 3020 2885 2636 2785 2960 3285 2601 2395 2905 2479 2913 2742 2679 2687 2593 2609 2803 2734 
2673 2796 2609 2718 2454 3051 2621 2384 2704 2627 2533 2570 2900 2393 2896 2633 2760 2635 2528 3082 2599 2627 2789 2532 3069 2575 2598 2764 2430 2453 2676 2704 
2530 2462 2443 2637 2336 2756 2500 2688 2583 2501 2526 2426 2847 2336 2942 2748 2660 2685 2739 2907 2547 2445 2625 2334 2640 2565 2364 2496 2212 2361 2729 2493 
2811 2412 2420 2545 2459 2733 2619 2497 2483 2506 2342 2479 2896 2359 2861 2870 2573 2382 2644 3090 2393 2354 2592 2264 2740 2698 2633 2669 2370 2152 2453 2596 
2760 2714 2547 2625 2381 2946 2721 2592 2824 2725 2573 2579 2804 2424 2884 2697 2827 2677 2505 2976 2749 2588 2778 2498 2904 2503 2720 2683 2298 2444 2644 2585 
2528 2266 2344 2312 2123 2837 2345 2271 2345 2183 2310 2478 2514 2055 2712 2602 2550 2232 2388 2814 2359 2082 2455 2266 2398 2296 2484 2403 1935 2071 2401 2265 
2542 2480 2409 2437 2333 2891 2525 2186 2352 2534 2360 2588 2723 2196 2833 2462 2485 2462 2653 2869 2510 2353 2470 2454 2732 2516 2427 2501 2283 2288 2481 2368 
2674 2522 2461 2537 2344 2871 2620 2495 2701 2771 2643 2442 2878 2491 2865 2660 2431 2588 2813 2979 2504 2413 2607 2478 2766 2544 2402 2656 2454 2223 2600 2545 
2946 2965 2717 2800 2876 3147 2739 2666 2798 3024 2665 2974 3214 2617 3037 3046 3043 2816 2785 3302 2610 2684 2863 2618 3026 2863 2750 2830 2794 2614 2699 2966 
2499 2443 2326 2395 2259 2595 2344 2174 2422 2465 2379 2426 2692 2281 2771 2694 2594 2287 2397 2842 2275 2313 2382 2039 2418 2362 2294 2531 2252 2169 2228 2439 
2755 2648 2479 2534 2411 2900 2622 2396 2401 2510 2579 2679 2726 2372 2881 2468 2698 2590 2730 2907 2539 2369 2692 2363 2871 2571 2568 2601 2360 2520 2703 2732 
2834 2851 2558 2576 2254 2857 2732 2495 2683 2638 2521 2670 2895 2322 2973 2734 2827 2700 2566 3125 2531 2354 2651 2422 3009 2827 2497 2565 2139 2326 2608 2915 
2880 2708 2744 2899 2582 2970 2864 2614 2641 2720 2675 2783 3009 2653 3053 2841 2757 2767 2821 3252 2696 2566 2900 2519 2961 2797 2784 2681 2466 2681 2734 2744 
2691 2682 2526 2442 2412 2723 2438 2506 2638 2557 2332 2466 2842 2445 2717 2749 2616 2539 2568 3039 2601 2445 2724 2324 2758 2619 2478 2594 2442 2342 2473 2663 
2632 2632 2435 2513 2304 2735 2381 2270 2500 2417 2388 2554 2707 2271 2911 2485 2581 2495 2644 2988 2445 2385 2624 2248 2623 2383 2565 2606 2186 2258 2401 2475 
2430 2415 2044 2489 2176 2752 2297 2251 2422 2374 2227 2231 2375 1967 2562 2353 2461 2252 2333 2602 2183 2399 2324 2170 2538 2136 2423 2356 2108 2150 2372 2195 
2706 2559 2443 2732 2528 2870 2736 2523 2446 2697 2588 2664 2840 2256 2927 2721 2807 2592 2675 3035 2529 2488 2543 2433 2813 2624 2753 2542 2374 2434 2582 2776 
2668 2548 2560 2637 2368 2885 2540 2490 2500 2592 2530 2706 2818 2314 2739 2593 2575 2383 2549 2820 2584 2463 2505 2380 2544 2562 2450 2361 2400 2386 2555 2634 
2858 2745 2497 2600 2463 3338 2647 2608 2833 2848 2466 2722 3022 2506 2805 2740 2769 2587 2691 3113 2858 2585 2705 2501 3051 2641 2627 2602 2410 2578 2846 2595 
2826 2849 2744 2651 2500 2935 2845 2656 2836 2844 2630 2641 3036 2592 2967 2813 2792 2728 2690 3038 2594 2746 2737 2368 2994 2710 2662 2878 2656 2525 2722 2818 
2790 2897 2621 2633 2327 2919 2666 2629 2785 2638 2610 2663 3125 2328 3095 2837 2916 2864 2844 3268 2717 2503 2923 2278 2853 2783 2646 2480 2511 2672 2683 2753 
