1883 1863 1665 1722 1718 2020 1938 1751 1800 1768 1710 1805 1890 1394 2117 1839 1872 1872 1804 2083 1835 1869 1914 1695 2233 1686 1729 1804 1664 1736 2160 1847 
1857 1731 1508 1697 1600 2037 1614 1692 1677 1812 1730 1771 1647 1348 2004 1703 1976 1757 1725 1974 1785 1617 1726 1704 2045 1634 1618 1705 1573 1696 1930 1790 
1965 1887 1807 1940 1787 2254 1960 1803 1941 2013 1825 1871 2052 1639 2164 1957 1929 1970 2010 2128 2038 1813 1852 1851 2125 1891 1804 1958 1785 1729 2017 1864 
1930 1863 1713 1827 1643 2174 1830 1629 1908 1816 1884 1781 1932 1332 2190 1774 1903 1745 1713 2114 1754 1733 1726 1645 2006 1729 1848 1729 1553 1802 1971 1657 
1979 1976 1801 1989 1899 2159 2033 1959 2038 2094 1844 1969 2163 1582 2203 1948 1953 1891 1946 2104 1960 1952 1857 1823 2134 1770 1932 1925 1766 1781 2074 1966 
1927 1775 1608 1770 1745 2294 1853 1958 1979 1965 1809 1720 1861 1610 2006 1947 1840 1717 1739 1895 1910 1948 1720 1774 1994 1796 1776 1810 1684 1839 1974 1744 
1942 1841 1890 1923 1574 2205 1838 1791 1884 1893 1835 1865 1911 1437 2088 2142 1946 1803 1843 1958 1773 1890 1790 1645 1987 1781 1802 1808 1720 1816 2006 1696 
1769 1794 1637 1804 1643 2143 1765 1684 1850 1740 1605 1868 1926 1409 2056 1863 1813 1774 1823 2019 1777 1831 1898 1851 1942 1729 1900 1731 1683 1665 2078 1702 
1939 1883 1768 1766 1621 2145 1712 1675 1793 1687 1529 1769 1813 1468 2030 1802 1556 1682 1719 1906 1688 1854 1684 1661 1918 1672 1579 1779 1531 1684 1913 1667 
2212 2031 1732 1942 1811 2335 2057 1878 2026 2032 1834 1943 2061 1642 2212 1948 1987 1955 1967 2291 1875 2004 1888 1796 2274 1858 2040 2068 1968 1943 2115 2026 
2027 1842 1765 1725 1711 2194 1911 1779 1927 1914 1655 1743 2090 1655 1983 1801 1698 1776 2051 2023 1960 1814 1895 1745 1981 1759 1939 1682 1744 1808 2050 1754 
2010 2050 1847 1875 1794 2290 1859 1740 2115 2012 1875 1861 2094 1578 2168 2005 1854 1872 2026 2240 1914 1780 2014 1845 2044 1859 1897 1839 1814 1818 2080 1839 
1921 1949 1795 2006 1780 2380 1935 1778 2015 1954 1895 1811 2014 1489 2204 1885 2023 1840 1776 2107 2009 1957 1954 1935 2301 1811 1875 2023 1793 1757 2089 1998 
1877 1850 1759 1923 1784 2128 1800 2034 1928 1869 1802 1784 2002 1495 2155 1962 1942 1934 2019 2049 1973 1882 1842 1802 1959 1790 1812 1855 1551 1724 2158 1737 
2070 1725 1722 1780 1880 2128 1894 1962 1895 1850 1761 1855 1972 1547 2087 1971 1789 1750 1893 2168 1817 1804 1788 1692 2039 1812 1943 1951 1707 1599 2011 1859 
2296 2271 1997 2109 1892 2485 2147 2080 2279 2230 2061 1979 2135 1758 2438 2074 2224 2181 2036 2283 2203 2115 2123 2044 2460 1969 2195 2152 1874 1991 2231 2036 
2018 1820 1801 1831 1654 2322 1804 1802 1902 1752 1830 1895 1872 1438 2165 1958 1964 1734 1834 2125 1897 1717 1829 1828 1911 1706 1927 1804 1483 1715 2044 1716 
1914 1769 1762 1765 1750 2316 1909 1664 1785 1927 1809 1921 1969 1485 2154 1757 1796 1748 1993 2073 1964 1832 1754 1883 2008 1824 1790 1939 1668 1645 2032 1746 
1950 1834 1821 1892 1796 2269 1918 1795 1987 2074 1961 1802 2022 1624 2132 1943 1839 1866 2073 2084 1819 1812 1797 1887 2063 1748 1835 2027 1812 1584 2002 1804 
2328 2319 1988 2149 2272 2608 2077 2260 2217 2494 2160 2319 2413 1846 2477 2328 2354 2234 2175 2514 2207 2179 2153 2087 2426 2137 2110 2251 2187 2068 2308 2271 
1797 1785 1613 1682 1690 1958 1668 1605 1694 1783 1726 1813 1810 1437 1983 1838 1805 1601 1628 1859 1690 1712 1585 1488 1778 1591 1677 1763 1637 1585 1784 1702 
2278 2155 1887 2052 1894 2394 2100 1877 1859 2030 2077 2166 2046 1712 2308 1910 2155 2058 2177 2273 2022 1892 2010 1936 2318 1990 2028 2093 1857 1994 2263 2134 
2069 2028 1763 1875 1610 2175 1976 1853 1964 1922 1863 2072 1976 1453 2266 1934 2065 1926 1871 2130 1886 1731 1815 1832 2276 1999 1822 1870 1449 1665 2089 2090 
2047 1873 1819 2048 1875 2315 1995 1883 1853 1980 1897 2011 1928 1640 2280 1919 1915 1893 2041 2213 1992 1823 1885 1912 2154 1830 2007 1914 1706 1907 2020 1805 
1912 1898 1724 1700 1757 2104 1768 1919 1958 1858 1736 1853 1925 1627 2015 1943 1870 1858 1842 2103 1936 1845 1887 1711 2079 1829 1658 1838 1724 1726 2040 1800 
2017 2026 1763 1945 1723 2116 1720 1720 1879 1854 1728 1965 1945 1527 2207 1740 1881 1907 1982 2133 1812 1810 1821 1679 1996 1683 1943 1921 1592 1734 1981 1780 
1935 1909 1605 2045 1709 2241 1880 1792 1980 1946 1757 1775 1873 1396 1995 1782 2008 1678 1803 1950 1708 2031 1780 1749 2062 1666 1940 1801 1675 1659 1986 1687 
2111 2009 1739 2182 1973 2371 2076 1922 1945 2102 2075 2113 2118 1562 2328 1985 2172 2018 2125 2311 1959 1994 1854 1932 2235 1906 2110 1974 1821 1892 2179 2109 
2040 1859 1834 2011 1777 2304 1903 1892 1916 2011 1973 2076 1999 1503 2134 1954 1932 1770 1944 2047 1987 1917 1762 1877 1941 1844 1885 1799 1823 1807 2098 1887 
2374 2196 2020 2132 1994 2779 2129 2114 2320 2318 1996 2142 2351 1831 2255 2150 2249 1955 2119 2427 2335 2133 2026 2008 2453 2089 2146 2162 1954 1994 2391 2076 
2111 2177 1976 1989 1826 2385 2111 1940 2111 2140 2048 1935 2157 1655 2288 2101 2100 2077 2016 2218 1871 2088 1902 1826 2273 1927 1955 2125 2013 1896 2152 2067 
1903 2007 1734 1853 1583 2184 1836 1844 1987 1893 1833 1938 2063 1378 2167 1886 2023 1945 1939 2238 1946 1839 1976 1665 2001 1850 1853 1756 1630 1819 2116 1799 
