3663 3714 3780 3822 3501 4164 4159 3714 3854 3700 3646 3807 3808 3482 4337 3848 3613 4244 3881 4414 4194 3794 4190 3676 4253 3917 3882 3776 3720 3827 4327 4142 
3462 3300 3368 3523 3144 3736 3625 3372 3436 3436 3440 3502 3456 3169 3811 3453 3479 3662 3582 4015 3679 3205 3664 3304 3797 3598 3443 3397 3353 3421 3657 3713 
3533 3387 3621 3698 3450 4031 3839 3450 3622 3688 3510 3636 3688 3371 4166 3688 3626 3751 3900 4190 3851 3513 3833 3499 3841 3787 3627 3641 3589 3498 3762 3842 
3601 3522 3471 3577 3355 4074 3793 3363 3678 3272 3705 3618 3732 3103 4137 3617 3382 3562 3625 4235 3543 3330 3703 3361 3713 3709 3571 3453 3242 3707 3834 3604 
3889 3856 3846 4083 3651 4181 4173 3824 4042 4019 3778 3994 4176 3596 4277 3858 3651 4067 3988 4509 4185 3959 4115 3633 3991 3907 3906 3801 3694 3896 4022 4033 
3644 3509 3707 3547 3632 4117 3931 3919 3809 3577 3780 3643 3803 3575 4252 3962 3655 3775 3664 4021 3947 3787 3827 3439 3817 3800 3662 3682 3496 3736 3739 3756 
3702 3727 4082 3863 3558 4092 4019 3756 3781 3700 3705 3895 3948 3566 4303 4117 3833 3944 3907 4292 3910 3891 4081 3518 3901 3895 3941 3884 3700 3742 3997 3864 
3433 3552 3543 3510 3386 3954 3848 3468 3710 3504 3294 3748 3832 3394 3988 3788 3464 3691 3828 4259 3832 3540 4197 3676 3775 3702 3779 3568 3391 3496 3975 3627 
3717 3675 3861 3470 3353 4030 3754 3717 3660 3427 3551 3535 3820 3558 4085 3732 3237 3750 3623 4166 3758 3657 3807 3496 3782 3759 3425 3606 3270 3617 3800 3710 
4092 3875 3934 4034 3753 4434 4384 3964 4142 3913 3978 4194 4081 3828 4497 4130 3965 4258 4100 4857 4302 4026 4253 3848 4224 4160 4296 4309 3931 4021 4307 4275 
3669 3696 3784 3631 3484 4180 4058 3717 3862 3592 3593 3764 3940 3662 4194 3727 3452 3922 4084 4256 4106 3686 4032 3666 3825 3853 3903 3544 3617 3733 4131 3783 
3874 3987 3817 3862 3738 4457 4054 3804 4075 3822 3993 4000 4179 3684 4403 4102 3606 4179 4338 4726 4102 3620 4399 3805 4117 4065 3911 3946 3898 3864 4149 3996 
3738 3844 3909 3919 3660 4340 3937 3681 3928 3642 3723 3743 4030 3512 4313 3753 3804 4040 3782 4478 4058 3855 4180 3840 4172 3852 3962 3893 3571 3710 4065 4087 
3553 3537 3702 3872 3425 3995 3950 3957 3733 3506 3786 3650 3906 3594 4268 3918 3740 4018 3960 4107 3945 3639 3904 3345 3710 3846 3685 3672 3363 3601 4012 3670 
3823 3398 3599 3717 3583 3946 3947 3698 3571 3484 3551 3745 3916 3385 4126 3919 3565 3708 3903 4317 3733 3466 3855 3409 3890 3857 3845 3805 3523 3389 3740 3847 
3857 3831 3893 3786 3664 4272 4305 3975 4104 3976 3862 3943 3908 3684 4342 3892 3992 4142 3927 4416 4274 3918 4303 3950 4162 3785 4059 3926 3614 3747 4179 3983 
3749 3564 3775 3687 3402 4394 3852 3610 3683 3378 3649 3903 3652 3312 4274 3832 3743 3718 3863 4256 3980 3462 3918 3666 3664 3674 3931 3662 3222 3498 3869 3726 
3726 3704 3860 3785 3707 4385 4010 3519 3678 3673 3797 3921 3901 3543 4348 3792 3475 4007 4122 4353 4132 3595 3993 3970 4050 3996 3793 3861 3515 3718 3921 3733 
3886 3803 4019 3966 3643 4439 4347 3994 4101 4056 4111 3933 4201 3918 4480 4028 3616 4096 4294 4654 4224 3877 4261 3958 4019 3933 3880 4023 3927 3720 4117 4062 
4027 4158 4065 3960 4208 4489 4174 3909 4083 4155 4041 4302 4336 3810 4505 4334 4226 4273 4094 4618 4124 3863 4126 4005 4245 4198 4102 4167 4073 3942 4076 4358 
3647 3767 3732 3628 3581 4008 3964 3499 3810 3723 3753 3846 3986 3601 4319 4084 3804 3872 3805 4287 3940 3696 3774 3439 3658 3846 3679 3781 3719 3471 3762 3828 
3694 3689 3782 3630 3573 4017 4046 3562 3482 3578 3886 3891 3824 3613 4258 3587 3727 3875 4009 4214 4046 3469 3930 3488 3807 3752 3668 3718 3557 3825 3877 3863 
4049 4061 3983 3795 3608 4212 4295 3835 4018 4017 3755 3992 3990 3577 4485 4036 3986 4216 3964 4811 4058 3676 4110 3866 4173 4228 3864 3937 3434 3784 4127 4294 
4016 3932 4199 4405 3822 4542 4293 3948 3923 4016 4099 4220 4223 4026 4660 4169 4006 4387 4368 4857 4378 3908 4272 3949 4314 4265 4228 3959 3798 4132 4194 4096 
3775 3899 3961 3923 3640 4183 3972 3776 3974 3707 3831 3858 3931 3741 4086 4022 3754 4101 4037 4506 4236 3789 4262 3617 4012 4020 3933 3915 3826 3803 4000 4010 
3782 3742 3833 3744 3541 4193 3781 3553 3782 3651 3715 3883 3850 3543 4417 3828 3551 3982 4114 4441 4057 3689 4142 3638 3933 3823 3926 3844 3492 3542 3710 3797 
3528 3559 3375 3680 3550 4110 3759 3487 3664 3485 3570 3681 3595 3150 4097 3565 3658 3705 3801 4044 3706 3603 3717 3476 3791 3467 3809 3617 3398 3464 3851 3645 
3858 3756 3770 3914 3832 4294 4240 3767 3711 3863 3921 4019 4107 3464 4435 3874 4035 4033 4085 4518 4127 3762 3946 3647 4037 3946 4118 3706 3642 3754 4033 4119 
3775 3693 3936 3954 3584 4293 4006 3747 3999 3615 3942 3947 3945 3565 4143 3904 3543 3822 3854 4208 4164 3810 3902 3735 3834 4032 3791 3639 3679 3889 4062 3916 
4045 3996 3931 4012 3854 4770 4125 3913 4187 4063 3897 4060 4170 3830 4463 4217 4066 4170 4123 4664 4495 3990 4231 3937 4290 4190 4148 4050 3742 4028 4306 4115 
3828 3796 3998 3860 3599 4169 4067 3845 3963 3869 3828 3732 4056 3614 4282 3989 3711 4068 3867 4339 4043 3769 3946 3668 4060 3934 3920 3888 3847 3784 4031 4086 
3858 4173 3963 3771 3581 4227 4132 3915 4060 3844 4009 3919 4348 3455 4639 3986 4091 4278 4197 4681 4229 3824 4283 3403 3972 4144 3941 3661 3677 3818 4103 4119 
