4404 4437 4593 4557 4347 4931 4750 4480 4441 4339 4347 4290 4452 4274 5028 4590 4383 4771 4574 5075 4849 4349 4865 4410 4851 4609 4445 4484 4339 4571 5025 4843 
4303 3924 4213 4261 4103 4579 4178 4207 4049 4140 4216 4097 4132 3969 4602 4223 4326 4302 4344 4813 4364 3717 4383 4165 4532 4352 4086 4068 3971 4197 4377 4452 
4164 3847 4229 4342 4221 4685 4328 4065 4176 4223 4190 4089 4209 3980 4778 4280 4279 4241 4533 4828 4361 4005 4517 4109 4383 4414 4142 4201 4119 4193 4336 4397 
4270 4131 4197 4272 4217 4840 4297 4094 4183 4003 4520 4110 4242 3956 4879 4303 4133 4223 4289 4831 4137 3733 4316 4031 4370 4317 4120 4008 3739 4398 4523 4216 
4528 4363 4579 4712 4555 4970 4772 4546 4674 4700 4591 4536 4662 4258 5015 4455 4429 4577 4740 5142 4720 4380 4850 4301 4551 4656 4409 4461 4271 4568 4689 4711 
4411 4243 4477 4379 4607 4969 4561 4763 4412 4256 4664 4175 4404 4387 5009 4613 4515 4344 4391 4714 4668 4284 4609 4161 4562 4592 4234 4397 4178 4558 4422 4570 
4376 4285 4781 4512 4436 4791 4573 4454 4305 4340 4397 4428 4521 4288 5012 4674 4628 4413 4603 4967 4467 4315 4765 4183 4518 4560 4411 4569 4251 4436 4682 4548 
4154 4175 4355 4138 4291 4725 4396 4146 4249 4116 3971 4327 4411 4165 4765 4468 4177 4191 4459 4953 4396 3999 4858 4342 4353 4470 4320 4224 3961 4193 4691 4269 
4342 4343 4589 4225 4197 4758 4349 4368 4247 3940 4247 3943 4355 4315 4734 4376 3946 4281 4178 4765 4437 4131 4538 4160 4386 4447 3925 4166 3793 4382 4421 4414 
4842 4504 4653 4747 4615 5178 5012 4756 4677 4548 4685 4686 4672 4576 5285 4817 4679 4783 4751 5578 4964 4455 4935 4567 4814 4866 4847 4979 4547 4738 4978 4956 
4301 4231 4530 4185 4391 4872 4571 4388 4364 4178 4280 4269 4505 4474 4879 4298 4040 4361 4653 4905 4669 4060 4706 4350 4441 4540 4410 4064 4149 4443 4806 4402 
4672 4639 4645 4547 4730 5210 4671 4639 4701 4432 4741 4550 4826 4498 5210 4812 4406 4718 4977 5478 4604 4172 5110 4560 4760 4929 4456 4635 4496 4579 4988 4696 
4587 4439 4674 4542 4626 5179 4489 4565 4450 4502 4644 4342 4604 4316 5158 4406 4641 4648 4557 5237 4648 4370 4905 4514 4920 4525 4652 4630 4298 4467 4768 4799 
4202 3985 4362 4487 4230 4644 4412 4569 4231 4063 4438 4073 4393 4240 4801 4500 4402 4526 4540 4705 4432 4088 4494 4035 4338 4466 4242 4188 3858 4254 4587 4265 
4524 3904 4309 4493 4505 4768 4537 4410 4117 4199 4410 4340 4459 4168 4868 4550 4354 4384 4633 5004 4426 3902 4609 4130 4601 4496 4403 4421 4038 4117 4507 4527 
4640 4512 4748 4550 4646 5125 4903 4807 4742 4565 4731 4522 4569 4517 5222 4584 4776 4696 4747 5234 4927 4465 5076 4766 4857 4659 4684 4582 4233 4621 4891 4710 
4524 4170 4534 4385 4377 5165 4488 4431 4337 4068 4476 4428 4245 4128 5113 4518 4575 4292 4624 5026 4549 3965 4715 4414 4293 4466 4510 4385 3865 4297 4567 4456 
4316 4172 4482 4274 4477 5026 4413 4210 4192 4285 4455 4435 4404 4217 5006 4331 4094 4466 4702 4891 4573 3973 4542 4528 4566 4593 4308 4415 4002 4345 4465 4283 
4632 4499 4760 4633 4621 5242 4956 4827 4763 4777 4909 4495 4801 4770 5260 4686 4496 4635 5061 5376 4856 4370 5067 4659 4689 4709 4480 4727 4610 4517 4829 4865 
4749 4674 4611 4576 5053 5155 4696 4596 4596 4729 4673 4806 4808 4389 5214 4935 4953 4735 4707 5263 4673 4274 4763 4569 4876 4847 4626 4778 4706 4582 4632 5051 
4405 4350 4426 4239 4474 4770 4458 4311 4318 4439 4434 4474 4530 4239 5001 4768 4555 4406 4419 4899 4559 4074 4406 4099 4350 4491 4272 4400 4276 4090 4416 4519 
4554 4537 4686 4370 4609 4901 4665 4426 4095 4340 4745 4445 4436 4543 5128 4347 4591 4454 4777 5039 4707 3983 4732 4291 4530 4638 4339 4461 4275 4740 4603 4685 
4744 4637 4631 4487 4358 4917 4854 4497 4376 4583 4465 4402 4475 4239 5241 4651 4596 4648 4574 5427 4623 4069 4617 4400 4714 4831 4382 4526 3961 4384 4714 4831 
4621 4576 5022 5047 4751 5366 4843 4630 4449 4691 4945 4709 4834 4818 5371 4804 4718 4873 5143 5505 5033 4418 5088 4623 4935 4956 4752 4675 4433 4913 4900 4734 
4386 4445 4568 4631 4427 4879 4473 4407 4392 4372 4592 4307 4468 4460 4728 4596 4453 4668 4756 5125 4846 4196 4919 4214 4597 4549 4481 4546 4297 4480 4647 4600 
4611 4411 4669 4493 4534 5084 4452 4420 4395 4451 4665 4504 4474 4409 5286 4590 4345 4625 5000 5215 4696 4235 4915 4405 4615 4651 4606 4630 4170 4391 4445 4482 
4281 4157 4167 4341 4512 4897 4371 4292 4262 4186 4351 4320 4227 3952 4860 4256 4429 4260 4565 4738 4431 4026 4556 4261 4460 4164 4346 4305 4068 4209 4570 4384 
4601 4477 4587 4624 4826 5115 4808 4574 4243 4522 4715 4516 4706 4221 5250 4596 4875 4582 4776 5245 4698 4291 4696 4357 4735 4729 4728 4441 4278 4490 4795 4842 
4444 4203 4667 4566 4389 5040 4503 4421 4566 4219 4656 4387 4480 4228 4819 4458 4236 4352 4494 4874 4713 4273 4570 4462 4451 4711 4329 4227 4227 4600 4665 4551 
4954 4743 4831 4791 4981 5735 4817 4893 4891 4911 4842 4700 4847 4677 5335 5075 5039 4811 4945 5408 5219 4596 5137 4759 5061 5001 4878 4868 4531 4853 5158 4913 
4495 4245 4627 4462 4380 4868 4649 4495 4438 4511 4555 4126 4462 4288 4905 4596 4345 4501 4531 4870 4526 4210 4537 4234 4597 4474 4432 4422 4403 4326 4693 4568 
4619 4738 4792 4413 4598 4999 4712 4790 4693 4569 4810 4495 4973 4246 5398 4722 4973 4861 4960 5460 4823 4330 5053 4266 4658 4891 4569 4358 4308 4579 4854 4896 
