1236 1243 1133 1134 1092 1386 1325 1104 1125 1258 1221 1132 1274 944 1452 1203 1173 1182 1266 1289 1224 1230 1249 1151 1397 1129 1115 1266 1101 1111 1420 1264 
1132 1086 990 1039 944 1332 1043 935 983 1247 1166 1028 1075 834 1261 1118 1277 1076 1104 1160 1101 976 1102 1164 1286 1000 1017 1138 1029 1063 1180 1133 
1221 1250 1200 1241 1142 1548 1417 1113 1144 1433 1300 1152 1430 1043 1427 1342 1238 1183 1278 1333 1336 1230 1197 1245 1400 1273 1182 1323 1261 1154 1255 1226 
1366 1339 1144 1175 1099 1624 1319 1083 1195 1290 1306 1128 1277 930 1465 1191 1234 1134 1145 1394 1163 1149 1195 1109 1319 1254 1247 1172 1124 1258 1330 1214 
1233 1359 1221 1249 1268 1482 1452 1270 1291 1481 1241 1254 1500 1012 1470 1260 1315 1202 1313 1291 1247 1314 1258 1226 1434 1188 1313 1398 1296 1134 1264 1271 
1174 1157 996 934 1086 1552 1311 1120 1149 1281 1133 986 1236 927 1255 1241 1185 999 1099 1154 1230 1314 1121 1049 1291 1151 1041 1232 1210 1138 1164 1073 
1248 1205 1197 1170 945 1526 1236 1026 1100 1300 1212 1140 1294 873 1321 1467 1268 1108 1192 1152 1073 1277 1188 1002 1277 1076 1134 1176 1201 1121 1175 1094 
1249 1225 1103 1168 1177 1535 1257 1089 1190 1319 1102 1158 1392 917 1410 1174 1136 1092 1162 1339 1257 1261 1245 1249 1226 1185 1209 1211 1167 1139 1300 1214 
1292 1327 1178 1125 1026 1471 1203 1100 1119 1197 1003 1173 1252 948 1383 1277 996 1082 1110 1217 1069 1302 1123 1089 1290 1113 1005 1146 1132 1108 1229 1077 
1570 1414 1135 1270 1141 1665 1504 1150 1253 1433 1309 1239 1418 1116 1569 1369 1283 1243 1403 1516 1279 1342 1271 1213 1464 1250 1397 1405 1383 1285 1380 1441 
1433 1398 1225 1126 1221 1542 1383 1156 1291 1368 1181 1260 1528 1194 1410 1247 1139 1166 1536 1436 1421 1292 1315 1158 1362 1233 1347 1230 1249 1244 1377 1312 
1342 1437 1282 1255 1136 1623 1356 1120 1346 1492 1355 1245 1534 1046 1496 1350 1275 1099 1401 1460 1291 1264 1430 1242 1382 1224 1372 1249 1212 1330 1391 1282 
1136 1204 1162 1240 1023 1597 1313 1005 1155 1314 1202 1133 1297 894 1455 1170 1319 1119 1175 1271 1334 1263 1288 1262 1497 1148 1220 1299 1226 1118 1309 1282 
1232 1271 1166 1302 1233 1546 1199 1384 1265 1261 1227 1269 1349 1006 1498 1300 1395 1224 1395 1417 1403 1291 1348 1138 1319 1243 1238 1311 1149 1209 1434 1218 
1326 1103 1022 1117 1202 1461 1255 1301 1109 1249 1217 1243 1295 1044 1390 1294 1148 1091 1267 1435 1184 1221 1121 1103 1276 1148 1259 1297 1210 975 1275 1212 
1356 1407 1188 1244 1113 1638 1372 1198 1313 1488 1305 1101 1308 1072 1535 1242 1356 1266 1236 1314 1344 1305 1297 1208 1521 1183 1321 1326 1190 1226 1274 1316 
1435 1258 1304 1246 1179 1739 1389 1275 1315 1321 1308 1214 1355 1019 1499 1392 1370 1178 1316 1411 1376 1224 1282 1320 1331 1270 1294 1320 1092 1195 1434 1311 
1115 1073 1062 1008 1050 1433 1234 955 1019 1272 1165 1151 1297 877 1321 1062 1076 1033 1231 1209 1203 1122 1106 1130 1208 1082 1077 1245 1147 994 1203 1083 
1314 1327 1272 1320 1113 1678 1389 1194 1275 1511 1358 1265 1422 1144 1456 1321 1216 1175 1463 1400 1286 1266 1257 1261 1405 1194 1267 1436 1293 1101 1330 1346 
1639 1622 1384 1444 1506 1932 1587 1507 1431 1839 1579 1543 1793 1307 1722 1641 1663 1424 1584 1680 1612 1582 1606 1532 1661 1543 1491 1610 1599 1468 1615 1672 
1151 1170 1005 1043 1104 1369 1194 990 967 1251 1114 1183 1229 908 1260 1211 1183 1024 1150 1225 1156 1104 1070 931 1069 1038 1035 1154 1213 1025 1132 1188 
1548 1417 1228 1302 1234 1744 1500 1122 1096 1498 1441 1394 1472 1156 1545 1264 1373 1249 1481 1516 1337 1219 1354 1320 1564 1363 1352 1370 1264 1372 1410 1441 
1332 1219 1148 1245 1021 1498 1347 1067 1153 1337 1233 1341 1308 883 1448 1173 1343 1189 1223 1318 1214 1106 1161 1207 1428 1272 1166 1158 1001 1061 1320 1319 
1385 1244 1202 1363 1219 1652 1388 1272 1240 1387 1335 1342 1357 1126 1517 1269 1299 1242 1442 1500 1426 1254 1364 1288 1458 1249 1347 1331 1204 1288 1336 1258 
1225 1267 1179 1107 1162 1463 1248 1278 1253 1310 1172 1244 1362 1089 1296 1277 1188 1148 1236 1353 1353 1327 1250 1115 1407 1173 1073 1249 1192 1204 1316 1180 
1381 1343 1152 1206 1116 1533 1224 1057 1069 1275 1122 1267 1312 989 1480 1143 1095 1181 1388 1397 1199 1157 1188 1049 1288 1105 1276 1217 1119 1142 1226 1263 
1331 1348 1178 1295 1109 1564 1365 1134 1264 1465 1238 1166 1365 853 1431 1292 1341 1092 1240 1261 1168 1317 1191 1140 1348 1173 1291 1242 1184 1121 1280 1145 
1433 1319 1176 1458 1274 1649 1465 1208 1278 1475 1497 1409 1543 1025 1639 1358 1518 1306 1513 1570 1355 1329 1362 1305 1493 1298 1468 1322 1301 1290 1499 1469 
1409 1312 1300 1413 1251 1736 1488 1285 1316 1557 1399 1361 1514 1033 1518 1427 1377 1249 1452 1400 1384 1366 1280 1355 1390 1321 1302 1278 1343 1236 1389 1411 
1606 1486 1442 1368 1309 1965 1510 1394 1419 1608 1417 1388 1574 1206 1558 1412 1508 1223 1460 1546 1616 1407 1377 1338 1604 1435 1458 1496 1391 1384 1581 1375 
1430 1501 1298 1233 1189 1606 1447 1157 1277 1513 1405 1227 1521 1072 1482 1355 1315 1258 1375 1389 1262 1410 1239 1136 1383 1274 1190 1412 1358 1230 1351 1370 
1185 1274 1031 1082 1032 1396 1242 1137 1175 1340 1242 1173 1307 852 1414 1203 1293 1119 1164 1326 1176 1158 1242 1007 1272 1162 1176 1054 1071 1193 1237 1201 
