5081 5123 5454 5236 5099 5616 5412 5190 5012 5197 5015 4986 5161 5077 5820 5188 5291 5565 5319 5803 5648 5117 5526 4978 5660 5249 5191 5424 5098 5100 5725 5603 
4811 4440 4936 4975 4805 5225 4711 4875 4584 4996 4828 4790 4865 4674 5243 4814 5044 4948 4976 5591 5109 4313 5039 4660 5160 4956 4749 4890 4630 4715 4922 5097 
4864 4318 4945 5042 4912 5306 4959 4755 4528 5020 4791 4808 4849 4693 5458 4923 4923 4946 5244 5554 5056 4691 5100 4580 5003 5021 4864 4953 4764 4868 4917 5018 
4895 4672 4959 4965 4884 5461 4972 4764 4657 4839 5114 4815 4911 4657 5631 4872 4789 4847 5000 5588 4909 4374 4905 4509 5003 4845 4883 4744 4387 5000 5017 4835 
5130 4904 5153 5361 5276 5526 5263 5095 5116 5328 5093 5093 5322 4857 5637 4893 5091 5264 5305 5772 5436 4950 5362 4783 5189 5272 4982 5269 4870 4974 5206 5256 
4918 4746 5255 5050 5144 5572 5120 5356 4813 4990 5284 4866 5000 5045 5587 5231 4980 4929 4994 5400 5296 4988 5185 4688 5119 5041 4879 5089 4788 5125 4950 5013 
4869 4734 5336 5015 5027 5335 5035 4986 4622 5046 4971 4992 5010 4762 5455 5188 5136 4953 5115 5553 5021 4886 5255 4537 5012 5082 4967 5156 4814 4836 5118 5046 
4778 4822 5181 4931 5080 5549 4998 4900 4829 5060 4766 5098 5147 4841 5547 5161 4984 4943 5294 5800 5234 4839 5601 4876 5171 5178 5060 5115 4714 4812 5378 5033 
4877 4870 5176 4753 4671 5328 4908 4876 4680 4586 4777 4487 4898 4893 5312 4874 4518 4829 4744 5312 5015 4820 5059 4680 4985 4997 4497 4801 4423 4865 4939 4930 
5512 5081 5561 5539 5439 5934 5718 5502 5242 5476 5443 5497 5376 5350 6133 5514 5419 5545 5615 6346 5793 5285 5704 5167 5634 5596 5683 5783 5282 5456 5653 5694 
4986 4942 5481 5012 5230 5703 5219 5132 4866 5144 5099 5095 5197 5229 5658 5055 4784 5215 5461 5748 5517 4925 5500 4934 5220 5246 5227 4914 4938 5138 5553 5084 
5201 5136 5228 5130 5338 5802 5192 5142 5176 5099 5215 5136 5387 5075 5834 5306 4982 5312 5565 6033 5217 4751 5654 4938 5278 5455 5132 5301 5059 5061 5470 5205 
5083 5015 5322 5189 5314 5911 5000 5123 5012 5263 5300 4975 5171 4905 5756 4965 5267 5242 5164 5871 5406 4963 5551 5009 5551 5133 5329 5440 4918 4898 5355 5320 
4741 4551 5106 5111 4867 5312 4957 5140 4610 4791 5108 4701 4940 4843 5395 5069 5015 5166 5159 5362 5073 4712 5045 4546 4978 4954 4820 4942 4461 4771 5110 4794 
5263 4540 5198 5230 5246 5511 5222 5236 4620 5116 5134 5084 5146 4950 5600 5221 5099 5156 5451 5770 5173 4810 5307 4718 5455 5215 5180 5299 4875 4717 5125 5282 
5209 4972 5529 5268 5335 5756 5489 5517 5235 5369 5368 5208 5170 5230 5843 5215 5405 5388 5453 5929 5564 5171 5715 5290 5543 5242 5515 5379 4902 5161 5371 5376 
5171 4743 5285 5042 5081 6000 5153 5068 4853 4915 5185 5186 4959 4795 5805 5143 5239 4946 5380 5811 5313 4719 5442 4933 5053 5127 5188 5169 4645 4913 5147 5103 
4990 4739 5222 4990 5180 5795 5027 4960 4671 5093 5083 5171 5053 4925 5681 4952 4772 5233 5377 5646 5302 4721 5253 4987 5249 5200 5095 5275 4721 4920 4962 4971 
5132 4899 5405 5258 5201 5808 5557 5475 5149 5525 5467 5232 5387 5420 5892 5222 4985 5185 5682 6079 5504 5014 5548 5100 5186 5162 5163 5394 5191 5133 5295 5346 
5278 5158 5286 5207 5619 5715 5258 5209 4975 5472 5279 5380 5370 5011 5735 5456 5517 5379 5276 5889 5211 4976 5256 5166 5468 5425 5205 5460 5341 5075 5153 5665 
4944 4856 5053 4845 5121 5293 4975 4815 4769 5131 5031 5018 5077 4849 5641 5195 5130 4962 5012 5449 5187 4655 4953 4585 4938 5003 4924 5069 4797 4523 4929 4998 
4965 4913 5161 4855 5071 5264 5004 4826 4426 4759 5119 4842 4836 4954 5575 4725 5027 4917 5225 5433 5137 4453 5133 4639 5011 5041 4838 5019 4668 5028 4897 5054 
5415 5207 5491 5197 4959 5699 5561 5282 4933 5456 5176 5123 5085 5010 6071 5403 5311 5443 5376 6254 5349 4880 5379 4928 5446 5485 5257 5372 4762 5113 5349 5573 
5226 5093 5728 5834 5453 6071 5463 5307 4888 5513 5584 5433 5366 5475 6046 5429 5384 5608 5870 6265 5765 5125 5748 5131 5557 5584 5553 5472 5137 5513 5483 5358 
5037 4966 5331 5381 5125 5616 5121 5132 4914 5271 5269 5044 5169 5127 5493 5327 5121 5337 5526 5904 5656 4982 5674 4651 5319 5194 5307 5390 5049 5082 5172 5251 
5239 4993 5360 5228 5196 5814 5059 5007 4936 5314 5381 5180 5126 5134 5957 5272 5028 5255 5679 5933 5445 4871 5616 4934 5245 5290 5396 5470 4872 4942 5096 5038 
4873 4759 5024 5121 5186 5559 4979 5046 4771 5025 5063 5111 4886 4682 5660 5000 5123 5008 5333 5509 5207 4803 5295 4806 5198 4791 5221 5189 4794 4908 5208 4984 
5287 5181 5457 5552 5607 5953 5517 5382 4940 5504 5539 5298 5445 5045 6161 5306 5749 5465 5612 6199 5560 5122 5498 5027 5527 5449 5683 5463 5087 5172 5516 5709 
5030 4794 5428 5337 5065 5719 5155 5181 5046 5046 5358 5075 5149 4941 5522 5079 4924 5059 5199 5646 5469 4987 5165 5035 5148 5285 5190 5087 4906 5220 5230 5254 
5566 5267 5572 5433 5628 6354 5381 5475 5339 5659 5455 5337 5489 5403 5999 5611 5739 5495 5602 6053 5849 5343 5750 5222 5748 5635 5474 5629 5183 5376 5806 5531 
5091 4734 5393 5306 5105 5605 5263 5156 4928 5299 5268 4844 5063 4952 5651 5245 4997 5236 5336 5685 5279 4963 5236 4839 5317 5078 5252 5264 5048 4995 5178 5183 
5243 5280 5525 5030 5228 5687 5363 5412 5183 5350 5387 5179 5686 4914 6118 5377 5595 5532 5637 6107 5586 5065 5720 4788 5292 5468 5271 5096 4994 5185 5473 5464 
