3057 3122 2987 3064 2784 3369 3388 3165 3125 3106 2949 3120 3252 2885 3563 3221 3118 3436 3111 3653 3357 3026 3385 2904 3510 3132 3036 3113 2958 3095 3514 3397 
2967 2873 2845 2881 2645 3132 2970 2917 2881 2951 2878 3004 2955 2706 3214 2936 3134 3018 2994 3480 3011 2622 3043 2766 3251 2982 2854 2884 2762 2879 3102 3131 
2950 2951 2988 3076 2865 3330 3208 2942 3029 3138 2912 3042 3120 2897 3435 3113 3117 3086 3247 3515 3179 2870 3197 2810 3212 3150 2918 3137 2913 2871 3085 3155 
3038 3042 2866 3005 2689 3497 3089 2823 3119 2793 3053 3021 3103 2646 3371 3065 2908 2981 3012 3605 2915 2709 3058 2682 3167 3067 2877 2925 2681 3126 3205 2917 
3260 3290 3170 3357 3019 3464 3481 3335 3391 3469 3111 3411 3594 3097 3549 3317 3206 3321 3333 3807 3387 3306 3391 3018 3399 3224 3212 3230 2997 3288 3399 3451 
3044 3007 3067 2902 2947 3473 3274 3410 3194 3110 2989 3016 3192 3068 3473 3360 3229 3082 3034 3455 3167 3198 3130 2866 3247 3104 3056 3109 2934 3131 3215 3143 
3191 3259 3498 3303 2980 3544 3408 3340 3317 3251 3199 3421 3488 3105 3696 3688 3433 3381 3409 3688 3331 3353 3480 2960 3426 3349 3376 3346 3177 3233 3481 3332 
2896 3008 2937 2906 2731 3296 3133 3037 3127 2966 2722 3188 3238 2888 3325 3226 2978 3062 3203 3595 3157 2884 3461 3067 3257 3098 3112 3053 2793 2913 3323 3032 
3099 3190 3179 2955 2790 3352 3106 3116 3050 2910 2829 2997 3224 2992 3335 3132 2777 3061 3013 3553 3053 3074 3163 2752 3254 3067 2757 3098 2669 3008 3247 3095 
3411 3210 3151 3233 3030 3616 3511 3285 3353 3265 3078 3469 3368 3168 3639 3403 3349 3438 3326 4023 3335 3199 3411 3009 3527 3333 3445 3514 3163 3297 3514 3435 
3084 3116 3052 2867 2812 3454 3341 3228 3162 3100 2900 3083 3375 3076 3438 3116 2901 3106 3369 3591 3307 2991 3293 2907 3247 3140 3137 2916 2893 3026 3425 3089 
3237 3482 3179 3171 3097 3693 3329 3245 3428 3274 3283 3433 3533 3126 3605 3440 3119 3449 3638 4045 3300 2939 3672 3033 3481 3346 3197 3323 3169 3220 3530 3318 
3126 3299 3172 3240 2964 3593 3224 3099 3272 3126 3024 3132 3360 2993 3475 3173 3273 3312 3082 3795 3274 3119 3412 3116 3499 3172 3182 3318 2859 3068 3372 3361 
3067 3074 3159 3269 2881 3448 3287 3475 3232 3092 3129 3102 3406 3089 3683 3458 3387 3438 3406 3665 3298 3151 3258 2882 3188 3272 3021 3158 2913 3066 3497 3194 
3212 2903 2963 3039 2951 3282 3254 3159 2998 3015 2868 3086 3373 2879 3407 3338 3030 3051 3271 3754 3069 2873 3216 2768 3266 3265 3156 3198 2865 2717 3141 3172 
3262 3392 3294 3134 3071 3638 3550 3450 3481 3465 3190 3354 3338 3146 3629 3382 3484 3461 3291 3817 3576 3273 3626 3217 3560 3094 3378 3394 2984 3115 3488 3315 
3137 3018 3117 3042 2785 3690 3193 3120 3074 2888 3005 3231 3061 2826 3557 3281 3292 3033 3226 3704 3217 2805 3247 3012 3143 3024 3220 3083 2557 2896 3303 3078 
3071 3149 3143 3039 2957 3615 3267 2929 3012 3134 2995 3279 3258 2886 3529 3121 3049 3181 3409 3689 3273 2944 3219 3203 3347 3208 3033 3175 2825 3026 3282 3098 
3300 3239 3289 3290 2949 3729 3579 3433 3431 3493 3393 3278 3507 3323 3693 3415 3115 3374 3702 3866 3384 3179 3494 3224 3440 3274 3134 3345 3194 3051 3431 3336 
3427 3580 3368 3313 3496 3806 3347 3353 3477 3630 3312 3563 3674 3197 3754 3769 3687 3548 3438 4041 3388 3263 3453 3224 3589 3519 3324 3462 3412 3297 3453 3596 
3051 3169 3027 3020 2901 3359 3218 3048 3202 3242 3086 3206 3341 3034 3606 3533 3365 3124 3122 3653 3166 3052 3116 2689 3141 3125 2958 3247 3065 2899 3115 3195 
3269 3256 3193 3129 3033 3524 3403 3099 3034 3113 3310 3354 3238 3018 3606 3129 3361 3266 3485 3697 3333 3034 3370 2939 3436 3224 3130 3211 3049 3318 3490 3367 
3473 3566 3357 3219 3017 3583 3551 3341 3443 3380 3230 3460 3437 3038 3791 3508 3543 3583 3398 4078 3394 3053 3412 3153 3660 3614 3227 3315 2858 3213 3578 3690 
3449 3456 3548 3694 3154 3861 3668 3446 3357 3466 3415 3601 3610 3510 3854 3565 3502 3639 3719 4155 3606 3312 3641 3264 3709 3622 3564 3387 3118 3519 3608 3450 
3198 3271 3177 3092 3003 3391 3162 3207 3234 3169 3020 3139 3365 3094 3377 3442 3200 3286 3319 3815 3396 3061 3428 2906 3301 3297 3094 3193 3104 3033 3225 3298 
3133 3227 3128 3134 2853 3451 3108 3010 3122 3104 2986 3307 3282 3032 3586 3209 3073 3240 3387 3784 3246 3007 3381 2976 3268 3084 3217 3294 2824 2931 3100 3139 
2967 3057 2743 2984 2842 3453 3067 3032 3095 3051 2889 3014 2910 2602 3304 3007 3091 3012 3110 3380 2949 2985 3033 2880 3182 2812 3083 3017 2749 2879 3210 2909 
3151 3130 3009 3227 3053 3550 3407 3171 3013 3276 3150 3287 3322 2863 3530 3233 3474 3271 3372 3779 3244 3043 3150 2881 3406 3203 3271 3035 2919 3093 3349 3367 
3081 3110 3141 3124 2859 3505 3134 3117 3172 3101 3056 3262 3264 2907 3278 3192 3061 2980 3111 3515 3183 3030 3041 2932 3135 3178 2937 2964 2866 3079 3254 3162 
3354 3399 3190 3301 3081 4023 3358 3359 3519 3534 3106 3366 3588 3276 3663 3535 3513 3465 3423 3975 3688 3293 3392 3205 3599 3442 3353 3346 3098 3300 3665 3414 
3330 3348 3333 3213 3014 3541 3464 3301 3381 3387 3178 3245 3489 3148 3530 3448 3266 3381 3336 3740 3317 3201 3349 3038 3472 3336 3206 3374 3205 3222 3429 3433 
3297 3650 3317 3200 2956 3626 3476 3435 3458 3360 3302 3352 3743 2999 3886 3461 3653 3618 3600 4069 3479 3217 3642 2865 3444 3475 3214 3118 3181 3352 3508 3444 
