482 489 519 571 461 518 537 524 437 580 574 542 565 361 598 528 456 494 538 559 499 518 427 543 511 501 468 608 535 343 629 563 
640 513 565 531 481 684 458 504 430 734 657 592 566 433 617 600 701 594 562 557 583 529 487 684 671 505 477 637 633 443 618 621 
654 608 678 675 592 749 720 562 488 820 752 641 734 503 727 717 591 541 672 686 686 643 525 662 733 740 572 756 739 426 662 658 
677 633 670 673 609 763 638 606 505 715 720 659 661 499 694 622 618 584 561 703 606 606 539 602 655 672 606 649 677 518 621 680 
699 629 771 744 684 788 813 712 661 877 737 760 846 541 832 704 732 609 796 766 699 733 657 727 739 726 714 811 838 435 677 748 
521 495 518 542 563 683 639 577 511 668 530 597 589 407 587 625 571 450 548 541 583 644 500 523 594 580 536 676 636 366 510 567 
652 546 667 546 434 736 654 524 521 797 719 553 576 397 683 721 618 549 583 603 534 676 473 619 709 603 499 672 752 395 608 642 
621 559 567 588 595 739 613 528 480 740 641 651 715 417 710 616 596 548 589 642 661 661 577 623 639 644 546 709 732 439 616 612 
667 656 642 595 458 662 567 548 494 698 538 628 627 421 673 567 458 475 479 626 561 647 574 588 639 585 489 586 682 453 575 556 
778 630 603 676 532 741 695 641 484 795 682 693 654 526 721 683 619 618 667 722 598 670 536 684 703 663 612 731 771 499 645 713 
571 549 542 529 496 578 602 537 498 611 573 617 658 506 529 515 471 425 693 623 621 566 478 470 550 583 535 595 623 426 580 595 
583 628 709 640 528 693 684 636 621 841 727 635 747 473 726 667 598 489 653 689 634 649 602 645 659 678 596 663 694 471 642 647 
505 446 535 610 579 752 572 540 523 800 687 618 685 424 654 579 661 542 569 571 712 623 511 708 674 619 536 686 663 387 583 656 
541 505 545 618 615 648 517 716 574 620 629 651 681 461 627 602 665 509 636 661 664 583 502 549 533 629 513 628 625 456 648 628 
591 481 581 595 589 645 637 615 442 684 628 609 575 481 694 659 547 481 633 681 563 648 460 551 601 587 615 700 722 309 568 633 
715 713 748 740 572 790 683 688 631 936 786 634 695 505 751 642 696 647 647 670 683 730 609 696 791 686 681 760 666 477 645 772 
596 552 664 613 554 765 647 652 555 714 662 580 611 434 666 721 687 561 594 633 621 636 518 655 648 655 562 741 636 428 729 656 
531 428 537 564 598 681 635 495 425 693 611 718 638 452 702 589 552 523 669 636 619 591 517 666 632 593 490 738 686 361 578 583 
678 714 781 794 647 872 783 790 698 1045 843 768 846 630 831 745 713 666 855 778 797 829 671 809 799 755 676 895 841 469 731 827 
728 749 699 800 726 837 703 773 639 976 852 845 816 594 871 835 848 689 740 788 788 810 712 861 794 786 697 835 910 547 813 840 
660 616 590 637 671 732 684 624 497 803 715 836 685 496 756 690 753 565 704 754 700 613 596 564 722 658 581 701 831 444 632 705 
737 681 607 692 641 793 703 542 405 819 732 754 719 630 730 654 608 681 727 765 665 643 574 713 699 689 616 750 735 579 677 761 
777 675 721 762 521 798 743 613 610 843 762 766 716 426 744 695 707 652 638 715 709 611 461 716 779 798 592 752 696 407 721 720 
675 553 675 737 652 732 713 658 539 827 694 699 690 551 740 564 666 608 697 731 701 658 619 683 735 658 658 747 682 521 635 678 
546 517 638 582 541 629 567 632 564 687 570 607 648 522 602 605 565 467 601 697 667 668 528 536 611 603 443 659 712 394 636 637 
665 646 554 630 559 633 613 583 445 727 647 683 636 489 672 548 502 588 609 704 577 576 532 575 614 576 581 632 675 518 578 664 
655 672 696 772 584 779 666 690 627 909 736 674 656 452 760 701 712 616 603 642 628 723 558 674 673 659 662 695 734 472 611 609 
610 552 602 714 601 680 607 587 480 797 794 679 662 451 714 571 697 598 623 667 644 587 496 685 709 595 603 661 748 420 674 681 
704 662 779 797 682 882 809 755 701 995 859 807 804 530 829 773 816 645 748 760 744 754 647 782 814 787 635 763 838 518 768 792 
795 678 769 786 688 958 714 777 706 931 824 774 808 603 770 726 824 688 769 809 859 799 642 765 792 787 710 817 841 602 790 776 
715 712 760 698 620 789 704 609 549 904 761 730 735 548 757 694 669 638 734 727 678 686 579 672 726 680 624 765 769 485 677 661 
610 611 613 546 500 649 522 604 533 702 656 633 585 374 682 569 592 512 525 671 576 537 512 488 606 562 545 574 585 414 562 630 
