600 769 687 762 637 749 729 854 676 678 731 777 783 512 738 724 768 804 687 632 574 694 611 637 670 656 764 762 658 567 708 700 
602 517 477 536 454 557 628 576 528 531 513 533 580 454 530 469 622 620 419 416 409 503 468 535 483 446 564 575 611 481 494 540 
667 565 597 698 495 678 597 645 575 673 610 585 667 440 676 558 653 616 469 533 498 535 632 623 552 562 615 588 568 563 614 590 
603 715 607 599 506 659 681 632 602 711 568 748 685 492 508 620 764 794 587 481 422 598 532 539 587 529 743 714 618 509 691 619 
597 509 574 640 493 532 534 565 586 562 559 659 665 448 652 526 563 605 446 516 537 533 542 645 475 491 634 610 555 551 597 544 
589 608 644 721 544 615 601 673 471 685 572 704 800 434 603 597 657 658 503 513 503 584 588 574 518 553 759 551 495 472 550 566 
597 556 586 609 475 630 622 573 568 656 615 638 589 458 610 581 684 687 553 570 563 409 641 578 495 579 695 636 650 587 634 621 
657 644 635 513 513 618 704 643 712 678 560 742 550 512 601 637 704 704 618 501 494 530 513 659 516 533 646 769 694 474 650 518 
559 482 598 647 529 616 653 635 601 682 641 732 559 430 662 594 629 666 503 580 480 506 513 546 550 539 648 699 565 559 618 557 
623 770 775 669 522 679 696 793 684 678 638 758 775 578 707 719 766 864 649 628 660 730 549 723 569 607 750 793 657 574 778 728 
748 782 828 734 645 765 756 834 793 794 724 865 831 564 806 693 824 844 697 640 641 708 660 817 670 742 797 891 709 613 771 803 
661 764 741 636 585 712 671 760 725 680 622 722 804 560 715 670 841 862 711 627 548 584 605 705 515 669 779 818 732 629 767 772 
540 677 619 679 587 675 627 853 598 585 701 670 732 488 682 622 793 715 674 584 459 650 510 526 545 642 642 709 636 573 704 605 
708 636 626 743 555 801 812 802 763 743 707 815 801 567 717 614 828 749 609 520 511 671 600 744 670 612 793 780 697 644 755 665 
466 672 651 637 476 715 702 698 697 654 701 720 690 481 588 652 753 731 623 505 534 516 550 585 543 560 677 748 573 523 711 565 
696 604 592 678 487 664 558 651 634 679 532 659 699 432 657 548 680 652 532 542 503 602 582 652 596 601 717 583 506 582 676 534 
721 797 723 592 486 775 687 795 766 805 659 691 662 527 608 668 783 857 694 653 507 643 575 632 684 533 679 834 741 550 785 731 
467 637 575 535 481 573 517 587 546 577 568 621 672 400 541 523 647 638 459 464 408 498 513 517 479 520 611 567 498 429 593 602 
553 539 520 577 532 571 593 597 627 587 577 636 611 391 597 494 642 653 485 463 423 463 519 521 486 501 614 611 588 519 663 536 
776 894 883 932 730 861 845 951 674 928 806 892 938 587 857 805 877 899 712 684 693 733 771 873 740 711 912 875 792 708 767 892 
509 456 495 450 355 493 548 488 433 533 441 509 474 395 489 500 487 515 468 415 406 470 443 482 385 481 536 504 525 401 493 485 
677 835 671 735 616 730 712 825 647 727 716 767 835 504 661 650 790 875 614 578 496 691 572 629 695 522 746 779 729 606 755 774 
558 687 519 511 452 601 510 644 599 570 492 555 502 384 555 589 635 670 651 524 388 499 486 551 579 491 599 629 549 527 655 524 
629 570 647 686 502 767 641 712 732 706 671 658 728 510 666 519 744 769 601 619 518 567 538 631 569 559 684 715 589 599 752 652 
641 581 702 731 584 641 687 692 691 680 638 772 726 463 744 608 679 701 606 590 599 574 651 673 556 576 813 711 596 601 674 599 
581 691 680 622 504 704 613 749 660 705 535 743 700 454 658 575 701 728 514 567 404 537 501 662 624 558 729 700 571 562 693 725 
452 663 656 557 538 645 614 582 582 658 521 648 653 377 665 659 652 746 528 578 504 502 549 570 506 540 614 710 594 538 645 642 
673 860 802 706 553 850 877 815 797 788 728 776 773 607 785 827 911 989 774 658 658 712 641 757 672 674 811 925 795 718 885 826 
592 614 614 662 442 741 667 620 640 701 613 663 638 446 652 598 644 735 601 541 468 514 491 572 563 571 675 679 564 563 742 648 
682 766 757 670 717 705 730 819 702 788 680 799 757 466 723 687 834 789 582 644 598 634 653 673 643 665 774 797 726 607 686 734 
511 684 679 711 508 691 662 675 569 711 750 750 705 499 721 644 641 800 594 655 552 648 549 596 585 584 705 671 607 549 677 671 
619 626 590 637 487 701 678 569 575 686 607 620 645 448 659 603 705 740 561 540 509 555 598 627 575 603 682 647 551 603 645 601 
