3058 3585 3326 3278 3216 3486 3469 3846 3312 3134 3290 3287 3367 3280 3853 3123 3735 3636 3383 3063 2986 3272 2903 3094 3238 3535 3192 3218 3519 3336 3188 3084 
2902 2895 3031 2762 2680 3077 3014 3074 2934 2873 2876 2850 2740 2996 3103 2485 3183 3188 2795 2479 2514 2985 2541 2743 2901 2963 2931 2713 3322 3117 2653 2577 
2900 3009 3054 3123 2778 2964 3165 3266 2778 2862 2947 2767 3162 2792 3312 2722 3371 3126 2991 2677 2626 2883 2871 2654 2896 3097 2855 2829 3151 3230 2964 2717 
2575 3286 3033 2809 2969 3005 2898 3041 2947 3056 2699 2944 3097 3063 3197 2720 3419 3314 3110 2703 2705 2784 2428 2541 3222 2935 3088 2825 3131 3023 2941 2699 
3154 3212 3321 3143 3056 3100 3209 3349 3180 3050 3028 3106 3286 3039 3825 3038 3417 3342 3193 3041 3151 3114 2933 2986 3130 3329 3235 3210 3262 3461 3118 2932 
2993 3274 3356 3423 2908 3196 3294 3524 3108 3195 3041 3183 3250 3201 3453 2945 3339 3229 3247 2881 3073 3001 2799 2819 3002 3206 3316 3113 3344 3337 3109 2912 
2980 3506 3595 3308 3099 3288 3334 3338 3297 3197 3239 3006 3029 3228 3481 3039 3638 3438 3269 3125 3140 2991 2958 2809 3098 3376 3319 3183 3686 3453 3039 3262 
2934 3342 3371 2890 3044 3200 3301 3360 3168 3032 2993 3082 2890 3045 3217 2889 3439 3178 3069 2919 2849 2948 2809 2906 2876 3225 3273 3161 3317 3154 2925 2787 
2727 2939 3134 3172 2803 3066 3239 3302 3031 2836 3007 3018 2876 2899 3383 2909 3313 3189 3177 2696 2793 2917 2825 2763 2998 3072 3229 2976 3299 3193 3013 2835 
2967 3849 3619 3389 3262 3388 3436 3719 3373 3133 3168 3522 3484 3549 3694 3364 3762 3811 3568 3220 3398 3390 3135 3175 3217 3460 3327 3338 3831 3594 3379 3282 
3068 3479 3391 3190 3103 3005 3251 3534 3299 3088 3253 3340 3337 3080 3618 3073 3620 3397 3301 2728 3038 3036 2893 3067 3036 3370 3105 3255 3302 3300 3083 3184 
3267 3549 3649 3174 3147 3341 3373 3651 3180 3104 3166 3054 3344 3274 3598 3126 3827 3646 3367 2879 2947 3319 3058 3061 3067 3385 3534 3403 3405 3416 3262 3181 
3109 3376 3421 3283 3191 3149 3415 3755 3273 3020 3151 3309 3162 3202 3700 3206 3704 3434 3450 2896 3000 3258 2917 2837 3283 3323 3257 3258 3526 3488 3259 2968 
3035 3312 3307 3245 2845 3159 3299 3476 3267 3101 3135 3116 3061 3089 3450 2819 3626 3380 3016 2728 2958 2825 2570 3079 3152 3154 3157 3077 3228 3169 3328 2935 
2794 3292 3299 2972 2954 3181 3196 3410 3077 2989 3113 3056 3138 2926 3468 2833 3555 3356 3021 2728 2909 2898 2801 2997 3037 3223 3122 3012 3236 3198 3156 2716 
3234 3449 3211 3232 3181 3199 3354 3614 3220 3142 3081 3252 3260 3182 3637 2881 3558 3415 3249 3051 2917 3298 3111 2987 3185 3362 3428 2969 3343 3719 3161 3149 
2935 3406 3122 3010 2905 3133 2917 3421 3367 3113 2986 2929 2898 2868 3373 2709 3383 3216 3280 3062 2691 3038 2813 2813 2985 3165 2934 2972 3284 3224 3094 2865 
3177 3377 3390 3252 3286 3352 3296 3566 3260 3117 3254 3246 3239 3034 3522 3041 3646 3496 3359 2945 3018 3238 2874 2806 3124 3346 3371 3067 3355 3298 3197 2976 
2993 3423 3223 3276 3033 3137 3265 3564 3426 3138 3130 3125 3199 3202 3594 3095 3778 3656 3218 3084 3102 3142 2840 2931 3147 3393 3173 3253 3433 3416 3328 2952 
3050 3528 3651 3445 3183 3343 3365 3564 3107 3479 3170 3440 3503 3305 3566 3008 3714 3613 3364 2832 3194 3249 2928 3109 3269 3284 3301 3123 3738 3372 3052 2987 
3026 3330 3287 3020 2960 3047 3147 3351 3099 2911 2925 3189 3197 3174 3410 2733 3284 3220 3187 2711 2978 2953 2773 2962 2949 3246 2997 2928 3546 3155 2902 2888 
2913 3289 3058 3023 2913 3173 2958 3327 3166 3087 2994 3036 3017 2937 3128 2811 3453 3407 3101 2839 2743 2971 2799 2729 3109 2859 3081 2904 3345 3213 2954 2841 
3179 3678 3334 3181 3328 3414 3418 3556 3338 2951 3231 3151 3082 3187 3475 3154 3613 3707 3449 2832 2971 3226 3197 2987 3222 3422 3302 3086 3472 3546 3398 2756 
3308 3482 3575 3426 3199 3478 3350 3586 3700 3461 3436 3451 3488 3311 3860 3207 4010 3650 3473 3176 3276 3209 2992 3181 3368 3622 3360 3466 3793 3667 3618 3220 
3225 3299 3524 3297 3134 3317 3326 3498 3198 3025 3202 3256 3283 3149 3728 3046 3556 3476 3319 2919 3245 3169 3177 3052 3367 3424 3321 3161 3520 3524 3134 2855 
3029 3492 3153 3062 3053 3347 3094 3659 3378 3115 2784 3180 3171 3082 3444 2964 3661 3467 3173 3005 2865 3181 2845 2995 3150 3261 3012 3019 3507 3323 3052 3053 
2751 2980 3235 3032 2975 3009 3216 3254 2936 2846 2825 2897 3082 2891 3296 2824 3311 3311 2991 2735 2788 2804 2689 2711 2973 3028 3045 2960 3136 3148 2985 2967 
3165 3374 3429 3154 3029 3293 3461 3582 3391 3019 3191 3242 3217 3159 3461 3198 3560 3714 3389 2875 3138 3159 3132 3200 3217 3367 3407 3166 3377 3544 3320 2932 
2931 2930 3171 2906 2864 3187 3123 3199 3156 3081 3054 3056 3067 2965 3364 2766 3264 3399 3080 2746 2944 2857 2715 2755 3136 3142 2973 2909 3210 3289 2880 2898 
3139 3529 3705 3349 3453 3223 3376 3737 3405 3207 3067 3288 3336 3307 3735 3294 3731 3424 3291 3218 3178 3245 3017 2972 3252 3483 3357 3270 3717 3410 3226 3056 
2885 3293 3261 3298 2901 3313 3364 3276 2982 3137 3049 3135 3022 3306 3424 3023 3374 3536 3295 3040 3044 3225 3039 2913 3187 3195 3156 3030 3380 3415 3149 2937 
3289 3551 3553 3270 3267 3391 3469 3573 3220 3369 3356 3315 3349 3244 3729 3070 3671 3785 3400 3114 3246 3182 3053 3138 3319 3480 3427 3234 3640 3664 3395 3003 
