4442 4990 4663 4524 4504 4835 4875 5309 4887 4418 4619 4712 4680 5086 5100 4379 5376 5184 4594 4380 4425 4854 4439 4544 4648 4929 4572 4792 4847 4409 4683 4396 
4198 4143 4346 4028 3936 4435 4280 4423 4369 4237 4181 4123 3961 4577 4445 3629 4795 4540 4025 3741 3986 4394 4005 4129 4208 4292 4208 4059 4739 4248 4053 3912 
4146 4228 4325 4277 3813 4289 4283 4439 4023 4039 4079 4101 4262 4004 4350 3841 4788 4411 4103 3963 3950 4244 4151 3932 4091 4272 4039 4041 4359 4292 4249 3918 
3874 4488 4314 3966 4085 4309 4068 4439 4361 4253 3959 4355 4271 4512 4304 3869 4943 4588 4382 3957 4152 4213 3810 3867 4436 4299 4318 3959 4460 4225 4306 4069 
4306 4290 4531 4295 4148 4343 4338 4470 4458 4101 4216 4368 4430 4438 4986 4030 4971 4531 4248 4086 4505 4469 4279 4269 4429 4512 4378 4493 4517 4458 4271 4196 
4346 4507 4828 4671 4180 4518 4484 4812 4555 4528 4411 4690 4456 4705 4680 4135 4914 4538 4424 3994 4616 4523 4281 4239 4288 4545 4521 4512 4622 4562 4522 4164 
4203 4511 4778 4315 4134 4380 4342 4424 4464 4324 4421 4219 3950 4582 4492 4008 4947 4671 4312 4093 4392 4213 4141 4059 4155 4345 4370 4458 4781 4358 4216 4394 
4306 4608 4738 4185 4423 4589 4704 4736 4549 4410 4320 4568 4198 4605 4402 4006 5151 4707 4249 4175 4333 4585 4323 4426 4141 4650 4679 4588 4648 4238 4339 4250 
3818 4052 4322 4124 3989 4262 4302 4450 4297 3969 4283 4343 3963 4329 4379 4094 4713 4448 4283 3790 4153 4322 4107 4075 4175 4340 4407 4185 4411 4272 4266 3955 
4384 5221 5087 4727 4466 4883 4870 5224 4866 4450 4589 4968 4738 5086 4979 4698 5254 5206 4819 4611 4953 4934 4639 4605 4532 4754 4609 4788 5248 4679 4847 4670 
4468 4821 4730 4432 4347 4326 4529 4812 4666 4300 4725 4818 4594 4507 4826 4263 5135 4767 4457 4055 4459 4532 4344 4625 4321 4681 4351 4722 4626 4505 4499 4572 
4523 4694 4971 4382 4273 4600 4578 4891 4533 4296 4438 4329 4527 4717 4754 4247 5303 4951 4495 4099 4317 4609 4407 4423 4333 4626 4745 4663 4853 4425 4548 4424 
4417 4639 4770 4426 4463 4527 4706 4958 4699 4286 4508 4653 4336 4728 5076 4357 5384 4734 4738 4082 4383 4644 4296 4221 4457 4737 4381 4690 4963 4543 4652 4306 
4209 4406 4472 4329 3905 4256 4309 4609 4539 4183 4312 4356 4123 4413 4441 3861 4996 4583 4066 3865 4187 4048 3821 4309 4272 4335 4271 4305 4353 4267 4474 4066 
4221 4611 4771 4203 4137 4578 4495 4714 4518 4164 4577 4627 4438 4557 4646 4030 5293 4816 4378 4066 4489 4467 4258 4497 4401 4607 4395 4417 4623 4470 4604 4141 
4688 4638 4612 4446 4315 4703 4667 4880 4703 4367 4527 4792 4568 4759 4874 4165 5216 4833 4486 4298 4506 4744 4565 4439 4593 4760 4721 4413 4743 4999 4554 4572 
4280 4657 4521 4254 4182 4558 4124 4850 4816 4575 4427 4398 4141 4453 4651 3961 5006 4678 4499 4337 4251 4627 4320 4277 4152 4622 4278 4407 4611 4448 4566 4229 
4489 4611 4623 4318 4332 4697 4388 4695 4571 4150 4452 4537 4398 4392 4618 4079 5202 4808 4546 4134 4316 4665 4201 4118 4313 4621 4502 4500 4585 4291 4486 4184 
4196 4511 4529 4302 4311 4429 4413 4841 4824 4554 4467 4637 4286 4599 4794 4188 5381 4920 4475 4254 4541 4613 4262 4202 4394 4649 4471 4663 4723 4554 4710 4319 
4144 4616 4738 4427 4266 4567 4486 4709 4440 4533 4246 4741 4391 4550 4626 4125 5005 4823 4406 3879 4483 4526 4087 4482 4445 4456 4393 4351 4838 4362 4255 4066 
4163 4421 4494 4048 3995 4209 4250 4444 4328 3865 4080 4448 4116 4468 4496 3764 4787 4345 4379 3829 4428 4195 4004 4273 4042 4395 4041 4215 4809 4189 4137 4048 
4045 4427 4285 4094 3980 4401 4095 4400 4510 4116 4234 4247 4136 4346 4203 3837 5044 4588 4182 3878 3975 4207 4157 3945 4304 4177 4202 4181 4591 4265 4153 4129 
4471 4913 4710 4358 4507 4811 4740 4943 4744 4197 4623 4654 4398 4777 4611 4353 5097 5205 4715 4153 4385 4654 4642 4411 4512 4822 4520 4479 4747 4633 4742 4168 
4649 4734 4797 4657 4422 4833 4594 4816 5044 4688 4752 4925 4743 4744 5033 4350 5682 5031 4818 4473 4636 4744 4369 4506 4709 4917 4500 4750 5111 4778 4881 4628 
4571 4403 4975 4470 4374 4603 4582 4839 4552 4379 4580 4675 4434 4722 4845 4175 5125 4814 4596 4193 4723 4668 4628 4353 4494 4719 4492 4449 4866 4710 4471 4255 
4450 4684 4604 4314 4384 4832 4464 5040 4880 4484 4272 4730 4418 4768 4752 4285 5406 5042 4554 4348 4478 4760 4420 4545 4496 4682 4326 4468 4961 4651 4396 4559 
4070 4294 4709 4183 4326 4406 4657 4498 4363 4284 4335 4368 4275 4399 4650 4061 5017 4768 4377 4058 4336 4258 4215 4255 4285 4482 4305 4465 4602 4366 4363 4389 
4588 4735 4898 4531 4374 4804 4934 5130 5072 4418 4729 4989 4575 4898 4711 4627 5359 5372 4843 4395 4696 4787 4718 4733 4709 5023 4872 4679 4988 4798 4804 4602 
4218 4190 4488 4075 4054 4469 4376 4474 4515 4353 4445 4389 4251 4450 4547 3904 4858 4663 4283 3964 4316 4215 4099 4118 4358 4487 4180 4244 4583 4341 4015 4254 
4493 4947 5166 4602 4697 4716 4682 5165 4968 4503 4493 4789 4582 4829 5019 4549 5428 4946 4602 4522 4714 4835 4559 4498 4672 4924 4708 4877 5073 4452 4776 4371 
4033 4368 4461 4402 4154 4639 4590 4524 4302 4381 4378 4516 4279 4699 4446 4123 4871 4959 4497 4489 4487 4487 4523 4180 4352 4554 4342 4335 4682 4524 4442 4321 
4557 4802 5046 4453 4493 4730 4682 4930 4567 4805 4762 4719 4603 4799 5130 4289 5249 5125 4601 4389 4685 4644 4448 4521 4532 4909 4682 4518 5051 4814 4834 4291 
