1769 2066 1751 1600 1820 1963 1951 2097 1746 1817 1826 1899 1810 1762 1985 1827 2083 1952 1927 1683 1453 1815 1693 1616 1797 1766 1734 1807 1801 1864 1809 1529 
1784 1905 1782 1590 1675 1953 1920 1731 1657 1813 1696 1810 1608 1809 1750 1563 1950 1760 1724 1498 1411 1763 1706 1608 1732 1630 1699 1706 2119 1909 1665 1414 
1832 1877 1743 1781 1656 1852 1911 1877 1427 1761 1745 1786 1806 1685 1827 1703 1908 1721 1823 1563 1474 1711 1886 1505 1733 1616 1654 1706 1906 1996 1815 1496 
1692 2168 1713 1586 1797 1878 1780 1795 1600 1862 1513 1966 1838 1831 1721 1660 2104 1880 1880 1639 1472 1730 1462 1505 1865 1549 1825 1873 1938 1824 1843 1509 
1966 1971 1939 1803 1944 1805 1867 1847 1701 1895 1821 2024 1912 1853 2189 1884 2059 1834 1913 1810 1765 1809 1771 1727 1889 1840 1906 2019 1957 2130 1939 1656 
1822 2198 1993 1996 1795 2056 1922 1883 1681 1985 1857 1992 2024 1883 1850 1890 2066 1789 1935 1677 1678 1756 1753 1612 1654 1811 1906 1874 1919 1986 1738 1566 
1841 2186 2103 1832 1886 2163 2031 1816 1830 1923 1935 1883 1733 1942 1968 1869 2216 1932 2030 1851 1765 1711 1871 1659 1713 1905 1872 1985 2136 2159 1813 1786 
1824 2100 1929 1509 1773 1914 1954 1832 1838 1918 1805 1874 1603 1752 1768 1744 2042 1751 1893 1778 1628 1737 1690 1700 1610 1831 1784 1872 1969 1834 1739 1499 
1652 1823 1811 1769 1671 1880 1972 1834 1654 1774 1810 1818 1594 1711 1874 1773 1967 1789 1816 1626 1564 1646 1613 1491 1603 1761 1767 1917 1923 1894 1740 1559 
1741 2310 2126 1784 1765 1948 2005 2040 1748 1890 1826 2113 1942 1975 1952 1984 2202 2064 2038 1801 1842 2021 1787 1774 1668 1763 1792 1993 2178 2104 1908 1864 
1911 2150 1955 1745 1733 1815 1912 1900 1826 1869 1882 1982 1825 1796 1864 1833 2219 1842 1892 1578 1705 1806 1687 1737 1726 1850 1721 1996 1863 1954 1874 1784 
2064 2305 2166 1878 1883 2084 2151 2183 1846 2043 1956 1983 1974 2009 2158 1973 2413 2172 2196 1869 1747 2069 1886 1819 1890 2029 2070 2216 2143 2234 2067 1915 
2016 2209 2084 1981 2002 2002 2159 2272 1773 1890 2011 2130 1939 1955 2147 2042 2381 2065 2191 1739 1696 2062 1805 1660 1905 1952 1864 2134 2150 2242 2053 1713 
1939 2136 1931 1829 1701 2007 2089 2056 1967 1962 1994 1962 1809 1801 2010 1783 2378 1970 1877 1632 1620 1703 1653 1936 1795 1851 1941 1995 1920 1971 2112 1610 
1785 2192 1921 1765 1875 2078 1978 2079 1859 1883 1948 1974 1938 1783 2054 1838 2214 2073 1937 1613 1782 1783 1769 1798 1840 1902 1829 1941 2008 2048 2013 1543 
2001 2177 1787 1774 1887 2096 2032 2031 1778 1907 1746 1965 1858 1863 2010 1802 2143 1854 1898 1842 1612 1936 1935 1762 1836 1955 1941 1819 1968 2213 1860 1667 
1766 2103 1744 1521 1629 1884 1728 1797 1815 1744 1661 1641 1636 1580 1596 1496 1959 1784 1828 1675 1339 1719 1688 1554 1699 1610 1618 1734 1885 1766 1680 1579 
1911 2164 1936 1631 1900 1946 1936 1968 1729 1759 1881 1948 1858 1698 1851 1845 2122 1970 2004 1625 1545 1787 1748 1617 1812 1783 1863 1769 1861 1935 1820 1571 
1742 1992 1758 1701 1685 1740 1964 1966 1734 1764 1731 1840 1683 1742 1875 1723 2169 1932 1743 1635 1638 1692 1651 1603 1673 1697 1689 1828 1861 1920 1900 1472 
1940 2283 2197 1927 1848 2116 2161 2165 1752 2208 1875 2298 2084 1854 2062 1892 2291 2137 2031 1751 1824 1996 1920 1978 1961 1841 1953 1996 2315 2121 1868 1743 
1777 2056 1740 1510 1648 1764 1854 1747 1612 1682 1616 1936 1702 1746 1678 1615 1893 1673 1840 1599 1573 1612 1574 1549 1572 1694 1628 1683 2017 1871 1641 1458 
1878 2182 1833 1711 1757 2091 1861 2094 1780 1969 1794 1993 1788 1824 1854 1788 2126 1962 1879 1660 1532 1787 1684 1630 1835 1614 1842 1863 2043 1954 1803 1719 
1927 2269 1772 1645 1941 2122 2060 2033 1868 1770 1799 1971 1711 1798 1849 1938 2092 2075 2084 1557 1594 1798 1872 1787 1905 1838 1831 1926 2061 2111 2090 1380 
2058 2260 2025 1865 1853 2199 2070 2027 2093 2106 2018 2165 2005 1986 2129 1944 2468 2044 2095 1925 1857 1819 1807 1894 1967 2041 1947 2118 2248 2219 2143 1798 
2050 1936 2072 1735 1882 1960 1991 1966 1796 1910 1893 2042 1800 1781 2086 1835 2059 1949 1882 1709 1773 1853 1954 1752 1952 1895 1827 1892 2065 2108 1835 1488 
1718 2226 1764 1659 1757 2052 1798 2088 1846 1884 1633 1949 1884 1755 1871 1809 2170 1971 1884 1731 1575 1827 1688 1685 1773 1725 1676 1848 2044 1995 1864 1678 
1541 1804 1720 1623 1645 1825 1756 1651 1479 1643 1466 1625 1683 1563 1697 1744 1802 1698 1700 1559 1512 1511 1570 1357 1587 1516 1547 1756 1722 1782 1631 1551 
1922 2209 1958 1710 1781 2065 2201 2061 1885 1871 1904 1981 1814 1873 1921 1976 2207 2134 2039 1735 1812 1933 1872 1834 1879 1933 1967 2030 2001 2139 1983 1657 
1850 1739 1772 1555 1616 1947 1922 1721 1670 1776 1707 1893 1691 1604 1842 1621 1901 1803 1763 1621 1493 1624 1568 1496 1728 1667 1704 1758 1835 1910 1626 1541 
1846 2203 2150 1750 2071 1883 2069 2093 1811 1946 1772 1982 1924 1803 2093 1947 2256 1875 1961 1807 1684 1864 1879 1702 1827 1771 1891 1961 2036 2048 1804 1673 
1882 2300 2003 1978 1806 2187 2245 2029 1666 1973 1981 2158 1828 2092 2082 1989 2107 2170 2127 1898 1787 2065 1905 1791 1991 1931 1915 2030 2125 2205 2008 1769 
2094 2364 2124 1921 2087 2272 2177 2037 1824 2198 2033 2019 1952 1946 2234 2044 2333 2159 2190 1986 1926 1987 1923 1903 2033 2110 2133 2073 2146 2360 2105 1668 
