4928 5487 5239 5183 5039 5225 5429 5715 5243 5043 5087 5170 5203 5548 5606 4890 5876 5691 5040 4913 5009 5286 4796 5027 5166 5386 5067 5244 5374 4835 5186 4957 
4687 4710 5009 4639 4485 4914 4887 4996 4868 4808 4750 4739 4529 5131 4941 4125 5254 4999 4592 4267 4606 4924 4452 4673 4714 4888 4786 4525 5342 4735 4569 4486 
4786 4941 5049 5093 4456 4879 5063 5161 4586 4817 4702 4740 4996 4643 4921 4476 5454 5006 4749 4624 4642 4844 4667 4587 4710 4962 4646 4646 5021 4900 4834 4573 
4571 5147 4996 4613 4645 4878 4837 5153 5010 4894 4561 4958 4866 5069 4906 4379 5504 5194 4956 4519 4786 4808 4275 4453 5056 4875 4932 4532 5102 4833 4837 4679 
5015 5040 5374 5150 4807 4957 5119 5193 5108 4900 4887 5012 5052 5179 5696 4676 5680 5185 4953 4775 5359 5131 4806 4923 5169 5324 5044 5071 5175 5103 4906 4948 
4966 5098 5495 5260 4660 4993 5093 5363 4998 5199 5003 5201 5039 5342 5243 4655 5415 5061 4939 4509 5259 5001 4762 4816 4876 5146 5067 5015 5169 5043 5041 4751 
4802 5144 5531 4996 4732 4915 5054 5051 5026 4906 4999 4825 4568 5157 5074 4609 5477 5168 4905 4664 5090 4789 4572 4712 4756 5044 4920 5012 5382 5011 4734 5005 
4980 5232 5460 4994 4942 5209 5288 5261 5117 5104 4896 5133 4827 5222 4932 4583 5741 5315 4753 4796 4946 5083 4766 4999 4706 5277 5282 5084 5246 4752 4914 4861 
4430 4565 4950 4791 4501 4782 4888 4884 4749 4644 4850 4843 4460 4803 5006 4655 5335 5035 4691 4334 4713 4826 4542 4617 4698 4898 4987 4762 5016 4781 4810 4559 
5098 5956 5893 5476 5110 5529 5593 5852 5477 5133 5230 5568 5323 5731 5588 5267 5849 5804 5330 5276 5643 5553 5160 5211 5185 5447 5331 5246 5898 5315 5457 5304 
5067 5521 5284 5078 4869 4852 5082 5321 5121 4977 5306 5306 5119 5096 5349 4726 5722 5338 4903 4670 5063 5088 4781 5188 4821 5297 4932 5181 5188 4925 5099 5153 
5180 5360 5711 5227 4816 5225 5225 5477 5122 5013 4984 4978 5150 5372 5408 4902 5891 5528 5062 4774 5045 5193 4823 4979 4946 5328 5281 5223 5524 4965 5065 4991 
5002 5178 5454 5171 4948 5064 5322 5557 5229 4975 4992 5327 4951 5379 5596 4946 5903 5297 5318 4674 4985 5216 4751 4847 5004 5389 4992 5230 5567 5054 5184 4873 
4844 5088 5083 4965 4543 4752 4935 5196 5029 4863 4899 4953 4775 5032 4958 4397 5625 5242 4632 4484 4839 4578 4321 4968 4885 4894 4838 4784 4891 4693 5029 4726 
4805 5261 5559 4836 4705 5103 5214 5396 5088 4783 5146 5144 5014 5154 5175 4607 5844 5347 4926 4705 5127 5024 4700 5042 4983 5260 4938 4863 5180 5069 5101 4698 
5385 5300 5338 5240 4893 5274 5483 5522 5257 5102 5156 5516 5251 5407 5543 4856 5932 5466 5122 4947 5307 5439 5128 5175 5392 5409 5389 5106 5501 5612 5169 5324 
4873 5259 5282 4923 4826 5025 4882 5496 5294 5281 4976 4970 4774 5049 5343 4582 5526 5207 5106 4867 4937 5165 4789 4893 4817 5234 4882 4972 5213 4993 5044 4880 
5049 5174 5285 5036 4889 5166 5023 5345 5150 4861 5013 5099 5001 5035 5103 4633 5712 5374 5062 4774 4999 5197 4608 4708 4885 5247 5052 4979 5206 4839 5082 4711 
4921 5282 5439 5278 4999 5095 5266 5590 5486 5446 5112 5454 5112 5397 5540 4989 6083 5612 5143 5088 5374 5331 4852 4932 5163 5481 5258 5415 5502 5212 5354 5065 
4873 5392 5659 5328 4971 5277 5259 5423 5064 5400 4960 5509 5147 5383 5415 4918 5670 5498 5093 4683 5309 5235 4685 5164 5196 5270 5188 5011 5628 4971 4926 4790 
4815 5109 5228 4807 4630 4855 4886 5019 4959 4603 4777 5032 4717 5116 5060 4347 5439 5018 4964 4556 5133 4820 4501 4926 4681 5077 4704 4646 5533 4711 4767 4704 
4765 5142 5006 4856 4648 5045 4866 5113 5164 4907 4858 4798 4764 4939 4766 4322 5693 5221 4761 4529 4619 4883 4698 4602 4937 4820 4924 4738 5302 4912 4820 4747 
5124 5591 5410 5163 5193 5359 5473 5519 5382 4974 5261 5287 4970 5379 5177 4986 5798 5929 5354 4774 5240 5336 5159 5119 5249 5413 5189 4941 5447 5292 5372 4915 
5345 5401 5516 5417 5000 5396 5366 5504 5583 5443 5368 5569 5387 5424 5650 4910 6341 5624 5380 5113 5379 5375 4856 5192 5468 5590 5164 5297 5845 5381 5548 5317 
5191 5046 5611 5128 4932 5125 5171 5394 5013 5009 5164 5231 5005 5346 5452 4703 5730 5407 5050 4728 5370 5199 5069 5031 5130 5392 5060 5041 5426 5184 5062 4903 
5112 5331 5255 5020 4944 5414 5113 5601 5392 5138 4913 5327 4992 5342 5317 4751 5955 5617 5025 4926 5129 5315 4879 5125 5080 5274 4877 5014 5629 5164 5033 5136 
4694 4986 5567 4955 4862 5001 5387 5106 4916 4987 4921 5081 4960 5044 5323 4702 5564 5283 5052 4722 5091 4876 4717 4773 4933 5159 4942 4999 5303 5012 4860 5022 
5131 5344 5619 5285 4972 5344 5615 5712 5585 5082 5348 5653 5249 5553 5218 5275 5940 5967 5440 5062 5373 5293 5119 5287 5324 5599 5550 5210 5602 5362 5397 5296 
4928 4924 5252 4963 4796 5066 5264 5194 5124 5221 5114 5227 5063 5184 5233 4618 5648 5412 5008 4730 5146 4962 4708 4937 5162 5269 4952 4972 5353 5053 4721 5060 
5282 5804 6038 5469 5354 5437 5491 5907 5661 5300 5182 5621 5354 5607 5732 5230 6111 5667 5283 5266 5492 5566 5150 5250 5393 5734 5545 5514 5845 5124 5452 5168 
4665 5107 5259 5230 4779 5229 5369 5212 4927 5153 5079 5195 5030 5352 5043 4707 5496 5553 5160 5163 5291 5080 5020 4781 5024 5238 4956 4954 5390 5182 5070 5000 
5156 5371 5687 5096 5009 5287 5261 5405 5125 5374 5296 5283 5111 5287 5674 4846 5821 5703 5099 4932 5316 5223 4859 5076 5085 5435 5135 4981 5728 5246 5281 4859 
