1179 1434 1185 1179 1290 1386 1430 1629 1172 1283 1287 1466 1392 1172 1410 1356 1392 1372 1356 1187 1004 1260 1288 1101 1225 1188 1273 1207 1269 1305 1310 1048 
1178 1141 1049 1055 1163 1318 1435 1286 1049 1172 1025 1181 1163 1128 1144 1052 1179 1231 1051 960 883 1112 1227 1007 1112 1023 1192 1050 1337 1257 1132 888 
1206 1308 1223 1273 1189 1389 1376 1358 1046 1308 1138 1265 1342 1127 1305 1193 1223 1278 1221 1038 1003 1085 1393 1050 1133 1078 1213 1105 1310 1354 1269 1015 
1083 1430 1134 1038 1177 1257 1305 1245 1124 1291 954 1386 1287 1183 1085 1148 1345 1435 1274 1046 866 1102 1026 977 1158 952 1264 1196 1251 1102 1280 997 
1230 1150 1232 1151 1223 1151 1232 1302 1187 1243 1137 1253 1315 1103 1459 1174 1183 1229 1169 1143 1029 1112 1213 1105 1143 1074 1289 1223 1178 1263 1219 980 
1233 1370 1355 1338 1288 1453 1448 1364 1127 1409 1221 1313 1471 1163 1295 1264 1254 1376 1268 1133 1095 1153 1291 964 1109 1199 1412 1235 1169 1275 1219 1017 
1166 1331 1233 1094 1286 1500 1440 1230 1192 1273 1175 1235 1243 1142 1268 1206 1270 1376 1242 1164 1093 983 1352 1005 1040 1209 1357 1177 1348 1402 1298 1080 
1238 1352 1158 944 1200 1324 1359 1261 1244 1338 1095 1292 1117 1114 1159 1226 1315 1252 1259 1125 1016 1052 1167 1115 1024 1144 1250 1176 1294 1131 1241 916 
1049 1166 1080 1153 1192 1293 1350 1335 1087 1199 1160 1257 1138 1025 1257 1214 1139 1291 1222 1069 957 1018 1124 848 1028 1089 1255 1244 1180 1235 1223 952 
1055 1514 1380 1187 1143 1431 1476 1513 1147 1308 1093 1438 1438 1258 1310 1380 1336 1512 1324 1176 1162 1332 1276 1151 1060 1067 1273 1286 1433 1347 1385 1135 
1308 1435 1374 1165 1248 1328 1396 1395 1233 1348 1250 1417 1320 1171 1336 1238 1377 1361 1272 1108 1090 1200 1225 1185 1144 1257 1263 1346 1250 1315 1334 1136 
1178 1430 1308 1123 1163 1338 1413 1492 1205 1321 1138 1292 1356 1162 1325 1196 1434 1499 1361 1114 991 1190 1262 1084 1025 1235 1396 1302 1312 1356 1347 1147 
1203 1433 1252 1280 1345 1451 1488 1718 1193 1273 1257 1332 1366 1225 1498 1300 1492 1463 1415 1176 959 1334 1275 1003 1199 1233 1274 1378 1403 1403 1412 1038 
1225 1367 1217 1180 1184 1336 1483 1488 1330 1313 1307 1352 1275 1128 1314 1219 1467 1407 1201 1077 1033 1176 1151 1191 1174 1190 1352 1311 1214 1286 1414 975 
1032 1381 1189 1150 1264 1448 1397 1444 1232 1238 1182 1308 1323 1205 1385 1290 1373 1394 1284 1020 1057 1125 1213 1049 1147 1148 1265 1311 1312 1301 1339 1001 
1493 1584 1261 1323 1397 1561 1525 1611 1286 1499 1242 1445 1465 1304 1528 1347 1472 1422 1382 1329 1229 1398 1517 1183 1317 1379 1518 1267 1365 1634 1463 1090 
1291 1483 1182 1009 1168 1406 1308 1358 1299 1321 1107 1185 1219 1058 1172 1129 1309 1385 1322 1182 913 1144 1258 1027 1196 1055 1235 1225 1317 1213 1291 1118 
1144 1457 1205 1058 1314 1391 1390 1372 1240 1182 1227 1320 1347 1140 1223 1254 1354 1415 1269 1081 966 1156 1325 1006 1176 1208 1339 1147 1266 1272 1300 1064 
1042 1204 1059 1034 1087 1144 1273 1327 1162 1182 1041 1185 1126 1036 1179 1044 1283 1319 1028 1021 912 1030 1102 927 998 1005 1136 1042 1165 1164 1251 837 
1300 1596 1509 1471 1295 1601 1670 1683 1222 1628 1228 1592 1577 1268 1493 1369 1457 1642 1415 1184 1185 1349 1514 1411 1333 1224 1475 1362 1588 1451 1374 1267 
1099 1201 1004 910 1037 1154 1297 1158 1003 1066 878 1205 1111 1035 1075 1010 1069 1139 1200 929 859 998 1063 901 947 979 1053 971 1223 1076 1051 844 
1400 1545 1189 1235 1328 1535 1467 1663 1218 1435 1270 1497 1432 1214 1366 1285 1468 1527 1260 1190 1045 1281 1286 1138 1359 1103 1416 1323 1438 1391 1356 1208 
1153 1503 1096 1069 1309 1465 1418 1456 1188 1151 1111 1195 1096 1064 1249 1244 1250 1365 1360 1054 903 1103 1316 1073 1181 1146 1265 1180 1300 1338 1443 858 
1259 1293 1183 1116 1152 1401 1373 1388 1320 1298 1167 1323 1322 1125 1300 1194 1372 1379 1301 1210 1041 1063 1239 1078 1200 1187 1231 1234 1306 1323 1355 1049 
1305 1189 1275 1181 1228 1306 1415 1407 1191 1249 1144 1365 1246 1068 1468 1222 1275 1291 1173 1085 1035 1148 1418 1175 1191 1173 1279 1144 1317 1341 1253 939 
1163 1470 1213 1072 1202 1454 1294 1490 1199 1345 1010 1346 1338 1116 1348 1218 1359 1368 1168 1162 987 1194 1200 1075 1162 1121 1219 1207 1309 1285 1267 1158 
996 1254 1177 1076 1226 1373 1319 1176 1087 1219 1002 1233 1271 1026 1257 1269 1221 1314 1157 1154 992 1091 1207 884 1051 1053 1106 1246 1233 1199 1188 1079 
1264 1527 1327 1163 1216 1568 1701 1551 1402 1374 1281 1408 1311 1270 1377 1505 1524 1641 1427 1199 1233 1276 1334 1207 1264 1271 1463 1470 1437 1431 1503 1169 
1199 1170 1107 1041 1028 1373 1366 1223 1132 1257 1088 1253 1187 994 1226 1047 1111 1258 1177 1104 878 990 1094 934 1096 1035 1268 1090 1168 1275 1185 1025 
1290 1488 1483 1208 1534 1374 1592 1588 1270 1412 1266 1467 1475 1212 1555 1423 1509 1467 1358 1243 1138 1313 1488 1150 1323 1167 1401 1382 1496 1445 1375 1172 
1195 1512 1249 1330 1226 1540 1558 1429 1153 1390 1308 1511 1362 1316 1368 1345 1286 1495 1361 1300 1115 1281 1293 1100 1245 1242 1369 1266 1362 1342 1409 1108 
1246 1427 1238 1171 1315 1451 1462 1319 1093 1379 1216 1203 1222 1118 1381 1245 1354 1419 1336 1175 1096 1242 1347 1123 1166 1275 1448 1179 1285 1435 1351 1069 
