3673 4247 4046 3911 3910 4214 4111 4577 4137 3784 3864 3953 4077 4197 4528 3685 4626 4407 4043 3613 3669 4066 3610 3764 4007 4198 3777 3945 4157 3796 3902 3694 
3556 3564 3803 3447 3293 3848 3632 3739 3727 3520 3488 3540 3454 3794 3900 3052 4156 3861 3482 3080 3269 3709 3246 3491 3674 3628 3512 3439 4057 3695 3386 3234 
3485 3543 3700 3726 3318 3712 3630 3803 3418 3435 3423 3439 3788 3395 3886 3217 4143 3707 3525 3163 3268 3540 3392 3257 3570 3635 3310 3400 3735 3738 3572 3273 
3154 3909 3721 3370 3545 3776 3467 3689 3692 3552 3250 3625 3788 3817 3832 3251 4346 3955 3817 3235 3380 3581 3106 3258 3987 3565 3603 3354 3793 3591 3629 3370 
3709 3694 4046 3768 3659 3810 3729 3952 3866 3638 3597 3882 3949 3766 4561 3552 4311 3979 3802 3499 3831 3912 3570 3683 3891 3917 3730 3892 3855 3957 3676 3585 
3735 3960 4214 4165 3626 4030 3893 4221 3963 3863 3661 4031 4024 4108 4250 3567 4307 3885 3899 3452 3903 3869 3569 3635 3893 3866 3871 3963 4024 3918 3918 3609 
3550 3978 4318 3887 3694 3899 3883 3917 3963 3783 3816 3754 3607 4023 4179 3601 4431 4083 3829 3652 3773 3645 3582 3513 3816 3908 3815 3889 4315 3944 3702 3913 
3517 3903 4100 3576 3669 3937 3904 3941 3885 3589 3503 3735 3625 3816 3862 3359 4351 3882 3647 3416 3486 3731 3464 3590 3622 3861 3826 3783 3911 3597 3560 3527 
3235 3521 3792 3685 3466 3789 3764 3905 3694 3400 3669 3719 3529 3674 3929 3517 4162 3771 3755 3202 3482 3717 3495 3449 3734 3719 3767 3636 3864 3797 3688 3439 
3588 4484 4357 4079 3875 4151 4061 4393 4176 3709 3793 4194 4174 4326 4420 3914 4596 4484 4162 3775 4091 4149 3837 3871 3979 4039 3830 4047 4532 4073 4047 3942 
3652 4017 4042 3766 3704 3621 3761 4029 3923 3541 3826 4039 4023 3734 4291 3559 4407 3989 3823 3273 3633 3690 3459 3786 3798 3972 3548 3841 3914 3843 3638 3877 
3958 4195 4475 3865 3816 4103 3977 4299 3932 3747 3793 3752 4104 4151 4375 3710 4714 4356 4011 3527 3605 4034 3745 3820 3908 4054 4111 4070 4175 3926 3947 3947 
3737 4080 4233 3914 3889 3960 4022 4423 4090 3689 3786 4073 3822 3984 4577 3787 4693 4152 4171 3496 3697 3999 3598 3589 4035 4080 3803 4021 4247 3984 4037 3706 
3553 3794 3978 3808 3381 3787 3706 4042 3913 3628 3661 3720 3675 3756 4022 3321 4388 3940 3570 3254 3570 3400 3121 3651 3803 3767 3601 3680 3786 3665 3867 3492 
3343 3823 4094 3599 3579 3925 3774 4024 3783 3557 3762 3801 3841 3713 4145 3356 4488 4002 3674 3331 3651 3637 3436 3722 3826 3783 3595 3588 3902 3782 3845 3424 
3952 4062 4012 3894 3851 4066 3994 4234 4044 3782 3759 4166 4052 4019 4487 3524 4505 4126 3855 3674 3681 4089 3804 3823 4091 4040 4063 3773 4060 4418 3909 3937 
3575 4005 3919 3667 3537 3956 3517 4113 4099 3867 3678 3714 3576 3690 4184 3335 4308 3897 3931 3638 3386 3875 3592 3590 3718 3819 3525 3734 3961 3830 3793 3556 
3770 3861 4026 3796 3778 4040 3729 4090 3913 3598 3652 3923 3788 3661 4169 3536 4423 4073 3883 3347 3618 4002 3455 3465 3763 3875 3785 3695 3841 3708 3788 3509 
3590 4040 4002 3838 3787 3956 3838 4245 4292 3899 3764 3993 3878 4107 4380 3717 4785 4321 3849 3634 3851 4042 3595 3679 3972 4059 3794 4076 4115 4006 4136 3753 
3533 4022 4265 3957 3848 4084 3947 4124 3815 4064 3656 4103 3997 3913 4216 3513 4496 4121 3838 3316 3841 3873 3489 3847 3933 3888 3770 3835 4302 3878 3686 3546 
3537 3890 3960 3554 3499 3712 3633 3886 3758 3372 3472 3845 3728 3859 4078 3214 4199 3783 3834 3243 3713 3617 3396 3717 3630 3871 3440 3633 4167 3667 3597 3470 
3585 4018 3883 3724 3658 4036 3606 4056 4057 3802 3731 3851 3805 3893 3947 3423 4532 4138 3813 3453 3457 3829 3613 3544 3975 3657 3759 3722 4126 3848 3764 3709 
3708 4219 3967 3767 3869 4105 3978 4149 4018 3402 3767 3814 3745 3882 4088 3632 4336 4332 4014 3340 3581 3877 3816 3642 3911 3979 3751 3733 4028 4002 3985 3367 
3928 4105 4243 4085 3861 4154 3932 4207 4412 4049 4047 4258 4217 4069 4574 3738 4921 4392 4178 3670 3923 4006 3604 3895 4156 4280 3863 4085 4396 4174 4237 3932 
3773 3774 4217 3847 3714 3965 3865 4171 3959 3604 3779 3949 3863 3975 4387 3526 4355 4117 3944 3421 3865 3921 3800 3665 4019 3884 3778 3761 4079 3993 3791 3467 
3687 4130 3927 3714 3730 4236 3752 4397 4176 3762 3483 4052 3929 3952 4264 3596 4675 4305 3909 3661 3670 4048 3608 3829 4002 3977 3618 3824 4229 4022 3763 3849 
3325 3607 3977 3617 3647 3756 3868 3832 3677 3493 3451 3624 3731 3656 4102 3321 4239 4037 3651 3292 3528 3525 3313 3461 3766 3704 3584 3637 3800 3715 3684 3651 
3797 4025 4209 3859 3668 4110 4058 4246 4231 3650 3823 4047 3966 3989 4162 3779 4511 4406 4104 3453 3821 3973 3838 3895 4034 4090 3993 3861 4127 4117 4049 3744 
3483 3493 3878 3543 3404 3832 3630 3782 3848 3629 3644 3674 3704 3651 4052 3306 4072 3965 3641 3236 3568 3510 3340 3393 3800 3725 3454 3567 3831 3735 3459 3479 
3857 4330 4589 4072 4223 4156 4043 4503 4355 3982 3794 4151 4110 4199 4638 3959 4821 4245 4103 3871 4038 4179 3822 3836 4140 4314 3987 4135 4538 3980 4077 3809 
3336 3806 3871 3798 3490 3965 3866 3873 3645 3663 3582 3824 3681 3981 4019 3498 4092 4194 3831 3623 3665 3858 3679 3545 3837 3747 3610 3672 3974 3870 3689 3544 
3906 4147 4345 3897 3900 4107 4002 4248 3971 4090 4060 4072 4015 4064 4563 3665 4640 4492 4138 3720 3910 3901 3705 3806 4096 4205 3977 3918 4378 4228 4052 3701 
