2429 2975 2609 2370 2544 2743 2666 2935 2561 2436 2505 2613 2554 2454 3005 2511 2954 2662 2662 2424 2252 2641 2208 2295 2552 2606 2444 2445 2658 2652 2487 2359 
2353 2481 2432 2100 2164 2508 2418 2383 2370 2377 2306 2434 2177 2419 2470 2073 2596 2453 2336 2036 1896 2440 2041 2077 2353 2288 2285 2163 2727 2572 2163 1991 
2425 2497 2352 2389 2211 2387 2466 2509 2157 2306 2307 2287 2420 2166 2545 2219 2569 2358 2389 2178 2020 2278 2254 1922 2284 2290 2135 2196 2505 2605 2351 2076 
2140 2800 2371 2103 2342 2433 2244 2304 2308 2522 2068 2441 2420 2401 2474 2255 2777 2555 2482 2182 2060 2257 1850 1880 2521 2211 2367 2273 2481 2453 2326 2107 
2563 2632 2617 2400 2473 2488 2517 2519 2488 2440 2437 2578 2539 2453 3095 2527 2728 2506 2566 2503 2447 2467 2236 2281 2517 2579 2550 2508 2617 2825 2520 2295 
2465 2871 2711 2751 2335 2628 2621 2730 2459 2616 2467 2595 2643 2643 2730 2565 2766 2498 2620 2306 2421 2435 2207 2174 2363 2493 2682 2524 2687 2677 2390 2396 
2580 3033 2961 2652 2608 2812 2715 2710 2722 2668 2672 2574 2488 2734 2903 2561 3090 2733 2781 2590 2584 2513 2363 2253 2533 2747 2662 2694 3042 2941 2536 2735 
2383 2817 2602 2150 2432 2557 2546 2581 2550 2528 2345 2566 2212 2400 2509 2375 2744 2421 2531 2369 2197 2437 2130 2261 2233 2434 2511 2451 2619 2559 2320 2211 
2250 2444 2500 2399 2196 2531 2592 2571 2397 2354 2456 2453 2237 2364 2662 2424 2624 2484 2462 2183 2208 2337 2144 2176 2275 2342 2588 2472 2613 2633 2405 2292 
2289 3129 2862 2514 2489 2673 2639 2781 2555 2460 2392 2770 2613 2686 2810 2693 2923 2758 2729 2491 2553 2726 2261 2346 2337 2461 2516 2570 2904 2826 2577 2556 
2477 2883 2756 2479 2362 2395 2548 2659 2511 2476 2501 2668 2545 2383 2755 2500 2938 2562 2514 2153 2314 2468 2153 2324 2382 2525 2398 2580 2606 2663 2466 2552 
2637 2991 2856 2399 2503 2644 2656 2825 2493 2593 2495 2552 2566 2617 2802 2559 3036 2851 2706 2389 2229 2627 2364 2340 2459 2550 2760 2691 2739 2839 2660 2576 
2521 2803 2685 2562 2495 2530 2699 2911 2468 2426 2515 2697 2462 2547 2919 2665 2968 2624 2761 2298 2262 2667 2186 2062 2557 2550 2507 2663 2802 2827 2670 2284 
2557 2887 2676 2555 2321 2600 2649 2830 2776 2561 2628 2643 2494 2535 2862 2425 3063 2734 2513 2196 2301 2377 2091 2500 2509 2511 2547 2554 2651 2648 2718 2393 
2359 2764 2559 2286 2414 2581 2477 2655 2476 2390 2471 2558 2465 2290 2712 2323 2837 2653 2422 2184 2244 2343 2214 2317 2404 2440 2397 2423 2622 2630 2534 2166 
2710 2966 2547 2520 2567 2656 2703 2901 2556 2588 2409 2749 2528 2589 2886 2419 2894 2592 2597 2538 2256 2713 2488 2313 2488 2601 2690 2453 2657 2974 2537 2536 
2415 2913 2516 2360 2320 2603 2322 2614 2633 2469 2389 2350 2330 2250 2618 2203 2820 2464 2597 2485 2088 2484 2226 2050 2380 2445 2329 2430 2666 2583 2444 2364 
2531 2880 2611 2349 2573 2616 2510 2722 2517 2470 2524 2602 2481 2394 2684 2493 2932 2638 2643 2340 2246 2535 2219 2087 2454 2491 2560 2375 2548 2660 2461 2309 
2465 2850 2590 2500 2364 2511 2633 2795 2684 2501 2431 2552 2447 2550 2857 2542 2995 2800 2516 2420 2410 2510 2115 2178 2481 2534 2487 2522 2678 2756 2577 2325 
2462 2981 2938 2638 2555 2655 2612 2780 2477 2856 2469 2878 2737 2563 2775 2457 3012 2813 2626 2285 2471 2640 2332 2401 2592 2495 2565 2476 3028 2740 2428 2429 
2414 2814 2604 2261 2296 2399 2488 2534 2391 2323 2285 2653 2464 2478 2623 2242 2671 2450 2524 2183 2305 2351 2120 2239 2318 2430 2395 2256 2867 2610 2286 2336 
2496 2824 2528 2431 2396 2692 2387 2715 2625 2573 2440 2587 2455 2512 2557 2371 2832 2778 2536 2342 2183 2495 2175 2196 2512 2269 2547 2407 2718 2687 2392 2399 
2635 3122 2604 2408 2716 2811 2726 2857 2763 2472 2587 2700 2434 2562 2818 2598 2954 2915 2856 2320 2296 2630 2511 2361 2639 2656 2565 2470 2799 2974 2872 2187 
2792 2992 2854 2674 2583 2875 2649 2779 3025 2866 2779 2918 2757 2715 3079 2727 3324 2866 2813 2624 2590 2526 2314 2501 2769 2833 2690 2765 3090 3051 2892 2640 
2618 2646 2767 2423 2476 2618 2502 2618 2530 2434 2468 2574 2450 2409 2891 2495 2760 2603 2551 2295 2417 2559 2447 2336 2597 2563 2592 2402 2767 2839 2421 2166 
2397 2980 2480 2283 2442 2708 2393 2793 2639 2497 2206 2543 2505 2411 2710 2441 2979 2618 2506 2394 2247 2575 2162 2289 2503 2433 2340 2370 2745 2686 2413 2465 
2233 2469 2454 2328 2331 2402 2430 2436 2294 2283 2109 2304 2344 2221 2506 2361 2579 2504 2338 2255 2121 2217 2070 1888 2266 2240 2252 2332 2481 2519 2296 2316 
2543 2754 2624 2298 2271 2600 2691 2690 2614 2354 2487 2588 2449 2405 2635 2592 2799 2808 2605 2229 2362 2465 2364 2364 2421 2498 2591 2483 2582 2832 2608 2266 
2306 2364 2411 2048 2160 2427 2406 2311 2378 2388 2265 2443 2251 2201 2519 2211 2482 2480 2340 2090 2121 2162 1963 1934 2396 2223 2246 2183 2397 2545 2095 2207 
2517 2979 2937 2527 2775 2528 2635 2890 2667 2546 2439 2625 2658 2519 2962 2637 3023 2590 2622 2422 2428 2631 2333 2246 2534 2558 2623 2566 2891 2773 2509 2433 
2438 2838 2665 2591 2367 2752 2782 2594 2373 2536 2481 2673 2385 2707 2805 2559 2775 2813 2677 2490 2389 2674 2375 2290 2604 2552 2624 2443 2700 2860 2526 2363 
2758 3044 2878 2580 2662 2838 2729 2800 2648 2781 2782 2746 2682 2602 3087 2687 3070 2974 2802 2583 2581 2715 2360 2425 2655 2812 2777 2698 2973 3038 2806 2404 
