5374 5147 5425 5159 5434 4835 5305 4823 5378 5588 5171 4930 5255 5102 5635 5759 5324 5364 5152 5139 5098 5325 5470 5173 5147 5532 5113 5419 5117 5493 5458 5432 
5281 4905 5003 4950 5071 4710 4810 4241 5030 4889 4594 4502 4837 4440 4928 5046 4773 5239 4845 4688 4556 4717 4938 4886 4603 5356 4629 4904 4812 4803 5042 4702 
5250 4819 5090 4703 5205 4554 4826 4371 5019 4996 4674 4620 5018 4722 5114 5196 4959 4985 4937 4812 4739 4914 4748 4828 4873 5346 4832 5021 4806 5058 5323 5004 
5071 5003 5133 5017 5251 4489 4902 4602 4828 4948 4440 4375 5010 4846 5084 5336 4828 4933 4987 4741 4968 4939 4889 5266 4557 5332 4798 5206 4686 4989 5219 4802 
5472 5099 5267 4867 5619 4885 5049 4779 5152 5253 5064 4854 5189 5011 5290 5537 5025 5345 5267 5015 4850 5011 4875 5289 4908 5557 5023 5137 4990 5591 5465 4951 
5335 5366 5275 4870 5325 4898 5204 4606 5125 5291 4834 4675 5104 5002 5400 5616 4942 4884 5093 5088 4816 5199 5225 4998 4946 5178 5083 5285 5165 5150 5261 5154 
5296 5017 5221 4848 5385 4805 4933 4537 5307 5335 4598 4711 5216 5055 4994 5140 5072 4932 5261 4947 4801 5198 4854 5089 5169 5357 4820 5074 4843 5140 4991 4959 
5329 4925 5384 4855 5263 5001 5029 4658 5404 5315 4727 4553 5079 4893 5246 5700 5131 5296 5089 4963 4832 4927 4703 5050 4760 5375 4914 5257 4659 5267 5097 4916 
5129 4824 4873 4653 5104 4596 4773 4508 4731 5098 4738 4424 4954 4777 4882 5128 4789 4950 4729 4928 4674 4927 4788 4988 4619 4940 4640 4905 4727 5049 4778 4671 
5799 5325 5818 5413 5633 5534 5240 5099 5631 6075 5125 5040 5299 5281 5746 6286 5516 5476 5454 5244 5374 5520 5689 5596 5427 5785 5444 5587 5408 5609 5678 5660 
5402 4923 5316 4860 5421 4930 5037 4847 5070 5412 4854 4678 5011 5181 5460 5798 5078 5014 5014 5081 4838 5293 4766 5138 4957 5375 5241 5306 5284 5266 5423 5119 
5517 5219 5352 4947 5517 5020 5042 4895 5207 5460 4861 4790 5434 5076 5350 5763 5177 5198 5414 5253 5056 5485 4746 5383 5008 5214 5156 5264 5176 5379 5366 5102 
5633 5321 5333 5056 5494 4802 5229 5046 5383 5370 5041 4745 5543 5357 5303 5777 5162 5327 5520 5052 4844 5243 5085 5459 5156 5280 5279 5137 5249 5563 5259 5244 
5154 4757 5147 4702 5037 4744 4898 4474 4951 5182 4599 4676 5104 4666 5227 5196 4733 4922 4723 4806 4415 5012 4864 4889 4759 5375 4949 5088 5063 4966 5186 4937 
5453 5049 5429 4832 5388 4912 4961 4867 5144 5304 4908 4790 5017 4909 5375 5510 5134 4827 4969 5062 4968 5287 4849 5189 4873 5761 5048 5364 5093 5319 5248 5255 
5573 5532 5521 5223 5723 5235 5360 4935 5522 5622 5167 4925 5432 5299 5577 5621 5347 5345 5401 5197 5095 5390 4971 5533 5123 5617 5507 5451 5542 5310 5451 5318 
5352 4859 5132 4879 5296 4995 5094 4908 5397 5476 4694 4612 4942 5087 5244 5756 4897 5248 5150 5079 4962 5189 5049 4814 4831 5259 4886 5087 5140 5118 5152 5178 
5270 5128 5411 4912 5438 4948 4953 4740 5214 5226 4879 4626 5091 5132 5376 5559 5113 5103 5128 5120 4723 5127 4610 5198 4893 5162 5074 5133 4983 5336 5373 5094 
5744 5139 5682 5296 5518 5102 5187 5032 5603 5484 5203 5022 5216 5050 5467 5818 5913 5536 5526 5095 5509 5591 5141 5493 4841 5394 5137 5491 5422 5518 5472 5338 
5553 5349 5406 5301 5340 5219 5064 4809 5290 5482 4909 5063 5403 5182 5588 5789 5352 5330 5253 5183 5142 5495 5240 5382 5120 5705 5160 5415 5574 5389 5442 5281 
5205 5103 4873 4984 5174 4688 4845 4563 5108 4922 4756 4606 4940 5133 5137 5325 5152 5086 4936 4776 4668 4901 4919 4879 4738 5438 4715 5157 5079 5146 5123 5047 
4985 4888 5080 4835 5063 4651 4969 4775 5149 5272 4636 4482 4957 4594 4921 5312 4908 5047 4941 4916 4685 5142 4786 4964 4616 5078 4690 5038 4786 4724 4984 4849 
5596 5358 5436 5056 5498 4848 5310 4731 5775 5718 5039 5023 5350 5407 5663 5923 5285 5274 5060 5097 5054 5223 5204 5326 5144 5720 5046 5403 5227 5554 5598 5286 
5785 5462 5650 5216 5686 5424 5459 5303 5598 5976 5187 5191 5239 5315 5549 5853 5234 5497 5348 5431 5363 5572 5290 5496 5042 5838 5548 5415 5719 5624 5710 5630 
5828 4751 5340 4741 5184 4822 4972 4792 5044 5650 5197 4927 5340 5269 5413 5393 5287 5488 5297 5246 4943 5262 4945 5180 5081 5540 5130 5280 5122 5658 5448 5235 
5478 5207 5259 5149 5196 5045 4986 4922 5294 5503 5029 4786 5175 5012 5479 5631 5299 5400 5263 5283 4710 5316 5049 5396 5206 5588 5082 5337 5241 5111 5488 5200 
5097 5029 5189 4873 5376 4700 5123 4815 5240 5342 4933 4675 5012 4813 5170 5675 5408 5218 5173 5073 4792 5218 4840 5136 4701 5484 4975 5223 4882 5162 5183 5250 
5504 5014 5471 5237 5434 5340 5229 5132 5494 5728 4966 4882 5397 5106 5632 5883 5560 5678 5413 5214 5221 5346 5460 5357 5367 5536 5296 5564 5578 5493 5397 5427 
5323 5131 5302 4792 5447 4953 5013 4683 5301 5471 4911 4764 4814 5033 5181 5549 5189 5084 5104 5067 4662 5140 5103 5002 5000 5342 4780 5265 5120 5298 5392 5196 
5708 5145 5823 5487 5946 5341 5689 5291 5916 5728 5289 5178 5323 5610 5691 6058 5575 5443 5497 5374 5300 5635 5367 5577 5248 5894 5594 5518 5587 5812 5816 5639 
5302 4942 5296 4940 5388 5001 4983 4929 5375 5495 5035 4605 5143 5098 5414 5512 5343 5216 5344 5226 4758 5186 4818 5257 5055 5103 5061 5023 4884 5266 5275 5060 
5602 5367 5402 5396 5446 4896 5375 4913 5402 5784 5086 4952 5254 4930 5501 5801 5314 5540 5379 5231 5226 5580 5238 5669 5070 5502 5305 5330 5288 5385 5568 5576 
