609 527 683 528 603 562 645 514 640 581 777 619 696 679 680 736 616 726 681 508 474 676 617 594 515 718 472 646 603 660 674 710 
662 603 603 587 629 686 613 514 734 561 754 650 693 530 666 745 664 704 649 567 567 630 542 651 623 745 561 629 729 658 636 693 
659 616 614 626 696 678 620 651 689 574 782 716 704 633 678 769 663 716 649 566 533 681 544 695 563 761 610 632 656 648 702 743 
617 594 606 602 670 563 603 497 669 550 724 654 633 623 553 640 634 605 509 473 371 562 591 587 465 711 520 642 520 550 628 617 
625 573 641 498 737 687 703 625 626 654 835 633 777 705 659 805 625 807 709 569 470 718 591 725 663 728 542 592 645 776 751 716 
646 748 626 566 837 738 705 628 692 637 820 770 742 695 629 841 729 796 725 686 456 693 649 752 686 751 643 686 660 709 683 742 
628 677 671 583 708 689 663 468 822 624 766 745 671 673 626 840 678 719 654 670 507 723 607 709 688 799 630 705 604 652 629 739 
550 555 653 516 557 638 705 470 631 576 701 698 596 508 598 805 608 689 681 621 436 633 550 509 518 613 482 625 548 566 618 630 
670 558 555 495 637 646 554 512 643 586 688 627 710 646 580 742 567 662 607 537 452 634 566 663 552 634 542 577 476 677 626 678 
638 586 598 652 616 637 585 479 693 569 803 661 655 660 623 752 663 655 598 553 446 620 553 712 569 712 555 657 581 638 727 728 
528 546 541 489 553 517 556 470 545 473 617 565 505 560 510 598 525 620 626 521 341 524 430 557 434 521 498 561 496 535 480 546 
753 542 667 460 590 569 659 546 667 505 727 603 671 565 591 711 619 668 685 544 501 655 499 649 569 582 473 584 572 625 618 639 
880 652 635 527 719 730 751 566 793 677 912 626 853 825 664 871 740 764 789 641 461 729 673 874 702 723 577 709 561 805 749 711 
690 498 608 510 586 601 642 577 611 546 666 616 680 666 576 658 587 770 594 546 350 630 519 640 496 655 481 696 516 625 646 671 
692 647 659 481 716 705 599 539 708 598 859 632 753 764 588 750 639 695 688 544 440 670 592 683 635 737 610 661 517 696 595 590 
913 845 867 795 789 842 816 709 943 766 1039 873 882 812 758 919 854 938 874 797 629 846 766 791 716 843 687 812 759 872 790 843 
600 538 522 499 539 596 556 409 671 599 630 622 620 494 498 688 546 598 556 572 379 632 556 535 484 606 500 535 529 572 569 608 
826 663 719 681 720 837 761 607 795 636 819 757 828 716 758 837 734 886 739 675 501 696 621 765 609 807 617 747 664 761 761 797 
753 501 615 496 564 577 602 535 619 502 724 609 686 583 518 661 690 632 650 506 410 584 541 618 532 624 485 644 505 561 594 575 
768 619 631 621 679 638 639 569 729 547 816 703 720 622 679 777 712 684 621 546 479 656 530 762 567 701 545 664 651 635 712 693 
670 606 573 631 687 567 600 537 711 507 753 664 654 671 624 685 683 621 541 567 427 561 566 609 450 697 515 659 622 562 671 646 
718 605 702 575 624 732 707 588 750 624 861 650 739 658 714 811 712 776 774 632 564 700 636 705 612 675 502 710 586 684 618 695 
749 683 614 587 705 754 654 548 883 629 768 751 794 733 718 853 715 837 640 612 551 723 639 687 691 889 604 737 661 731 722 795 
651 557 636 610 590 631 603 589 644 595 789 752 695 594 671 752 560 787 696 565 496 642 519 587 516 698 614 639 608 692 700 663 
627 503 569 451 531 615 633 571 663 543 789 590 672 651 667 818 677 742 750 600 524 619 463 641 566 692 486 566 563 629 679 587 
649 649 661 650 623 608 606 558 714 568 858 674 609 673 562 767 728 665 636 663 478 592 606 633 522 715 510 681 508 562 663 659 
609 543 567 530 618 631 658 525 590 564 807 543 642 566 576 735 638 608 647 669 491 559 614 640 512 656 526 642 609 532 603 627 
751 537 631 645 567 695 598 564 682 541 777 698 672 550 660 709 583 800 638 546 552 612 564 677 537 629 549 676 610 664 592 721 
582 520 514 518 509 578 631 406 695 533 662 545 568 531 561 667 625 565 619 570 429 589 499 597 533 520 379 516 526 572 546 614 
741 589 625 679 709 740 733 644 724 604 903 661 741 765 661 813 710 797 723 582 499 682 586 807 663 771 584 649 641 709 783 815 
722 725 712 665 732 702 702 617 761 651 843 784 763 663 769 824 705 872 736 649 577 670 614 678 584 717 632 718 700 725 679 703 
774 627 720 632 600 742 757 502 854 672 769 668 722 684 662 885 693 797 703 694 518 741 555 772 627 670 514 658 587 707 753 773 
