3302 3303 3439 3303 3389 2785 3439 2945 3492 3543 3520 3249 3159 3290 3548 3653 3478 3679 3366 3439 3220 3468 3384 3520 3273 3601 3263 3493 3387 3721 3316 3494 
3376 3181 3066 3158 3203 2740 3067 2662 3492 2957 3211 2994 2982 2847 3039 3215 3096 3488 3117 3137 2876 3140 3046 3280 2891 3446 3069 3277 3170 3256 2987 2958 
3134 3043 3055 2984 2933 2537 3058 2592 3155 3034 3099 2961 3042 2870 3176 3259 3037 3273 3098 3163 2872 3090 2909 3149 2772 3237 2989 3050 3061 3178 3074 3052 
3069 3215 3109 3170 3157 2400 3090 2747 3188 2980 2991 2960 3182 3124 3114 3218 3199 3270 3068 3048 3067 3086 2914 3456 2656 3336 2939 3399 2978 3206 3062 2976 
3376 3244 3355 3182 3578 2808 3305 3114 3371 3295 3484 3218 3305 3175 3390 3516 3357 3741 3464 3319 3132 3303 3048 3594 3073 3531 3238 3268 3278 3768 3348 3217 
3423 3618 3446 3245 3501 3036 3332 2973 3508 3435 3327 3338 3218 3005 3437 3713 3313 3538 3287 3462 3154 3449 3449 3411 3160 3336 3250 3561 3468 3495 3238 3457 
3481 3524 3330 3241 3393 2856 3182 2875 3674 3443 3331 3337 3456 3269 3362 3474 3339 3509 3489 3524 3119 3510 3228 3546 3324 3415 3331 3360 3288 3480 3139 3338 
3214 3179 3309 3016 3305 2837 3166 2729 3360 3221 3084 2983 3069 2864 3132 3449 3186 3437 3240 3219 3038 3155 2839 3289 2827 3346 3163 3253 3021 3262 2901 3129 
3283 3190 3062 2915 3297 2735 3001 2751 3136 3326 3334 3133 3123 3118 3163 3337 3098 3403 3005 3319 2947 3270 3115 3341 2936 3172 3069 3141 3165 3433 2913 3081 
3579 3478 3591 3467 3391 3086 3222 2979 3648 3760 3473 3344 3198 3292 3537 4001 3481 3671 3456 3435 3347 3504 3612 3648 3361 3529 3476 3605 3430 3634 3379 3470 
3126 3142 3170 3048 3233 2690 3110 2767 3075 3220 3045 2925 2905 3020 3258 3413 3148 3278 3178 3277 2940 3221 2803 3286 2930 3186 3188 3313 3361 3359 2906 3072 
3505 3473 3425 3152 3382 2917 3440 3016 3427 3445 3298 3184 3509 3208 3413 3694 3346 3484 3539 3583 3230 3470 3056 3593 3105 3381 3384 3456 3401 3570 3294 3294 
3734 3464 3387 3202 3543 2771 3460 3143 3695 3397 3529 3293 3361 3381 3474 3835 3483 3591 3665 3436 3186 3398 3273 3776 3339 3487 3437 3532 3393 3817 3223 3397 
3178 3007 3198 2998 2995 2715 3154 2681 3262 3205 3022 3097 3105 2893 3272 3224 3118 3291 2849 3186 2714 3217 2961 3255 2889 3414 3049 3331 3236 3192 2936 3093 
3425 3247 3330 2975 3283 2707 3042 2843 3150 3230 3296 3164 3164 3024 3261 3383 3227 3249 3078 3356 3182 3296 2902 3528 2883 3707 3117 3318 3230 3450 2998 3278 
3565 3623 3485 3357 3494 3065 3375 3017 3661 3497 3537 3324 3450 3216 3483 3549 3550 3635 3490 3585 3201 3420 3154 3758 3245 3574 3514 3446 3465 3594 3266 3377 
3133 3087 3080 3055 3050 2761 3144 2863 3442 3270 2944 2946 2942 2984 3178 3524 3050 3509 3291 3305 3031 3208 3111 3042 2878 3239 3071 3218 3276 3215 2885 3214 
3505 3452 3522 3155 3444 2925 3235 3063 3463 3382 3386 3068 3227 3216 3450 3535 3409 3595 3396 3488 3123 3273 2988 3550 3024 3297 3290 3351 3347 3572 3280 3366 
3665 3485 3618 3414 3313 2913 3456 3251 3797 3622 3613 3386 3319 3100 3586 3759 3852 3762 3580 3514 3545 3524 3424 3718 3088 3561 3364 3562 3511 3721 3242 3461 
3246 3321 3206 3100 3154 2730 2900 2705 3202 3282 3155 3116 3104 3124 3344 3495 3352 3412 3191 3204 3086 3265 3059 3398 2961 3370 3012 3254 3441 3398 3024 3205 
3424 3514 3191 3379 3404 2757 3276 3123 3561 3177 3352 3152 3232 3467 3270 3584 3524 3579 3276 3265 3051 3296 3275 3293 3081 3621 3143 3426 3575 3459 3129 3371 
3192 3290 3178 3046 3042 2729 3275 3017 3523 3367 3275 3049 3084 2841 3071 3422 3340 3522 3250 3222 2959 3363 3060 3365 2837 3282 2961 3265 3083 3099 2888 3091 
3459 3481 3315 3189 3405 2713 3382 2895 3726 3405 3382 3435 3306 3501 3525 3772 3444 3577 3197 3441 3183 3389 3157 3614 3181 3640 3113 3424 3361 3529 3328 3360 
3730 3597 3657 3408 3585 3129 3681 3281 3724 3759 3478 3516 3290 3224 3539 3887 3448 3768 3419 3723 3618 3821 3377 3705 3156 3762 3517 3658 3718 3786 3485 3668 
3556 3012 3389 2999 3247 2806 3149 2963 3235 3470 3442 3253 3330 3204 3408 3427 3481 3709 3373 3542 3261 3528 3051 3543 3115 3457 3213 3282 3354 3640 3258 3353 
3440 3485 3298 3256 3263 2956 3298 3051 3589 3395 3484 3201 3162 3062 3459 3648 3574 3626 3369 3563 3008 3305 3288 3589 3200 3599 3227 3455 3352 3331 3299 3367 
3112 3043 3188 3104 3323 2511 3120 2850 3309 3346 3122 3036 3054 2775 3151 3488 3280 3413 3086 3274 3059 3201 2842 3316 2785 3438 3112 3275 3093 3251 2848 3216 
3415 3004 3332 3150 3153 2857 3173 3008 3410 3374 3164 3047 3240 3119 3285 3605 3413 3612 3253 3390 3261 3364 3210 3418 3115 3266 3275 3372 3461 3388 3002 3205 
3167 3128 3208 2967 3119 2684 3027 2690 3310 3237 3089 2951 2825 2964 3012 3449 3228 3260 3162 3241 2833 3249 3061 3129 2948 3043 2885 3159 3188 3275 3079 3045 
3543 3287 3617 3520 3581 3058 3594 3220 3919 3596 3581 3270 3341 3525 3506 3731 3580 3708 3516 3613 3207 3559 3335 3690 3283 3655 3450 3446 3515 3753 3367 3677 
3209 3152 3229 3179 3281 2635 2996 2918 3376 3330 3347 3000 3044 2947 3454 3206 3412 3416 3351 3307 2912 3208 2901 3366 2968 3058 3105 3037 3132 3325 3041 3029 
3524 3593 3503 3620 3641 2962 3563 3230 3776 3690 3512 3533 3367 3209 3548 3864 3602 3932 3544 3603 3444 3726 3387 3848 3382 3610 3511 3534 3515 3697 3433 3641 
