1238 1147 1230 1016 1257 1006 1253 1105 1149 1299 1403 1247 1190 1300 1320 1372 1298 1267 1210 1171 1066 1308 1185 1285 1225 1276 1055 1179 1161 1337 1123 1072 
1405 1321 1305 1248 1406 1198 1280 1137 1442 1157 1450 1364 1356 1247 1355 1399 1201 1267 1287 1246 1197 1295 1265 1380 1297 1417 1230 1363 1379 1402 1175 1145 
1296 1245 1203 1220 1258 1128 1142 1112 1229 1103 1445 1231 1311 1170 1368 1400 1279 1245 1320 1203 1030 1298 1158 1298 1144 1303 1279 1255 1245 1307 1285 1102 
1237 1240 1226 1195 1364 1049 1211 1150 1293 1191 1282 1274 1302 1327 1279 1341 1219 1221 1125 1160 1027 1262 1114 1366 1103 1371 1163 1327 1108 1254 1261 1121 
1369 1346 1311 1201 1546 1285 1405 1377 1328 1398 1710 1405 1497 1461 1509 1612 1349 1545 1421 1284 1172 1431 1199 1570 1442 1494 1384 1401 1322 1678 1457 1268 
1388 1484 1308 1147 1619 1259 1312 1333 1370 1319 1491 1424 1424 1251 1342 1595 1291 1355 1342 1351 1180 1401 1329 1347 1430 1377 1223 1356 1280 1425 1281 1242 
1491 1499 1463 1260 1602 1291 1315 1282 1580 1429 1553 1478 1472 1421 1378 1672 1431 1401 1476 1423 1275 1532 1449 1420 1520 1466 1403 1378 1325 1476 1198 1219 
1323 1229 1324 1172 1373 1251 1370 1169 1311 1255 1405 1283 1178 1217 1289 1489 1290 1349 1366 1289 1119 1324 1207 1287 1183 1270 1169 1263 1241 1368 1133 1097 
1369 1270 1253 1077 1430 1151 1155 1150 1248 1321 1404 1339 1374 1296 1243 1495 1212 1192 1297 1227 1102 1339 1284 1301 1215 1287 1242 1182 1144 1515 1159 1126 
1460 1329 1365 1230 1371 1233 1217 1249 1379 1380 1497 1327 1344 1411 1336 1608 1394 1311 1294 1280 1150 1377 1253 1386 1347 1374 1248 1272 1260 1359 1245 1239 
1261 1208 1181 1022 1202 1031 1164 1088 1125 1191 1265 1188 1067 1187 1180 1357 1184 1270 1224 1229 993 1265 1017 1185 1097 1140 1073 1200 1201 1183 1032 1003 
1620 1461 1503 1236 1524 1167 1401 1373 1490 1388 1569 1402 1519 1487 1534 1677 1404 1461 1566 1490 1323 1585 1285 1589 1402 1372 1438 1472 1400 1605 1376 1245 
1612 1418 1411 1238 1562 1276 1423 1352 1563 1475 1727 1366 1537 1585 1461 1753 1429 1478 1513 1347 1230 1515 1419 1603 1460 1437 1369 1455 1337 1706 1386 1264 
1465 1252 1372 1190 1382 1141 1361 1296 1304 1371 1412 1389 1326 1303 1365 1522 1329 1285 1207 1315 1045 1415 1219 1430 1198 1414 1182 1448 1276 1447 1237 1189 
1521 1428 1382 1099 1518 1314 1285 1362 1317 1384 1604 1428 1323 1423 1405 1633 1386 1302 1266 1337 1204 1434 1325 1486 1339 1529 1286 1440 1323 1496 1284 1210 
1522 1437 1402 1295 1355 1308 1405 1244 1529 1384 1646 1387 1385 1375 1332 1529 1481 1436 1429 1389 1055 1446 1225 1474 1289 1405 1297 1354 1245 1466 1201 1139 
1219 1078 1079 1011 1158 1070 1101 974 1218 1120 1106 1125 1174 1050 1064 1336 1056 1096 1112 1144 949 1238 1151 1123 1015 1150 1012 1078 1107 1145 1002 956 
1532 1407 1438 1324 1478 1295 1330 1335 1492 1353 1527 1371 1436 1374 1428 1595 1376 1454 1362 1340 1152 1371 1342 1477 1305 1362 1304 1392 1302 1489 1359 1254 
1496 1276 1362 1167 1406 1137 1270 1295 1348 1314 1522 1404 1294 1251 1343 1486 1476 1295 1390 1213 1213 1361 1268 1416 1286 1328 1187 1343 1228 1449 1255 1097 
1482 1332 1273 1219 1428 1117 1160 1208 1271 1266 1433 1368 1335 1260 1325 1509 1344 1256 1198 1178 1141 1391 1240 1464 1245 1328 1171 1231 1378 1332 1316 1180 
1475 1368 1330 1288 1480 1220 1313 1325 1415 1257 1507 1400 1376 1383 1334 1563 1445 1273 1192 1266 1150 1302 1269 1365 1144 1516 1192 1324 1350 1344 1286 1226 
1377 1162 1280 1098 1253 1194 1282 1139 1357 1232 1504 1173 1310 1224 1222 1385 1223 1301 1306 1239 1030 1277 1147 1317 1249 1192 1072 1277 1103 1254 1030 1065 
1463 1451 1340 1248 1514 1238 1423 1265 1582 1420 1620 1536 1396 1519 1520 1729 1461 1514 1272 1401 1329 1551 1343 1495 1518 1638 1257 1486 1393 1535 1446 1371 
1573 1477 1483 1364 1573 1311 1453 1505 1411 1555 1674 1684 1447 1410 1661 1739 1406 1501 1434 1475 1424 1567 1347 1491 1437 1622 1440 1540 1503 1694 1461 1357 
1402 1227 1273 1072 1326 1164 1294 1316 1258 1316 1629 1321 1378 1444 1351 1629 1434 1450 1433 1372 1229 1373 1180 1393 1363 1413 1235 1225 1243 1405 1301 1120 
1414 1365 1298 1283 1326 1151 1307 1210 1358 1274 1562 1379 1218 1260 1270 1569 1375 1299 1282 1350 1056 1302 1280 1422 1268 1375 1117 1374 1153 1149 1285 1120 
1093 1003 1112 973 1174 999 1124 1103 1091 1186 1341 1048 1181 1037 1085 1352 1148 1051 1153 1222 992 1108 1055 1143 1038 1106 1041 1096 1019 1099 976 1008 
1425 1084 1268 1207 1246 1140 1157 1219 1273 1208 1455 1230 1279 1152 1348 1441 1200 1373 1242 1228 1257 1291 1156 1305 1272 1153 1141 1288 1214 1371 1132 1131 
1231 1235 1172 1010 1192 1030 1187 1020 1253 1222 1355 1163 1154 1285 1180 1417 1304 1163 1274 1254 1008 1320 1127 1251 1226 1139 1023 1099 1165 1245 1182 1065 
1352 1168 1203 1221 1452 1284 1295 1322 1329 1275 1490 1229 1343 1363 1259 1438 1301 1363 1245 1180 1185 1315 1143 1470 1284 1259 1140 1137 1240 1432 1236 1231 
1500 1494 1414 1361 1525 1203 1378 1263 1478 1451 1753 1480 1448 1404 1590 1574 1503 1613 1520 1435 1205 1477 1249 1508 1433 1386 1458 1436 1366 1569 1342 1177 
1654 1559 1548 1403 1650 1388 1530 1448 1628 1640 1669 1590 1514 1515 1599 1857 1542 1583 1516 1562 1442 1675 1392 1745 1608 1525 1380 1489 1401 1688 1534 1427 
