1952 1851 1905 1855 1993 1581 2126 1708 1975 2056 2098 1921 1820 2069 2113 2092 1923 2018 1985 1963 1752 1962 1921 2062 2036 1991 1744 1991 1982 2127 1885 1889 
2040 1871 1852 1824 1911 1644 1829 1599 2153 1738 1994 1775 1808 1792 1864 1841 1788 1915 1797 1883 1650 1794 1783 2002 1832 1916 1679 1955 1889 1896 1689 1611 
1810 1805 1693 1804 1748 1530 1859 1605 1949 1769 1976 1752 1753 1794 1912 1924 1823 1891 1874 1874 1547 1841 1725 1932 1690 1883 1732 1776 1804 1858 1945 1722 
1769 1780 1618 1811 1886 1454 1867 1655 1958 1788 1775 1775 1813 1962 1787 1864 1814 1915 1637 1777 1574 1791 1600 1968 1606 1833 1559 2019 1669 1844 1862 1631 
1999 1892 1892 1918 2235 1727 2154 1935 2074 1968 2309 1990 2023 2128 2086 2150 1997 2249 2004 1982 1718 2010 1785 2322 2054 2093 1867 2052 1947 2342 2122 1890 
2071 2123 1910 1835 2264 1864 1983 1901 2186 1967 2149 2050 1978 1902 2014 2187 1876 2075 1933 2112 1712 2046 2015 2206 2160 1920 1829 2104 2013 2143 1964 1957 
2234 2252 2133 2029 2262 1872 2144 1899 2516 2249 2295 2186 2112 2172 2177 2327 2118 2171 2210 2261 1937 2238 2211 2320 2284 2150 2063 2179 2144 2233 1988 2072 
1959 1841 1870 1756 2016 1796 1982 1732 1952 1954 1967 1800 1722 1824 1919 2090 1776 2019 1933 2012 1656 1931 1749 1903 1816 1791 1753 1974 1823 1993 1731 1765 
2041 1853 1792 1659 2154 1690 1845 1801 1957 2037 2022 1957 1914 2055 1859 2010 1814 1882 1818 1978 1601 1977 1858 2083 1892 1791 1748 1886 1827 2183 1818 1825 
2119 1991 1952 1933 1978 1815 1950 1771 2145 2108 2141 1913 1917 2004 2043 2350 1949 1995 1927 1980 1825 2012 1982 2142 2071 2003 1884 2054 1978 2054 1928 1972 
1814 1834 1786 1693 1824 1586 1854 1615 1859 1881 1860 1765 1642 1928 1909 1948 1721 1899 1810 1992 1563 1857 1612 1883 1828 1741 1711 1985 1918 1890 1631 1712 
2097 1979 1977 1825 2072 1603 2046 1925 2104 2018 2054 1934 2074 2089 2091 2193 1937 1991 2048 2158 1859 2151 1777 2264 1914 1928 1928 2108 2019 2173 1985 1881 
2166 1957 1908 1833 2130 1614 2037 1812 2238 1978 2328 1927 1984 2118 2031 2265 1931 2017 1992 1962 1766 2029 1906 2310 1960 1930 1867 2036 1838 2206 1985 1907 
2073 1904 1975 1875 1892 1714 2149 1790 2207 2025 2009 1980 1947 2015 2044 2139 1901 1937 1780 2017 1612 1988 1985 2151 1921 2077 1793 2225 2035 2050 1841 1900 
1965 1883 1851 1598 2018 1709 1866 1817 1906 1913 2075 1855 1760 1963 1923 2080 1917 1819 1725 1932 1698 1909 1765 2100 1840 2089 1762 1983 1858 1997 1763 1802 
2141 2108 2043 2001 2090 1862 2073 1843 2344 2042 2267 2006 1938 2018 2007 2155 2076 2136 2045 2189 1685 2017 1778 2293 1972 2045 2001 2037 1977 2176 1877 1861 
1931 1803 1766 1727 1870 1645 1914 1694 2093 1913 1811 1752 1712 1804 1743 1981 1677 1994 1802 2004 1689 1937 1778 1908 1751 1801 1689 1857 1833 1888 1710 1765 
2164 2026 2053 1961 2150 1795 1963 1950 2237 2076 2177 1930 1956 2007 2074 2180 1938 2150 1957 2135 1725 1987 1844 2222 1954 1934 1936 2078 1919 2160 2035 1951 
2200 2005 2008 1950 2049 1738 2106 1912 2217 2133 2227 2060 1990 1950 2049 2131 2187 2173 2106 2054 1933 2117 2018 2268 2047 2035 1860 2145 1968 2206 1996 1958 
2001 1941 1826 1850 1963 1620 1778 1752 2047 1963 1994 1879 1896 1895 1961 2118 1896 1885 1799 1880 1709 2001 1812 2182 1868 1893 1751 1950 2068 1938 1945 1769 
2114 2051 1926 2047 2175 1793 2145 1953 2261 1939 2143 2091 2059 2261 2076 2190 2126 2007 1883 1995 1781 1965 1978 2131 1933 2216 1808 2117 2219 2108 1979 1963 
1971 1805 1832 1671 1848 1699 2004 1711 2149 2028 2093 1703 1824 1842 1766 1944 1851 2082 1923 1947 1592 1967 1758 2016 1900 1791 1592 1917 1724 1864 1679 1749 
2199 2178 2075 2025 2319 1720 2260 1934 2574 2200 2320 2205 1994 2340 2312 2406 2162 2282 1969 2236 1973 2188 1963 2347 2224 2348 1912 2330 2193 2232 2196 2060 
2276 2156 2149 1987 2188 1993 2287 2132 2350 2366 2212 2204 1963 2150 2258 2351 2126 2369 2038 2338 2108 2375 2092 2306 2154 2296 2103 2286 2259 2426 2138 2208 
2021 1771 1810 1670 1913 1660 1971 1875 1975 2043 2195 1854 1957 2100 1993 2118 2066 2138 2040 2051 1814 2068 1809 2108 2032 1964 1794 1908 1936 2071 1895 1843 
2052 1920 1864 1909 1908 1735 1960 1666 2100 1892 2099 1871 1787 1848 1949 2127 2022 1953 1876 2081 1601 1877 1898 2201 1987 1999 1702 2058 1849 1867 1908 1798 
1693 1628 1719 1607 1860 1455 1810 1648 1870 1950 1916 1633 1666 1732 1758 1980 1766 1739 1784 2018 1582 1762 1583 1880 1634 1735 1641 1765 1678 1768 1658 1701 
2017 1507 1756 1700 1763 1657 1790 1761 1984 1872 1901 1682 1744 1846 1853 1946 1780 1990 1692 1890 1782 1852 1805 1985 1839 1648 1640 1869 1868 1934 1709 1774 
1817 1774 1644 1533 1783 1487 1747 1464 1925 1823 1809 1658 1640 1907 1711 1981 1819 1741 1692 1910 1472 1778 1667 1851 1748 1533 1443 1759 1718 1858 1737 1591 
2062 1823 1923 1943 2103 1756 2124 1938 2259 2011 2191 1891 1987 2121 2028 2026 1889 2004 1931 1968 1734 2012 1880 2273 1987 1915 1753 1888 1965 2031 1985 2054 
2066 1917 1931 1923 2140 1630 1933 1768 2124 2005 2253 1917 1915 1970 2133 2047 2097 2203 2063 2064 1619 2061 1703 2178 2025 1876 1935 2059 1906 2120 1924 1714 
2229 2221 2161 2127 2258 1857 2292 2030 2472 2369 2323 2224 2037 2201 2196 2455 2138 2275 2125 2317 2106 2286 2033 2529 2215 2160 1996 2139 2162 2344 2231 2207 
