4710 4494 4758 4432 4782 4141 4530 4148 4643 4843 4502 4416 4420 4295 4868 5116 4693 4880 4528 4511 4413 4599 4774 4557 4465 4777 4455 4711 4395 4969 4621 4639 
4827 4390 4464 4354 4507 4110 4291 3810 4570 4317 4100 4136 4245 3893 4368 4582 4273 4811 4345 4242 3988 4244 4400 4452 4052 4850 4171 4386 4275 4418 4374 4155 
4659 4255 4516 4098 4584 3926 4185 3846 4443 4349 4029 4113 4295 4000 4471 4708 4464 4564 4405 4317 4133 4347 4195 4324 4189 4617 4296 4332 4164 4596 4631 4384 
4461 4336 4596 4340 4587 3811 4275 4055 4296 4326 3893 3933 4346 4178 4415 4767 4243 4564 4478 4199 4263 4310 4228 4673 3927 4673 4184 4610 4140 4533 4482 4121 
4860 4479 4734 4296 5080 4264 4386 4304 4605 4622 4448 4398 4540 4345 4674 4961 4552 4962 4728 4548 4340 4502 4344 4835 4289 4829 4517 4539 4438 5154 4908 4398 
4713 4763 4731 4271 4754 4310 4510 4000 4574 4682 4251 4203 4340 4234 4719 5113 4449 4527 4555 4516 4230 4589 4655 4386 4303 4433 4437 4672 4595 4660 4607 4488 
4756 4521 4666 4209 4796 4175 4328 3994 4790 4695 4053 4316 4522 4385 4486 4718 4483 4478 4638 4499 4160 4650 4307 4554 4519 4620 4320 4461 4262 4670 4377 4453 
4815 4312 4822 4167 4716 4307 4388 4106 4691 4739 4074 4093 4463 4196 4570 5052 4539 4750 4545 4431 4336 4388 4089 4605 4232 4714 4483 4646 4152 4730 4383 4297 
4501 4241 4317 4020 4570 4020 4076 3929 4164 4477 4139 4013 4268 4110 4314 4648 4205 4555 4191 4371 4056 4399 4228 4414 4035 4187 4129 4262 4195 4646 4139 4083 
5143 4673 5154 4665 4915 4746 4446 4373 4936 5326 4452 4563 4509 4454 4998 5617 4786 5031 4842 4619 4744 4807 5061 4952 4747 5027 4914 4966 4691 5092 4952 4826 
4629 4276 4629 4124 4686 4130 4291 4090 4259 4637 4032 4074 4232 4233 4606 5012 4354 4466 4391 4379 4102 4489 4132 4521 4225 4472 4565 4517 4526 4680 4486 4343 
4837 4599 4712 4225 4803 4226 4428 4217 4533 4693 4207 4276 4666 4277 4591 5095 4518 4682 4809 4658 4337 4743 4176 4781 4300 4456 4525 4650 4468 4833 4597 4407 
5013 4675 4672 4355 4804 4106 4590 4366 4797 4762 4505 4313 4675 4593 4679 5207 4608 4907 4898 4555 4176 4551 4432 4953 4453 4646 4622 4583 4546 5114 4593 4527 
4524 4115 4494 3931 4351 3991 4210 3906 4346 4454 3904 4162 4320 3919 4495 4592 4110 4370 4065 4236 3750 4293 4176 4359 4025 4600 4300 4386 4354 4438 4300 4199 
4828 4436 4841 4175 4812 4199 4325 4204 4547 4629 4269 4267 4386 4217 4669 4941 4589 4456 4446 4504 4423 4604 4212 4619 4255 4990 4454 4674 4468 4905 4534 4547 
4977 4918 4988 4584 5047 4639 4708 4367 4942 4943 4497 4418 4723 4485 4923 5089 4795 4982 4896 4727 4409 4743 4395 5023 4456 4940 4917 4814 4798 4918 4747 4643 
4690 4276 4508 4170 4554 4226 4417 4207 4681 4701 4004 4026 4267 4199 4525 5074 4219 4740 4641 4506 4228 4521 4435 4262 4165 4541 4286 4328 4476 4603 4280 4461 
4702 4591 4889 4382 4904 4289 4432 4218 4689 4723 4340 4169 4490 4469 4737 5012 4653 4757 4630 4635 4208 4540 4151 4680 4320 4496 4563 4589 4455 4878 4744 4538 
5212 4644 5080 4672 4893 4455 4701 4498 5066 4934 4611 4606 4556 4454 4920 5356 5372 5125 5033 4633 4888 4985 4660 5004 4279 4773 4712 4991 4799 5164 4821 4809 
4729 4568 4628 4496 4566 4327 4171 3963 4484 4606 4035 4379 4484 4246 4720 5002 4667 4810 4564 4399 4316 4650 4395 4669 4229 4688 4351 4520 4758 4686 4571 4411 
4740 4689 4506 4558 4703 4125 4319 4127 4659 4471 4238 4247 4458 4602 4631 4892 4663 4768 4561 4358 4243 4451 4483 4462 4306 4884 4353 4641 4667 4727 4611 4572 
4341 4223 4343 4073 4305 3885 4275 4062 4544 4487 3981 3923 4163 3800 4190 4640 4305 4581 4321 4294 3922 4418 4082 4355 3868 4353 4004 4338 4057 4229 4171 4118 
5103 4801 4965 4456 4966 4336 4702 4257 5184 5021 4526 4627 4755 4791 5090 5383 4798 4902 4613 4643 4461 4681 4579 4876 4583 5191 4520 4811 4638 5117 4985 4663 
5108 4890 5047 4521 5045 4638 4830 4661 4954 5184 4521 4701 4546 4516 4830 5299 4636 5045 4800 4919 4703 4876 4773 5004 4363 5087 4909 4826 4984 5186 4949 4927 
5098 4107 4776 4131 4645 4181 4297 4288 4391 4920 4543 4399 4639 4492 4721 4811 4697 5034 4683 4726 4400 4630 4364 4664 4393 4693 4553 4566 4493 5094 4708 4590 
4838 4655 4643 4520 4565 4428 4410 4293 4775 4791 4369 4250 4455 4266 4853 5045 4697 4961 4781 4763 4019 4562 4503 4821 4482 4819 4505 4690 4628 4625 4712 4534 
4593 4429 4692 4303 4817 4070 4451 4219 4652 4780 4358 4242 4337 4151 4564 5147 4788 4842 4604 4532 4273 4607 4304 4565 4115 4760 4433 4654 4344 4745 4529 4625 
4852 4307 4808 4423 4683 4496 4391 4415 4798 4864 4270 4386 4614 4331 4829 5227 4755 5155 4717 4530 4537 4605 4695 4637 4608 4710 4664 4788 4843 4909 4524 4505 
4715 4608 4787 4200 4842 4273 4397 4053 4736 4756 4190 4258 4201 4336 4525 5032 4604 4666 4645 4552 4080 4476 4567 4491 4412 4561 4208 4617 4535 4866 4703 4494 
5016 4409 5135 4768 5227 4539 4952 4569 5183 5108 4554 4544 4576 4705 4940 5345 4859 4990 4825 4775 4548 4904 4747 4970 4541 5073 4932 4786 4803 5240 4984 4965 
4663 4333 4703 4319 4822 4201 4247 4178 4738 4806 4390 4156 4420 4312 4734 4906 4783 4849 4764 4597 4177 4569 4160 4648 4407 4345 4510 4375 4265 4832 4659 4383 
5044 4730 4925 4778 4875 4231 4678 4397 4817 5083 4508 4532 4617 4254 4813 5295 4747 5183 4787 4665 4643 5005 4610 5112 4451 4799 4690 4688 4646 4952 4893 4904 
