2733 2505 2844 2516 2738 2149 2722 2323 2653 2820 2810 2542 2574 2799 2920 2799 2778 2843 2737 2768 2481 2771 2665 2775 2717 2841 2419 2741 2734 2986 2563 2737 
2696 2348 2494 2273 2523 2178 2349 1971 2708 2314 2524 2263 2331 2319 2385 2425 2419 2588 2387 2487 2168 2340 2305 2530 2312 2606 2224 2528 2545 2536 2223 2196 
2535 2379 2464 2398 2423 2012 2460 2106 2599 2420 2519 2376 2495 2371 2578 2566 2505 2602 2549 2586 2243 2469 2326 2582 2296 2636 2319 2432 2489 2516 2459 2457 
2445 2447 2473 2412 2488 1913 2405 2058 2560 2453 2300 2310 2486 2579 2446 2483 2547 2553 2334 2412 2299 2346 2247 2623 2221 2607 2112 2703 2314 2490 2399 2319 
2777 2485 2683 2430 2961 2377 2736 2474 2701 2721 2892 2610 2701 2696 2685 2792 2683 3006 2716 2679 2418 2659 2391 2962 2586 2836 2543 2706 2626 3110 2688 2504 
2697 2750 2686 2436 2844 2484 2590 2390 2838 2722 2677 2648 2507 2391 2680 2842 2632 2725 2594 2745 2361 2650 2616 2705 2607 2635 2448 2761 2736 2765 2514 2689 
2861 2788 2770 2526 2773 2277 2574 2290 3046 2799 2754 2728 2762 2726 2671 2817 2758 2756 2813 2859 2483 2824 2657 2922 2805 2835 2591 2751 2682 2831 2461 2618 
2693 2366 2717 2300 2633 2337 2527 2134 2590 2602 2441 2366 2483 2424 2510 2710 2424 2726 2571 2665 2299 2519 2225 2548 2345 2519 2381 2602 2460 2621 2205 2422 
2761 2465 2454 2225 2702 2201 2390 2292 2530 2710 2615 2492 2528 2625 2547 2602 2519 2636 2509 2685 2249 2585 2468 2609 2504 2402 2337 2495 2527 2763 2283 2499 
3001 2738 2979 2737 2756 2537 2562 2397 2974 3018 2885 2651 2636 2749 2904 3191 2847 2890 2822 2799 2665 2865 2861 2957 2822 2821 2710 2877 2852 2928 2666 2748 
2539 2416 2671 2369 2550 2211 2428 2216 2535 2656 2455 2389 2264 2554 2612 2739 2524 2628 2621 2723 2299 2571 2293 2572 2456 2456 2437 2676 2770 2763 2263 2448 
2902 2606 2823 2386 2745 2306 2731 2379 2750 2732 2669 2565 2766 2709 2718 2921 2627 2783 2805 2865 2554 2796 2368 2927 2500 2680 2545 2751 2797 2884 2571 2565 
2949 2591 2731 2420 2841 2232 2682 2332 2965 2704 2868 2583 2711 2751 2739 2953 2707 2847 2803 2728 2474 2651 2545 2995 2676 2729 2596 2790 2659 2926 2557 2600 
2654 2351 2688 2313 2516 2233 2590 2143 2733 2659 2455 2491 2527 2479 2687 2562 2572 2624 2288 2638 2165 2521 2403 2649 2407 2787 2339 2803 2638 2632 2319 2519 
2676 2470 2644 2196 2675 2218 2436 2230 2502 2598 2603 2496 2468 2517 2522 2700 2622 2465 2403 2623 2378 2546 2266 2747 2413 2943 2342 2641 2554 2681 2282 2500 
2842 2727 2843 2597 2769 2466 2601 2305 2978 2761 2837 2627 2622 2635 2728 2782 2807 2817 2808 2885 2422 2631 2432 2971 2617 2733 2658 2741 2745 2894 2497 2616 
2523 2301 2407 2267 2429 2198 2470 2215 2760 2577 2331 2235 2264 2409 2417 2708 2372 2703 2536 2663 2306 2510 2403 2329 2344 2500 2353 2550 2643 2528 2226 2500 
2949 2723 2939 2552 2850 2520 2617 2474 2901 2863 2838 2576 2673 2650 2863 2827 2767 2956 2749 2968 2502 2687 2410 2903 2529 2747 2609 2762 2755 2923 2701 2769 
2966 2667 2892 2592 2620 2299 2668 2567 3030 2862 2847 2707 2643 2499 2788 2918 2979 2921 2863 2766 2709 2788 2714 2909 2569 2767 2530 2850 2749 2909 2552 2658 
2658 2603 2691 2444 2598 2202 2313 2242 2643 2604 2595 2511 2615 2542 2689 2836 2764 2651 2572 2607 2449 2663 2424 2790 2440 2726 2393 2720 2845 2637 2516 2580 
2745 2669 2716 2613 2759 2365 2685 2524 2894 2594 2706 2563 2659 2876 2707 2919 2885 2782 2628 2608 2484 2576 2664 2609 2504 2897 2419 2819 2961 2751 2488 2708 
2498 2371 2503 2208 2258 2109 2410 2271 2741 2640 2524 2268 2327 2273 2352 2543 2522 2695 2451 2507 2164 2539 2297 2501 2264 2365 2069 2455 2343 2394 2098 2307 
2938 2752 2857 2573 2840 2256 2832 2330 3160 2778 2886 2812 2713 2985 2900 3126 2864 2987 2570 2869 2579 2810 2497 2997 2706 3055 2460 2904 2822 2924 2699 2695 
3032 2845 3007 2656 2815 2584 2938 2654 3032 3128 2791 2834 2633 2710 2897 3051 2826 3010 2732 3007 2890 3012 2750 2960 2636 3029 2678 2894 3005 3066 2728 2941 
2879 2357 2760 2302 2711 2298 2542 2404 2597 2852 2852 2609 2726 2700 2760 2763 2895 2965 2741 2824 2524 2870 2439 2837 2693 2808 2520 2617 2706 2931 2525 2612 
2761 2551 2623 2474 2550 2361 2596 2233 2775 2636 2753 2405 2386 2473 2669 2802 2793 2777 2588 2818 2232 2531 2593 2734 2555 2710 2363 2764 2582 2563 2492 2543 
2387 2291 2547 2277 2589 1958 2402 2192 2526 2642 2396 2336 2427 2287 2459 2685 2572 2512 2489 2665 2273 2448 2207 2541 2232 2550 2278 2511 2462 2496 2209 2432 
2780 2199 2672 2360 2470 2307 2451 2344 2760 2628 2508 2334 2509 2520 2632 2743 2649 2869 2522 2667 2607 2521 2508 2641 2503 2524 2423 2685 2741 2679 2267 2571 
2598 2437 2630 2224 2542 2224 2426 2079 2713 2684 2517 2304 2277 2520 2467 2729 2677 2558 2517 2657 2269 2560 2414 2513 2427 2380 2170 2511 2612 2673 2414 2422 
2755 2372 2819 2582 2763 2409 2776 2419 3078 2754 2788 2491 2637 2806 2709 2755 2780 2774 2669 2749 2397 2711 2454 2875 2623 2813 2517 2627 2736 2765 2597 2817 
2713 2499 2702 2517 2753 2144 2480 2257 2764 2661 2806 2420 2483 2486 2711 2592 2793 2857 2744 2689 2296 2681 2327 2758 2556 2523 2473 2626 2576 2649 2481 2327 
2835 2807 2910 2753 2966 2402 2814 2517 3066 3018 2835 2839 2683 2692 2842 3010 2904 3057 2763 2893 2759 2920 2690 3102 2764 2832 2645 2844 2798 2955 2703 2894 
