4051 4025 4270 3926 4164 3565 4138 3684 4203 4384 4109 3900 3847 3850 4333 4546 4173 4299 4053 4069 3906 4063 4231 4056 4063 4335 3959 4164 3918 4419 4057 4120 
4182 3855 3800 3691 3798 3512 3629 3312 4087 3710 3718 3566 3662 3394 3795 3996 3715 4200 3774 3684 3440 3657 3824 3832 3612 4159 3684 3929 3786 3815 3641 3507 
3825 3648 3738 3508 3659 3231 3575 3172 3764 3708 3621 3518 3626 3337 3863 3972 3728 3830 3750 3700 3482 3634 3540 3684 3526 3982 3698 3675 3665 3791 3811 3664 
3796 3842 3830 3676 3836 3115 3611 3419 3678 3648 3512 3476 3778 3562 3837 4045 3772 3923 3795 3570 3667 3638 3595 3959 3431 3995 3535 3980 3529 3828 3693 3506 
3996 3823 3926 3686 4234 3451 3800 3643 3908 3908 3934 3701 3845 3589 3978 4155 3923 4308 4020 3870 3592 3768 3662 4125 3624 4101 3817 3828 3794 4330 3994 3697 
4077 4252 4093 3728 4107 3673 3924 3535 4067 4113 3785 3723 3740 3546 4138 4522 3893 4035 3964 3982 3664 4015 4033 3860 3782 3903 3884 4166 4051 4072 3922 4029 
4051 4038 3927 3643 3896 3431 3715 3437 4158 4038 3635 3742 3953 3749 3923 4078 3806 3924 4040 3901 3536 3972 3677 3966 3906 3968 3830 3829 3735 3991 3668 3790 
4046 3856 4138 3572 3997 3659 3891 3524 4154 4136 3679 3593 3841 3565 3929 4354 3925 4108 3959 3871 3709 3768 3576 3961 3711 4141 3857 3959 3678 4033 3710 3791 
3847 3769 3698 3450 3821 3375 3559 3305 3651 3942 3764 3589 3665 3604 3808 4007 3595 3906 3651 3837 3427 3799 3664 3771 3573 3659 3626 3703 3654 4003 3503 3514 
4357 4213 4443 4011 4139 3989 3864 3743 4321 4646 4044 3950 3915 3865 4331 4902 4190 4378 4181 4030 4085 4111 4384 4252 4227 4348 4338 4286 4059 4387 4143 4229 
3941 3891 4029 3591 4029 3543 3817 3599 3778 4124 3666 3516 3636 3654 4056 4413 3864 3923 3916 3932 3584 3920 3600 3926 3775 3961 4013 3934 3993 4105 3747 3815 
4092 4100 4056 3652 4004 3527 3857 3630 3906 4055 3814 3680 4013 3657 4023 4359 3834 3956 4181 4109 3696 3961 3563 4046 3739 3929 3919 3988 3865 4089 3861 3767 
4312 4107 4015 3690 4100 3550 3975 3806 4311 4138 4081 3741 4071 3972 4114 4569 3967 4205 4268 4034 3606 3913 3864 4297 3996 4057 4001 4048 3973 4440 3865 3958 
3806 3605 3797 3439 3626 3408 3670 3340 3884 3858 3438 3571 3714 3341 3855 3975 3657 3777 3454 3745 3191 3760 3540 3754 3559 3999 3671 3825 3757 3733 3592 3626 
4127 3974 4119 3580 4077 3541 3835 3631 3938 4037 3846 3680 3867 3614 4075 4241 3966 3868 3839 3989 3768 3958 3592 4075 3711 4455 3903 4047 3904 4241 3785 3924 
4155 4273 4192 3865 4204 3820 3973 3698 4296 4256 3998 3829 4024 3784 4211 4334 4137 4207 4184 4080 3713 3975 3692 4244 3937 4262 4201 4117 4051 4239 3908 3972 
3931 3739 3835 3653 3705 3507 3820 3629 4086 4093 3517 3432 3612 3556 3919 4442 3644 4167 4049 3906 3570 3864 3705 3662 3642 3897 3775 3818 3918 3918 3596 3800 
4138 4092 4200 3713 4183 3641 3869 3704 4158 4107 3952 3626 3885 3825 4147 4328 4042 4192 4043 4063 3647 3916 3609 4089 3764 3942 3940 3998 3961 4226 4015 3994 
4281 4051 4283 3928 3924 3567 3966 3734 4338 4229 4074 3850 3803 3666 4231 4458 4476 4229 4286 3993 4105 4042 3925 4205 3694 4157 3982 4191 4047 4307 3908 4036 
3799 3912 3820 3578 3746 3480 3399 3287 3786 3893 3461 3592 3672 3547 3985 4154 3863 3936 3772 3672 3562 3780 3582 3812 3638 3959 3666 3814 4013 3889 3607 3635 
3939 4147 3803 3874 4005 3430 3755 3627 4089 3801 3785 3632 3741 3977 3909 4240 4095 4111 3920 3801 3574 3806 3829 3750 3730 4169 3746 4004 4026 4006 3714 3906 
3520 3684 3559 3390 3526 3181 3669 3401 3926 3791 3578 3352 3454 3148 3516 3899 3696 3911 3675 3616 3297 3725 3442 3632 3297 3637 3378 3714 3456 3489 3333 3431 
4244 4173 4149 3792 4118 3573 4119 3667 4546 4250 4052 3993 4000 4186 4375 4669 4223 4254 3988 4012 3791 3972 3896 4154 4011 4415 3877 4124 3969 4347 4074 4040 
4392 4267 4360 3913 4276 3951 4185 3998 4389 4526 4051 4084 3908 3858 4131 4590 4080 4344 4086 4306 4076 4265 4056 4311 3818 4409 4187 4201 4318 4448 4130 4254 
4343 3689 4131 3560 3920 3559 3760 3731 3879 4314 4072 3783 4043 3856 4147 4254 4133 4468 4127 4142 3837 4074 3729 4142 3906 4191 3900 3909 3972 4440 4012 4003 
4124 4189 4000 3841 3926 3783 3847 3759 4234 4186 4024 3757 3863 3673 4273 4419 4159 4281 4151 4174 3498 3885 3941 4145 3966 4268 3873 4072 4016 4020 3983 3947 
3854 3802 3995 3698 4078 3314 3779 3569 4017 4176 3843 3616 3704 3545 4002 4325 4067 4090 3884 3938 3640 3805 3600 3902 3543 4150 3877 4024 3679 4000 3693 3955 
4127 3675 4161 3793 3957 3885 3780 3786 4264 4266 3782 3759 4039 3821 4198 4567 4114 4422 4039 4057 3947 4020 3986 4001 4124 4043 4010 4168 4212 4129 3736 3816 
3859 3832 3937 3521 3851 3437 3644 3351 4029 3982 3629 3556 3464 3626 3820 4235 3896 3869 3857 3842 3373 3772 3723 3717 3731 3744 3489 3880 3793 3979 3786 3659 
4145 3839 4275 4061 4305 3744 4196 3787 4525 4345 4010 3810 3881 3960 4233 4497 4182 4199 4077 4122 3842 4116 3968 4168 3983 4289 4178 4030 4061 4392 4031 4239 
3860 3727 3882 3699 3957 3438 3573 3529 4050 4116 3920 3559 3717 3600 4091 4095 4041 4147 4094 3921 3525 3807 3522 3996 3740 3684 3847 3657 3711 4009 3809 3642 
4320 4318 4279 4167 4229 3579 4166 3928 4303 4484 4152 4043 4009 3747 4216 4706 4250 4525 4235 4167 4028 4316 4072 4407 4025 4262 4148 4111 4013 4380 4205 4312 
