1965 2064 2020 1622 2059 2148 2134 2100 2049 1928 2286 2148 2058 2168 1992 2161 2297 2147 2011 2256 1878 2124 1915 2040 2096 1911 1920 2302 1849 2177 2217 1901 
1652 1754 1654 1436 1790 1821 1869 1892 1731 1702 1943 1830 1760 1774 1846 1642 1849 1788 1873 1769 1490 1828 1719 1806 1761 1710 1711 1819 1790 1927 1813 1787 
1735 1785 1769 1396 1630 1789 1800 1935 1765 1543 1934 1923 1852 1923 1890 1632 1958 1840 1908 1798 1460 1902 1691 1836 1807 1665 1802 1996 1793 1853 2114 1599 
1870 1797 1610 1384 1838 2003 1912 1730 1858 1755 1942 1799 1923 1745 1842 1606 2077 1884 2003 1871 1547 1962 1696 1818 1808 1758 1764 1970 1836 1887 1812 1788 
1929 1936 1980 1521 1994 2246 2157 2150 2124 1765 2205 2044 2137 2165 2172 1813 2096 2122 1997 1998 1819 2047 1986 2044 1991 2057 1921 2156 1987 1960 2217 1878 
1828 1900 1826 1440 1931 1933 2006 1965 1968 1805 2078 2083 1931 2103 1929 1733 2145 2002 1773 2054 1762 2060 1849 1850 1983 2143 1918 2023 1912 1973 2043 1970 
1926 1998 1889 1784 1973 1982 2105 2028 2031 2006 2131 2168 2259 2232 2000 2099 2313 2071 2083 2182 1865 2166 1907 2007 2068 2100 2046 2155 1994 1955 2097 1931 
1722 2120 1955 1589 1891 2068 1959 1815 1860 1675 2030 1904 1991 1961 1921 1860 2080 1813 1962 1940 1624 2028 1698 1975 1987 1919 1967 2146 1859 1932 1982 1809 
1750 1944 1866 1589 1807 2006 2042 2093 1959 1704 1981 1982 1944 2146 2003 1734 1968 2028 1946 1984 1767 2036 1861 1821 2041 2035 1953 1997 1919 1844 2118 1916 
2003 2106 2013 1773 2114 2450 2361 2246 2303 2175 2195 2332 2130 2365 2097 2286 2369 2127 2081 2279 2037 2230 2177 2216 2098 2173 2056 2296 2188 2016 2295 2109 
1838 1944 1980 1512 1992 2160 2075 2002 1926 1760 2053 2015 2001 2028 1870 1881 2175 2068 1965 2032 1766 2073 1786 2000 2043 1978 1902 2022 1887 2017 2123 1924 
1921 2110 2021 1759 2039 2367 2074 1994 2136 1873 2159 2060 2154 2118 2078 1810 2327 2245 2339 2067 1868 2239 2035 2118 2252 1993 2048 2206 2051 2042 2318 2026 
1870 1943 1913 1626 1955 2231 2283 2077 2034 1950 1995 1981 2013 2260 2018 1771 2011 2092 1891 2093 1732 2119 2025 1997 1857 1981 1914 1962 1977 1932 2213 1825 
1956 1962 1766 1391 1892 1979 1932 2002 1937 1920 2123 1999 1960 1952 1864 1823 2231 1978 1881 2026 1876 2000 1835 1894 1892 2009 1832 2103 1785 1903 2075 1870 
1618 1938 1589 1430 1836 2017 1837 1953 1881 1789 2085 1920 1937 1992 1866 1690 2028 1939 1907 1788 1662 2108 1858 2150 1970 1974 1894 1812 1783 1867 2151 1721 
1733 1744 1824 1521 1709 2047 2001 2048 1973 1857 1970 1982 1902 2165 1815 1892 1974 1889 1781 1993 1670 1988 1650 1758 1940 1956 1682 1971 1891 1791 2023 1706 
1796 1807 1893 1472 1863 1844 2104 1980 1880 1901 1927 2016 1917 2024 1880 1890 2002 1932 1859 1817 1557 2063 1800 1865 1901 1777 1818 2026 1900 1948 2019 1800 
1882 2044 1837 1720 2202 2119 2164 2059 2066 1866 2147 2105 1940 2197 1926 1923 2150 2004 2104 2195 1863 2216 1780 2053 2004 1986 1762 2014 1924 2079 2080 1952 
2124 2297 2016 1831 2076 2268 2121 2121 2258 1979 2241 2213 2094 2275 2105 2109 2499 2170 2166 2235 1891 2273 2027 2230 2154 2150 2009 2445 2082 2225 2303 1894 
1848 1826 1716 1653 2009 1963 1973 2139 1907 1803 1959 1974 2052 2001 1877 1955 2147 1819 2004 2039 1674 2093 1716 1894 1756 2027 1748 2048 1854 1798 2109 1843 
1959 2114 2081 1627 2057 2134 2271 2215 2100 1834 2283 2187 2102 2071 2105 2085 2238 2152 2181 2034 1847 2313 1850 1880 2070 2141 2176 2453 2081 1976 2307 1905 
1722 1682 1619 1460 1783 1711 1754 1828 1773 1657 1766 1751 1674 1889 1798 1617 1795 1692 1844 1860 1504 1892 1639 1690 1756 1869 1811 1795 1732 1689 1902 1701 
1995 1993 1937 1748 2285 2313 2207 2281 2116 1951 2315 2151 2099 2211 2053 2009 2161 2172 2154 2205 1838 2265 1898 2148 2054 2009 2141 2181 2001 2157 2387 1859 
2186 2198 2078 1767 2294 2328 2272 2334 2263 2127 2321 2189 2242 2425 2248 1987 2516 2295 2383 2212 2029 2312 2098 2298 2418 2393 2239 2348 2178 2227 2408 2168 
1958 2062 2054 1536 1907 2283 2034 2199 2083 1978 2323 2018 2131 2211 2110 1996 2192 2177 2145 2181 1941 2107 2057 2209 2008 2111 2051 2107 1967 2049 2393 1999 
1832 1768 1822 1712 1978 2103 1943 1914 2004 1754 2179 2021 1839 2139 2004 1896 1970 2068 1946 2114 1825 2121 1744 2047 2108 1902 1805 2046 1930 2051 2185 1786 
1744 1894 1713 1463 1809 1948 1955 1810 1914 1804 2022 1959 1877 2007 1859 1685 1924 1804 1926 1999 1492 1995 1717 1868 1862 1797 1830 1871 1794 1847 2115 1797 
2014 1990 1866 1564 1896 2028 2081 2071 1958 1878 1941 1974 2014 2041 1974 1796 2097 2016 2097 1934 1618 2093 1941 1988 1905 2021 1944 2140 1805 1827 2236 1778 
1931 1856 1885 1498 1862 2154 1841 2057 1990 1791 2062 2055 1981 2002 2007 1864 1994 2051 2042 1991 1819 2198 1783 2002 2041 1912 1928 2145 1927 1943 2049 1867 
1984 1993 1819 1729 2053 2080 2132 1933 1930 1876 2028 2028 2104 2037 1994 1942 2091 2070 2040 2151 1786 2087 1926 1973 2010 1980 1949 2004 1931 2106 2197 2087 
1866 1781 1677 1594 1780 2001 1882 1923 1953 1744 1920 1941 1840 2097 1919 1579 1885 1920 1907 1873 1700 1894 1792 1856 2071 2025 1814 1872 1804 1942 2219 1870 
1986 1952 2053 1651 2132 2213 2293 2185 2253 2122 2324 2146 2290 2218 2203 1871 2395 2324 2175 2236 1763 2163 2061 2051 2125 2061 2176 2262 1941 2064 2292 2037 
