1211 1318 1430 1084 1232 1393 1432 1265 1380 1134 1480 1469 1362 1373 1359 1325 1599 1361 1253 1376 1280 1321 1239 1182 1412 1291 1335 1492 1120 1283 1507 1266 
1080 1222 1247 997 1185 1240 1319 1314 1149 1038 1294 1265 1180 1217 1395 1005 1337 1183 1287 1087 989 1240 1130 1126 1196 1231 1233 1190 1225 1330 1256 1330 
1119 1115 1205 857 936 1099 1176 1216 1164 905 1287 1317 1229 1251 1379 971 1320 1188 1249 997 933 1151 1090 1051 1121 1109 1252 1271 1036 1070 1401 1091 
1211 1173 1149 849 1177 1339 1266 1119 1253 1077 1361 1212 1269 1074 1312 957 1405 1311 1344 1115 978 1264 1128 1166 1224 1143 1211 1255 1217 1237 1251 1205 
1262 1326 1397 1004 1297 1519 1510 1508 1483 1065 1491 1434 1387 1500 1558 1067 1470 1472 1360 1215 1183 1368 1390 1231 1335 1402 1459 1395 1330 1330 1614 1349 
1220 1319 1289 934 1349 1281 1492 1416 1344 1160 1434 1402 1352 1397 1337 1145 1552 1417 1185 1292 1121 1407 1243 1157 1313 1483 1450 1343 1327 1272 1498 1300 
1390 1444 1532 1309 1366 1417 1578 1460 1533 1351 1595 1660 1601 1649 1546 1456 1738 1494 1528 1483 1354 1522 1371 1385 1520 1569 1586 1543 1454 1386 1580 1563 
1047 1396 1334 1105 1160 1408 1354 1164 1276 1059 1383 1360 1316 1414 1378 1198 1396 1186 1311 1177 1043 1282 1155 1197 1383 1375 1351 1321 1227 1202 1394 1290 
1129 1335 1364 1055 1201 1338 1378 1346 1334 1092 1373 1414 1435 1423 1440 1053 1409 1367 1308 1229 1166 1347 1305 1125 1350 1435 1488 1339 1235 1143 1430 1415 
1163 1388 1394 1145 1324 1537 1537 1331 1494 1237 1413 1539 1369 1512 1348 1405 1525 1313 1261 1300 1263 1441 1402 1223 1331 1456 1447 1473 1303 1218 1612 1373 
1113 1276 1332 994 1269 1374 1349 1233 1316 1013 1365 1403 1369 1279 1222 1131 1538 1356 1265 1295 1183 1306 1111 1174 1371 1337 1326 1247 1111 1275 1448 1229 
1232 1379 1427 1139 1300 1622 1380 1301 1458 1203 1462 1473 1474 1401 1465 1080 1666 1536 1536 1275 1195 1405 1441 1315 1544 1371 1457 1399 1293 1322 1605 1468 
1119 1254 1273 1024 1230 1447 1504 1362 1354 1195 1345 1328 1270 1512 1362 1033 1352 1299 1179 1289 1134 1334 1326 1184 1186 1313 1404 1172 1195 1248 1494 1226 
1340 1418 1346 996 1339 1379 1419 1403 1423 1291 1431 1456 1397 1412 1382 1227 1669 1467 1288 1254 1286 1405 1287 1222 1406 1449 1380 1519 1289 1320 1560 1345 
1015 1222 1122 925 1195 1324 1309 1282 1333 1123 1441 1300 1222 1298 1351 1041 1384 1311 1287 985 1071 1363 1213 1356 1275 1358 1330 1181 1101 1139 1448 1167 
1092 1145 1324 970 1099 1328 1351 1295 1334 1095 1343 1330 1269 1496 1296 1216 1313 1282 1113 1218 1106 1234 1071 1025 1298 1330 1169 1218 1207 1121 1432 1162 
1129 1206 1297 978 1258 1251 1476 1249 1277 1222 1401 1333 1386 1359 1312 1231 1450 1276 1250 1166 1058 1355 1147 1194 1259 1213 1334 1302 1255 1270 1405 1275 
1155 1285 1288 1088 1424 1400 1508 1315 1379 1140 1316 1398 1260 1388 1296 1143 1434 1320 1271 1276 1124 1342 1155 1303 1309 1242 1175 1190 1243 1274 1396 1326 
1374 1620 1458 1265 1367 1601 1453 1378 1561 1305 1646 1507 1427 1551 1528 1310 1736 1542 1419 1440 1230 1469 1449 1415 1497 1470 1471 1594 1318 1479 1637 1312 
1125 1100 1258 1083 1312 1306 1326 1412 1292 1087 1323 1272 1289 1283 1350 1231 1462 1187 1230 1198 1066 1263 1126 1187 1178 1319 1217 1316 1220 1097 1393 1315 
1224 1474 1529 1080 1290 1538 1582 1537 1473 1155 1710 1596 1491 1467 1523 1361 1671 1511 1422 1319 1318 1518 1389 1218 1457 1535 1660 1603 1430 1304 1648 1345 
1106 1165 1231 953 1197 1173 1245 1186 1277 1039 1239 1259 1134 1304 1336 994 1284 1211 1247 1166 938 1213 1161 1033 1247 1251 1357 1157 1136 1122 1397 1292 
1310 1339 1469 1182 1549 1676 1580 1629 1553 1287 1747 1622 1476 1594 1556 1308 1507 1540 1458 1485 1245 1533 1314 1438 1518 1455 1569 1465 1418 1526 1806 1421 
1513 1520 1512 1185 1540 1623 1699 1659 1646 1476 1660 1569 1603 1685 1683 1345 1848 1714 1668 1416 1404 1565 1552 1581 1697 1701 1708 1601 1491 1460 1783 1582 
1215 1303 1440 1122 1237 1430 1352 1379 1394 1200 1535 1389 1374 1449 1459 1186 1455 1445 1407 1306 1250 1394 1371 1252 1309 1414 1513 1399 1262 1234 1688 1329 
1167 1162 1248 1136 1251 1392 1271 1226 1367 1082 1445 1360 1262 1381 1354 1171 1423 1330 1305 1304 1233 1407 1122 1283 1433 1314 1368 1314 1223 1281 1527 1178 
1067 1251 1137 949 1094 1242 1283 1145 1298 1070 1348 1386 1155 1252 1261 1023 1250 1172 1241 1186 930 1243 1090 1080 1234 1151 1289 1119 1051 1116 1424 1147 
1182 1257 1221 897 1074 1235 1264 1262 1240 1104 1247 1258 1240 1270 1295 986 1376 1282 1294 1075 946 1229 1255 1153 1219 1267 1375 1246 1031 1074 1483 1145 
1160 1114 1257 893 1126 1325 1131 1226 1229 982 1272 1361 1259 1201 1334 1043 1305 1259 1232 1168 1101 1310 1107 1093 1208 1205 1311 1245 1139 1078 1254 1113 
1211 1258 1264 1123 1284 1266 1438 1214 1317 1167 1337 1269 1438 1348 1348 1160 1413 1294 1275 1281 1083 1255 1168 1132 1281 1357 1361 1256 1220 1283 1457 1415 
1244 1208 1199 1050 1155 1336 1310 1263 1385 1115 1285 1400 1187 1384 1410 993 1326 1279 1291 1149 1139 1237 1240 1229 1414 1420 1391 1241 1186 1278 1539 1358 
1384 1479 1518 1166 1486 1545 1640 1623 1635 1386 1644 1585 1604 1563 1625 1285 1799 1663 1598 1456 1234 1583 1482 1364 1563 1472 1773 1631 1302 1466 1694 1428 
