3551 3930 3758 3544 4042 4069 4022 3926 3839 4101 4134 4043 3971 4155 3895 4068 4042 3998 4109 4274 3557 3994 3935 3880 4079 3807 3820 4323 3654 3764 3782 3718 
3439 3811 3496 3327 3954 3747 3727 3980 3600 3763 3815 3730 3841 3633 3703 3589 3578 3773 4063 3750 3169 3862 3678 3727 3619 3690 3629 3823 3717 3455 3553 3638 
3551 3620 3533 3223 3654 3740 3844 3756 3546 3447 3729 3831 3771 4100 3707 3524 3732 3819 4157 3759 3238 3807 3678 3658 3713 3612 3770 3920 3513 3579 3704 3436 
3571 3846 3445 3378 3924 3811 3896 3663 3717 3827 3844 3738 3929 3762 3714 3528 4066 3895 4269 3824 3196 3929 3695 3585 3664 3822 4002 4004 3771 3810 3454 3800 
3607 3914 3750 3508 3922 4234 4091 4271 3991 3759 3931 3869 4163 4189 3971 3937 3973 3908 4191 4104 3518 4153 3964 3949 3947 4137 4055 4321 3751 3624 3882 3744 
3735 3896 3512 3257 3828 3820 4176 3890 3724 3819 3886 3866 3926 4028 3763 3502 4113 3960 3949 3807 3352 4059 3743 3648 3880 4281 3953 4166 3702 3587 3704 3875 
3564 3860 3590 3374 3875 3749 4002 3895 3769 3933 3744 3829 4091 4022 3532 3837 4035 3877 4177 3777 3479 3962 3852 3735 3963 4124 3778 4106 3581 3502 3697 3649 
3546 4111 3842 3553 3902 4072 4077 4006 3768 3806 3960 3846 4134 4172 3657 3910 3825 4005 4039 4146 3372 3866 3722 3865 3962 4113 3997 4347 3737 3672 3747 3734 
3248 3722 3410 3290 3638 3629 3865 3867 3585 3456 3818 3597 3612 4005 3743 3507 3718 3876 3953 3913 3219 3787 3765 3534 3702 4078 3751 3888 3681 3522 3557 3547 
3882 4262 3866 3819 4141 4601 4420 4364 4304 4470 4103 4201 4153 4560 4124 4485 4135 4196 4494 4434 3772 4384 4319 4117 4279 4541 4167 4446 4159 3875 4147 4005 
3535 3956 3803 3416 3868 4083 4017 4084 3813 3879 3832 4010 3945 4173 3563 3932 3991 4152 4188 4030 3408 4019 3786 3827 3983 4018 4036 4137 3637 3814 3809 3660 
3445 3947 3816 3674 3993 4377 3921 3881 4016 3888 3988 3863 3976 4180 3854 3775 4100 4262 4473 4075 3680 4242 4143 3960 4184 3962 3952 4207 3774 3729 3898 3950 
3614 3858 3769 3501 4052 4215 4219 4212 4026 3949 3827 4087 4116 4116 3776 3704 3921 4070 4053 4235 3478 4063 4086 3854 3826 3902 3872 4066 3925 3593 3969 3685 
3645 3822 3520 3108 3705 3814 3736 3913 3576 3701 3705 3870 3899 3821 3424 3613 3993 3762 3793 3799 3346 3878 3621 3573 3693 3780 3654 4044 3432 3496 3651 3544 
3522 3929 3448 3436 4037 4100 4054 3994 3805 3889 4035 3996 4046 4151 3860 3861 3997 3940 4179 3859 3439 4142 3863 3993 3983 4067 4100 3997 3596 3673 3843 3649 
3559 3865 3931 3552 3865 4241 4085 4083 3913 4121 4036 3965 4032 4282 3763 4032 4060 3972 4265 4054 3634 4115 4048 3737 3977 4107 3885 4255 3930 3690 3812 3749 
3649 3994 3812 3340 3995 3878 4209 3988 3947 4071 3825 3987 3953 4104 3824 4039 3973 4061 4170 3780 3411 4100 3886 3816 3775 3914 4046 4195 3760 3559 3780 3805 
3515 3758 3610 3621 3887 3819 4113 3973 3791 3828 3796 4025 3963 4063 3575 3805 4082 3908 4203 4122 3676 3970 3716 3794 3816 3833 3778 4079 3707 3644 3606 3726 
3956 4263 4013 3936 4217 4509 4325 4182 4249 4262 4201 4308 4207 4430 4128 4057 4625 4350 4610 4324 3876 4269 4209 4156 4244 4339 4143 4733 4134 4082 4180 3886 
3776 3765 3639 3495 3966 3886 3896 4137 3762 3837 3696 3907 3978 3900 3733 3969 3886 3894 4123 3983 3457 3964 3770 3692 3661 4050 3655 4209 3861 3522 3738 3557 
3416 3961 3891 3612 4071 4119 4232 4151 3925 3650 3903 4184 4086 3849 3788 4018 4081 4057 4188 3942 3421 4230 3795 3642 3983 4034 4136 4621 3778 3577 3792 3544 
3255 3567 3318 3301 3735 3540 3697 3907 3464 3621 3465 3529 3479 3711 3478 3564 3591 3589 3963 3730 3009 3874 3758 3461 3638 3991 3683 3724 3345 3384 3443 3379 
3682 3973 3869 3848 4359 4286 4427 4227 4058 4235 4304 4000 4324 4153 3893 4017 4177 4209 4442 4360 3539 4235 4147 4077 4111 4191 4246 4209 4000 3959 4071 3751 
4010 4114 4118 3629 4392 4405 4318 4449 4215 4205 4200 4193 4378 4584 4073 4061 4506 4338 4656 4366 3752 4450 4243 4181 4479 4600 4415 4608 4057 4057 4225 4091 
3700 3913 3878 3322 3902 4333 4038 4058 3836 4035 4138 3974 4185 4303 4042 3943 4093 4010 4297 4138 3562 4024 4054 3969 3902 4226 4211 4061 3735 3723 4210 3906 
3447 3932 3827 3837 4078 4133 3889 4043 3912 3724 4163 4042 4007 4311 3819 4109 3973 4144 4316 4261 3618 4244 4092 4024 4176 4162 4018 4351 4032 3846 3916 3809 
3647 3901 3639 3551 4212 4132 4066 3959 3876 3953 4114 4060 4014 4140 3867 3640 3844 4040 4336 4310 3364 4208 3907 3900 4133 4100 3892 4218 3911 3679 3902 3684 
3954 4015 4043 3685 4290 4194 4420 4194 4112 4091 4069 4151 4370 4283 3927 3962 4161 4339 4404 4168 3499 4220 4243 3895 4188 4240 4150 4437 3879 3686 4101 3742 
3890 3846 3952 3615 4120 4306 4078 4236 4009 3936 4002 4086 4268 4096 3914 3907 4042 4085 4306 4090 3569 4357 3905 3826 4191 4210 4060 4477 3897 3650 3864 3822 
4026 4241 3839 3861 4256 4395 4280 4247 3907 4323 3968 4257 4295 4328 4142 4104 4206 4432 4522 4447 3655 4404 4194 3985 4343 4273 4162 4360 4062 4087 4181 4135 
3611 3754 3599 3479 3703 3849 3987 3961 3880 3865 3781 3817 3952 4021 3764 3576 3774 3976 4241 3974 3448 3814 3934 3824 4154 4186 3858 4005 3656 3809 3868 3746 
3542 3851 3846 3561 4225 4321 4147 4281 4132 4138 4118 4043 4310 4210 4000 3894 4304 4291 4332 4295 3499 4171 4108 3905 4016 4127 4133 4373 3693 3773 3973 4077 
