3078 3558 3226 2930 3570 3480 3471 3435 3355 3541 3696 3478 3569 3599 3514 3517 3579 3531 3602 3788 3054 3534 3366 3460 3584 3397 3194 3753 3118 3324 3344 3251 
2783 3282 2871 2697 3304 3191 3152 3257 3040 3117 3284 3114 3279 3185 3281 2932 3009 3097 3467 3220 2701 3340 3090 3227 3114 3151 3018 3142 3006 2969 3023 3132 
2870 3047 2822 2488 2964 3037 3001 3035 2796 2743 3068 3067 3159 3450 3222 2804 3097 3067 3377 3099 2619 3232 2970 3031 3073 2981 3002 3223 2844 2984 3124 2780 
2914 3149 2761 2621 3261 3195 3265 2883 3115 3097 3383 3119 3339 3170 3242 2787 3382 3227 3591 3227 2609 3236 3013 3010 3100 3163 3306 3186 3045 3143 2875 3167 
2855 3229 2977 2739 3273 3459 3282 3445 3239 2921 3337 3181 3463 3402 3421 3111 3244 3226 3429 3416 2816 3359 3197 3349 3216 3444 3174 3468 3074 2945 3176 3087 
3080 3364 2854 2650 3363 3227 3647 3229 3120 3180 3427 3305 3397 3428 3341 2872 3446 3294 3377 3330 2850 3459 3232 3133 3377 3726 3221 3379 3062 3072 3087 3272 
2974 3283 2930 2755 3216 3124 3314 3231 3144 3216 3201 3235 3561 3402 3072 3211 3423 3215 3484 3257 2837 3328 3243 3171 3325 3458 3036 3369 2921 2957 3089 3025 
2950 3595 3220 2878 3430 3432 3417 3258 3152 3161 3494 3235 3561 3457 3270 3216 3255 3384 3432 3505 2833 3332 3064 3325 3363 3516 3280 3620 3137 3116 3197 3168 
2771 3339 2835 2639 3066 3074 3301 3213 3021 2848 3315 3096 3134 3434 3332 2856 3189 3276 3269 3347 2718 3191 3086 2949 3113 3461 3202 3182 2974 2987 3069 3075 
3271 3665 3188 3075 3565 3866 3737 3553 3698 3698 3578 3596 3595 3787 3662 3669 3536 3538 3799 3801 3240 3590 3634 3573 3585 3844 3423 3680 3474 3237 3516 3435 
2995 3428 3170 2761 3469 3404 3468 3411 3245 3213 3398 3375 3423 3557 3151 3227 3419 3590 3685 3507 2987 3400 3225 3338 3415 3479 3301 3442 3094 3287 3276 3135 
2857 3416 3111 2911 3391 3614 3256 3189 3334 3200 3382 3198 3448 3457 3394 3108 3526 3567 3824 3420 3027 3575 3489 3329 3547 3402 3251 3435 3125 3155 3387 3291 
2973 3370 3068 2832 3471 3607 3573 3460 3425 3306 3285 3405 3536 3526 3320 3037 3247 3369 3401 3643 2901 3544 3472 3314 3309 3424 3223 3331 3206 3030 3381 3084 
3011 3232 2833 2425 3169 3088 3127 3214 3041 3070 3235 3174 3310 3214 2936 2942 3305 3127 3235 3156 2914 3232 3022 3113 3152 3249 2875 3324 2794 2968 2979 2959 
2902 3366 2812 2769 3471 3430 3375 3327 3186 3185 3582 3381 3529 3500 3382 3087 3375 3348 3606 3325 2838 3478 3303 3490 3428 3512 3328 3222 3004 3113 3244 3077 
2914 3192 3146 2788 3176 3447 3400 3340 3222 3286 3411 3272 3444 3545 3200 3257 3313 3234 3454 3466 2908 3384 3294 3089 3379 3444 3063 3405 3111 2983 3113 3047 
3021 3428 3174 2707 3305 3203 3592 3363 3334 3304 3344 3321 3455 3480 3332 3418 3328 3414 3530 3272 2836 3464 3250 3263 3231 3395 3247 3481 3124 3075 3176 3170 
2887 3231 2924 2925 3452 3309 3449 3229 3194 3198 3294 3392 3387 3546 3120 3094 3448 3226 3589 3535 3073 3474 3171 3254 3307 3312 3055 3311 2996 3097 3029 3058 
3217 3592 3195 3011 3537 3635 3547 3345 3446 3359 3469 3480 3567 3613 3459 3219 3881 3510 3737 3640 3010 3536 3411 3391 3488 3731 3241 3823 3273 3365 3430 3066 
2968 3133 2740 2587 3196 3055 3117 3195 2994 2948 3017 3067 3303 3104 3122 3049 3135 3021 3370 3286 2735 3232 2949 3026 2949 3417 2789 3254 2910 2839 3046 2848 
2846 3410 3126 2852 3448 3381 3493 3317 3269 2994 3370 3479 3364 3188 3354 3216 3406 3282 3560 3286 2849 3564 3076 3091 3312 3377 3314 3780 3049 2992 3202 2988 
2691 2952 2640 2528 3075 2870 2973 3073 2808 2894 2979 2850 2846 3054 2991 2690 2896 2850 3228 3134 2451 3200 2957 2809 2984 3248 2938 2905 2650 2734 2819 2797 
3092 3375 3093 3022 3678 3579 3643 3500 3429 3497 3718 3342 3648 3454 3430 3275 3447 3475 3689 3605 2977 3522 3375 3476 3477 3551 3542 3508 3228 3178 3477 3132 
3396 3499 3309 2946 3783 3632 3613 3670 3568 3483 3635 3462 3754 3877 3560 3292 3824 3646 3936 3740 3149 3713 3551 3623 3828 3935 3573 3802 3310 3463 3565 3452 
3150 3307 3159 2708 3431 3590 3467 3423 3270 3407 3683 3302 3636 3615 3583 3237 3427 3454 3658 3595 3005 3446 3472 3456 3367 3694 3407 3333 3114 3175 3559 3303 
2858 3360 3174 3086 3539 3475 3294 3311 3367 3080 3646 3435 3450 3680 3398 3359 3353 3470 3640 3683 3030 3630 3426 3465 3574 3560 3364 3566 3369 3263 3365 3168 
2928 3332 2888 2744 3478 3412 3398 3215 3191 3211 3464 3392 3447 3458 3321 2987 3230 3257 3645 3668 2700 3467 3222 3290 3392 3486 3205 3404 3086 3063 3330 3081 
3297 3544 3227 2977 3593 3459 3646 3529 3467 3449 3403 3375 3712 3680 3460 3286 3624 3621 3794 3552 2912 3640 3580 3407 3537 3691 3434 3732 3138 3109 3533 3218 
3151 3196 3083 2791 3335 3508 3179 3345 3249 3133 3270 3260 3516 3371 3281 3100 3253 3184 3419 3378 2833 3604 3095 3192 3443 3418 3170 3576 2980 2993 3091 3117 
3231 3486 2971 3002 3560 3526 3547 3294 3205 3416 3356 3409 3584 3525 3551 3245 3415 3596 3767 3694 3039 3549 3443 3324 3576 3551 3247 3436 3192 3359 3411 3416 
2882 3072 2843 2663 3023 3124 3233 3214 3122 3147 3133 3080 3258 3367 3240 2831 3128 3158 3510 3322 2753 3193 3211 3114 3464 3490 3081 3169 2920 3168 3262 3046 
3075 3350 3268 2833 3608 3650 3636 3655 3610 3508 3681 3515 3819 3640 3595 3236 3668 3681 3755 3700 2922 3578 3460 3368 3491 3630 3503 3618 3059 3223 3501 3500 
