5263 5344 5127 4721 5397 5661 5185 5200 5271 5558 5713 5237 5251 5396 5152 5095 5474 5379 5617 5758 4634 5384 5391 5258 5529 5271 5268 5543 5189 5101 5171 5019 
4903 5071 4659 4353 5099 5122 4756 5115 4855 4950 5039 4863 4878 4712 4815 4604 4923 4852 5310 4900 4193 5129 4868 4796 4829 5021 4959 4930 5153 4691 4720 4762 
5152 4959 4887 4493 4975 5233 5073 4949 4912 4705 5171 5012 4930 5276 5052 4583 5201 5003 5491 5076 4493 5040 5022 4835 5131 5126 5205 5166 4986 4912 4958 4647 
5179 5103 4704 4351 5039 5115 4972 4764 4966 4997 5255 4925 5001 4879 4938 4513 5537 5176 5524 5055 4224 5156 4960 4797 4913 5179 5259 5171 5215 5170 4634 5004 
5217 5246 5117 4779 5086 5747 5176 5392 5307 5030 5330 4914 5277 5436 5183 4934 5298 5063 5512 5324 4544 5350 5370 5229 5354 5491 5433 5478 5048 4919 5076 4910 
5377 5333 4922 4624 5190 5378 5349 5190 5055 5083 5478 5006 5108 5251 5109 4478 5609 5116 5335 5149 4526 5312 5176 4957 5458 5712 5387 5419 5299 4936 4979 5152 
5201 5282 5109 4448 5189 5089 5188 5145 5102 5293 5158 4930 5317 5230 4792 4787 5514 5052 5529 5163 4668 5225 5181 5002 5372 5477 5128 5395 5043 4796 4849 4870 
5022 5430 5264 4642 5064 5352 5321 5168 5053 5161 5241 4913 5215 5314 4824 4907 4983 5277 5197 5412 4415 5227 4955 5036 5389 5398 5346 5352 5109 4957 4907 4978 
4807 5011 4780 4395 4804 4973 4950 5108 4874 4618 5235 4582 4662 5192 4945 4369 5033 5011 5210 5281 4287 4989 5053 4712 5118 5307 4941 5036 4943 4705 4758 4841 
5567 5703 5395 4977 5570 6167 5580 5660 5769 6023 5518 5403 5386 5755 5523 5593 5647 5447 6006 5862 5016 5692 5671 5430 5750 5935 5785 5771 5813 5333 5579 5338 
5169 5335 5215 4581 5350 5502 5238 5377 5276 5278 5266 5138 5087 5325 4816 4996 5350 5514 5603 5497 4667 5366 5186 5069 5461 5392 5491 5414 5142 5060 5191 4890 
4950 5312 5255 4867 5381 5793 5147 5248 5445 5312 5445 4970 5145 5383 5136 4943 5532 5663 5900 5455 4953 5445 5538 5303 5651 5249 5415 5596 5443 5057 5198 5165 
5233 5302 5197 4818 5477 5725 5443 5582 5489 5424 5344 5346 5249 5363 5182 4725 5370 5375 5650 5675 4729 5287 5614 5358 5370 5295 5257 5302 5497 5018 5265 4960 
5295 5123 4936 4299 4995 5306 4952 5161 4952 4990 5132 5143 5077 5048 4747 4671 5398 5058 5254 5174 4523 5247 5120 4874 5275 5197 5055 5315 4860 4842 4985 4733 
5212 5147 4776 4560 5369 5549 5278 5341 5190 5265 5477 5223 5138 5279 5135 4845 5373 5232 5553 5207 4644 5413 5192 5333 5379 5472 5454 5205 4989 5121 5168 4909 
5353 5379 5457 4853 5342 5905 5385 5491 5579 5645 5715 5259 5273 5440 5211 5348 5640 5270 5744 5594 4963 5664 5595 5119 5662 5730 5556 5692 5644 5191 5344 5109 
5296 5233 5205 4403 5262 5300 5364 5264 5388 5394 5216 5152 5226 5197 5168 5160 5434 5294 5344 5070 4526 5349 5058 5034 5236 5367 5298 5358 5100 4944 5136 5050 
5284 5126 5136 4836 5143 5323 5311 5212 5137 5240 5248 5212 5129 5246 4866 4887 5623 5197 5516 5430 4867 5234 5097 5126 5224 5305 5338 5275 5268 4969 4861 4932 
5321 5512 5257 4958 5425 5696 5473 5316 5498 5448 5504 5374 5093 5557 5365 4870 5929 5552 5853 5596 4962 5447 5373 5297 5412 5471 5374 5834 5573 5229 5317 5041 
5768 5336 5222 4740 5584 5646 5183 5680 5392 5348 5444 5242 5383 5274 5328 5104 5506 5333 5769 5591 4885 5414 5313 5152 5311 5806 5241 5624 5743 5146 5419 5024 
4827 5091 5105 4577 5246 5286 5185 5138 5029 4882 5158 5192 5149 4774 4929 4985 5325 5147 5266 5080 4386 5279 5001 4752 5140 5297 5347 5752 4998 4750 4912 4621 
5008 5130 4766 4547 5139 5181 4939 5337 5038 5037 5049 4848 4670 4972 4862 4655 5175 4898 5457 5140 4207 5303 5118 4798 5140 5613 5236 5080 5082 4856 4907 4675 
5306 5314 5224 4840 5585 5785 5435 5568 5450 5651 5783 5223 5467 5239 5171 5044 5549 5359 5703 5664 4633 5609 5452 5366 5567 5538 5462 5265 5469 5280 5248 5029 
5784 5369 5525 4805 5759 5789 5573 5810 5748 5580 5522 5308 5482 5779 5413 5112 6020 5650 6052 5769 4962 5659 5442 5304 5994 6003 5806 5917 5475 5522 5541 5407 
5411 5266 5226 4624 5142 5818 5274 5370 5270 5430 5551 5136 5316 5451 5337 4999 5457 5234 5799 5476 4777 5256 5434 5190 5292 5656 5561 5272 5213 5073 5400 5162 
5100 5348 5224 4945 5515 5640 5068 5289 5318 5076 5630 5104 5212 5405 5180 5220 5408 5401 5675 5546 4826 5545 5445 5274 5669 5497 5417 5679 5632 5108 5225 5076 
5117 5248 5130 4649 5514 5535 5290 5016 5169 5229 5500 4981 5063 5263 5149 4572 5278 5214 5631 5549 4416 5354 5230 5080 5427 5379 5165 5430 5427 4853 5105 4837 
5810 5494 5668 4762 5842 5827 5621 5713 5730 5573 5625 5412 5691 5575 5376 5250 5734 5773 5941 5659 4724 5669 5681 5301 5779 5765 5731 5806 5617 5177 5583 5179 
5447 5089 5194 4634 5301 5605 5186 5469 5357 5207 5336 5137 5400 5102 5034 4813 5389 5175 5502 5377 4701 5453 5044 4982 5551 5631 5409 5740 5243 4801 5180 5015 
5835 5839 5444 5247 5684 6029 5443 5632 5362 5828 5528 5406 5565 5566 5660 5287 5876 5833 6111 5984 5035 5715 5689 5439 5896 5782 5866 5775 5687 5664 5618 5413 
5337 5213 5159 4658 5178 5351 5203 5325 5441 5418 5349 5103 5177 5193 5165 4583 5187 5353 5716 5514 4612 5221 5330 5186 5607 5646 5380 5290 5306 5277 5353 5111 
5157 5257 5321 4712 5422 5871 5342 5522 5561 5487 5523 5329 5580 5287 5174 5064 5799 5513 5654 5681 4706 5526 5528 5270 5544 5673 5723 5649 5256 5219 5288 5327 
