4473 4690 4417 4182 4818 4927 4704 4727 4634 4774 5003 4723 4674 4803 4577 4590 4759 4794 4943 5138 4160 4735 4660 4567 4830 4589 4500 5035 4435 4459 4552 4445 
4094 4365 3978 3815 4455 4370 4255 4555 4138 4203 4386 4301 4331 4104 4198 4069 4173 4327 4671 4348 3646 4463 4172 4192 4141 4274 4202 4396 4295 4036 4127 4120 
4361 4266 4155 3824 4313 4473 4476 4424 4210 3968 4458 4484 4357 4595 4342 4024 4382 4402 4849 4501 3839 4427 4264 4238 4387 4375 4442 4560 4181 4189 4406 4002 
4378 4545 4027 3862 4508 4495 4561 4380 4366 4362 4619 4337 4456 4253 4354 4105 4778 4571 4959 4519 3733 4603 4300 4205 4315 4553 4599 4673 4550 4467 4122 4397 
4436 4546 4432 4081 4431 4950 4675 4816 4624 4280 4642 4417 4654 4692 4495 4388 4533 4480 4849 4781 4055 4763 4578 4489 4540 4830 4649 4940 4337 4164 4548 4308 
4552 4578 4111 3865 4440 4581 4726 4611 4328 4335 4695 4434 4500 4524 4372 4017 4815 4553 4689 4545 3904 4652 4393 4248 4573 5043 4635 4845 4447 4199 4419 4445 
4324 4538 4229 3848 4531 4355 4586 4605 4387 4509 4438 4266 4764 4580 4122 4337 4706 4489 4883 4558 4045 4510 4440 4300 4591 4764 4341 4815 4207 4062 4264 4198 
4330 4769 4500 4066 4579 4760 4744 4668 4369 4437 4631 4435 4643 4727 4289 4476 4333 4671 4704 4854 3898 4573 4399 4430 4623 4756 4625 4875 4334 4311 4415 4355 
4084 4373 4059 3788 4248 4233 4442 4568 4258 3977 4614 4070 4166 4567 4345 3893 4285 4496 4648 4691 3735 4406 4342 4076 4369 4689 4220 4518 4259 4025 4238 4200 
4782 5034 4671 4410 4902 5435 5055 5182 5093 5234 4841 4816 4845 5185 4828 5140 4860 4910 5304 5197 4370 5072 4959 4820 5022 5253 4991 5218 4966 4629 4937 4684 
4547 4777 4562 4083 4742 4945 4761 4962 4706 4680 4667 4676 4628 4833 4304 4577 4759 5029 5086 4966 4141 4780 4558 4541 4801 4816 4830 4959 4470 4543 4705 4411 
4292 4699 4534 4267 4791 5142 4614 4688 4764 4631 4752 4434 4622 4779 4485 4417 4902 5063 5326 4866 4353 4882 4843 4642 4886 4636 4652 5004 4610 4402 4602 4559 
4396 4579 4406 4090 4789 4928 4897 4941 4751 4589 4583 4697 4682 4677 4390 4230 4531 4799 4857 4943 4036 4637 4777 4516 4518 4591 4434 4691 4622 4245 4545 4276 
4558 4544 4175 3785 4428 4658 4470 4654 4312 4280 4418 4572 4581 4390 4108 4235 4690 4496 4638 4623 4055 4643 4358 4230 4475 4597 4353 4861 4123 4244 4448 4173 
4453 4500 4065 3964 4705 4871 4736 4780 4526 4491 4787 4594 4667 4652 4474 4360 4637 4671 4900 4645 4060 4749 4465 4635 4652 4813 4722 4664 4255 4366 4537 4309 
4343 4522 4534 4129 4495 4966 4701 4781 4612 4649 4765 4553 4549 4719 4370 4594 4716 4569 4953 4846 4233 4781 4594 4286 4687 4806 4545 4959 4654 4354 4516 4309 
4537 4673 4489 3908 4795 4634 4880 4854 4767 4797 4611 4695 4661 4659 4606 4659 4718 4827 4902 4582 4042 4772 4407 4441 4628 4681 4748 4910 4508 4310 4615 4484 
4255 4411 4189 4171 4492 4488 4702 4555 4394 4404 4440 4578 4476 4479 4124 4302 4717 4529 4837 4742 4213 4452 4309 4412 4330 4480 4447 4709 4371 4215 4233 4200 
4633 4949 4563 4453 4869 5077 4998 4798 4803 4767 4827 4787 4669 4932 4738 4473 5280 4950 5231 5053 4413 4883 4690 4645 4707 4885 4696 5391 4744 4620 4734 4416 
4922 4701 4522 4144 4870 4943 4638 5138 4663 4623 4717 4646 4834 4621 4601 4609 4750 4717 5064 4947 4268 4802 4588 4526 4586 5063 4517 5071 4800 4399 4755 4346 
3981 4513 4395 4009 4628 4636 4703 4662 4418 4201 4446 4606 4607 4186 4270 4491 4569 4600 4713 4508 3858 4700 4284 4182 4507 4593 4686 5146 4269 4064 4362 3982 
4180 4392 4019 3905 4481 4410 4363 4733 4253 4223 4303 4233 4140 4318 4212 4136 4434 4322 4753 4509 3617 4586 4389 4146 4334 4844 4435 4514 4200 4167 4215 4017 
4387 4550 4389 4212 5002 4967 4925 4907 4742 4770 5040 4517 4872 4615 4439 4499 4688 4814 4995 5021 4012 4846 4658 4611 4774 4784 4676 4688 4620 4526 4607 4325 
4860 4684 4766 4280 5078 5125 5000 5231 4966 4822 4862 4821 4989 5090 4702 4543 5237 4988 5425 5170 4421 5073 4729 4728 5253 5288 5064 5394 4718 4778 4988 4724 
4626 4572 4568 3998 4533 5135 4717 4772 4547 4632 4920 4592 4826 4869 4657 4461 4793 4673 5114 4973 4170 4676 4757 4566 4556 4976 4847 4804 4383 4393 4876 4567 
4286 4645 4473 4320 4818 4840 4459 4858 4629 4312 4899 4535 4643 4844 4465 4680 4661 4830 5028 5018 4268 4873 4679 4649 4903 4825 4673 5128 4812 4413 4634 4393 
4435 4594 4393 4042 4862 4859 4704 4626 4514 4570 4821 4530 4566 4682 4458 4165 4559 4697 5024 4991 3869 4783 4575 4521 4711 4763 4535 4869 4620 4257 4563 4210 
4948 4798 4877 4257 5141 5138 5161 5126 5004 4885 4913 4860 5202 4948 4680 4716 5004 5169 5287 4996 4173 4970 4985 4702 4997 5072 4964 5277 4736 4538 4919 4474 
4687 4493 4582 4116 4826 4982 4753 4963 4725 4539 4716 4645 4898 4593 4549 4373 4750 4733 4975 4853 4183 4964 4440 4437 4896 4956 4696 5228 4559 4257 4622 4439 
4978 5093 4644 4538 4994 5240 4957 5072 4716 5019 4770 4858 4939 4895 4834 4719 5013 5175 5338 5307 4331 5070 4896 4678 5050 5067 4972 5148 4861 4925 4973 4723 
4470 4498 4351 4024 4422 4611 4649 4669 4578 4621 4609 4453 4603 4540 4441 4048 4426 4700 5009 4748 3951 4432 4574 4548 4797 4885 4567 4711 4370 4492 4693 4406 
4359 4505 4491 4087 4830 5094 4771 4956 4847 4709 4841 4666 4906 4685 4558 4435 5010 4913 5032 5032 4045 4788 4748 4536 4665 4870 4782 5042 4389 4459 4661 4633 
