2557 2874 2523 2150 2756 2863 2757 2717 2638 2735 2990 2702 2773 2779 2813 2651 2830 2828 2810 2925 2477 2847 2617 2628 2842 2779 2384 2927 2522 2809 2765 2561 
2271 2605 2234 2084 2578 2615 2563 2610 2425 2494 2648 2469 2539 2407 2687 2174 2419 2449 2740 2442 2161 2612 2437 2429 2486 2500 2252 2489 2426 2551 2368 2453 
2339 2542 2177 1859 2272 2356 2354 2459 2261 2166 2523 2410 2444 2610 2561 2120 2481 2378 2636 2383 2051 2561 2311 2404 2452 2268 2250 2530 2331 2509 2518 2200 
2386 2520 2080 2026 2556 2637 2614 2303 2495 2484 2722 2458 2595 2371 2617 2085 2690 2576 2850 2519 2074 2575 2372 2332 2483 2515 2550 2525 2520 2600 2308 2482 
2413 2683 2448 2161 2624 2905 2790 2879 2744 2374 2836 2614 2889 2761 2889 2395 2727 2709 2819 2685 2393 2688 2665 2687 2688 2931 2548 2856 2624 2577 2663 2495 
2545 2860 2238 2116 2699 2670 2875 2652 2617 2616 2855 2676 2685 2750 2842 2247 2872 2627 2725 2759 2376 2857 2676 2543 2818 3097 2595 2758 2551 2633 2581 2714 
2460 2762 2375 2315 2659 2608 2760 2755 2673 2718 2679 2718 2899 2797 2722 2622 2912 2666 2934 2706 2393 2854 2654 2615 2813 2905 2526 2755 2495 2579 2564 2589 
2264 2858 2497 2184 2591 2681 2535 2487 2444 2391 2743 2462 2668 2571 2602 2379 2596 2528 2661 2592 2240 2646 2338 2522 2602 2718 2500 2752 2517 2620 2476 2417 
2362 2782 2297 2108 2478 2625 2706 2631 2507 2327 2739 2533 2508 2786 2795 2231 2543 2698 2689 2663 2283 2684 2501 2400 2626 2834 2544 2597 2579 2530 2596 2561 
2612 2959 2472 2354 2800 3138 3033 2842 2918 2974 2868 2824 2778 2908 2891 2815 2837 2732 2901 2948 2628 2895 2881 2797 2835 2984 2571 2914 2826 2624 2764 2706 
2360 2685 2457 2084 2671 2708 2664 2618 2450 2426 2647 2588 2557 2639 2507 2353 2684 2753 2758 2668 2341 2663 2492 2505 2631 2653 2527 2610 2407 2702 2476 2483 
2460 2929 2520 2400 2761 3057 2715 2708 2837 2705 2822 2616 2838 2805 2894 2424 2962 2952 3233 2727 2548 3024 2832 2710 3023 2845 2568 2831 2627 2722 2852 2677 
2517 2740 2465 2256 2759 3034 2974 2819 2762 2763 2704 2716 2842 2887 2757 2294 2657 2727 2723 2822 2410 2883 2759 2639 2737 2806 2534 2643 2634 2611 2811 2468 
2486 2635 2211 1883 2571 2581 2455 2617 2481 2514 2703 2502 2596 2524 2496 2257 2745 2498 2587 2568 2413 2647 2444 2420 2552 2676 2282 2617 2273 2517 2491 2472 
2245 2691 2058 2076 2649 2680 2570 2587 2514 2467 2856 2566 2649 2674 2693 2277 2650 2558 2772 2496 2216 2760 2526 2729 2712 2769 2539 2421 2435 2592 2649 2412 
2295 2643 2381 2196 2475 2766 2739 2815 2645 2680 2740 2574 2654 2868 2645 2479 2673 2547 2747 2769 2368 2757 2491 2417 2705 2786 2374 2677 2553 2487 2565 2404 
2380 2741 2468 2114 2576 2551 2826 2718 2677 2655 2653 2609 2657 2687 2669 2569 2655 2561 2780 2479 2224 2836 2581 2536 2659 2709 2504 2708 2581 2581 2533 2469 
2327 2743 2278 2264 2703 2642 2710 2582 2602 2490 2713 2685 2590 2740 2523 2337 2736 2530 2840 2715 2435 2762 2431 2578 2651 2650 2352 2551 2455 2660 2435 2508 
2684 3161 2611 2439 2827 3015 2833 2878 2930 2753 2944 2869 2844 2959 2906 2612 3242 2886 3111 3001 2504 3002 2829 2857 2898 3132 2635 3162 2774 2934 2935 2536 
2446 2596 2102 2102 2621 2540 2556 2661 2473 2446 2499 2467 2621 2464 2628 2425 2581 2381 2755 2690 2238 2676 2360 2468 2416 2792 2165 2643 2434 2387 2555 2411 
2452 2864 2548 2207 2732 2849 2919 2801 2698 2504 2852 2865 2756 2598 2812 2548 2857 2754 2970 2623 2441 2998 2493 2503 2785 2852 2642 3079 2552 2517 2731 2439 
2368 2609 2240 2139 2675 2505 2531 2660 2524 2535 2577 2423 2418 2606 2620 2222 2516 2457 2783 2645 2137 2738 2463 2346 2566 2856 2490 2495 2363 2419 2527 2408 
2443 2687 2331 2318 2873 2888 2861 2833 2721 2728 2935 2572 2688 2595 2742 2456 2616 2708 2873 2781 2379 2845 2548 2727 2720 2718 2698 2701 2585 2673 2777 2414 
2853 2969 2596 2338 3074 3001 2965 3046 2854 2846 3001 2794 2962 3105 2926 2522 3115 2980 3195 2904 2609 3068 2851 2917 3166 3205 2852 3065 2759 2958 2888 2912 
2493 2712 2494 2097 2657 2917 2665 2735 2653 2720 2967 2555 2783 2767 2838 2497 2739 2698 2900 2756 2449 2697 2651 2711 2710 2882 2577 2641 2547 2648 2855 2572 
2357 2672 2429 2421 2774 2894 2649 2670 2741 2585 2963 2692 2661 2861 2794 2573 2638 2756 2934 2886 2539 2911 2570 2748 2948 2821 2541 2794 2726 2752 2709 2470 
2364 2711 2253 2011 2607 2695 2638 2520 2480 2495 2711 2616 2553 2645 2599 2178 2481 2520 2802 2769 2134 2701 2424 2447 2583 2639 2413 2600 2439 2536 2626 2414 
2660 2834 2391 2174 2704 2786 2797 2806 2669 2683 2671 2538 2769 2720 2723 2401 2789 2721 2941 2587 2221 2880 2712 2629 2722 2877 2522 2809 2414 2539 2822 2534 
2533 2591 2354 2056 2553 2826 2455 2730 2586 2427 2676 2575 2674 2574 2709 2371 2536 2561 2758 2595 2335 2905 2408 2540 2714 2652 2412 2739 2442 2521 2491 2471 
2735 2972 2394 2358 2918 2942 2914 2724 2683 2768 2795 2750 2933 2766 2908 2556 2816 2885 3052 3004 2516 2983 2802 2726 2965 2962 2594 2796 2643 2935 2828 2859 
2286 2455 2115 2079 2377 2551 2426 2552 2540 2432 2441 2374 2448 2575 2569 2053 2375 2512 2754 2510 2188 2503 2491 2418 2783 2766 2376 2414 2417 2570 2650 2426 
2536 2759 2665 2273 2887 3019 2920 2977 3009 2842 3007 2834 3116 2886 2945 2466 3017 2970 3055 2923 2443 2927 2809 2703 2936 2906 2727 2940 2524 2705 2879 2728 
