589 608 571 434 493 716 535 519 678 505 643 584 573 525 467 432 650 631 616 466 574 437 680 486 705 584 523 677 461 510 656 564 
576 621 631 472 637 710 717 735 684 531 697 621 645 656 640 429 727 646 709 443 552 594 681 604 689 623 653 636 682 605 684 794 
607 558 571 318 412 600 523 563 618 380 590 640 593 575 622 354 709 631 632 373 526 528 633 503 549 611 589 677 525 455 718 555 
650 657 548 381 613 825 665 542 722 457 742 626 644 512 600 354 772 734 747 474 469 664 676 591 672 614 633 654 675 611 670 690 
737 726 721 516 702 951 747 817 873 488 806 736 719 765 758 428 817 823 824 523 612 644 771 616 734 789 747 780 778 641 884 751 
635 591 564 336 655 691 743 657 711 561 682 621 596 624 551 458 759 697 643 452 528 592 725 527 642 711 660 706 703 556 679 640 
692 691 718 579 605 751 745 672 823 650 693 757 744 787 597 620 844 711 784 556 710 630 815 641 811 754 723 799 727 564 711 818 
608 733 628 469 461 755 661 575 681 499 744 616 665 722 638 531 695 631 724 424 564 553 705 650 788 737 711 699 643 528 693 647 
623 678 636 458 514 722 616 663 740 489 699 632 683 715 624 499 731 649 659 471 649 518 771 551 734 691 656 763 661 441 659 677 
600 694 560 492 624 835 806 666 762 606 726 773 632 731 524 571 727 707 698 500 672 640 832 598 739 806 703 703 639 573 768 737 
581 606 576 417 565 772 605 523 678 460 628 624 576 577 468 427 688 630 618 504 574 562 695 587 707 678 596 614 598 541 678 586 
824 845 815 543 737 1034 802 749 911 620 866 856 830 733 757 497 1082 931 925 610 745 780 962 794 961 762 820 879 813 721 889 896 
652 714 683 573 719 984 835 779 796 535 764 738 635 787 621 481 792 735 738 566 642 653 791 650 744 738 737 679 737 611 844 714 
713 773 667 405 667 823 765 702 798 614 730 698 667 669 603 473 818 774 644 477 639 563 774 603 807 692 597 733 673 593 732 675 
638 732 575 458 684 841 746 771 818 636 846 719 654 687 679 517 811 755 743 381 633 723 739 820 756 853 736 738 672 601 835 663 
606 485 548 286 406 620 552 543 685 491 567 541 566 597 544 441 558 591 494 350 545 469 534 361 611 632 451 524 533 435 627 535 
512 481 440 374 439 578 571 495 544 510 617 525 568 512 508 409 609 506 570 316 470 562 596 502 559 590 573 549 544 471 587 590 
616 676 636 465 645 779 708 629 773 506 632 673 558 617 514 453 742 683 667 520 584 577 663 599 702 606 543 619 617 504 710 640 
674 804 663 565 605 936 681 625 812 526 802 747 636 673 567 507 816 744 722 555 598 621 779 715 808 688 673 809 650 623 773 648 
525 558 559 482 636 700 690 749 705 474 653 593 598 649 552 484 740 586 606 473 549 622 656 599 587 681 556 647 564 445 659 696 
635 768 649 444 661 862 818 765 789 534 865 720 703 703 639 560 741 745 701 448 650 695 777 613 739 764 776 785 755 632 753 667 
518 557 564 352 508 587 567 511 617 417 512 509 495 594 455 395 534 555 575 474 486 412 564 442 677 560 574 535 539 455 578 579 
684 707 650 495 761 955 744 810 809 572 888 714 643 694 649 492 752 811 726 612 614 670 761 691 788 708 736 724 687 695 873 613 
794 825 745 503 794 980 900 879 965 697 926 778 841 931 785 630 975 916 870 597 768 689 917 824 923 975 781 850 819 683 870 809 
664 735 680 541 639 829 692 796 800 555 834 755 697 743 679 562 737 741 806 546 672 683 793 664 733 770 797 798 671 584 845 731 
583 555 550 477 607 744 623 632 777 531 701 664 608 648 575 460 644 663 697 532 576 623 627 588 764 702 698 703 597 621 778 584 
535 589 419 338 457 649 556 411 625 452 547 546 456 462 368 353 520 568 549 404 448 465 563 414 558 507 502 529 508 422 583 489 
691 674 491 353 571 657 644 598 681 568 682 610 591 626 568 422 725 638 656 457 502 559 725 618 583 728 628 617 550 488 724 576 
622 573 648 408 544 739 531 641 692 426 691 667 650 656 618 482 653 699 640 541 602 579 695 520 696 637 675 671 617 470 692 571 
578 637 557 457 556 679 645 472 661 451 590 440 605 527 430 434 655 570 611 461 469 447 600 521 658 576 503 576 601 422 570 604 
752 712 641 545 573 839 671 661 883 593 707 785 619 731 672 471 747 732 794 531 630 621 714 644 845 788 786 795 698 615 832 689 
847 849 834 567 828 986 854 838 954 720 926 818 847 808 760 612 980 901 916 656 702 752 900 780 945 828 892 942 792 737 922 800 
