4977 4799 4936 4588 4801 4718 4442 4662 5104 4447 4760 4561 4562 4545 4727 4818 4630 4643 4766 4458 4227 4369 4393 4900 4806 4680 4706 5069 4469 4891 4567 4651 
4336 4318 4283 4197 4370 4003 4105 4351 4546 4077 4208 4185 3916 4064 4393 4319 4242 4165 4294 4035 4240 4158 3806 4292 4128 4118 4345 4193 3919 4012 4062 4094 
4362 4489 4620 4264 4252 4413 4303 4444 4548 4205 4411 4421 4297 4163 4399 4556 4420 4264 4413 4321 4301 4411 3941 4491 4225 4551 4431 4535 4377 4367 4278 4207 
4570 4512 4463 4183 4417 4290 4356 4388 4905 4107 4277 3999 3938 4187 4557 4198 4305 4119 4289 4340 4374 4192 4060 4214 4217 4580 4542 4301 4164 4221 4202 4097 
4501 4757 4786 4386 4699 4543 4296 4604 4789 4287 4529 4215 4209 4359 4557 4633 4602 4513 4408 4238 4484 4318 4120 4520 4394 4648 4484 4598 4341 4344 4349 4318 
4609 4796 4680 4338 4607 4650 4469 4488 5030 4294 4670 4210 4295 4340 4446 4228 4558 4567 4695 4308 4624 4382 4192 4725 4399 4687 4455 4681 4740 4226 4579 4119 
4466 4786 4637 4197 4286 4541 4340 4242 4561 4059 4226 4320 4090 4316 4657 4184 4404 4208 4321 4140 4114 4391 3889 4468 4349 4368 4373 4403 4079 4129 4330 4189 
4583 4641 4611 4242 4455 4410 4448 4548 4935 4169 4310 4534 4334 4401 4512 4526 4388 4161 4311 4321 4174 4231 4132 4453 4284 4631 4428 4636 4259 4422 4172 4315 
4290 4357 4332 4305 4237 4202 4107 4314 4558 3855 4210 3941 3961 4223 4177 4341 4244 4104 4088 4085 4291 3989 4023 4386 3790 4403 4349 4565 4148 4231 4150 3756 
5220 5230 5179 4809 4664 4923 4697 4939 5034 4598 4714 4744 4788 4923 4956 5169 4867 4857 4782 4725 4655 4668 4646 5021 4880 5024 4977 5017 4771 4700 5021 4796 
4765 4910 4887 4288 4439 4723 4513 4668 4913 4317 4664 4549 4576 4445 4715 4708 4578 4420 4541 4485 4297 4315 4310 4858 4383 4576 4608 4862 4639 4563 4448 4532 
4712 4520 4724 4225 4184 4591 4317 4409 4542 4423 4565 4487 4234 4381 4686 4639 4460 4442 4413 4440 4365 4511 4330 4492 4391 4395 4428 4513 4362 4215 4375 4301 
4548 4793 4885 4455 4669 4901 4207 4575 4785 4347 4511 4274 4401 4562 4586 4686 4639 4313 4409 4203 4614 4463 4269 4526 4508 4577 4573 4731 4397 4536 4566 4394 
4364 4296 4407 4074 4302 4470 4159 4351 4614 4015 4396 4327 4201 4142 4453 4146 4197 4065 4090 4156 4060 4101 3753 4292 4181 4247 4296 4374 4071 4145 4146 4331 
4784 4649 4434 4630 4560 4334 4304 4457 4951 4123 4232 4374 3955 4414 4590 4321 4435 4322 4366 4433 4289 4210 4132 4411 4270 4464 4516 4752 4511 4439 4275 4223 
5159 4965 5157 4729 4841 5089 4693 5054 5259 4586 4804 4653 4531 4777 4909 4846 4874 4805 4872 4593 4801 4857 4396 5114 4686 4864 4834 4909 4702 4728 4938 4461 
4830 4885 4853 4378 4702 4647 4385 4636 5005 4449 4611 4894 4415 4528 4766 4582 4676 4537 4722 4539 4576 4322 4163 4670 4211 4760 4659 4743 4676 4461 4803 4406 
4559 4517 4564 4445 4574 4520 4342 4504 4841 4270 4173 4263 4472 4318 4710 4340 4451 4340 4399 4656 4543 4315 3970 4403 4506 4284 4457 4742 4381 4369 4547 4448 
4683 4876 4947 4526 4690 5059 4426 4698 5087 4513 5012 4434 4414 4628 4900 4584 4615 4786 4599 4610 4535 4540 4358 4724 4611 4660 4590 4861 4524 4772 4745 4700 
4922 4805 4974 4496 4816 4959 4598 4634 5320 4489 4582 4616 4438 4606 4880 4751 4631 4709 4837 4768 4674 4563 4354 4555 4650 4831 4744 4818 4752 4762 4780 4467 
4347 4523 4477 4029 4276 4442 4271 4323 4608 4149 4077 4168 4100 4207 4381 4434 4298 4282 4220 4257 4022 4132 3919 4374 4048 4503 4230 4292 4301 4272 4339 3949 
4266 4480 4752 4006 4662 4439 4530 4518 4782 4037 4038 4344 4167 4283 4462 4346 4365 4569 4414 4388 4412 4179 4070 4449 4459 4476 4503 4567 4308 4367 4345 4249 
4888 4917 4978 4406 4670 4586 4574 4503 5111 4393 4295 4515 4320 4646 4751 4581 4654 4427 4626 4508 4390 4316 4359 4851 4287 4733 4653 4661 4519 4622 4515 4325 
4718 4743 4968 4626 4759 4925 4450 4853 4850 4468 4396 4853 4777 4510 4875 4840 4940 4432 4586 4585 4456 4612 4335 4942 4580 4662 4672 4875 4573 4799 4478 4681 
4730 4898 4938 4533 4511 4712 4222 4433 4757 4470 4453 4303 4494 4396 4712 4384 4571 4599 4378 4470 4157 4568 4230 4591 4463 4545 4577 4643 4344 4417 4373 4298 
4965 4874 4873 4443 4642 4752 4509 4779 4804 4207 4538 4318 4420 4445 4906 4545 4470 4335 4618 4626 4459 4588 4274 4918 4616 4538 4604 4914 4343 4667 4543 4344 
4774 4809 4765 4581 4612 4665 4489 4621 5137 4277 4360 4524 4437 4506 4732 4505 4549 4333 4556 4428 4641 4526 4414 4819 4306 4785 4628 4763 4634 4555 4696 4464 
5081 4837 5163 4815 4911 5064 4685 4914 5344 4595 4966 4853 4615 4958 5026 5138 4942 4817 4677 5011 4794 4622 4605 4960 4635 4814 4785 4920 4779 4820 4857 4769 
4929 4502 4779 4607 4731 4847 4388 4422 4819 4324 4540 4317 4429 4398 4616 4681 4619 4623 4453 4483 4516 4398 4188 4611 4275 4634 4685 4687 4745 4545 4563 4432 
5161 5290 5095 4635 4986 5238 4702 5152 5306 5121 4848 5115 4793 4806 5083 5229 5023 5109 4922 4814 4853 4990 4845 5114 5184 5019 5113 5306 5000 4837 5009 4842 
4619 4485 4878 4563 4527 4552 4300 4510 4989 4145 4433 4537 4208 4341 4834 4510 4412 4555 4472 4304 4436 4349 4295 4486 4420 4627 4513 4657 4448 4648 4670 4507 
4401 4519 4804 4568 4529 4544 4444 4443 4939 4056 4645 4402 4316 4607 4645 4430 4823 4393 4393 4483 4276 4563 4000 4612 4449 4494 4755 4662 4487 4488 4551 4516 
