2126 2100 2328 2060 2088 2153 2205 2357 2020 2045 2083 2035 2016 1932 2309 2278 2252 2087 2207 1941 1843 2187 2107 2357 2141 2251 2094 2218 1772 2155 2113 2108 
1889 1832 1808 1715 1832 1797 1833 2013 1623 1721 1786 1655 1687 1537 2022 1848 1888 1685 1871 1767 1726 1874 1703 1946 1641 1671 1858 1784 1436 1757 1644 1847 
1674 1735 1942 1732 1691 1749 1901 2064 1556 1652 1784 1639 1656 1614 1895 1956 1953 1604 1830 1743 1766 1946 1667 1870 1614 1835 1812 1724 1539 1812 1611 1821 
1976 1952 2024 1758 1920 1827 2029 2058 1847 1703 1809 1517 1583 1678 2050 1887 1922 1710 1853 1942 1858 1861 1765 1823 1699 1868 1837 1647 1443 1818 1651 1807 
1955 1962 2089 1923 1961 2093 1852 2071 1842 1799 1910 1652 1731 1751 2069 2000 2162 1918 1999 1748 1901 1848 1881 2023 1743 2024 1976 1903 1444 1877 1768 1860 
2114 1990 2114 1943 1974 2104 2071 2218 2093 1935 1946 1835 1740 1813 2095 1974 2210 1960 2197 1793 1818 2081 1891 2236 1866 1937 1867 2011 1701 1817 1934 1875 
1992 1974 2092 1853 1801 2116 2054 2100 1849 1700 1786 1747 1756 1801 2156 1841 2110 1786 2001 1764 1720 2013 1823 2076 1915 1947 1967 1864 1420 1824 1891 1933 
1916 1870 1937 1784 1879 1970 1989 2141 1778 1720 1747 1857 1696 1710 2037 1896 1886 1726 1829 1742 1805 1839 1868 1999 1690 2009 1836 1868 1415 1852 1732 1672 
1890 1874 1964 1878 1859 1936 1852 2250 1718 1737 1771 1617 1746 1835 1867 2030 2005 1839 1945 1814 1887 1810 1988 2012 1744 1879 2072 1996 1566 1807 1815 1668 
2169 2177 2396 2080 2041 2128 2106 2275 1916 1857 2049 1913 2014 2091 2181 2347 2181 2101 2139 2084 1999 2131 2196 2114 2162 2201 2183 2033 1731 1956 2147 2065 
1943 1913 2258 1814 1963 2006 2080 2249 1841 1718 1897 1787 1872 1697 2044 2098 2055 1893 1977 1748 1742 1787 1984 2221 1748 1916 2021 1995 1690 1898 1817 1820 
2063 1947 2072 1825 1746 2037 2002 2170 1774 1880 1903 1850 1712 1788 2130 2024 1954 1945 1964 1861 1909 1986 2031 1999 1827 1940 1957 1837 1654 1758 1791 1735 
1903 1971 2157 1866 2002 2199 1984 2168 1880 1848 1981 1735 1828 1915 2078 1984 2022 1793 1845 1849 2014 2080 1923 1987 2021 1872 2111 2017 1734 1798 1918 1946 
1750 1613 1866 1768 1735 1831 1875 2068 1741 1613 1751 1620 1643 1566 1884 1741 1873 1709 1706 1742 1629 1770 1506 1815 1658 1724 1864 1686 1468 1677 1799 1726 
2009 1743 1825 1870 1808 1856 1880 2041 1747 1703 1682 1648 1619 1640 2077 1793 1973 1714 1802 1702 1741 1887 1833 1864 1634 1831 1849 1782 1544 1739 1520 1658 
2138 1966 2257 1997 1935 2153 2175 2303 2017 1806 1878 1853 1757 1916 2191 2206 2155 2049 2153 1923 1996 2140 1806 2221 1898 2070 2004 2009 1629 1930 2060 1911 
2115 2068 2335 1807 1973 2217 2172 2321 1979 1939 1949 1975 1840 1959 2115 2152 2213 2050 2144 1990 1988 1929 1929 2085 1768 2093 2060 1990 1854 1975 2095 1960 
1946 1790 1946 1835 1867 2092 2120 2167 1884 1871 1720 1729 1845 1722 2127 1854 1960 1787 1997 1960 1894 2000 1764 1959 1854 1848 1896 1994 1559 1830 1847 1833 
1949 2166 2483 1905 2251 2349 2268 2391 2110 1977 2304 1880 1881 2016 2360 2104 2309 2205 2205 2055 1983 2196 2119 2210 2147 2211 2164 2023 1646 2157 2155 2157 
1933 1909 1934 1666 1798 2070 2019 2057 1960 1693 1678 1652 1654 1817 2069 1902 1957 1717 1893 1983 1799 1887 1756 1799 1794 1896 1994 1762 1623 1834 1841 1828 
2048 2021 2137 1773 1898 2108 2051 2198 1886 1940 1793 1752 1717 1768 2107 2070 1948 1950 1890 2017 1779 1819 1874 2073 1828 2195 1971 1969 1710 1907 1914 1834 
1870 1894 2062 1713 1938 2055 2069 2135 1914 1692 1700 1782 1821 1846 2002 1907 2022 1878 1897 1857 1900 1853 1960 2049 1857 1978 1922 1941 1717 1822 1893 1947 
2089 2031 2141 1737 1819 2037 2081 1984 1811 1745 1697 1802 1652 1836 2116 2008 2039 1791 1888 1841 1810 1850 1850 2051 1729 1974 1931 1952 1532 1765 1838 1813 
1991 1995 2235 2073 2133 2198 2271 2325 1972 1821 1851 2029 2018 1845 2249 2159 2296 1912 2091 1949 1871 2049 2070 2348 2036 2103 2065 2159 1731 2056 1819 2158 
2045 1962 2210 1989 1965 2011 1990 2045 1851 1799 1823 1729 1813 1808 2171 1806 2062 1994 1929 1846 1714 2026 1928 1983 1914 1921 1804 1903 1446 1853 1823 1817 
2139 1896 2226 2028 2049 2104 2074 2349 1949 1860 1955 1806 1783 1898 2180 1978 2096 1887 2074 1974 1949 2109 1934 2316 1996 2004 2111 2048 1605 2163 2074 1975 
1815 1928 2056 2040 2054 2057 2165 2246 1957 1783 1880 1879 1913 1873 2120 2058 2129 1826 2026 1869 1880 2029 1988 2252 1887 2074 1997 1993 1703 1906 1969 1884 
2025 2057 2210 1948 1976 2096 2177 2374 1915 1922 2063 1884 1832 1861 2055 2173 2170 1986 1983 2026 1845 2014 1967 2165 1936 2031 2053 2017 1748 1886 1910 1936 
2066 1917 2015 1906 1932 2028 1979 2159 1798 1749 1849 1659 1727 1690 1984 2076 2022 1858 1869 1858 1769 1977 1938 1999 1775 1955 1960 1970 1690 1855 1765 1891 
2235 2214 2264 2003 2060 2367 2244 2411 2101 2212 2145 2081 1996 2087 2269 2346 2426 2279 2228 2128 2036 2201 2226 2243 2287 2154 2404 2224 1951 2106 2135 2118 
1720 1666 1903 1708 1778 1797 1724 1930 1699 1500 1636 1619 1549 1584 1936 1686 1758 1815 1754 1562 1666 1795 1825 1839 1665 1682 1788 1782 1352 1798 1689 1747 
1832 1909 2041 1993 1950 1991 2033 2143 1930 1687 2041 1792 1824 2011 2076 2012 2198 2023 2049 1997 1911 1968 1836 2133 1927 1835 2072 1899 1665 1853 2001 1979 
