5394 5354 5467 5160 5422 5402 5035 5133 5835 4905 5187 5184 5137 5231 5313 5497 5130 5234 5211 5065 4876 4909 4899 5470 5356 5173 5305 5720 5008 5511 5147 5172 
4782 4904 4966 4941 5137 4735 4773 4874 5417 4747 4847 4967 4533 4839 5146 4979 4668 4758 4821 4736 4921 4735 4376 5059 4653 4841 4992 5032 4529 4745 4768 4720 
4792 4964 5119 4818 4816 5084 4909 5025 5245 4748 4912 5041 4755 4839 4998 5223 4895 4790 4886 4893 4897 4903 4387 5023 4761 5044 4950 5166 4921 4997 4824 4751 
5021 5063 5069 4850 5131 5008 4994 5022 5645 4666 4842 4669 4515 4957 5233 4916 4854 4707 4850 5034 5010 4765 4672 4876 4778 5282 5121 4945 4713 4884 4874 4675 
5086 5484 5582 5171 5571 5373 5030 5237 5616 5026 5176 4997 4814 5198 5311 5522 5193 5242 4998 5045 5325 5008 4705 5305 5120 5370 5106 5447 5055 5128 5134 5025 
5124 5269 5320 5082 5374 5311 5100 5088 5783 4867 5265 4950 4905 5116 5193 4861 4949 5171 5212 5014 5262 4914 4621 5302 4959 5317 5085 5489 5354 4961 5349 4652 
5044 5438 5435 5024 5093 5380 5040 4898 5542 4808 4933 5166 4732 5196 5482 4918 4877 4883 4967 4858 4928 5034 4455 5152 4959 5119 5045 5340 4757 4912 5144 4867 
5086 5274 5329 4973 5235 5159 5057 5122 5819 4895 4898 5408 4911 5233 5253 5266 4896 4785 4824 4958 4840 4777 4593 5199 4910 5294 5019 5416 4883 5087 4852 4876 
4813 4965 4992 5073 4961 4899 4749 4880 5365 4439 4782 4664 4513 5052 4885 5099 4729 4747 4569 4783 4946 4491 4521 5071 4438 4997 4971 5409 4727 4961 4876 4330 
5772 5823 5885 5542 5446 5763 5434 5536 5848 5193 5313 5567 5470 5734 5741 5995 5344 5559 5417 5363 5479 5372 5154 5653 5450 5715 5676 5871 5409 5444 5825 5429 
5300 5452 5442 4888 5048 5409 5170 5205 5658 4887 5161 5208 5173 5152 5384 5390 5018 4964 5082 5048 4943 4882 4835 5447 4903 5255 5234 5637 5178 5286 5157 5209 
5317 5294 5550 5118 5100 5532 5159 5220 5549 5176 5295 5385 4988 5459 5567 5587 5141 5213 5142 5310 5240 5293 5088 5347 5115 5222 5194 5421 5113 5114 5241 5107 
5178 5494 5724 5256 5544 5725 4869 5174 5653 5004 5141 5108 5092 5363 5462 5551 5134 5000 5037 4925 5400 5170 4804 5305 5143 5307 5228 5620 5070 5352 5395 5110 
4971 4908 5065 4814 5151 5226 4871 4833 5392 4609 4961 5121 4789 4951 5214 4968 4732 4716 4578 4970 4760 4735 4296 5020 4849 4917 4993 5227 4748 4914 4956 4992 
5277 5269 5126 5395 5433 5169 4999 5072 5773 4809 4877 5303 4587 5187 5382 5203 4885 4990 4778 5208 4950 4935 4577 5106 4993 5262 5234 5574 5095 5284 5027 4934 
5651 5493 5639 5280 5478 5752 5350 5479 5925 5068 5320 5233 5017 5480 5515 5453 5301 5323 5367 5135 5466 5331 4796 5701 5149 5342 5371 5618 5314 5310 5572 4984 
5245 5281 5343 4994 5296 5286 4939 5139 5758 4972 5156 5580 4906 5209 5431 5169 5012 5018 5178 5061 5111 4851 4543 5274 4666 5343 5189 5437 5148 5072 5435 4854 
5067 5160 5264 5126 5351 5276 4908 5030 5572 4818 4728 4971 5059 5037 5440 5018 4921 4963 4888 5307 5213 4903 4460 5019 5078 4949 5051 5451 4986 5052 5216 5078 
5316 5582 5711 5279 5467 5793 5037 5285 5899 5202 5600 5228 5048 5416 5630 5412 5184 5485 5119 5372 5211 5203 4955 5434 5346 5367 5285 5702 5120 5537 5541 5345 
5360 5328 5671 5176 5614 5678 5107 5184 6124 5072 5190 5386 5046 5299 5581 5464 5075 5375 5311 5432 5373 5106 4777 5172 5177 5514 5364 5608 5297 5414 5413 5056 
4899 5217 5214 4876 5217 5216 4984 4946 5455 4787 4678 5060 4704 5045 5145 5331 4776 4986 4719 4996 4748 4767 4412 5122 4818 5223 4814 5135 4987 5031 5171 4519 
4693 5023 5309 4568 5271 4985 5073 4942 5476 4565 4539 4945 4645 4969 5060 4903 4720 5056 4870 4915 4985 4581 4542 5037 4910 5017 5008 5199 4871 4912 4970 4747 
5416 5570 5708 5160 5484 5369 5299 5149 5970 4967 4924 5296 5026 5434 5630 5410 5219 5150 5201 5211 5076 4991 4936 5630 5019 5495 5408 5451 5165 5491 5328 5014 
5341 5450 5813 5562 5768 5873 5327 5530 5847 5224 5129 5813 5548 5466 5879 5800 5591 5251 5265 5502 5387 5328 4974 5803 5325 5541 5517 5875 5318 5795 5397 5533 
5166 5582 5697 5312 5332 5582 4931 5153 5691 5136 5126 5153 5086 5222 5456 5269 5096 5324 4886 5128 4907 5229 4726 5275 5220 5287 5174 5432 5008 5173 5088 4948 
5468 5457 5433 5103 5349 5379 5149 5330 5598 4759 5142 5018 4960 5182 5672 5223 4879 4999 5121 5283 5111 5177 4883 5612 5198 5224 5269 5606 4893 5436 5358 4922 
5218 5314 5264 5111 5161 5244 5002 5065 5667 4663 4806 5046 4827 5129 5254 5127 4915 4799 4924 4925 5134 5048 4823 5279 4777 5251 5035 5296 5127 5065 5330 4877 
5514 5278 5751 5415 5534 5841 5285 5534 6069 5186 5581 5577 5178 5668 5748 5818 5424 5396 5138 5597 5395 5225 4946 5542 5239 5441 5460 5609 5374 5501 5506 5303 
5363 5040 5414 5267 5379 5541 5015 5103 5588 4825 5083 4939 5008 5093 5338 5381 5122 5206 5015 5028 5126 4848 4667 5161 4943 5286 5311 5343 5275 5256 5167 5089 
5687 5878 5791 5290 5671 5874 5163 5570 6020 5733 5348 5797 5344 5552 5706 5842 5461 5639 5368 5415 5459 5496 5275 5761 5674 5616 5630 6040 5564 5367 5667 5314 
5191 5186 5581 5182 5254 5363 4997 5153 5853 4914 5084 5332 4833 5182 5567 5266 4950 5250 5070 5059 5172 5006 4885 5203 5057 5293 5248 5508 5130 5410 5435 5180 
5006 5286 5729 5494 5564 5446 5154 5231 5946 4837 5372 5393 5067 5555 5578 5353 5453 5237 4988 5443 5130 5297 4645 5367 5298 5297 5549 5526 5267 5365 5459 5293 
