1426 1446 1693 1477 1537 1496 1519 1521 1386 1280 1420 1335 1357 1324 1676 1478 1457 1352 1461 1403 1189 1401 1367 1562 1432 1550 1451 1541 1181 1416 1471 1432 
1077 1144 1117 1084 1199 1144 1110 1150 982 992 1135 983 1045 906 1294 1061 1127 947 1124 1078 950 1122 1012 1158 1037 985 1155 1124 826 1006 1006 1117 
1059 1269 1434 1187 1230 1212 1404 1356 1095 1037 1220 1077 1096 1126 1333 1286 1272 947 1130 1197 1140 1226 1124 1212 1109 1377 1280 1203 1008 1167 1078 1223 
1216 1254 1388 1243 1288 1230 1350 1216 1154 959 1245 886 1023 1096 1327 1240 1181 1054 1240 1273 1157 1085 1131 1121 1132 1216 1183 1019 916 1160 1094 1211 
1200 1306 1443 1386 1387 1353 1262 1286 1117 1077 1339 1098 1221 1221 1385 1333 1358 1255 1313 1208 1204 1193 1232 1280 1167 1295 1348 1320 882 1164 1197 1272 
1245 1314 1363 1378 1390 1351 1405 1333 1263 1085 1241 1194 1082 1254 1432 1162 1300 1209 1378 1217 1131 1226 1083 1341 1221 1214 1253 1294 1052 1096 1273 1178 
1284 1290 1403 1361 1289 1428 1431 1421 1181 1036 1204 1139 1151 1305 1486 1235 1327 1088 1329 1276 1097 1275 1168 1319 1312 1332 1397 1285 925 1200 1268 1371 
1255 1217 1326 1300 1305 1277 1271 1295 1168 1061 1166 1189 1163 1157 1321 1185 1201 1085 1174 1192 1114 1132 1174 1280 1059 1330 1231 1240 863 1140 1148 1101 
1262 1255 1454 1348 1312 1401 1251 1404 1057 1058 1174 1088 1180 1275 1348 1268 1221 1155 1229 1218 1234 1114 1299 1255 1212 1266 1426 1386 1006 1064 1181 1173 
1413 1518 1764 1475 1506 1510 1449 1518 1325 1177 1436 1269 1365 1459 1593 1570 1444 1431 1455 1506 1288 1385 1446 1411 1562 1499 1563 1386 1099 1283 1539 1372 
1357 1336 1634 1363 1436 1428 1433 1470 1276 1165 1342 1273 1248 1229 1377 1412 1335 1302 1358 1180 1049 1080 1334 1459 1206 1384 1439 1428 1144 1253 1270 1252 
1280 1278 1402 1330 1234 1361 1355 1345 1118 1072 1193 1157 1087 1236 1424 1200 1180 1147 1158 1232 1180 1166 1306 1182 1156 1312 1365 1223 980 1063 1169 1104 
1175 1324 1458 1312 1329 1394 1271 1332 1150 1035 1318 1024 1171 1265 1351 1308 1208 1071 1174 1215 1186 1210 1153 1247 1342 1214 1418 1197 1000 1076 1292 1217 
1152 1110 1283 1263 1245 1321 1347 1344 1220 1012 1147 1083 1127 1074 1307 1123 1201 1071 1087 1181 1024 1113 1000 1126 1202 1264 1286 1133 919 1036 1253 1158 
1188 1063 1217 1283 1186 1237 1266 1230 1092 936 1168 1068 1058 1055 1348 1134 1152 999 1111 1099 1064 1173 1173 1100 1121 1178 1247 1112 949 1050 960 1084 
1313 1235 1504 1396 1325 1382 1408 1411 1260 1053 1239 1180 1167 1350 1490 1401 1300 1234 1380 1256 1177 1273 1137 1294 1233 1382 1333 1400 973 1175 1377 1244 
1295 1445 1665 1206 1436 1523 1492 1518 1255 1230 1268 1347 1285 1296 1404 1435 1406 1307 1421 1342 1136 1102 1207 1340 1205 1392 1380 1356 1145 1205 1403 1323 
1338 1299 1374 1390 1416 1473 1481 1459 1307 1251 1195 1223 1294 1281 1506 1284 1333 1200 1407 1391 1252 1192 1221 1386 1280 1308 1384 1475 1073 1215 1307 1235 
1318 1467 1724 1408 1679 1472 1513 1535 1296 1169 1578 1274 1230 1359 1603 1425 1425 1379 1443 1422 1241 1342 1369 1356 1392 1461 1411 1341 1021 1371 1420 1503 
1327 1296 1385 1149 1247 1428 1423 1313 1347 1040 1124 1141 1078 1190 1489 1265 1287 1109 1279 1470 1142 1144 1148 1161 1237 1320 1294 1218 1062 1155 1280 1245 
1393 1415 1519 1351 1347 1505 1409 1424 1244 1225 1252 1301 1091 1247 1506 1368 1235 1315 1278 1388 1148 1109 1236 1360 1297 1570 1379 1372 1155 1232 1344 1274 
1132 1133 1283 1173 1245 1239 1272 1208 1064 852 915 1080 1166 1144 1258 1065 1115 1100 1137 1169 1071 1007 1098 1124 1145 1209 1187 1174 974 1062 1130 1248 
1328 1380 1490 1297 1330 1465 1455 1326 1216 1114 1199 1183 1181 1362 1547 1385 1380 1217 1368 1402 1180 1162 1218 1397 1217 1356 1415 1375 1037 1162 1362 1283 
1294 1397 1567 1477 1511 1489 1589 1516 1312 1133 1254 1322 1345 1310 1559 1371 1364 1210 1355 1424 1218 1312 1329 1485 1399 1480 1476 1453 1130 1402 1243 1457 
1309 1357 1598 1451 1502 1414 1391 1377 1277 1063 1293 1145 1266 1314 1511 1242 1319 1323 1345 1345 1148 1318 1280 1344 1321 1313 1282 1236 941 1242 1317 1231 
1316 1207 1483 1403 1414 1346 1328 1431 1202 1103 1314 1119 1187 1216 1424 1212 1232 1139 1400 1314 1040 1230 1236 1442 1331 1230 1375 1365 892 1300 1395 1315 
1149 1291 1413 1439 1459 1336 1498 1428 1302 1155 1314 1272 1263 1220 1442 1297 1295 1134 1323 1276 1185 1322 1279 1377 1278 1364 1301 1360 1085 1203 1316 1258 
1289 1366 1482 1386 1368 1382 1433 1521 1187 1158 1347 1134 1179 1278 1400 1377 1291 1170 1254 1385 1148 1167 1251 1317 1295 1385 1409 1325 1028 1195 1258 1242 
1372 1328 1429 1322 1349 1439 1402 1426 1194 1081 1259 1066 1182 1157 1439 1364 1306 1202 1188 1286 1113 1332 1293 1315 1239 1364 1413 1312 1074 1244 1220 1235 
1420 1447 1482 1310 1365 1548 1486 1440 1272 1294 1343 1292 1196 1341 1505 1436 1446 1341 1348 1361 1248 1265 1332 1327 1508 1362 1585 1383 1223 1244 1352 1297 
1108 1056 1205 1250 1285 1208 1189 1254 1067 878 1098 1036 1050 1026 1260 1171 1058 1118 1235 1089 1039 1112 1237 1140 1135 1100 1186 1205 843 1098 1174 1238 
1081 1279 1376 1371 1362 1292 1338 1330 1287 959 1339 1151 1164 1365 1344 1264 1336 1243 1283 1300 1112 1213 1166 1341 1354 1181 1329 1263 966 1111 1293 1248 
