3016 2861 3165 2973 2813 2788 2759 3041 2905 2658 2871 2746 2802 2824 2908 2877 2888 2762 2930 2770 2567 2715 2657 3191 2896 2904 2982 3013 2473 2934 2812 2931 
2688 2542 2450 2621 2401 2402 2366 2573 2422 2281 2535 2200 2396 2301 2638 2377 2564 2244 2502 2448 2387 2446 2253 2668 2305 2316 2601 2552 2068 2361 2264 2516 
2484 2476 2670 2468 2231 2454 2449 2661 2349 2303 2573 2258 2479 2369 2495 2476 2583 2163 2536 2500 2450 2438 2144 2597 2331 2457 2571 2497 2261 2527 2257 2513 
2783 2657 2701 2571 2433 2433 2547 2645 2699 2297 2591 2064 2310 2418 2683 2421 2519 2277 2479 2663 2624 2353 2308 2590 2362 2545 2662 2372 2140 2406 2352 2457 
2675 2610 2784 2581 2477 2607 2294 2641 2501 2292 2578 2223 2371 2464 2596 2507 2718 2406 2585 2360 2476 2361 2285 2633 2427 2513 2573 2650 1984 2493 2267 2413 
2746 2731 2682 2612 2489 2708 2635 2754 2927 2439 2641 2336 2439 2536 2716 2427 2713 2423 2880 2486 2516 2583 2375 2974 2388 2644 2633 2699 2402 2488 2580 2500 
2615 2631 2634 2534 2295 2646 2460 2529 2466 2124 2325 2245 2340 2409 2640 2276 2551 2108 2595 2441 2260 2443 2161 2653 2399 2374 2538 2390 1925 2351 2362 2439 
2772 2674 2734 2780 2539 2684 2532 2867 2743 2364 2553 2510 2539 2607 2766 2518 2596 2338 2645 2666 2570 2472 2365 2839 2461 2741 2779 2697 2225 2625 2457 2471 
2556 2538 2648 2634 2382 2374 2340 2713 2477 2178 2384 2099 2328 2486 2391 2586 2477 2235 2505 2461 2473 2268 2425 2657 2213 2447 2755 2668 2065 2409 2431 2247 
3065 3036 3273 3012 2611 2925 2647 2957 2869 2627 2937 2596 2906 2950 2923 2997 2932 2751 2841 2969 2758 2733 2757 3056 2872 2965 3052 2861 2531 2790 2941 2853 
2875 2890 3093 2722 2590 2796 2645 2999 2815 2427 2748 2578 2775 2666 2834 2739 2740 2450 2754 2677 2573 2453 2511 3160 2490 2726 2923 2854 2510 2772 2561 2643 
2695 2523 2707 2508 2219 2603 2418 2671 2450 2376 2517 2341 2388 2470 2703 2499 2455 2346 2572 2550 2479 2529 2474 2693 2413 2387 2638 2519 2223 2362 2396 2354 
2553 2656 2878 2641 2523 2792 2414 2671 2579 2371 2611 2271 2508 2616 2711 2547 2608 2211 2473 2523 2591 2652 2380 2698 2548 2454 2779 2690 2302 2520 2468 2560 
2448 2314 2490 2488 2256 2399 2394 2638 2468 2169 2431 2256 2331 2258 2468 2227 2355 2161 2320 2418 2235 2221 1955 2537 2271 2303 2580 2364 2026 2317 2370 2399 
2875 2617 2652 2755 2504 2499 2462 2761 2709 2341 2500 2326 2460 2484 2724 2368 2582 2295 2623 2560 2523 2401 2431 2666 2357 2556 2816 2610 2297 2597 2219 2387 
2842 2658 2937 2776 2574 2858 2661 2865 2811 2412 2604 2380 2539 2637 2843 2693 2703 2533 2891 2696 2700 2655 2330 2961 2498 2637 2799 2660 2336 2634 2693 2541 
2888 2937 3032 2694 2577 2785 2710 2982 2852 2521 2759 2665 2594 2718 2921 2750 2849 2544 2917 2815 2702 2514 2452 2843 2429 2807 2932 2829 2557 2703 2842 2627 
2691 2518 2681 2682 2453 2755 2583 2738 2705 2404 2415 2383 2637 2514 2765 2412 2569 2314 2718 2749 2633 2533 2241 2675 2550 2501 2662 2717 2263 2587 2498 2533 
2599 2850 3019 2595 2713 2976 2703 2922 2932 2499 2961 2331 2609 2709 2965 2599 2821 2678 2885 2708 2630 2655 2557 2891 2711 2774 2843 2657 2346 2792 2756 2771 
2569 2594 2562 2415 2370 2633 2530 2555 2702 2249 2386 2175 2281 2488 2623 2405 2439 2124 2474 2637 2398 2334 2234 2504 2302 2441 2645 2422 2118 2479 2454 2399 
2696 2693 2807 2438 2415 2669 2456 2657 2589 2460 2438 2214 2426 2450 2606 2569 2466 2388 2442 2702 2341 2278 2320 2779 2358 2674 2584 2633 2284 2503 2459 2402 
2358 2298 2555 2170 2316 2427 2425 2499 2424 2010 2129 2171 2270 2342 2358 2210 2326 2227 2357 2339 2390 2202 2269 2512 2279 2358 2429 2402 2100 2251 2301 2380 
2942 2857 2982 2685 2473 2730 2645 2648 2786 2381 2508 2416 2576 2696 2840 2639 2691 2349 2621 2709 2656 2383 2514 2888 2436 2765 2880 2740 2368 2594 2563 2558 
2779 2725 3013 2827 2640 2905 2674 2977 2730 2478 2536 2605 2966 2582 2948 2729 2938 2374 2722 2648 2514 2621 2552 3131 2686 2735 2812 2872 2441 2864 2453 2833 
2869 2739 2969 2861 2488 2676 2484 2668 2689 2439 2581 2297 2682 2594 2865 2377 2782 2564 2696 2624 2471 2612 2455 2765 2547 2666 2741 2675 2208 2613 2569 2504 
2941 2716 3007 2889 2690 2788 2660 2903 2721 2490 2718 2358 2601 2670 2901 2610 2691 2291 2777 2764 2633 2734 2516 3104 2649 2625 2888 2826 2273 2858 2709 2614 
2744 2779 2876 2881 2641 2725 2726 2894 2910 2423 2622 2455 2819 2782 2801 2637 2799 2409 2854 2670 2686 2673 2584 3082 2541 2842 2918 2789 2555 2745 2636 2691 
2915 2839 3103 3010 2731 2932 2755 3087 2915 2651 2978 2565 2761 2861 2899 2899 2838 2599 2721 2995 2754 2685 2611 3143 2753 2816 2966 2864 2594 2676 2761 2743 
2892 2646 2822 2748 2563 2736 2543 2720 2625 2366 2645 2205 2557 2502 2599 2648 2678 2445 2555 2680 2533 2520 2507 2795 2494 2634 2773 2689 2497 2607 2421 2596 
2979 2959 2935 2768 2665 2995 2711 3078 2886 2788 2866 2735 2674 2880 2914 2902 2943 2802 2911 2880 2645 2723 2662 2975 2978 2741 3118 2945 2599 2812 2764 2763 
2488 2378 2630 2579 2301 2496 2175 2545 2579 2148 2355 2254 2389 2354 2702 2311 2381 2359 2424 2318 2462 2357 2254 2595 2288 2440 2576 2519 2073 2484 2400 2474 
2528 2667 2821 2790 2486 2601 2573 2708 2769 2263 2807 2328 2579 2770 2694 2559 2917 2572 2728 2773 2600 2528 2304 2894 2505 2555 2898 2697 2367 2609 2705 2683 
