4383 4114 4345 4183 4092 4163 3754 3980 4338 3822 4179 4073 4068 3958 4106 4044 4015 4111 4234 3949 3670 3743 3785 4293 4054 4106 4078 4398 3818 4360 3987 4046 
3738 3573 3618 3629 3615 3412 3338 3664 3773 3460 3565 3653 3508 3414 3753 3527 3622 3476 3719 3522 3539 3515 3215 3702 3388 3529 3670 3585 3201 3481 3350 3560 
3790 3753 4028 3749 3553 3846 3619 3763 3841 3580 3830 3823 3820 3546 3747 3818 3751 3583 3874 3784 3572 3701 3327 3837 3485 3901 3752 3869 3705 3856 3576 3675 
4107 3870 3954 3748 3792 3674 3694 3793 4224 3597 3742 3476 3487 3545 3972 3583 3779 3631 3826 3933 3769 3614 3501 3721 3570 3939 3883 3696 3528 3636 3635 3616 
3994 4007 4134 3868 3910 3914 3566 3881 4065 3667 3806 3680 3721 3675 3913 3801 3964 3784 3821 3673 3718 3675 3506 3907 3676 3911 3773 3939 3502 3794 3656 3724 
3992 3955 3977 3759 3790 3957 3631 3800 4332 3684 3857 3636 3737 3656 3816 3532 3894 3801 4097 3619 3712 3725 3525 4096 3739 3961 3723 3894 3814 3634 3831 3568 
3815 3951 3938 3630 3482 3907 3553 3575 3895 3481 3559 3740 3527 3613 3941 3516 3731 3516 3769 3567 3344 3722 3313 3827 3626 3764 3660 3594 3248 3530 3655 3606 
3985 3921 3958 3777 3806 3866 3767 3948 4267 3598 3696 3962 3828 3741 3976 3854 3823 3619 3822 3805 3601 3630 3581 3933 3556 4134 3834 3960 3620 3939 3635 3743 
3763 3734 3794 3751 3585 3651 3432 3678 3944 3331 3616 3432 3458 3568 3598 3687 3602 3495 3690 3601 3585 3360 3504 3782 3176 3784 3769 3924 3434 3709 3520 3229 
4544 4498 4559 4267 3950 4267 3942 4267 4349 4000 4188 4263 4238 4332 4336 4485 4218 4256 4225 4246 3994 4002 4025 4338 4128 4418 4340 4245 4073 4157 4339 4209 
4167 4244 4371 3874 3813 4179 3872 4124 4318 3831 4072 4074 4159 3955 4251 4140 4045 3948 4135 3975 3710 3794 3780 4368 3814 4151 4108 4248 4028 4073 3883 4013 
4125 3872 4082 3745 3548 4011 3658 3756 3933 3798 3935 3886 3728 3703 4075 3955 3835 3784 3947 3904 3664 3898 3747 3907 3665 3817 3797 3876 3673 3693 3751 3689 
3908 3972 4167 3796 3853 4176 3392 3786 4011 3670 3837 3619 3828 3854 3959 3886 3876 3528 3797 3608 3801 3763 3605 3812 3765 3822 3853 3989 3505 3854 3762 3693 
3805 3563 3750 3647 3633 3858 3477 3730 3945 3518 3755 3776 3666 3491 3842 3584 3602 3546 3598 3579 3417 3543 3152 3716 3565 3678 3716 3734 3402 3584 3563 3729 
4219 3862 3859 4032 3827 3769 3557 3734 4211 3529 3617 3734 3522 3716 4049 3592 3734 3631 3824 3864 3579 3553 3581 3840 3524 3851 3873 4078 3746 3835 3589 3624 
4384 3967 4271 4091 3977 4330 3703 4106 4347 3835 3960 3903 3842 3865 4149 3988 3997 3971 4239 3899 3874 4032 3570 4322 3761 4061 3999 4029 3827 3951 4066 3743 
4388 4261 4275 3914 4077 4150 3813 4082 4419 3972 4056 4336 3936 3973 4211 3965 4071 4011 4300 4127 3948 3750 3672 4164 3616 4218 4053 4138 4066 3959 4237 3918 
3868 3700 3859 3805 3755 3810 3577 3794 4033 3564 3483 3578 3895 3546 3945 3515 3700 3618 3827 3994 3717 3646 3317 3718 3725 3639 3694 3980 3559 3675 3828 3754 
4063 4187 4342 4015 4113 4383 3758 4063 4439 3958 4387 3854 3907 3916 4365 4000 4096 4231 4170 4057 3902 3969 3806 4172 3938 4094 3994 4190 3848 4240 4141 4073 
4328 4100 4283 3925 4056 4267 3881 3952 4644 3877 3958 4027 3887 3941 4237 4031 3957 3986 4180 4230 3932 3869 3725 3920 3874 4170 4058 4112 3952 4157 4060 3888 
3823 3803 3910 3478 3634 3801 3560 3687 3951 3597 3532 3569 3619 3601 3814 3791 3664 3716 3642 3815 3337 3523 3309 3851 3446 3898 3597 3655 3577 3686 3673 3568 
3649 3632 4012 3448 3883 3806 3761 3795 3975 3429 3349 3770 3653 3546 3816 3630 3652 3792 3857 3769 3679 3499 3488 3752 3675 3798 3764 3935 3584 3764 3644 3614 
4321 4069 4226 3813 3868 4026 3754 3704 4295 3753 3647 3809 3802 3954 4056 3798 3879 3703 3946 3940 3663 3582 3670 4164 3529 4085 3970 3973 3723 4009 3812 3754 
4154 4070 4311 4077 4045 4309 3785 4185 4199 3873 3789 4256 4261 3834 4283 4093 4300 3817 4008 3992 3753 3937 3722 4355 3871 4047 4096 4211 3845 4141 3805 4156 
4145 4117 4255 4002 3834 4112 3566 3714 4099 3819 3837 3638 4027 3779 4146 3631 3986 3898 3803 3886 3532 3892 3651 3981 3751 3972 3967 3985 3628 3911 3746 3703 
4368 3991 4258 3975 4001 4094 3732 4068 4110 3701 3897 3745 3822 3750 4325 3974 3867 3703 4173 4042 3786 3912 3648 4274 3917 3888 3959 4152 3628 4121 3940 3809 
4169 4031 4166 4072 3997 4095 3763 4051 4389 3711 3793 4015 4029 3962 4167 3898 3979 3772 4125 3890 3917 3967 3838 4254 3678 4196 3951 4092 3983 4075 4010 3955 
4472 4132 4425 4264 4191 4470 3976 4263 4607 4042 4298 4326 4107 4263 4374 4470 4198 4176 4139 4382 4026 3971 3954 4339 3902 4235 4156 4264 4024 4156 4159 4201 
4390 3901 4131 4104 4068 4228 3754 3869 4293 3787 3985 3867 3931 3806 4035 4048 4090 4012 3984 4104 3855 3860 3741 4067 3711 4073 4035 4104 4107 4048 3950 3984 
4533 4489 4413 4072 4238 4565 3964 4417 4521 4435 4244 4472 4248 4177 4399 4402 4288 4437 4323 4241 4072 4259 4139 4406 4394 4348 4383 4518 4193 4236 4252 4188 
3907 3668 4088 3939 3738 3865 3414 3713 4160 3459 3661 3881 3690 3613 4207 3735 3657 3844 3842 3694 3627 3642 3550 3800 3597 3956 3803 3917 3620 3952 3921 3849 
3768 3717 4033 4017 3768 3899 3622 3685 4192 3477 3971 3766 3717 3801 3919 3685 4074 3719 3929 4010 3573 3807 3373 3953 3657 3877 4036 3920 3763 3882 3858 3827 
