662 652 836 689 749 856 803 725 665 541 699 825 743 686 884 707 693 743 695 612 605 683 730 772 745 813 729 792 499 713 733 731 
493 466 470 503 703 584 601 537 470 372 601 571 555 406 615 521 598 494 542 464 504 545 494 600 553 443 580 530 341 538 490 617 
466 566 590 490 557 584 743 595 469 420 577 596 564 541 601 556 601 533 529 534 538 509 498 572 570 615 606 541 400 523 520 597 
569 580 657 570 662 643 723 564 555 327 565 451 558 487 636 526 599 540 546 554 542 471 552 530 477 561 531 442 330 558 555 677 
537 549 647 644 701 686 658 577 519 413 687 586 637 547 715 661 633 700 611 489 630 558 602 608 604 600 611 625 357 551 567 657 
572 617 662 678 774 781 769 719 607 461 678 697 546 633 793 626 619 668 634 494 522 617 545 656 631 636 612 669 400 538 683 718 
684 748 766 726 809 890 919 812 688 528 692 783 704 753 853 700 736 721 708 641 633 714 683 768 786 765 765 680 490 709 772 845 
592 493 596 575 684 693 673 613 504 426 581 725 656 514 684 578 522 637 573 507 535 581 643 599 560 611 608 667 384 546 597 598 
627 594 616 687 729 744 684 643 529 489 572 638 657 601 721 615 592 662 575 490 625 588 657 667 565 634 623 711 453 557 537 661 
609 637 763 601 690 773 741 647 584 379 628 738 722 568 780 614 569 675 514 691 589 638 635 666 681 710 665 645 369 567 688 660 
645 520 684 691 666 759 763 737 584 390 659 754 632 547 690 612 643 635 604 522 488 486 659 687 532 643 640 737 460 615 578 646 
573 513 603 654 644 603 665 571 483 338 574 612 565 553 626 494 507 648 520 496 557 507 615 516 539 542 560 492 352 491 582 569 
450 567 533 584 655 641 598 517 518 339 588 532 604 543 645 508 550 557 426 471 545 504 446 532 635 447 535 502 392 423 541 557 
558 582 739 590 718 760 815 740 607 414 662 684 613 576 718 635 590 639 484 596 502 619 550 661 687 729 722 625 447 547 709 738 
520 390 482 608 599 554 610 568 454 299 538 586 573 493 538 480 483 534 469 428 469 440 552 522 521 459 530 508 309 482 460 555 
631 554 674 709 721 798 757 682 618 428 657 744 590 663 783 656 633 726 619 616 555 592 585 674 602 658 590 725 378 569 742 656 
646 703 795 609 811 918 871 784 660 500 635 850 749 753 782 748 753 728 710 650 598 522 682 705 649 767 646 745 468 655 676 746 
547 560 615 589 766 748 745 694 606 469 607 676 720 604 696 677 609 670 638 534 543 530 609 649 597 587 575 660 387 614 626 669 
639 675 833 727 910 821 901 772 686 453 847 743 740 650 869 664 685 810 724 678 653 701 633 720 772 708 709 677 392 678 718 822 
605 621 693 528 653 739 750 648 627 293 512 641 557 565 645 595 605 576 527 667 511 501 571 577 559 602 570 573 410 555 640 643 
742 675 776 746 729 859 805 706 634 432 659 779 614 680 829 677 667 717 641 670 614 622 709 720 652 826 697 770 525 617 699 725 
582 609 644 563 717 677 792 604 525 366 541 684 661 565 661 564 508 690 569 654 612 606 566 636 628 584 617 617 402 542 606 731 
681 672 775 682 823 867 871 704 644 469 641 807 700 709 779 737 744 768 669 718 683 615 701 757 685 747 721 733 518 627 819 772 
658 645 772 743 859 830 923 833 664 455 706 819 814 684 795 709 679 695 646 710 561 631 705 771 796 696 770 775 430 724 689 875 
591 591 720 661 730 698 701 624 531 374 594 614 589 596 736 512 491 695 591 611 531 602 573 658 669 598 499 556 359 581 616 654 
576 462 694 695 760 694 717 681 567 443 664 647 620 554 780 545 543 610 640 559 489 631 620 674 661 591 622 639 266 719 657 724 
572 555 584 709 754 674 840 637 534 412 671 770 669 612 698 587 584 649 628 622 565 615 619 695 671 575 668 725 463 565 672 646 
532 510 565 633 635 618 726 685 476 347 584 602 591 531 609 546 520 545 462 554 463 491 533 581 564 563 552 608 364 473 472 548 
550 481 532 577 594 696 645 562 488 322 518 450 592 447 604 569 531 486 471 532 499 562 514 574 513 537 591 551 362 538 502 596 
565 692 706 594 724 822 787 719 598 480 620 789 682 689 728 712 673 751 603 546 642 621 671 637 792 678 769 681 563 587 712 724 
493 464 504 612 693 567 623 563 500 348 537 582 580 439 597 528 467 611 587 427 497 462 558 536 508 405 481 591 313 503 574 609 
549 631 671 675 713 744 789 624 610 391 702 727 615 689 764 626 666 729 527 623 592 578 612 647 719 596 716 686 501 555 610 673 
