3622 3390 3644 3589 3437 3344 3220 3488 3584 3116 3460 3247 3364 3260 3353 3246 3331 3385 3382 3356 2941 3177 3073 3725 3336 3325 3421 3606 3107 3567 3364 3470 
3283 3093 3100 3194 3105 2907 2910 3213 3184 2954 3028 2920 2948 2968 3221 2851 3095 2945 3096 3032 2918 3045 2706 3278 2864 2949 3155 3020 2667 2896 2959 3073 
3195 3153 3419 3206 2993 3161 3183 3290 3187 2989 3206 3014 3148 3014 3105 3087 3154 2967 3179 3216 2945 3135 2702 3325 2927 3173 3141 3230 3018 3237 3034 3167 
3440 3279 3457 3253 3133 2979 3165 3313 3550 2967 3113 2736 2864 3008 3291 2900 3145 2969 3151 3287 3098 3043 2817 3211 2947 3215 3324 2988 2905 2990 3053 3055 
3451 3363 3575 3376 3323 3306 3042 3358 3446 3094 3308 2963 3114 3178 3310 3102 3390 3266 3213 3153 3094 3109 2894 3462 3160 3196 3262 3348 2871 3181 3121 3202 
3377 3305 3391 3252 3190 3235 3181 3347 3697 3112 3158 2918 3059 3106 3235 2889 3255 3140 3415 3048 3071 3155 2887 3637 3060 3227 3124 3250 3157 3041 3260 3128 
3271 3266 3273 3218 2987 3235 3132 3160 3230 2811 2885 2960 2964 3045 3256 2791 3122 2806 3207 3080 2743 3119 2656 3385 3049 3084 3109 3021 2669 3005 3141 3023 
3375 3293 3421 3376 3258 3251 3264 3470 3520 2987 3109 3064 3191 3162 3310 3102 3181 2995 3192 3257 2979 3079 2926 3437 3100 3403 3356 3341 2945 3320 3075 3113 
3140 3074 3262 3264 2996 2940 2986 3272 3199 2746 3006 2673 2939 2958 2920 3022 3017 2879 3012 3049 2937 2810 2883 3328 2600 3057 3256 3280 2784 3072 2967 2767 
3710 3778 3992 3713 3331 3532 3383 3704 3659 3311 3502 3312 3566 3636 3595 3627 3503 3531 3454 3651 3254 3424 3281 3798 3486 3605 3735 3554 3322 3487 3664 3492 
3402 3455 3694 3344 3151 3374 3290 3540 3493 3058 3317 3158 3420 3177 3418 3259 3233 3181 3249 3316 2986 3088 2941 3744 3035 3257 3468 3479 3217 3385 3169 3272 
3416 3144 3421 3264 2920 3276 3121 3229 3247 3030 3197 3014 3035 3004 3338 3071 3089 3083 3175 3286 2957 3248 3011 3368 2989 3071 3182 3239 3032 3066 3107 3021 
3214 3255 3526 3260 3307 3366 2978 3265 3382 3024 3163 2858 3120 3249 3254 3091 3236 2883 3033 3129 3147 3236 2923 3283 3153 3087 3253 3291 2977 3135 3168 3194 
3085 2864 3092 3109 2948 3075 2938 3179 3248 2835 3022 2874 2961 2860 3076 2707 2864 2839 2845 2979 2728 2825 2444 3163 2886 2848 3092 2971 2753 2871 2981 3076 
3504 3255 3345 3502 3175 3048 3075 3351 3518 2954 3051 2986 2992 3100 3342 2848 3141 2991 3132 3252 2977 3070 2895 3256 2962 3079 3379 3334 3053 3208 3032 3038 
3683 3365 3722 3596 3358 3628 3214 3600 3766 3164 3334 3116 3180 3314 3487 3252 3353 3352 3578 3356 3254 3447 2910 3781 3183 3338 3399 3353 3203 3360 3475 3233 
3615 3586 3674 3414 3364 3454 3280 3601 3663 3253 3385 3375 3227 3354 3456 3162 3372 3291 3482 3419 3233 3147 2995 3544 3034 3470 3510 3413 3322 3300 3575 3236 
3275 3117 3374 3342 3202 3194 3157 3356 3496 3014 2924 2943 3306 3086 3353 2895 3223 3065 3254 3474 3173 3130 2694 3223 3153 3010 3238 3396 2962 3178 3274 3242 
3493 3625 3867 3553 3606 3776 3402 3654 3910 3284 3778 3105 3386 3381 3739 3305 3552 3612 3586 3596 3281 3477 3199 3712 3401 3526 3460 3548 3274 3640 3672 3582 
3453 3321 3421 3248 3303 3363 3247 3371 3764 3068 3123 3014 3040 3265 3367 3082 3118 3069 3191 3456 3062 3149 2843 3324 2996 3184 3305 3188 3039 3290 3332 3146 
3309 3333 3498 3127 3220 3297 3192 3359 3441 3148 3002 2909 3107 3108 3285 3183 3147 3200 3120 3419 2855 3030 2804 3486 3031 3331 3175 3246 3057 3235 3184 3080 
2959 2987 3323 2855 3133 3068 3218 3201 3250 2675 2677 2912 2914 3011 3069 2822 2999 3046 3041 3064 2883 2893 2786 3169 2909 3074 3094 3052 2861 2959 3049 2971 
3678 3574 3654 3395 3320 3403 3271 3343 3662 3096 3145 3120 3271 3441 3423 3190 3339 3128 3302 3415 3135 3133 3114 3706 3057 3499 3488 3348 3199 3346 3318 3288 
3451 3466 3745 3538 3380 3639 3323 3720 3584 3159 3153 3338 3669 3266 3612 3288 3579 3214 3311 3343 3081 3332 3103 3860 3301 3304 3490 3555 3203 3529 3201 3569 
3488 3368 3603 3512 3158 3338 3078 3235 3452 3085 3163 2837 3359 3177 3449 2844 3272 3279 3169 3258 2930 3234 2976 3498 3176 3239 3355 3278 2943 3228 3179 3159 
3571 3340 3688 3550 3375 3365 3247 3550 3458 3048 3269 3001 3236 3185 3546 3188 3247 3019 3404 3452 3117 3325 2967 3754 3243 3191 3452 3475 2993 3545 3348 3193 
3521 3413 3623 3603 3395 3375 3319 3539 3768 3089 3265 3273 3393 3416 3481 3205 3418 3171 3495 3376 3293 3411 3166 3805 3115 3551 3402 3454 3366 3486 3447 3380 
3616 3427 3751 3668 3462 3630 3352 3699 3761 3276 3563 3280 3400 3508 3504 3521 3437 3376 3305 3635 3262 3302 3164 3755 3215 3365 3456 3470 3221 3366 3470 3385 
3715 3376 3579 3607 3461 3551 3261 3442 3617 3141 3383 3025 3370 3240 3313 3289 3419 3386 3295 3449 3186 3273 3123 3642 3146 3362 3383 3461 3400 3424 3286 3322 
3748 3729 3754 3540 3503 3764 3472 3855 3829 3665 3569 3573 3444 3670 3682 3589 3646 3675 3583 3618 3278 3565 3345 3748 3694 3558 3828 3694 3486 3584 3607 3593 
3203 3028 3471 3342 3093 3157 2899 3205 3459 2842 2987 3051 3058 2982 3424 2926 3066 3219 3133 3107 2998 3125 2869 3316 2956 3214 3190 3208 2860 3247 3254 3204 
3184 3217 3422 3469 3147 3206 3105 3230 3506 2841 3384 2962 3100 3271 3255 2999 3459 3138 3304 3399 2974 3200 2723 3486 3073 3166 3377 3262 3114 3249 3292 3261 
