3760 3898 4153 3674 4010 4328 3962 3601 4151 3727 3847 4003 3812 4143 3743 3773 3939 3848 3798 3891 3941 4133 3638 4071 4144 3865 4030 3507 4214 4212 3699 3984 
3412 3573 3886 3543 3808 3820 3633 3363 3728 3803 3666 3668 3723 4162 3492 3526 3462 3856 3534 3556 3563 4128 3323 3684 3877 3663 3677 3343 3710 3787 3372 3702 
3701 3704 4242 3444 3927 4008 3732 3195 3757 3718 3684 3947 3731 3991 3778 3633 3867 3866 3579 3853 3782 3983 3487 3943 3910 3748 3783 3445 3853 3960 3581 3801 
3557 3640 4429 3489 3893 4107 3814 3527 3768 3781 3783 3895 3735 3907 3647 3662 3778 3878 3822 3771 3845 3968 3496 3931 3831 3637 3649 3549 3858 4143 3575 3640 
3694 3682 4313 3631 4136 4000 3999 3626 4117 3696 4122 3790 3509 3988 3678 3636 3713 3940 3534 3844 3852 4128 3720 3824 4102 3793 3870 3313 3816 4057 3843 3615 
3683 3734 4228 3483 3717 4028 3872 3642 3654 3600 4050 3814 3852 3997 3682 3691 3513 3766 3688 3796 3772 4359 3432 4006 3631 3671 3941 3472 3853 4004 3669 3763 
3431 3550 3835 3321 3595 3686 3522 3380 3727 3351 3618 3348 3412 3804 3586 3460 3546 3653 3383 3652 3513 3644 3350 3609 3558 3530 3581 3160 3573 3979 3554 3331 
3731 3569 4109 3762 3925 4184 3902 3533 3850 3599 3821 3733 3791 3994 3964 3749 3886 3717 3807 3717 3812 3948 3481 4026 4003 3908 3768 3635 3825 4149 3720 3941 
3478 3798 4013 3522 3786 3848 3514 3239 3450 3264 3599 3550 3452 3838 3625 3469 3419 3565 3436 3413 3529 3988 3178 3810 3470 3460 3514 3323 3877 3689 3529 3383 
3833 3878 4354 4061 4284 4445 4324 3813 4371 4046 4137 4286 3996 4427 4239 4025 3976 4279 4056 4239 4149 4352 3757 4360 4131 4055 3955 3877 4383 4448 3919 4056 
3819 3719 4230 3906 3939 3955 4042 3538 3987 3607 4009 4035 3891 4036 3986 3787 3676 3896 3802 4217 4032 4035 3739 4170 3727 3832 3686 3562 4154 4228 3899 3758 
3647 3831 4317 3597 4038 4150 3911 3483 4007 3576 3852 3837 3822 4171 3910 3667 3869 4075 3556 3801 3728 4039 3466 4268 4130 3839 3558 3338 4048 4097 3770 3730 
3771 3965 4171 3932 4205 4241 3975 3753 3990 3888 4021 4006 3868 4278 3937 3747 3870 4061 3882 3989 3930 4264 3707 4194 4150 4036 3897 3507 4092 4038 3918 3970 
3560 3312 3801 3413 3921 3652 3696 3306 3574 3220 3608 3807 3447 3699 3515 3583 3478 3512 3376 3560 3598 3894 3374 3820 3678 3603 3785 3638 3536 3730 3573 3610 
3789 3967 4263 3621 4016 4059 4200 3610 3965 3561 3902 3872 3922 4101 3749 3744 3820 3960 3963 4188 3870 4042 3463 3978 3921 3738 3762 3651 3944 4188 3877 3673 
3986 4062 4270 3888 4296 4487 4225 3731 4095 3995 4315 4256 4034 4306 3876 4119 3977 4287 3910 4256 4149 4412 3846 4497 4154 4023 3941 3835 4092 4421 4189 4026 
3799 4004 4109 3680 4064 4056 3861 3717 3933 3724 3938 3836 3872 4071 3758 3698 3681 3922 3910 3927 3612 4099 3637 3941 3749 3929 3865 3483 3987 3838 3861 3708 
3843 3666 4276 3528 3963 4043 3918 3455 3977 3633 3767 3801 4006 3793 3707 3726 3645 3714 3689 3791 3869 3973 3510 3793 4134 3784 3966 3308 3740 4102 3797 3491 
3776 3763 4289 3650 4140 3883 4096 3518 4114 3619 3986 3878 4012 3883 3823 3752 3888 3870 3764 3888 3974 4139 3598 4007 4154 3839 3778 3541 4098 4246 3800 3747 
3820 3968 4317 3844 4241 4181 4242 3762 4227 4172 4110 4124 4191 4375 4089 4079 3958 4089 3808 4294 3960 4512 3587 4153 4138 4001 4138 3577 4053 4122 4043 4017 
3362 3405 3917 3377 3525 3820 3644 3221 3798 3470 3569 3586 3693 3740 3536 3476 3644 3652 3439 3531 3469 3691 3308 3713 3755 3381 3375 3155 3602 3891 3616 3422 
3517 3821 3892 3708 3849 3929 3856 3434 3729 3768 3703 3799 3717 3982 3705 3668 3553 3817 3520 3914 3801 4056 3361 3841 3735 3766 3722 3414 3672 4021 3667 3636 
3564 3777 4097 3752 3819 4308 3858 3621 3986 3699 3896 3988 3845 4033 3811 3712 3874 4183 3829 3873 3658 4087 3580 4172 3850 3559 3832 3616 3924 3882 3786 3840 
4084 3761 4364 3598 4082 3955 4143 3653 4191 3572 3935 4188 3935 4259 3856 3839 3999 4010 3573 3950 3973 4114 3867 3989 3940 3980 3903 3523 4008 4221 3880 3906 
3680 3689 4053 3763 4055 4111 4024 3520 3933 3589 3969 4124 3872 4033 3813 3590 3845 4008 3873 3799 3760 4052 3749 3881 3969 3695 3988 3348 4057 3958 3873 3663 
3724 3886 4368 3955 4177 4204 3957 3592 3866 3732 4087 4090 3910 4378 3851 3920 3930 4142 4053 3843 4034 4173 3709 4244 3990 3790 3743 3770 3950 4206 3905 3817 
3854 3762 4363 3856 4149 4124 4053 3791 3969 3792 3740 4046 3942 4208 3945 3785 3872 3889 3726 3798 3876 4173 3832 4015 3972 3788 3773 3508 4127 4199 3606 3841 
3979 4358 4654 4117 4452 4462 4355 4017 4379 4087 4187 4432 4206 4578 4329 3926 4354 4466 3913 4064 4152 4593 3815 4437 4267 4304 4163 3974 4349 4346 4188 4114 
3832 3730 4201 3772 4030 4206 4208 3557 4134 3736 4030 4177 3894 4156 3921 4036 4041 4204 3879 3808 3753 4134 3798 4217 4020 3954 3908 3606 4281 4141 4015 3830 
4120 4144 4588 4113 4523 4522 4362 3914 4510 4117 4303 4359 4414 4558 4310 4186 4142 4494 4108 4424 4367 4719 4112 4471 4635 4167 4257 3948 4458 4334 4208 4174 
3846 3841 4291 3688 3945 4070 4066 3836 3931 3861 3737 4088 3841 3810 3903 4029 3826 4080 3655 3895 3897 4257 3404 3938 3985 3908 3854 3531 3944 4373 3763 3700 
3687 3759 4150 3827 3945 4083 3822 3745 4065 3639 3874 3934 3659 4046 3600 3533 3742 3836 3609 3735 3843 4071 3693 3941 3865 3700 3721 3403 3919 4018 3636 3794 
