4690 5185 5309 4899 5319 5606 5300 4672 5440 5016 5164 5179 5033 5640 5263 5138 5293 5179 5110 5193 5128 5574 5010 5382 5657 5006 5189 4812 5512 5486 5068 5262 
4376 4773 4879 4699 5120 5060 4753 4288 5012 4818 4837 4832 5000 5448 4839 4748 4672 4976 4739 4774 4790 5308 4404 4828 5052 4850 4807 4645 4917 4902 4751 4629 
4523 4725 5223 4581 5101 5198 4827 4141 4882 4877 4750 4939 4816 5119 4995 4896 5071 4988 4708 4971 4945 5241 4540 5114 5176 4729 5005 4636 4957 4946 4873 4788 
4304 4607 5386 4752 5006 5308 4969 4578 5133 4815 5000 5019 4873 5025 4837 4916 4972 5042 5052 5006 5084 5205 4629 5030 4938 4730 4797 4778 5097 5119 4941 4462 
4652 5028 5511 4974 5516 5336 5372 4842 5421 5119 5436 5068 4885 5266 5107 4951 4989 5233 4835 5186 5176 5457 5014 5130 5424 5138 5160 4694 5177 5237 5289 4762 
4771 4985 5480 4729 5176 5354 5174 4724 5097 4908 5361 5013 5175 5405 4896 5004 4857 5101 5110 5117 5042 5575 4617 5366 4802 4960 5133 4846 5175 5200 5169 4809 
4540 4969 5206 4835 5279 5166 5090 4512 5318 4828 5103 4749 4971 5434 5028 4978 5144 5200 5015 5188 4966 5174 4746 5184 5023 4960 5034 4684 4998 5350 5296 4698 
4794 4957 5279 5008 5280 5490 5073 4669 5188 4929 5047 4807 5052 5341 5356 4920 5247 4855 5318 5008 5003 5270 4657 5259 5366 5114 4995 4912 5082 5397 5100 5095 
4467 5152 5185 4849 5250 5041 4795 4313 4665 4587 4914 4699 4796 5271 5136 4749 4761 4890 4920 4620 4782 5323 4414 5132 4793 4745 4717 4610 5153 4949 4953 4611 
4936 5302 5713 5479 5641 5906 5654 4871 5790 5519 5450 5553 5327 5909 5567 5301 5392 5542 5542 5701 5311 5716 5127 5811 5510 5339 5232 5269 5685 5792 5503 5357 
4823 5058 5382 5254 5309 5254 5273 4641 5261 4867 5348 5177 5050 5377 5276 4983 4960 5104 5159 5611 5186 5314 5113 5495 5019 5108 4887 4750 5395 5395 5308 4943 
4679 5148 5613 5130 5455 5567 5266 4784 5473 4992 5279 5236 5334 5629 5323 5113 5284 5349 5189 5215 5115 5501 4785 5675 5462 5204 4900 4776 5528 5327 5405 4894 
4811 5243 5498 5214 5553 5605 5298 4944 5297 5116 5195 5283 5315 5628 5084 5091 5131 5249 5264 5360 5146 5519 5017 5519 5258 5250 5169 4749 5322 5199 5398 5038 
4505 4642 5011 4855 5454 5070 4944 4468 4878 4552 4922 4883 4761 5159 4975 4992 4995 4861 4862 4888 4945 5232 4745 5137 5070 4896 4937 5088 4945 5004 5011 4803 
4716 5230 5310 4912 5291 5438 5439 4685 5230 4752 5044 4968 5189 5367 5053 5081 5065 5248 5266 5323 5009 5195 4625 5270 5198 4888 4832 4914 5192 5196 5232 4761 
4938 5366 5376 5129 5574 5666 5358 4778 5354 5308 5614 5429 5209 5641 5080 5294 5218 5438 5205 5545 5164 5753 5016 5644 5409 5245 5110 5073 5314 5664 5589 5057 
4819 5220 5287 4959 5282 5394 5098 4745 5384 4828 5249 4937 4981 5256 5056 5070 5053 5134 5229 5315 4933 5536 4840 5177 5053 5112 5068 4806 5248 4925 5258 4831 
4905 4926 5530 4796 5331 5341 5188 4613 5328 4911 5069 4937 5272 5119 4975 5032 4931 4972 5081 5221 5129 5309 4798 5131 5462 4902 5291 4673 5042 5291 5330 4620 
4909 5155 5653 5244 5650 5328 5474 4854 5664 5116 5393 5232 5448 5321 5320 5088 5397 5301 5329 5327 5312 5639 5031 5450 5641 5347 5289 5092 5444 5576 5408 5047 
4747 5277 5444 5237 5537 5462 5470 4738 5615 5359 5226 5217 5495 5673 5385 5380 5228 5372 5213 5662 5211 5835 4774 5400 5447 5230 5268 4816 5194 5211 5514 5037 
4415 4894 5148 4880 5047 5298 5089 4327 5174 4857 4845 4810 5105 5339 5134 4928 5123 5135 4983 4845 4823 5085 4703 5094 5268 4818 4564 4605 4944 5218 5102 4564 
4445 4982 5041 5046 5076 5035 4916 4370 4871 4984 4814 4827 4735 5186 4990 4783 4825 4905 4842 5165 4956 5364 4478 4990 4928 4867 4777 4783 4836 5166 4991 4609 
4548 5305 5461 5296 5327 5823 5293 4851 5527 5134 5286 5308 5254 5594 5359 5289 5343 5584 5231 5430 5137 5628 5105 5579 5327 4834 5181 5081 5321 5306 5411 5007 
5282 5265 5790 5266 5717 5587 5672 4916 5837 5072 5499 5547 5462 5836 5512 5404 5622 5575 5336 5643 5512 5718 5325 5556 5604 5571 5208 5139 5639 5597 5666 5215 
4631 5095 5339 5241 5370 5475 5388 4508 5311 4931 5238 5425 5248 5413 5311 4881 5129 5317 5338 5193 4975 5441 5133 5185 5380 4999 5180 4710 5351 5210 5389 4789 
4669 5175 5441 5273 5532 5458 5182 4594 5231 5046 5299 5253 5110 5812 5125 5174 5231 5373 5452 5151 5193 5510 5068 5518 5395 5035 4909 5016 5259 5460 5256 4774 
4760 4843 5404 5045 5375 5213 5139 4766 5087 4991 4774 5076 4990 5437 5038 4983 5174 4974 5026 5012 4958 5359 5016 5137 5100 4894 4905 4788 5328 5299 4926 4781 
4956 5505 5721 5364 5755 5738 5524 5040 5631 5300 5364 5433 5341 5729 5603 5150 5611 5650 5130 5296 5290 5777 4951 5639 5529 5489 5212 5084 5609 5369 5560 5247 
4605 4887 5215 5002 5281 5302 5390 4522 5350 4825 5181 5193 5093 5524 5164 5196 5203 5408 5055 5027 4861 5314 4903 5318 5215 5017 4953 4683 5316 5246 5324 4779 
5078 5381 5731 5364 5888 5784 5661 4980 5789 5466 5370 5376 5638 5879 5649 5573 5593 5768 5554 5762 5679 6009 5323 5710 5899 5479 5419 5222 5766 5447 5574 5327 
4790 5208 5500 5059 5381 5265 5320 5007 5265 5219 5106 5215 5048 5072 5301 5186 5112 5309 5013 5209 5056 5467 4705 5238 5278 5190 5113 4712 5303 5554 5334 4834 
4716 5167 5499 5315 5507 5619 5299 5007 5608 5040 5145 5354 5172 5632 5071 5194 5250 5408 5189 5153 5324 5567 5103 5360 5323 5152 5015 4996 5478 5275 5288 5045 
