696 698 724 804 731 784 657 549 930 695 865 779 627 713 604 723 810 692 879 658 824 695 823 614 857 700 728 375 768 793 630 721 
525 558 523 616 590 682 498 349 698 591 664 613 423 626 476 568 565 507 695 488 536 587 587 444 674 528 547 360 574 532 490 472 
673 649 646 633 687 775 561 442 715 620 753 679 600 731 554 588 766 544 729 653 688 572 657 517 734 641 562 376 638 650 535 645 
576 545 666 619 736 680 556 536 764 631 719 671 527 637 555 554 700 579 651 558 728 579 694 499 624 614 568 362 566 631 520 634 
644 628 611 766 684 793 676 519 816 637 852 682 505 701 556 627 671 541 652 516 660 702 699 511 691 597 648 383 638 701 622 569 
631 515 635 656 577 626 619 531 679 556 856 679 493 594 478 535 677 627 608 536 659 697 642 519 490 589 659 439 544 679 589 537 
560 555 513 571 603 646 530 420 676 530 648 516 461 623 481 513 543 509 559 555 590 560 593 354 570 421 551 270 531 622 525 462 
608 567 599 696 685 691 637 574 730 605 768 665 536 646 536 588 716 498 605 503 597 581 673 553 686 560 627 343 572 688 563 608 
627 575 619 707 650 747 537 439 636 494 728 677 583 698 556 568 652 622 666 563 636 658 590 608 586 566 559 463 575 607 581 495 
782 724 758 961 865 899 770 641 925 749 975 900 597 811 708 700 800 856 798 735 845 835 839 689 773 760 788 478 727 837 714 719 
622 670 678 849 672 787 662 573 791 667 880 866 534 689 536 615 694 696 802 661 728 674 757 604 674 652 621 414 741 684 640 627 
682 661 635 726 722 798 676 492 774 641 818 749 565 743 572 654 764 681 695 496 675 741 633 664 804 670 583 387 643 670 625 564 
710 673 649 814 729 824 716 586 764 674 833 828 532 746 577 621 723 641 701 595 757 749 688 583 666 718 620 402 716 721 599 566 
559 395 487 602 597 581 534 451 573 493 555 581 421 523 465 551 574 563 543 457 525 649 561 428 545 521 664 356 472 591 549 478 
659 597 593 582 673 738 637 444 696 610 737 666 514 692 537 619 714 628 664 660 639 668 679 491 687 577 579 384 574 647 606 528 
610 609 627 682 655 743 554 485 743 660 770 660 564 659 537 651 671 558 729 650 716 608 687 485 599 630 644 389 610 658 549 603 
596 699 627 717 618 618 556 424 652 576 814 729 511 652 411 557 673 552 757 605 594 630 576 516 473 610 512 483 675 580 584 490 
767 606 694 729 692 781 687 586 824 675 872 742 628 689 571 700 749 712 744 585 751 829 698 597 758 666 755 423 664 801 738 632 
664 633 718 773 691 732 665 578 807 715 869 749 592 682 553 552 788 620 664 684 727 631 737 515 671 612 615 464 657 784 654 698 
626 626 627 662 644 695 616 555 803 697 735 710 628 717 503 675 750 649 666 619 694 689 775 508 705 604 632 363 598 657 679 617 
512 584 663 670 695 612 586 565 775 638 769 728 607 694 417 645 747 602 689 474 625 609 688 589 668 679 528 391 646 626 584 577 
549 492 518 619 530 605 501 457 518 570 643 581 467 615 450 434 580 590 536 531 504 587 597 457 452 388 525 372 505 630 489 524 
567 652 596 722 628 697 558 458 796 666 744 632 526 717 569 529 609 581 677 541 601 557 694 499 671 468 572 320 637 642 592 583 
684 592 689 656 675 713 690 578 767 665 886 747 528 707 543 559 763 639 679 601 678 647 695 511 635 652 585 405 610 750 577 689 
711 624 625 873 664 835 711 564 817 629 806 826 489 665 639 685 767 712 702 667 715 760 803 650 742 673 742 420 662 753 690 636 
656 613 648 777 667 694 673 525 791 550 864 728 589 708 538 629 705 684 741 497 751 744 678 577 698 647 693 393 656 689 583 519 
724 626 612 726 736 766 633 572 664 628 777 798 551 707 597 608 737 646 664 666 695 684 723 510 667 688 643 380 639 671 565 661 
728 704 706 867 796 798 737 659 830 742 923 855 658 787 599 677 809 670 744 612 733 794 767 610 703 702 697 455 747 756 724 645 
670 639 738 809 739 795 740 566 862 710 921 845 613 672 570 790 867 750 836 612 769 811 752 715 805 742 713 486 770 832 682 619 
696 626 648 780 734 686 780 561 812 619 870 746 617 734 494 644 781 783 730 562 730 789 702 590 749 693 717 403 718 728 748 528 
576 500 622 624 615 668 661 535 726 571 697 721 474 626 493 573 672 608 603 527 646 629 615 437 614 566 553 348 579 731 507 568 
571 498 599 698 637 654 580 614 713 519 703 746 518 650 546 573 596 579 541 533 670 662 696 436 575 567 677 281 563 688 526 547 
