2538 2548 2827 2507 2622 2890 2692 2405 2711 2557 2593 2623 2536 2757 2538 2522 2635 2722 2636 2532 2729 2536 2413 2746 2802 2460 2609 2250 2797 2862 2328 2717 
2436 2273 2716 2437 2680 2700 2496 2265 2509 2598 2432 2579 2565 2864 2395 2434 2368 2751 2549 2347 2406 2682 2299 2651 2722 2320 2479 2244 2593 2599 2131 2533 
2639 2343 2920 2300 2648 2716 2527 2049 2542 2434 2353 2632 2481 2702 2619 2426 2680 2646 2487 2575 2529 2455 2303 2720 2677 2377 2431 2336 2663 2680 2330 2628 
2431 2369 3076 2378 2711 2892 2668 2352 2457 2649 2519 2577 2540 2595 2491 2468 2712 2743 2601 2514 2741 2588 2348 2687 2533 2302 2360 2350 2661 2886 2283 2529 
2672 2395 2964 2593 2736 2793 2745 2500 2756 2532 2716 2569 2381 2685 2470 2479 2578 2742 2439 2543 2611 2668 2538 2661 2802 2408 2584 2175 2506 2845 2461 2495 
2470 2403 2794 2212 2460 2794 2649 2405 2380 2309 2657 2542 2540 2501 2403 2283 2470 2598 2486 2400 2544 2673 2305 2688 2464 2226 2460 2364 2523 2706 2299 2505 
2307 2149 2489 2065 2377 2545 2413 2154 2479 2212 2230 2198 2211 2464 2408 2199 2383 2546 2204 2310 2293 2228 2176 2418 2408 2132 2276 1937 2221 2571 2197 2220 
2653 2381 2866 2675 2639 2916 2856 2345 2733 2475 2472 2574 2648 2692 2688 2543 2669 2668 2667 2606 2656 2518 2311 2805 2772 2454 2598 2402 2647 2821 2451 2726 
2341 2412 2670 2453 2416 2703 2447 2051 2251 2228 2312 2363 2374 2604 2413 2221 2326 2503 2400 2331 2441 2524 2056 2616 2267 2219 2257 2202 2464 2462 2292 2258 
2745 2507 2982 2807 2903 2945 3039 2562 2957 2822 2824 2998 2681 2903 2926 2648 2747 3089 2765 2776 2898 2803 2508 3054 2882 2606 2757 2429 2981 3088 2557 2738 
2638 2439 2893 2695 2560 2769 2786 2407 2659 2403 2586 2772 2446 2573 2654 2448 2558 2726 2574 2767 2784 2439 2498 2825 2574 2345 2380 2397 2787 2807 2515 2469 
2508 2480 2915 2422 2643 2896 2711 2315 2615 2389 2446 2629 2311 2778 2587 2435 2715 2833 2328 2426 2460 2598 2214 2889 2813 2371 2326 2189 2635 2669 2282 2512 
2532 2500 2904 2551 2715 2819 2786 2437 2638 2643 2600 2685 2494 2815 2616 2356 2621 2813 2618 2587 2633 2590 2424 2805 2772 2507 2432 2217 2572 2695 2378 2694 
2320 2045 2470 2251 2453 2480 2456 2126 2244 2068 2116 2379 2144 2303 2338 2269 2288 2393 2214 2264 2239 2371 2124 2518 2349 2077 2386 2297 2218 2375 2167 2367 
2667 2479 2938 2449 2654 2809 3002 2304 2658 2473 2613 2622 2643 2789 2555 2598 2737 2791 2741 2835 2675 2490 2385 2630 2642 2368 2497 2426 2582 2835 2539 2431 
2708 2495 2839 2475 2890 3019 2878 2465 2648 2685 2742 2841 2619 2682 2626 2722 2673 2918 2596 2751 2751 2616 2487 2923 2729 2407 2470 2432 2658 2883 2556 2686 
2682 2610 2800 2570 2741 2734 2662 2434 2588 2587 2678 2704 2560 2696 2582 2394 2633 2825 2664 2655 2479 2680 2403 2794 2574 2564 2559 2385 2701 2542 2504 2568 
2635 2240 2922 2363 2585 2799 2779 2221 2653 2369 2423 2497 2648 2459 2388 2462 2545 2610 2488 2560 2611 2483 2354 2567 2812 2293 2657 2193 2461 2810 2475 2438 
2717 2591 3134 2624 2908 2843 3087 2525 2956 2694 2706 2761 2720 2670 2675 2581 2878 2833 2659 2778 2831 2768 2532 2766 2971 2539 2550 2395 2861 2987 2532 2748 
2416 2460 2859 2421 2662 2693 2760 2359 2616 2662 2605 2563 2655 2712 2676 2533 2665 2768 2407 2714 2554 2704 2362 2791 2757 2387 2556 2221 2573 2667 2529 2596 
2338 2246 2748 2363 2441 2664 2629 2225 2632 2356 2396 2500 2625 2639 2375 2446 2582 2570 2329 2445 2518 2476 2276 2660 2692 2127 2330 2100 2582 2711 2493 2456 
2345 2325 2620 2303 2451 2559 2599 2133 2308 2511 2300 2406 2295 2475 2353 2252 2352 2572 2260 2527 2482 2425 2078 2549 2407 2211 2309 2111 2288 2686 2198 2309 
2479 2448 2857 2618 2475 2970 2777 2390 2766 2537 2650 2748 2640 2779 2617 2553 2666 3030 2627 2535 2501 2580 2429 2857 2639 2363 2474 2396 2664 2667 2525 2668 
2830 2416 3023 2456 2691 2820 2836 2421 2779 2500 2658 2816 2578 2757 2622 2532 2801 2832 2401 2699 2646 2485 2574 2829 2654 2402 2543 2350 2620 2858 2455 2720 
2661 2461 2762 2591 2630 2852 2755 2340 2634 2374 2488 2813 2627 2662 2535 2427 2736 2825 2660 2488 2471 2531 2586 2733 2662 2318 2556 2193 2717 2716 2454 2533 
2666 2593 3086 2693 2718 2936 2772 2434 2578 2540 2678 2763 2640 2890 2584 2605 2782 3017 2735 2511 2824 2652 2418 2976 2806 2438 2448 2403 2679 2939 2549 2606 
2849 2513 3094 2664 2859 2916 2978 2557 2858 2657 2546 2909 2689 2891 2722 2648 2815 2863 2608 2680 2814 2784 2649 2739 2803 2482 2575 2412 2874 2993 2380 2722 
2720 2815 3203 2842 2880 3124 3049 2629 2892 2868 2788 3040 2772 3009 2840 2647 3031 3185 2602 2762 2797 2966 2456 3009 2966 2649 2791 2618 2782 2985 2796 2787 
2736 2480 3052 2627 2918 3089 3022 2418 2837 2654 2743 2944 2701 2798 2722 2787 2952 2998 2802 2668 2683 2820 2549 3075 2922 2616 2716 2572 2952 2970 2709 2776 
2806 2640 3049 2791 3034 3028 3034 2639 2944 2764 2810 2920 2846 2982 2934 2781 2910 3250 2715 2837 2994 3029 2741 3028 3171 2684 2875 2635 3022 3013 2712 2847 
2536 2359 2937 2396 2504 2729 2845 2522 2592 2559 2403 2751 2539 2404 2516 2617 2700 2852 2440 2596 2604 2613 2220 2648 2709 2353 2466 2321 2585 2855 2403 2423 
2491 2321 2768 2534 2644 2739 2562 2475 2696 2362 2438 2593 2426 2712 2449 2330 2585 2697 2438 2381 2582 2617 2469 2567 2526 2310 2444 2139 2591 2668 2223 2591 
