4015 4443 4661 4250 4519 4906 4576 4105 4707 4226 4318 4518 4456 4824 4503 4376 4572 4445 4317 4336 4453 4624 4244 4619 4720 4327 4437 4022 4719 4696 4401 4437 
3868 4249 4457 4192 4499 4525 4309 3880 4395 4351 4267 4339 4528 4868 4240 4229 4111 4473 4217 4122 4240 4665 3897 4285 4421 4186 4134 4037 4335 4325 4124 4140 
4086 4271 4714 4013 4503 4665 4314 3689 4290 4334 4166 4380 4376 4569 4463 4266 4475 4402 4164 4271 4340 4495 4023 4507 4511 4245 4290 3942 4365 4436 4272 4173 
3913 4121 4880 4133 4405 4783 4463 4074 4441 4348 4300 4484 4373 4555 4287 4357 4385 4449 4493 4293 4507 4478 4055 4471 4328 4199 4131 4203 4538 4603 4290 3954 
4127 4436 4968 4417 4868 4770 4777 4260 4782 4518 4713 4464 4405 4700 4466 4349 4362 4600 4246 4454 4636 4707 4398 4516 4697 4501 4466 4001 4516 4614 4672 4117 
4198 4364 4824 4088 4409 4756 4559 4180 4342 4218 4542 4341 4616 4703 4336 4381 4189 4449 4389 4276 4477 4731 3971 4679 4130 4282 4404 4157 4497 4471 4353 4118 
3934 4299 4543 4087 4416 4466 4366 3975 4488 4043 4261 4035 4292 4593 4344 4140 4380 4385 4199 4257 4236 4172 4049 4360 4181 4277 4177 3848 4248 4580 4462 3930 
4164 4252 4710 4448 4647 4913 4583 4160 4563 4241 4347 4247 4540 4651 4730 4370 4650 4322 4561 4256 4464 4436 4036 4643 4598 4510 4296 4258 4446 4675 4452 4480 
3904 4510 4627 4216 4510 4460 4180 3766 4074 3899 4114 4093 4280 4576 4468 4119 4144 4224 4165 3841 4205 4500 3745 4457 4056 4123 4020 3976 4471 4257 4225 3919 
4312 4572 5042 4814 4956 5270 5127 4366 5080 4711 4735 4934 4785 5169 4968 4662 4672 4988 4776 4860 4746 4796 4445 5130 4709 4717 4581 4510 4982 5024 4855 4585 
4262 4370 4855 4611 4557 4689 4719 4101 4616 4211 4515 4561 4541 4716 4613 4359 4394 4470 4371 4744 4562 4520 4382 4812 4269 4436 4226 4120 4685 4719 4628 4210 
4167 4534 5069 4513 4834 5045 4831 4258 4891 4361 4598 4582 4797 5047 4803 4605 4738 4814 4459 4492 4606 4702 4216 5057 4820 4594 4257 4155 4865 4721 4747 4310 
4334 4735 4944 4740 4987 5124 4808 4446 4721 4583 4606 4691 4800 5037 4632 4480 4582 4695 4679 4684 4702 4806 4445 4957 4761 4735 4550 4219 4752 4625 4781 4476 
4027 4004 4439 4124 4703 4442 4345 3969 4176 3854 4180 4311 4225 4478 4336 4376 4295 4248 4091 4100 4258 4403 4054 4517 4291 4194 4300 4416 4196 4243 4319 4086 
4217 4696 4895 4386 4730 4973 5000 4251 4723 4194 4435 4430 4725 4832 4536 4592 4589 4738 4642 4719 4559 4492 4124 4692 4561 4334 4282 4362 4603 4643 4704 4217 
4315 4643 4748 4472 4858 5030 4795 4234 4595 4584 4826 4725 4647 4891 4462 4660 4598 4797 4453 4729 4604 4775 4319 4985 4618 4567 4350 4369 4609 4834 4793 4362 
4182 4532 4530 4211 4603 4695 4451 4152 4549 4155 4373 4302 4452 4651 4353 4323 4327 4450 4522 4360 4178 4524 4115 4455 4221 4436 4262 4010 4532 4203 4464 4055 
4275 4280 4902 4196 4638 4779 4636 4065 4601 4240 4269 4332 4785 4490 4349 4423 4298 4352 4357 4344 4494 4418 4160 4454 4696 4346 4480 3935 4318 4632 4561 3946 
4219 4472 4913 4461 4926 4675 4819 4219 4811 4363 4541 4458 4836 4631 4630 4401 4676 4575 4468 4398 4660 4658 4314 4727 4766 4511 4404 4197 4660 4799 4583 4339 
4225 4648 4907 4512 4852 4918 4954 4275 4863 4734 4559 4704 5015 5046 4767 4739 4563 4755 4508 4833 4543 4981 4163 4798 4745 4682 4657 4176 4560 4609 4783 4449 
3846 4156 4603 4112 4238 4609 4380 3758 4453 4127 4041 4169 4492 4560 4349 4198 4385 4347 4182 4063 4131 4185 3932 4417 4378 4052 3922 3907 4222 4425 4391 3878 
3875 4363 4470 4297 4428 4457 4412 3913 4223 4265 4141 4274 4314 4561 4291 4180 4150 4275 4080 4424 4348 4464 3907 4373 4141 4239 4115 3955 4217 4508 4269 4006 
4005 4534 4784 4490 4492 5109 4655 4290 4712 4335 4461 4663 4703 4853 4618 4489 4546 4863 4471 4490 4365 4633 4315 4878 4471 4117 4391 4324 4575 4462 4568 4242 
4645 4616 5134 4443 4933 4911 5042 4405 5022 4388 4665 4936 4937 5130 4780 4704 4863 4867 4461 4638 4803 4702 4622 4807 4684 4747 4533 4404 4821 4856 4835 4467 
4052 4455 4722 4514 4720 4859 4848 4055 4620 4214 4493 4810 4727 4794 4671 4303 4511 4670 4549 4392 4440 4612 4471 4581 4602 4319 4538 4003 4706 4560 4757 4207 
4083 4537 4933 4650 4799 4878 4614 4136 4485 4339 4547 4652 4571 5078 4514 4623 4647 4751 4651 4336 4682 4707 4384 4861 4530 4336 4215 4359 4555 4703 4572 4155 
4163 4203 4802 4389 4639 4644 4600 4244 4421 4284 4100 4452 4462 4702 4433 4305 4461 4309 4256 4191 4360 4487 4372 4497 4306 4231 4171 4043 4664 4602 4194 4148 
4409 4961 5163 4680 5065 5182 5056 4591 5047 4705 4718 4900 4915 5183 5051 4584 4997 5115 4518 4539 4779 5016 4391 5070 4816 4828 4644 4485 4960 4826 4898 4563 
4160 4350 4801 4452 4613 4814 4884 4080 4790 4275 4532 4758 4618 4913 4603 4651 4579 4826 4440 4287 4340 4639 4366 4819 4586 4538 4404 4158 4823 4682 4736 4241 
4508 4683 5122 4662 5098 5137 5001 4442 5082 4722 4663 4791 5094 5137 4925 4742 4869 5028 4762 4868 4949 5138 4630 4998 5110 4810 4689 4492 5026 4757 4820 4604 
4235 4628 5005 4496 4730 4805 4874 4527 4661 4630 4416 4709 4648 4526 4678 4691 4570 4769 4361 4519 4591 4772 4133 4649 4600 4566 4508 4117 4664 4999 4634 4294 
4134 4534 4903 4633 4776 4978 4717 4490 4928 4390 4472 4671 4677 4960 4479 4462 4590 4718 4466 4325 4704 4671 4453 4718 4584 4441 4334 4240 4735 4602 4547 4337 
