2065 2087 2296 2030 2055 2297 2106 1968 2161 2055 2135 2181 2106 2213 1953 1941 2018 2145 2203 1868 2325 1989 1928 2204 2273 1902 2085 1814 2208 2295 1855 2241 
1906 1783 2114 1995 1942 2071 1905 1706 1882 1972 1967 2088 1928 2199 1700 1721 1750 2033 2185 1730 1887 1892 1667 2023 1995 1746 1840 1713 1914 1991 1602 1960 
2004 1707 2118 1731 1928 1982 1792 1514 1835 1718 1756 2002 1857 2015 1769 1650 1950 1842 1921 1757 1882 1706 1691 1955 2010 1676 1731 1662 1886 1904 1625 1991 
1869 1785 2273 1782 1991 2017 1983 1817 1779 1926 1928 1981 2025 1986 1800 1739 2031 2039 2042 1763 2061 1855 1695 1985 1888 1711 1673 1705 1894 2151 1700 1914 
2045 1777 2057 1970 1911 1923 1909 1808 1938 1847 1989 1873 1778 1884 1604 1743 1715 1905 1877 1687 1918 1864 1769 1891 2034 1707 1774 1546 1737 2079 1750 1783 
1954 1833 2117 1788 1820 2084 2006 1865 1785 1802 2110 2005 1901 1816 1680 1676 1818 1984 2009 1739 2034 2039 1707 2050 1783 1723 1856 1826 1891 2056 1741 1902 
1690 1588 1796 1595 1615 1814 1750 1573 1817 1569 1724 1668 1681 1762 1597 1462 1646 1764 1678 1585 1721 1520 1547 1703 1753 1519 1600 1413 1549 1847 1611 1585 
2110 1898 2122 2081 2002 2116 2178 1893 2056 1835 1943 2056 2071 2074 1951 1823 1965 1993 2120 1822 2054 1827 1822 2083 2058 1836 1925 1824 1982 2182 1840 2085 
1789 1843 1977 1887 1736 1994 1787 1578 1602 1621 1809 1931 1861 1989 1805 1568 1698 1870 1906 1674 1933 1906 1527 1966 1649 1671 1651 1734 1737 1804 1730 1735 
2227 1997 2233 2241 2123 2207 2294 1989 2206 2187 2256 2383 2091 2157 2099 1850 2012 2356 2212 1996 2237 2140 1831 2281 2127 1934 2082 1876 2208 2306 1946 2140 
2148 1950 2282 2183 1939 2157 2206 1952 2090 1920 2098 2229 1877 1965 1960 1816 1925 2133 2131 2047 2231 1983 1927 2224 1920 1833 1842 1878 2121 2210 1934 1922 
1942 1913 2123 1818 1922 2065 1991 1801 1870 1786 1920 2085 1773 2090 1798 1680 1876 2113 1827 1607 1825 1938 1605 2176 2150 1795 1699 1601 1829 1973 1639 1871 
2004 1917 2165 2042 1989 2038 2087 1951 1976 2034 2063 2170 1865 2169 1928 1679 1887 2088 2128 1862 2064 1815 1846 2141 2041 1890 1781 1628 1928 2091 1820 2087 
1765 1487 1861 1632 1767 1790 1777 1582 1671 1468 1600 1745 1551 1699 1592 1575 1622 1752 1716 1604 1709 1718 1430 1866 1635 1552 1757 1629 1553 1807 1582 1715 
2150 1928 2181 1889 1990 2138 2250 1777 1987 1907 2043 2120 2130 2111 1844 1936 2043 2135 2192 2129 2052 1906 1829 2022 2006 1763 1847 1895 1935 2130 2012 1874 
2085 1836 2090 1834 2000 2095 2051 1824 1927 1999 2035 2210 1980 1963 1794 1900 1867 2073 1984 1950 2137 1773 1733 2138 2037 1774 1795 1766 1831 2087 1879 1970 
2033 2067 2172 2089 2007 2011 2005 1826 1928 1946 2103 2136 2014 2066 1771 1723 1947 2091 2211 1951 1966 1905 1687 2102 1951 1945 1856 1880 1988 1894 1916 1929 
2079 1678 2161 1882 1929 2049 2107 1771 1964 1766 1927 2013 2022 1747 1735 1836 1834 1970 1961 1817 2032 1822 1866 1919 2079 1629 1978 1638 1843 2155 1956 1853 
2012 1880 2229 1922 1955 1918 2148 1891 2111 1944 2013 2107 2049 1838 1785 1725 1931 1941 1988 1837 2100 1920 1761 1951 2152 1739 1783 1715 1924 2128 1824 2031 
1708 1767 1917 1774 1744 1755 1928 1646 1744 1877 1902 1956 1885 1850 1780 1628 1738 1885 1838 1785 1859 1804 1555 1916 1840 1684 1724 1556 1553 1857 1808 1852 
1736 1640 1966 1765 1747 1806 1919 1703 1843 1799 1837 1944 1884 1887 1523 1593 1765 1849 1821 1640 1932 1778 1647 1902 1824 1551 1524 1444 1796 1999 1755 1717 
1782 1735 1827 1736 1703 1752 1854 1633 1607 1735 1745 1787 1648 1803 1607 1447 1629 1866 1670 1683 1808 1704 1457 1761 1622 1509 1557 1436 1528 1898 1561 1661 
1871 1839 2075 1981 1758 2122 2035 1780 1873 1883 2052 2015 2007 2010 1761 1771 1856 2165 2044 1751 1969 1781 1641 2023 1892 1633 1740 1769 1886 1910 1852 1969 
2277 1827 2274 1886 1851 2010 2065 1889 2077 1870 2047 2211 1903 2060 1817 1693 2058 2135 1899 1902 2032 1731 1947 2081 1902 1756 1846 1717 1895 2096 1814 2071 
2077 1902 2093 2052 1867 2169 2129 1812 2032 1822 1911 2239 2063 2063 1789 1788 2065 2167 2130 1739 1960 1924 1958 2048 2012 1746 1959 1679 1986 2096 1892 1963 
2191 1981 2382 2142 2003 2168 2124 1940 1976 1929 2124 2205 2073 2261 1933 1882 2064 2376 2234 1756 2216 2021 1833 2310 2110 1879 1878 1792 1929 2186 1962 2089 
2271 1937 2263 2063 2093 2106 2189 1949 2085 2005 2017 2330 2104 2155 1942 1782 1996 2107 2147 1927 2204 1964 1935 1998 2025 1880 1889 1793 2060 2211 1809 2089 
2213 2201 2412 2280 2164 2402 2268 2095 2200 2187 2251 2508 2150 2322 2082 1825 2280 2396 2108 1991 2267 2213 1919 2326 2213 2000 2098 2006 2078 2254 2169 2197 
2025 1718 2161 1968 1982 2126 2105 1757 2058 1892 2070 2244 1971 1974 1772 1903 2053 2123 2141 1749 2054 1933 1768 2232 2050 1890 1842 1786 2115 2137 1902 1960 
2117 2009 2201 2057 2114 2130 2187 1996 2131 1996 2193 2179 2119 2208 1991 1837 2062 2367 2128 1950 2248 2141 1910 2157 2233 1940 2080 1908 2163 2209 2012 2081 
1914 1737 2064 1777 1743 1891 2059 1953 1840 1807 1842 2116 1880 1664 1690 1777 1903 2072 1883 1736 1946 1804 1585 1889 1921 1657 1719 1618 1769 2027 1733 1735 
1967 1782 2180 1899 1993 1960 1950 1984 2005 1836 1931 2112 1930 2144 1807 1625 1850 2060 1982 1757 2073 1972 1855 1942 1919 1862 1873 1589 1879 2065 1663 2002 
