3206 3188 3537 3151 3501 3712 3445 3050 3537 3173 3234 3361 3266 3533 3251 3358 3222 3240 3245 3219 3370 3383 2994 3491 3450 3315 3464 2796 3630 3512 2981 3440 
2895 2747 3280 2982 3277 3249 3082 2730 3136 3145 2988 3083 3167 3487 2890 3046 2799 3173 3044 2885 2966 3241 2785 3148 3258 3015 3021 2748 3165 3136 2691 3101 
3210 2879 3564 2886 3351 3364 3174 2579 3220 3062 2969 3225 3125 3403 3171 3141 3171 3162 3047 3155 3191 3148 2880 3348 3199 3156 3127 2767 3311 3311 2925 3146 
2977 2966 3798 3011 3410 3565 3310 3001 3186 3263 3175 3213 3227 3366 3170 3215 3156 3295 3242 3131 3338 3232 2951 3351 3139 3065 3046 2884 3362 3495 2960 3176 
3133 2890 3618 3098 3480 3425 3380 2971 3390 3085 3350 3107 2952 3381 3028 3138 3018 3248 2986 3100 3213 3267 3037 3228 3369 3120 3204 2647 3180 3398 3097 3010 
3118 2938 3531 2825 3068 3486 3303 2920 3088 2933 3252 3164 3175 3292 2958 3058 2865 3117 3043 3002 3107 3395 2806 3320 2978 2944 3187 2772 3161 3281 2924 3099 
2845 2650 3151 2656 3051 3088 2985 2638 3213 2730 2856 2759 2798 3109 3043 2878 2859 3095 2754 2900 2867 2765 2778 2990 2890 2867 2873 2419 2925 3229 2817 2720 
3200 2885 3565 3193 3442 3609 3461 2958 3372 3101 3162 3134 3258 3405 3434 3186 3218 3204 3326 3197 3254 3190 2908 3434 3375 3230 3208 2931 3322 3490 3091 3395 
2962 2958 3373 2939 3186 3327 3046 2610 2951 2690 2972 2969 2930 3324 3050 2961 2827 3046 2908 2854 2995 3216 2650 3197 2784 2904 2932 2736 3248 3050 2904 2866 
3303 3100 3727 3384 3755 3761 3820 3160 3836 3362 3465 3628 3472 3756 3683 3445 3303 3688 3455 3539 3590 3534 3225 3748 3479 3496 3351 3077 3779 3735 3210 3443 
3340 3127 3683 3349 3476 3544 3635 3094 3556 3105 3376 3470 3355 3489 3512 3369 3173 3379 3345 3553 3507 3323 3232 3631 3240 3312 3117 2953 3598 3634 3283 3232 
3079 3026 3714 3075 3472 3599 3409 2914 3442 2993 3125 3334 3187 3635 3377 3220 3242 3468 3041 3186 3141 3290 2923 3654 3460 3260 2976 2712 3453 3439 3063 3176 
3153 3063 3536 3178 3525 3603 3389 3022 3305 3190 3158 3379 3202 3577 3296 3126 3180 3331 3164 3214 3263 3357 3005 3481 3380 3373 3179 2704 3365 3295 3090 3355 
2940 2673 3182 2900 3310 3182 3250 2752 3075 2732 2884 3159 2875 3161 2977 3085 2906 2950 2799 2928 3003 3167 2804 3185 3035 3047 3165 2909 2998 3094 2862 3089 
3231 3106 3607 2918 3490 3493 3676 2944 3397 2954 3181 3268 3344 3511 3197 3236 3171 3307 3359 3445 3302 3193 2905 3341 3204 3112 3182 2889 3361 3461 3111 3061 
3287 3028 3526 3032 3575 3677 3547 2990 3384 3224 3364 3457 3292 3477 3152 3467 3142 3406 3151 3401 3428 3326 3103 3635 3270 3225 3168 2885 3318 3522 3200 3236 
3317 3287 3556 3207 3589 3485 3403 3178 3423 3204 3313 3337 3347 3481 3335 3260 3162 3394 3406 3388 3158 3414 3113 3460 3154 3371 3255 2928 3463 3286 3211 3249 
3136 2732 3529 2879 3244 3431 3323 2710 3309 2952 2963 3028 3312 3117 2998 3114 2900 3075 3086 3119 3189 3044 2847 3130 3302 3006 3215 2540 3004 3366 3031 2901 
3199 3041 3730 3107 3604 3413 3616 2962 3625 3124 3307 3329 3373 3307 3281 3273 3324 3277 3168 3291 3404 3389 3081 3370 3507 3303 3145 2853 3576 3607 3105 3246 
3214 3173 3694 3235 3658 3577 3690 3093 3595 3480 3353 3491 3579 3701 3457 3532 3293 3438 3185 3593 3329 3665 3086 3610 3484 3347 3444 2856 3486 3456 3293 3425 
2781 2689 3298 2808 3016 3204 3162 2642 3188 2843 2927 2959 3092 3147 2930 2981 3019 3030 2793 2906 2947 2926 2788 3134 3105 2799 2735 2485 3065 3269 2939 2905 
3012 2945 3352 3036 3293 3334 3336 2767 3156 3195 2917 3155 3160 3294 3049 3143 2834 3088 2905 3290 3174 3188 2683 3236 3060 3015 3083 2663 3087 3333 2941 3005 
2986 2875 3439 3123 3226 3633 3322 2960 3411 3011 3132 3381 3201 3386 3193 3117 3172 3462 3156 3144 3010 3185 2968 3500 3123 2981 3162 2869 3358 3180 3058 3222 
3427 2966 3731 3001 3433 3417 3614 3031 3631 2992 3255 3500 3365 3604 3224 3331 3292 3375 3048 3366 3347 3255 3272 3444 3238 3253 3226 2868 3400 3535 3142 3327 
3219 2963 3522 3154 3450 3541 3463 2942 3406 2973 3192 3538 3270 3443 3197 3127 3249 3348 3292 3120 3126 3290 3148 3390 3315 3157 3340 2654 3520 3368 3145 3105 
3276 3127 3778 3282 3518 3540 3435 2989 3370 3108 3358 3447 3374 3751 3248 3425 3283 3543 3322 3170 3490 3339 3126 3596 3351 3218 3120 2911 3354 3530 3177 3216 
3407 3064 3799 3264 3613 3543 3591 3081 3547 3189 3128 3477 3394 3568 3398 3309 3265 3339 3158 3275 3370 3361 3225 3444 3376 3167 3155 2856 3574 3543 2989 3246 
3363 3485 4040 3540 3848 3969 3895 3359 3846 3518 3505 3840 3637 3864 3672 3409 3688 3863 3342 3567 3550 3697 3261 3831 3643 3588 3479 3342 3710 3708 3509 3540 
3328 3025 3741 3194 3627 3659 3725 2988 3584 3215 3362 3667 3370 3524 3399 3543 3490 3614 3382 3230 3289 3472 3246 3711 3436 3355 3351 3037 3697 3623 3349 3334 
3527 3271 3862 3474 3903 3803 3750 3234 3843 3428 3489 3612 3737 3856 3670 3617 3408 3740 3447 3643 3756 3821 3354 3749 3850 3574 3561 3118 3760 3692 3462 3475 
3198 2976 3630 2969 3349 3502 3544 3164 3348 3153 2976 3397 3200 3118 3195 3431 3133 3380 3026 3229 3176 3285 2827 3298 3293 3165 3126 2823 3309 3555 3017 3069 
3085 2862 3471 3140 3328 3359 3255 3068 3461 2982 3024 3237 3122 3431 3065 2951 3078 3241 3025 3026 3212 3250 3083 3246 3084 3060 3088 2614 3252 3302 2853 3172 
