1371 1422 1492 1375 1347 1504 1291 1241 1527 1321 1454 1484 1316 1563 1297 1323 1357 1452 1623 1186 1555 1304 1323 1398 1543 1411 1413 1072 1509 1565 1092 1524 
1266 1162 1356 1316 1311 1428 1195 995 1321 1265 1326 1354 1171 1563 1141 1211 1092 1354 1522 1164 1287 1225 1068 1294 1362 1237 1190 1067 1311 1319 1053 1233 
1247 1162 1335 1172 1318 1378 1020 919 1183 1110 1263 1329 1088 1474 1144 1073 1267 1252 1375 1177 1216 1030 1171 1277 1369 1207 1168 994 1216 1219 1002 1314 
1234 1194 1550 1251 1418 1346 1229 1163 1248 1253 1352 1289 1306 1432 1218 1200 1296 1331 1484 1255 1471 1220 1201 1263 1239 1280 1147 1064 1244 1525 1100 1270 
1390 1215 1376 1380 1341 1426 1282 1196 1441 1207 1454 1271 1173 1372 1123 1208 1201 1370 1372 1154 1378 1307 1203 1277 1395 1256 1168 1010 1196 1440 1183 1175 
1392 1209 1494 1282 1344 1422 1303 1183 1294 1255 1561 1383 1237 1374 1161 1176 1250 1455 1398 1203 1426 1440 1180 1434 1317 1283 1344 1134 1279 1473 1169 1315 
1198 1112 1271 1132 1159 1272 1128 1072 1263 1094 1274 1168 1053 1328 1064 988 1172 1324 1217 1120 1264 1139 1114 1199 1291 1087 1159 796 1086 1311 1069 1105 
1326 1241 1350 1377 1285 1351 1335 1188 1323 1136 1324 1303 1179 1398 1219 1197 1251 1287 1369 1172 1357 1120 1186 1353 1322 1259 1189 1012 1212 1433 1095 1326 
1302 1278 1350 1363 1300 1364 1117 1034 1170 1070 1258 1333 1198 1460 1249 1081 1207 1278 1372 1133 1373 1358 1041 1434 1180 1251 1135 1164 1242 1300 1127 1192 
1416 1357 1504 1603 1461 1553 1379 1254 1468 1414 1599 1618 1279 1550 1360 1270 1327 1626 1536 1306 1477 1423 1253 1509 1418 1464 1461 1123 1421 1528 1284 1399 
1331 1231 1461 1445 1270 1413 1294 1106 1303 1160 1406 1517 1077 1365 1155 1173 1226 1476 1446 1331 1475 1267 1292 1400 1272 1263 1188 970 1316 1382 1208 1195 
1341 1347 1435 1321 1368 1559 1308 1210 1422 1261 1513 1513 1154 1532 1267 1302 1348 1570 1403 1155 1337 1382 1162 1574 1592 1432 1234 1035 1332 1394 1116 1299 
1390 1280 1484 1439 1506 1486 1412 1209 1475 1392 1501 1516 1232 1602 1351 1233 1428 1522 1483 1353 1505 1289 1232 1437 1428 1476 1237 1067 1343 1446 1223 1423 
1193 921 1209 1107 1212 1163 1065 948 1119 961 1028 1162 926 1219 1012 1003 1057 1246 1213 1053 1113 1182 995 1161 1116 1112 1196 944 1027 1199 966 1119 
1374 1246 1449 1264 1355 1418 1288 1054 1280 1220 1359 1355 1260 1553 1166 1208 1381 1442 1497 1376 1343 1295 1218 1331 1366 1241 1158 1100 1255 1427 1223 1166 
1419 1248 1501 1327 1400 1505 1224 1165 1372 1357 1500 1528 1195 1521 1234 1379 1257 1484 1443 1349 1570 1310 1235 1505 1404 1397 1270 1080 1270 1467 1220 1380 
1348 1371 1462 1457 1426 1286 1211 1052 1302 1253 1464 1387 1167 1421 1120 1097 1287 1393 1514 1298 1304 1281 1039 1444 1253 1383 1155 1089 1328 1264 1260 1245 
1367 1056 1406 1205 1324 1373 1246 1038 1277 1134 1379 1267 1228 1244 1178 1194 1252 1381 1391 1144 1372 1270 1248 1259 1381 1150 1307 923 1202 1491 1250 1267 
1417 1379 1582 1416 1484 1362 1454 1300 1554 1435 1546 1473 1344 1402 1339 1216 1436 1437 1459 1308 1544 1354 1298 1378 1547 1359 1257 1078 1279 1587 1236 1451 
1161 1229 1281 1300 1244 1194 1201 1094 1290 1302 1360 1387 1210 1406 1190 1128 1248 1338 1354 1185 1298 1281 1118 1313 1353 1292 1214 939 1093 1285 1192 1307 
1171 1120 1389 1277 1275 1282 1227 1132 1330 1193 1383 1350 1294 1438 1035 1140 1298 1372 1385 1122 1361 1219 1166 1275 1292 1226 1057 930 1237 1342 1114 1207 
1378 1281 1413 1378 1300 1357 1338 1223 1258 1339 1408 1346 1196 1494 1233 1103 1231 1475 1350 1313 1401 1339 1128 1430 1262 1251 1189 1025 1225 1455 1147 1316 
1135 1221 1301 1259 1084 1315 1087 1034 1214 1225 1303 1217 1115 1355 1089 1089 1097 1370 1272 1111 1256 1124 1026 1285 1250 1084 1091 903 1192 1317 1141 1215 
1448 1284 1492 1222 1284 1447 1254 1209 1424 1194 1461 1463 1113 1559 1190 1131 1407 1530 1341 1269 1470 1225 1367 1281 1232 1330 1228 1068 1228 1466 1168 1396 
1291 1239 1356 1414 1260 1498 1263 1131 1358 1169 1353 1435 1180 1412 1154 1193 1328 1397 1393 1191 1337 1307 1294 1354 1352 1262 1320 990 1282 1416 1267 1241 
1542 1304 1607 1474 1446 1469 1374 1233 1469 1250 1508 1482 1307 1584 1254 1354 1367 1672 1561 1229 1623 1397 1209 1510 1467 1414 1322 1099 1312 1510 1299 1297 
1530 1300 1459 1380 1450 1439 1339 1206 1323 1314 1394 1531 1276 1558 1327 1261 1342 1472 1444 1335 1512 1307 1279 1322 1388 1357 1251 1045 1304 1457 1134 1366 
1439 1486 1518 1489 1436 1505 1336 1301 1551 1358 1604 1674 1242 1636 1307 1213 1493 1534 1447 1312 1508 1460 1285 1469 1369 1507 1359 1138 1376 1486 1321 1455 
1332 1150 1394 1365 1330 1415 1313 1107 1448 1257 1496 1482 1187 1412 1146 1293 1353 1469 1511 1238 1381 1323 1209 1471 1351 1395 1252 1083 1415 1462 1175 1264 
1443 1418 1546 1471 1522 1493 1485 1367 1564 1376 1665 1606 1433 1660 1383 1298 1520 1777 1603 1303 1578 1508 1365 1539 1571 1528 1470 1188 1510 1587 1406 1440 
1177 1096 1367 1095 1119 1214 1208 1194 1225 1119 1218 1325 1033 1195 1077 1130 1214 1465 1248 1076 1280 1202 1017 1225 1250 1219 1067 913 1121 1395 997 1162 
1304 1143 1464 1359 1417 1314 1197 1294 1478 1180 1333 1458 1174 1529 1223 1098 1251 1438 1298 1214 1398 1303 1217 1251 1323 1314 1331 942 1172 1398 1093 1307 
