5104 4559 4408 4186 4223 4203 4833 4689 4430 4473 4603 4409 4790 5031 4465 4658 4282 4006 4399 4597 4574 4712 4347 4530 4848 4454 4948 4650 4238 4863 4235 4593 
4754 4348 3986 4206 3986 4309 4585 4402 4004 4101 4215 4589 4572 4559 4430 4214 4198 3861 4052 4317 4403 4186 4259 4148 4418 4389 4662 4144 4182 4628 4229 4462 
4634 4226 4103 4104 3935 4169 4608 4560 3989 4093 4381 4385 4494 4664 4249 4387 4229 3802 4040 4479 4372 4462 3995 4186 4409 4299 4466 4209 4000 4698 4193 4272 
4792 4341 4188 4231 4018 4138 4732 4544 4269 4341 4325 4396 4655 4344 4087 4355 4036 3995 4182 4480 4554 4231 3923 4112 4441 4574 4641 4485 4179 4648 4129 4367 
4957 4489 4304 4194 4038 4357 4543 4751 4368 4276 4685 4586 4873 4721 4301 4688 4486 3952 4337 4665 4562 4470 4383 4593 4648 4378 4876 4659 4627 4779 4381 4742 
4816 4467 4153 4320 4427 4356 4823 4582 4466 4452 4436 4470 4850 4627 4242 4390 4643 3967 4407 4505 4626 4724 4328 4473 4819 4470 4819 4584 4154 4641 4313 4657 
4748 4553 4143 4251 4170 4452 4538 4553 4174 4444 4585 4661 4826 4419 4491 4447 4396 4049 4181 4705 4528 4641 4355 4551 4456 4416 4636 4361 4280 4760 4369 4429 
4798 4446 4349 4350 4246 4113 4684 4551 4341 4265 4693 4472 4731 4861 4413 4356 4222 3934 4143 4576 4343 4674 4607 4535 4727 4225 4662 4282 4522 4818 4142 4612 
4579 4078 4010 3938 3962 4173 4284 4420 4112 4208 4273 4372 4743 4564 4043 4490 4038 3724 4166 4215 4411 4548 4029 4160 4504 4153 4572 4183 3981 4298 4012 4272 
5168 4706 4371 4662 4505 4316 5078 4857 4560 4733 4791 4802 5231 5046 4524 4933 4728 4332 4580 4606 4740 4811 4515 4629 4693 4853 4796 4694 4426 4987 4606 4800 
4986 4447 4005 4215 4404 4219 4818 4445 4571 4587 4561 4275 4866 4928 4221 4372 4352 4053 4431 4425 4488 4677 4412 4444 4831 4242 4756 4629 4563 4756 4291 4650 
4891 4651 4332 4427 4398 4487 4543 4496 4444 4645 4811 4468 4916 4637 4486 4625 4145 4106 4438 4708 4746 4481 4294 4644 4853 4685 4999 4867 4424 4814 4382 4451 
4918 4398 4351 4381 4351 4430 4664 4488 4511 4533 4569 4407 4934 4919 4614 4799 4284 4146 4441 4751 4416 4639 4329 4785 4676 4435 4774 4735 4338 4805 4423 4786 
4845 4436 4122 4112 4230 4064 4617 4459 4348 4328 4537 4269 4626 4699 4373 4382 4172 3994 4359 4583 4429 4727 4222 4255 4590 4120 4567 4351 4335 4788 4295 4520 
5049 4224 4168 4352 4307 4482 4587 4763 4516 4374 4540 4492 4887 4557 4260 4521 4434 4132 4507 4502 4685 4638 4354 4354 4729 4498 4659 4585 4447 4780 4475 4572 
5099 4783 4507 4332 4362 4529 4971 4961 4620 4444 4753 4761 5064 5073 4458 4777 4733 4178 4681 4761 4986 4734 4476 4682 4982 4920 5147 4741 4383 5059 4604 4846 
4897 4723 4156 4377 4284 4442 4644 4638 4173 4401 4635 4217 5041 4784 4179 4711 4264 4138 4295 4877 4628 4535 4559 4467 4625 4716 4669 4412 4292 4860 4214 4548 
4688 4136 4062 4154 4071 4195 4606 4686 4500 4247 4322 4442 4757 4698 4345 4214 4103 3720 4263 4361 4442 4475 4095 4410 4506 4286 4576 4407 4077 4601 4254 4416 
4904 4699 4629 4503 4728 4356 4807 5077 4752 4791 4768 4605 4907 4751 4678 4582 4326 4137 4350 4808 4782 4631 4660 4980 4893 4580 4913 4877 4295 5015 4391 4672 
5107 4488 4055 4591 4334 4633 4800 4492 4268 4597 4606 5041 5169 4849 4308 4681 4562 4254 4494 4705 4863 5024 4422 4382 4722 4646 4702 4835 4153 5008 4512 4867 
4610 4185 3950 4124 3822 4042 4619 4197 3977 4455 4616 4373 4656 4665 3981 4245 4177 3553 4303 4431 4324 4466 4133 4157 4492 4153 4591 4486 4357 4827 4094 4474 
4611 4481 4051 4028 4198 4471 4776 4407 4201 4309 4590 4568 4788 4652 4365 4447 4250 3799 4214 4338 4965 4271 4191 4403 4574 4485 4811 4526 4185 4882 4256 4224 
5185 4630 4517 4502 4478 4494 5074 4796 4596 4592 4808 4690 5078 5055 4337 4914 4557 4288 4633 5143 4807 4938 4500 4498 4935 5031 4818 4850 4758 5225 4785 4556 
5400 4806 4570 4535 4704 4488 5179 4949 4630 4904 4936 4721 5166 5074 4724 4971 4824 4571 4392 4931 5000 5091 4746 4932 5157 5008 5099 4929 4773 5093 4859 4991 
5027 4611 4319 4513 4403 4444 4928 4810 4340 4394 4626 4367 4755 4496 4138 4637 4475 3924 4328 4634 4639 4710 4271 4712 4765 4712 4658 4553 4484 5066 4386 4527 
5096 4503 4478 4124 4523 4352 5009 4637 4577 4653 4766 4556 5085 4916 4259 4643 4398 4228 4441 4513 4773 4730 4195 4490 5047 4699 4964 4457 4411 4896 4331 4485 
4877 4252 4192 4258 4233 4167 4919 4780 4507 4326 4423 4563 4768 4780 4280 4417 4348 4180 4100 4370 4609 4321 4137 4226 4745 4516 4761 4463 4270 4731 4313 4523 
5383 4689 4235 4483 4613 4431 5003 5026 4613 4731 4738 4817 4989 4905 4808 4973 4632 4310 4286 4946 4998 4944 4844 4614 4876 5065 4772 4707 4422 5182 4532 4966 
4816 4274 4282 4185 4132 4281 4576 4450 4041 4379 4401 4329 4660 4460 4301 4619 4412 3850 4215 4455 4548 4641 4314 4365 4527 4593 4714 4324 4169 4882 4405 4321 
5084 4949 4706 4737 4577 4679 5234 5173 4512 4723 4943 4827 5291 5082 4725 4835 4641 4357 4544 5064 5237 5088 4677 4922 5125 4750 5027 4925 4590 5079 4746 4999 
5112 4341 4318 4215 4323 4573 4833 4599 4648 4683 4646 4825 4948 4717 4437 4548 4680 4149 4484 4598 4753 4680 4436 4374 4796 4843 4882 4661 4317 5071 4489 4761 
5276 5059 4691 4667 4474 4582 4857 4743 4499 4813 4744 4611 5087 4664 4667 4915 4342 4281 4649 5002 4899 4878 4661 4889 4943 4681 4995 4803 4558 4972 4688 4748 
