1626 1293 1551 1397 1287 1209 1635 1521 1488 1382 1262 1305 1511 1361 1312 1459 1462 1335 1301 1355 1347 1286 1349 1276 1519 1533 1512 1327 1379 1394 1210 1413 
1590 1379 1424 1432 1282 1320 1575 1422 1473 1400 1349 1267 1510 1295 1333 1390 1435 1292 1210 1302 1396 1208 1380 1174 1468 1524 1466 1257 1279 1401 1173 1488 
1261 1176 1270 1303 1228 1131 1528 1401 1263 1106 1091 1171 1325 1252 1088 1319 1338 1000 1120 1180 1212 1218 1200 964 1260 1324 1279 1114 1134 1240 1207 1181 
1447 1302 1247 1366 1187 1321 1598 1414 1494 1386 1173 1056 1487 1192 1128 1248 1243 1204 1066 1249 1345 1258 1261 1089 1319 1560 1461 1227 1249 1407 1179 1275 
1277 1124 1217 1140 1062 1166 1222 1359 1289 1157 1142 1213 1422 1154 1142 1236 1242 1007 1019 1190 1233 1047 1249 1180 1202 1268 1383 1142 1303 1227 1161 1251 
1354 1422 1381 1351 1342 1331 1556 1376 1420 1385 1188 1211 1451 1244 1234 1345 1561 1134 1249 1163 1370 1316 1378 1259 1323 1478 1427 1376 1303 1372 1278 1368 
1198 1165 1124 1004 1091 1058 1243 1229 1165 1065 1016 1061 1206 968 1037 1124 1223 1083 1020 1171 1166 1112 1201 1061 1075 1273 1151 1068 1132 1250 1139 1123 
1485 1377 1416 1446 1266 1232 1650 1459 1559 1314 1389 1226 1511 1396 1382 1406 1442 1255 1251 1366 1341 1275 1472 1270 1456 1464 1436 1302 1482 1379 1261 1501 
1249 1113 1174 1121 990 1180 1344 1345 1284 1206 1111 1053 1465 1146 1003 1371 1260 1047 1160 1068 1174 1202 1159 1016 1285 1365 1318 1071 1016 1192 1035 1227 
1501 1393 1483 1542 1381 1290 1715 1489 1582 1339 1243 1341 1591 1387 1296 1481 1524 1357 1298 1317 1366 1290 1431 1218 1320 1597 1485 1293 1312 1461 1293 1529 
1432 1317 1279 1344 1464 1309 1635 1455 1537 1278 1151 1166 1522 1501 1148 1405 1436 1300 1256 1360 1291 1335 1434 1113 1382 1473 1458 1341 1434 1299 1263 1447 
1288 1325 1259 1314 1198 1213 1428 1269 1213 1209 1230 1106 1305 1205 1124 1211 1224 1107 1178 1156 1276 1145 1257 1112 1303 1390 1393 1237 1206 1270 1150 1301 
1534 1321 1467 1372 1239 1321 1431 1308 1439 1373 1286 1085 1458 1284 1365 1403 1330 1325 1205 1360 1307 1254 1333 1372 1270 1439 1350 1296 1266 1394 1137 1531 
1268 1089 1194 1109 1143 1067 1301 1208 1276 1101 1039 1031 1234 1144 1070 1193 1221 1074 1131 1097 1122 1181 1136 898 1245 1268 1156 1037 1200 1216 1087 1196 
1497 1298 1448 1386 1239 1412 1545 1529 1543 1267 1267 1207 1545 1328 1271 1504 1530 1269 1238 1368 1418 1452 1352 1203 1376 1596 1462 1341 1446 1469 1468 1417 
1390 1333 1395 1296 1316 1314 1581 1529 1534 1238 1321 1254 1437 1332 1234 1304 1561 1266 1250 1258 1463 1277 1374 1202 1314 1471 1500 1342 1351 1393 1307 1431 
1456 1406 1370 1331 1363 1366 1614 1453 1536 1272 1393 1148 1636 1300 1237 1462 1386 1301 1366 1374 1437 1328 1502 1233 1392 1533 1475 1216 1326 1469 1271 1410 
1339 1198 1171 1204 1135 1133 1471 1457 1453 1202 1153 1134 1267 1154 1086 1233 1281 1121 1202 1240 1197 1207 1201 1131 1188 1313 1261 1182 1215 1199 1116 1185 
1275 1375 1382 1303 1344 1171 1564 1582 1458 1386 1218 1222 1417 1237 1251 1180 1351 1147 1100 1246 1309 1196 1432 1323 1276 1376 1333 1327 1201 1481 1220 1336 
1227 1022 1191 1106 1032 1046 1267 1210 1240 1114 1062 1186 1283 1104 1072 1311 1219 1053 1079 1104 1210 1136 1174 1027 1114 1147 1150 1058 1003 1320 1074 1358 
1224 1095 1188 1146 1067 1192 1370 1245 1196 1194 1146 1100 1275 1167 1065 1270 1179 1000 1066 1097 1083 1129 1118 1047 1192 1273 1264 1134 1141 1284 1013 1255 
1191 1186 1222 1119 1158 1207 1352 1198 1251 1192 1192 1014 1336 1105 1090 1199 1334 1073 1099 1146 1293 1046 1132 1125 1238 1314 1365 1199 1125 1241 1015 1211 
1536 1223 1323 1405 1286 1250 1595 1463 1502 1247 1218 1168 1434 1238 1241 1297 1480 1318 1202 1315 1290 1353 1382 1111 1273 1512 1339 1352 1357 1420 1225 1367 
1399 1249 1328 1320 1370 1204 1563 1513 1508 1264 1222 1178 1481 1325 1195 1317 1464 1221 1005 1292 1272 1272 1389 1237 1298 1500 1349 1189 1284 1335 1277 1291 
1478 1416 1474 1422 1238 1342 1580 1436 1441 1300 1163 1099 1513 1131 1253 1373 1408 1229 1176 1212 1372 1264 1334 1244 1254 1579 1336 1211 1290 1472 1366 1310 
1585 1289 1519 1285 1335 1467 1644 1532 1552 1414 1454 1222 1581 1385 1307 1440 1505 1299 1294 1281 1470 1347 1412 1352 1390 1600 1550 1230 1368 1455 1269 1399 
1506 1322 1488 1441 1489 1311 1725 1584 1614 1367 1294 1306 1629 1488 1288 1452 1560 1356 1227 1280 1392 1294 1485 1323 1430 1606 1550 1298 1393 1452 1282 1445 
1629 1511 1499 1509 1475 1327 1748 1639 1687 1560 1452 1397 1618 1463 1493 1613 1568 1329 1256 1467 1513 1467 1643 1303 1515 1677 1595 1452 1437 1530 1192 1562 
1441 1302 1353 1300 1226 1213 1487 1481 1457 1260 1235 1206 1448 1163 1217 1382 1447 1108 1104 1209 1281 1282 1292 1083 1271 1476 1242 1113 1307 1373 1181 1272 
1496 1420 1590 1419 1409 1315 1638 1572 1422 1330 1283 1318 1632 1398 1343 1463 1487 1247 1282 1385 1487 1374 1463 1308 1476 1474 1534 1394 1351 1429 1306 1531 
1366 1151 1271 1213 1241 1204 1478 1408 1479 1304 1217 1117 1448 1183 1149 1165 1528 1200 1140 1240 1232 1146 1258 1119 1160 1553 1325 1222 1177 1470 1222 1300 
1461 1476 1515 1407 1285 1324 1616 1491 1414 1289 1203 1110 1612 1205 1311 1497 1395 1329 1359 1277 1387 1358 1421 1188 1360 1502 1358 1235 1318 1455 1273 1407 
