3583 3123 3015 3047 3188 3178 3536 3326 3217 3153 3067 3185 3407 3506 3237 3195 3123 2842 3080 3074 3261 3233 2965 3055 3551 3446 3373 3286 2962 3512 2941 3297 
3512 3110 2712 3120 2919 3294 3396 3258 2964 2935 3005 3354 3223 3372 3311 2925 3058 2795 2936 2993 3197 2969 2936 2811 3187 3233 3297 2895 2843 3501 2935 3238 
3333 3080 2915 3152 3069 3207 3570 3452 2987 2929 3067 3222 3334 3375 3265 3086 3243 2702 2908 3118 3305 3294 2914 2869 3323 3325 3271 3057 2833 3520 2987 3142 
3450 3181 2857 3102 3038 3208 3480 3386 3156 3209 3025 3159 3422 3203 3110 2933 2941 2807 2964 3148 3525 3094 2819 2878 3289 3458 3342 3130 2934 3572 2907 3272 
3329 3062 2776 3072 3002 3331 3263 3421 3145 3027 3296 3218 3473 3246 3115 3118 3264 2769 2929 3143 3255 3126 3009 3057 3323 3114 3403 3258 3150 3476 2943 3330 
3405 3162 2774 3107 3334 3382 3520 3322 3262 3133 3156 3192 3526 3329 3014 3014 3378 2830 3191 3081 3277 3269 3020 3001 3496 3323 3346 3336 2929 3479 3023 3348 
3216 3030 2689 2937 2949 3256 3045 3183 2856 2960 3034 3098 3210 2923 3046 2925 3093 2606 2795 3075 2969 3024 2799 2838 3058 3145 2999 2863 2888 3395 2837 2884 
3391 3233 2999 3278 3113 3136 3471 3322 3233 3044 3351 3146 3359 3480 3232 2975 3100 2822 2908 3224 3094 3381 3129 3094 3446 3162 3275 3008 3247 3481 2907 3332 
3102 2785 2588 2927 2796 3099 3154 3162 3048 2936 2965 3020 3483 3162 2845 3076 2924 2622 2801 2847 3029 3167 2592 2676 3209 3006 3078 2922 2684 2979 2648 2944 
3640 3314 2991 3409 3379 3394 3677 3587 3303 3357 3317 3438 3699 3545 3367 3429 3496 3137 3299 3204 3481 3403 3193 3152 3441 3682 3438 3246 3166 3611 3239 3455 
3532 3202 2712 3075 3423 3311 3577 3328 3398 3226 3224 3023 3538 3550 3042 3082 3263 2886 3165 3070 3204 3437 3114 2936 3481 3310 3301 3354 3158 3506 3042 3354 
3295 3309 2902 3162 3109 3371 3322 3136 3129 3283 3270 3014 3498 3232 3243 3071 2992 2704 2997 3214 3312 3133 3072 3099 3466 3472 3380 3325 2959 3402 3004 3144 
3459 3172 2956 3137 3234 3475 3397 3332 3341 3207 3289 3199 3576 3534 3467 3350 3132 2937 3212 3413 3258 3306 3097 3368 3405 3283 3418 3381 2951 3495 2975 3482 
3327 2998 2783 2938 3107 2934 3301 3200 3153 2959 3078 3059 3306 3270 3141 2858 3081 2737 3023 3120 3101 3254 2838 2833 3307 3128 2978 2949 3001 3538 2938 3239 
3588 3057 2897 3195 3167 3483 3533 3586 3302 3149 3317 3236 3552 3245 3118 3174 3362 2973 3197 3236 3425 3369 3112 2991 3422 3483 3262 3391 3055 3645 3267 3343 
3702 3529 3294 3340 3506 3602 3803 3717 3450 3294 3471 3550 3630 3681 3372 3440 3606 3125 3412 3545 3766 3572 3268 3458 3755 3866 3704 3513 3235 3849 3475 3604 
3531 3450 2814 3171 3255 3462 3361 3347 3028 3148 3381 2969 3623 3465 3093 3272 3053 2967 3158 3397 3388 3303 3245 3054 3389 3536 3370 3196 3021 3665 3045 3221 
3278 2934 2735 3004 2981 3113 3447 3520 3214 2971 3126 3111 3378 3266 3108 2817 2940 2549 3023 2928 3152 3124 2799 2964 3215 3179 3239 3150 2824 3378 2918 3178 
3243 3322 3050 3171 3365 3152 3399 3683 3334 3258 3249 3254 3513 3258 3324 2990 3120 2700 2886 3185 3347 3123 3129 3350 3388 3281 3361 3257 2838 3650 2885 3306 
3748 3231 2821 3375 3307 3648 3555 3459 3192 3309 3285 3651 3823 3568 3308 3414 3417 3135 3247 3327 3653 3622 3205 3094 3548 3538 3478 3408 2933 3868 3304 3687 
2951 2618 2530 2825 2710 2950 3194 2890 2744 3027 3054 2882 3256 3163 2794 2802 2974 2454 2822 2809 2919 2965 2638 2596 3024 3004 3010 2987 2835 3415 2649 3025 
3418 3243 2832 3011 3246 3431 3492 3290 3094 3167 3387 3273 3497 3497 3318 3164 3291 2752 3121 3002 3703 3175 2986 3154 3502 3409 3452 3304 2994 3726 2977 3177 
3466 3105 2887 3116 3224 3328 3633 3354 3249 3099 3310 3267 3501 3536 3187 3310 3204 3014 3118 3469 3317 3432 3089 2987 3403 3635 3209 3426 3169 3728 3222 3201 
3639 3172 2886 3153 3294 3296 3651 3564 3198 3272 3284 3190 3516 3451 3247 3115 3324 3028 2889 3318 3394 3454 3130 3236 3503 3640 3332 3241 3225 3623 3194 3398 
3515 3262 2957 3260 3088 3405 3602 3448 3183 3073 3205 2967 3335 3142 3061 3118 3276 2765 2979 3113 3311 3331 2900 3154 3385 3445 3179 3167 3014 3676 3038 3186 
3725 3156 3140 2999 3347 3398 3677 3481 3283 3365 3505 3270 3671 3515 3189 3261 3268 2971 3155 3145 3536 3415 2883 3151 3578 3656 3438 3133 3080 3635 3080 3285 
3503 3143 3037 3257 3320 3304 3749 3654 3381 3177 3182 3411 3559 3610 3270 3126 3329 3075 2962 3078 3403 3190 3030 3030 3473 3523 3454 3312 3061 3564 2992 3366 
3904 3533 3005 3418 3537 3546 3959 3835 3499 3480 3468 3679 3759 3739 3763 3554 3570 3193 3201 3630 3793 3697 3572 3242 3767 3951 3580 3571 3204 3992 3276 3731 
3472 3086 2991 3234 3199 3410 3370 3401 3092 3146 3220 3136 3481 3251 3274 3353 3369 2776 2935 3244 3523 3385 3020 3023 3361 3577 3423 3071 2993 3644 3073 3182 
3686 3575 3441 3598 3503 3693 3940 3986 3406 3471 3615 3581 3962 3813 3606 3476 3668 3193 3374 3563 3898 3668 3335 3574 3927 3699 3715 3658 3387 3864 3319 3765 
3708 3169 2949 3164 3221 3539 3674 3432 3432 3428 3353 3395 3595 3432 3205 3050 3564 2894 3107 3259 3454 3399 3074 2979 3465 3634 3527 3354 2985 3838 3223 3466 
3468 3430 3147 3298 3162 3295 3522 3326 3184 3183 3123 3134 3646 3156 3260 3268 3069 2850 3198 3274 3327 3300 3151 3103 3386 3427 3273 3245 3016 3556 3134 3261 
