5660 5282 5062 4736 4748 5050 5644 5340 5273 5253 5372 5107 5369 5728 5136 5426 4993 4783 5197 5355 5337 5395 5071 5274 5510 5160 5666 5492 4983 5613 4950 5381 
5231 4886 4567 4613 4418 4939 5200 4926 4618 4679 4798 5108 5042 5170 4898 4802 4669 4499 4655 4919 5036 4685 4744 4762 5004 4917 5240 4766 4644 5149 4794 5098 
5226 4883 4762 4556 4452 4964 5320 5113 4786 4704 4993 5017 4958 5276 4860 5107 4852 4473 4687 5144 5026 4973 4634 4808 5030 4892 5156 4927 4533 5328 4759 4984 
5339 4890 4719 4778 4446 4840 5396 5086 5105 5004 4961 4975 5143 5034 4540 5010 4564 4601 4903 5212 5216 4815 4545 4671 5014 5187 5224 5196 4753 5208 4775 5076 
5543 5128 5007 4692 4536 5018 5280 5331 5128 5072 5445 5256 5384 5428 4821 5417 5049 4667 5013 5366 5272 5053 4938 5240 5341 5065 5525 5257 5271 5456 5074 5464 
5376 5085 4750 4854 4845 5012 5580 5151 5158 5117 5136 5099 5496 5313 4735 5055 5197 4646 5128 5099 5224 5348 4965 5193 5399 5084 5447 5186 4834 5235 4933 5310 
5177 5051 4722 4644 4567 5016 5192 5061 4816 5078 5150 5198 5263 5036 4920 4982 4872 4658 4726 5322 5089 5105 4826 5098 4906 4990 5219 4975 4790 5289 4948 5015 
5425 5040 4953 4798 4738 4776 5374 5276 5112 4970 5365 4996 5258 5560 4871 5017 4735 4617 4836 5176 4995 5174 5241 5185 5379 4785 5314 4892 5117 5416 4802 5354 
5247 4567 4641 4460 4490 4820 4968 4954 4912 4867 4871 5099 5241 5113 4532 5177 4604 4269 4798 4858 4980 5078 4725 4779 5025 4714 5210 4925 4667 4924 4695 5009 
5974 5441 5056 5386 5121 5122 5949 5545 5484 5547 5586 5660 5979 5790 5163 5702 5497 5103 5443 5445 5553 5607 5416 5482 5394 5660 5606 5476 5289 5676 5351 5714 
5584 5086 4711 4804 4946 4920 5495 5058 5376 5377 5266 4974 5452 5616 4841 5021 5015 4743 5121 5229 5249 5421 5053 5160 5425 4900 5468 5256 5276 5453 4889 5496 
5543 5268 5041 4939 4982 5225 5280 5128 5293 5435 5467 5085 5504 5356 5007 5344 4780 4771 5196 5420 5480 5051 4948 5346 5517 5333 5746 5591 5028 5455 5008 5221 
5580 5028 5045 4955 4903 5161 5376 5111 5276 5291 5242 5107 5478 5628 5193 5530 4834 4865 5158 5549 5181 5289 4986 5415 5312 5110 5491 5370 4975 5501 5151 5625 
5345 5007 4556 4616 4606 4608 5265 4916 4981 4901 5138 4799 5136 5282 4810 4940 4612 4585 4955 5056 4933 5227 4767 4879 5135 4615 5180 4985 4881 5261 4950 5155 
5591 4900 4837 4875 4820 5249 5294 5296 5297 5037 5199 5095 5395 5230 4842 5169 5041 4787 5161 5218 5307 5231 4930 4994 5294 5105 5392 5358 4938 5318 5047 5286 
5712 5361 5070 4867 4776 5248 5695 5486 5396 5046 5391 5433 5606 5778 5061 5465 5336 4922 5346 5437 5652 5277 5119 5363 5597 5595 5833 5415 5047 5667 5215 5632 
5470 5265 4795 4836 4814 5076 5312 5287 4827 5006 5267 4834 5535 5401 4763 5341 4795 4737 4878 5497 5234 5146 5149 5158 5237 5329 5247 5045 4861 5464 4841 5204 
5299 4801 4746 4708 4556 4968 5462 5281 5376 5066 5103 5111 5432 5471 4926 4973 4773 4490 5127 5010 5165 5107 4802 5200 5161 4998 5342 5216 4832 5313 5017 5187 
5549 5378 5344 5045 5253 5101 5515 5768 5527 5508 5521 5360 5523 5445 5179 5264 5037 4782 5078 5513 5470 5323 5449 5686 5514 5266 5516 5576 4992 5660 5008 5351 
5662 5123 4630 5138 4821 5379 5538 5152 5111 5329 5334 5701 5677 5579 4793 5322 5231 4966 5240 5452 5517 5626 5072 5019 5328 5333 5306 5681 4803 5586 5152 5583 
5151 4697 4489 4618 4338 4698 5266 4896 4746 5214 5314 5002 5197 5365 4469 4864 4777 4161 5006 5085 5025 5059 4710 4858 5137 4767 5109 5226 5043 5506 4728 5146 
5130 5016 4569 4454 4669 4969 5413 4917 4885 4936 5101 5192 5306 5294 4763 4940 4739 4301 4777 4826 5454 4748 4801 5052 4977 5043 5332 5116 4793 5389 4807 4819 
5737 5145 5175 4928 4981 5113 5797 5383 5373 5302 5399 5287 5547 5760 4697 5531 5128 4924 5313 5855 5499 5412 5126 5145 5487 5661 5434 5522 5346 5766 5418 5274 
6020 5476 5277 5019 5185 5244 5948 5473 5483 5666 5648 5383 5774 5811 5294 5685 5503 5250 5141 5541 5691 5678 5405 5643 5802 5717 5789 5629 5465 5762 5493 5678 
5694 5350 5001 5172 4939 5206 5669 5448 5156 5188 5423 5093 5311 5156 4724 5395 5203 4664 5063 5407 5339 5420 5008 5408 5413 5389 5473 5305 5230 5716 5092 5378 
5708 5116 5124 4648 5036 5060 5797 5209 5291 5400 5468 5282 5717 5555 4843 5367 4964 4941 5153 5175 5423 5370 4865 5205 5677 5336 5621 5140 5141 5641 5026 5209 
5485 4953 4840 4816 4769 4899 5675 5391 5331 5061 5054 5230 5301 5453 4842 5046 4923 4882 4786 5073 5253 4962 4751 4854 5320 5157 5518 5141 4822 5383 4884 5266 
6125 5377 4956 5095 5237 5178 5833 5752 5507 5566 5506 5607 5591 5700 5348 5740 5245 5033 5092 5756 5761 5605 5577 5349 5601 5793 5479 5454 5094 5923 5330 5822 
5453 5052 4999 4838 4712 5122 5379 5154 4870 5180 5178 5092 5400 5266 4972 5409 5120 4581 5040 5243 5339 5363 5059 5234 5233 5287 5520 5147 4895 5633 5114 5177 
5711 5637 5412 5315 5177 5420 6013 5869 5235 5491 5669 5494 6027 5788 5239 5473 5329 5044 5305 5833 5960 5768 5369 5701 5773 5334 5720 5687 5202 5732 5429 5778 
5620 4985 4932 4692 4729 5247 5505 5065 5357 5353 5263 5489 5494 5345 4948 5186 5225 4746 5116 5203 5373 5214 5016 4959 5337 5459 5499 5338 4988 5702 5145 5410 
5816 5712 5179 5227 4877 5188 5622 5268 5208 5498 5365 5303 5610 5301 5168 5548 4777 4965 5289 5664 5513 5427 5274 5529 5516 5322 5667 5342 5216 5591 5322 5431 
