2954 2520 2451 2532 2548 2522 2975 2753 2707 2616 2542 2591 2876 2774 2588 2611 2551 2478 2398 2593 2658 2621 2403 2479 2813 2746 2626 2645 2460 2811 2273 2600 
2908 2480 2232 2626 2270 2509 2778 2636 2386 2428 2411 2655 2687 2619 2608 2330 2467 2345 2254 2418 2520 2345 2359 2231 2465 2529 2562 2320 2313 2824 2249 2564 
2713 2404 2354 2628 2458 2474 2930 2734 2429 2346 2432 2548 2713 2643 2545 2496 2606 2140 2213 2495 2602 2591 2356 2258 2532 2620 2523 2445 2246 2881 2303 2405 
2855 2535 2315 2635 2468 2602 2974 2780 2668 2627 2507 2485 2806 2584 2462 2435 2382 2376 2310 2599 2893 2501 2264 2380 2571 2862 2667 2569 2392 2959 2301 2534 
2682 2425 2236 2524 2309 2493 2631 2738 2490 2457 2630 2574 2799 2496 2402 2493 2585 2225 2182 2463 2620 2455 2364 2454 2496 2514 2594 2546 2603 2814 2307 2569 
2710 2527 2294 2509 2556 2533 2862 2607 2558 2481 2374 2446 2767 2515 2328 2307 2674 2219 2365 2283 2651 2595 2335 2442 2604 2705 2524 2700 2378 2788 2383 2525 
2562 2371 2163 2351 2177 2429 2428 2480 2236 2345 2263 2400 2525 2213 2398 2235 2505 2092 2000 2392 2421 2393 2173 2243 2225 2465 2246 2218 2349 2693 2158 2149 
2695 2564 2404 2802 2443 2441 2976 2755 2692 2513 2769 2516 2841 2777 2650 2498 2647 2376 2275 2686 2582 2749 2542 2511 2663 2550 2566 2507 2663 2803 2317 2702 
2506 2212 2128 2411 2139 2421 2631 2556 2452 2382 2383 2360 2800 2447 2223 2563 2376 2176 2156 2217 2459 2564 2038 2114 2435 2418 2417 2301 2171 2471 2051 2279 
3015 2673 2411 2890 2707 2715 3114 2956 2737 2773 2747 2777 3123 2909 2724 2769 2840 2684 2602 2668 2848 2757 2606 2508 2708 2972 2730 2685 2609 3017 2570 2736 
2943 2638 2246 2586 2813 2705 3052 2752 2879 2695 2646 2481 3020 2899 2498 2547 2727 2532 2533 2611 2759 2891 2519 2390 2793 2764 2720 2799 2717 2871 2504 2714 
2713 2726 2406 2573 2457 2682 2792 2575 2572 2697 2699 2466 2849 2590 2618 2496 2482 2261 2370 2585 2707 2570 2470 2513 2691 2784 2619 2724 2486 2837 2333 2495 
2818 2540 2400 2482 2438 2650 2755 2601 2615 2561 2571 2511 2854 2718 2774 2571 2427 2451 2357 2701 2550 2677 2373 2677 2531 2617 2603 2652 2387 2848 2245 2672 
2712 2362 2232 2406 2397 2309 2761 2574 2588 2424 2411 2496 2636 2620 2494 2301 2496 2319 2319 2571 2555 2683 2209 2230 2550 2526 2353 2370 2492 2848 2283 2495 
2913 2476 2373 2632 2494 2714 2905 2904 2634 2563 2576 2569 2909 2540 2465 2567 2681 2441 2462 2686 2803 2765 2438 2352 2597 2852 2590 2709 2511 3031 2642 2628 
2831 2669 2495 2639 2600 2684 3004 2965 2739 2557 2642 2725 2866 2673 2562 2606 2776 2533 2501 2779 2851 2719 2455 2665 2709 2928 2746 2751 2509 2977 2557 2666 
3001 2810 2316 2729 2674 2825 2925 2760 2610 2629 2844 2426 3106 2746 2580 2727 2657 2543 2546 2750 2814 2798 2755 2579 2732 2952 2681 2663 2552 3077 2458 2591 
2578 2185 2128 2372 2193 2259 2761 2694 2523 2326 2403 2335 2610 2347 2291 2207 2282 2047 2211 2249 2519 2380 2155 2242 2250 2435 2449 2440 2186 2571 2160 2304 
2659 2741 2528 2639 2684 2522 2938 3106 2794 2719 2663 2646 2891 2626 2694 2472 2552 2267 2233 2645 2742 2606 2551 2766 2664 2667 2683 2720 2354 3052 2299 2630 
3135 2547 2357 2781 2640 2861 3019 2828 2640 2706 2676 3028 3215 2945 2656 2731 2799 2609 2535 2672 2951 3013 2573 2524 2776 2784 2675 2859 2423 3245 2537 2907 
2411 2072 2034 2337 2154 2283 2630 2305 2213 2397 2466 2282 2666 2492 2177 2171 2375 2001 2075 2199 2256 2388 2045 2116 2278 2352 2304 2410 2310 2770 2006 2288 
2729 2506 2256 2459 2457 2599 2880 2646 2505 2622 2684 2568 2914 2695 2639 2491 2628 2305 2328 2424 2973 2458 2358 2544 2643 2663 2709 2669 2413 2973 2230 2500 
2855 2466 2344 2606 2510 2564 2936 2674 2617 2533 2546 2555 2831 2724 2531 2561 2571 2524 2292 2755 2609 2788 2446 2377 2575 2896 2439 2791 2613 2979 2437 2435 
2941 2510 2307 2631 2651 2524 3040 2931 2661 2730 2673 2557 2990 2705 2579 2562 2698 2494 2137 2715 2771 2746 2551 2644 2690 2960 2616 2603 2600 2874 2546 2578 
2924 2675 2433 2729 2449 2640 2960 2770 2667 2594 2470 2427 2830 2454 2448 2462 2679 2268 2242 2524 2735 2741 2361 2519 2616 2823 2424 2558 2549 2993 2400 2490 
3080 2454 2529 2453 2630 2720 3051 2822 2780 2775 2741 2584 3055 2733 2611 2608 2611 2456 2445 2530 2861 2724 2367 2586 2776 2978 2701 2576 2559 2942 2438 2504 
2930 2556 2503 2720 2717 2650 3115 2986 2735 2613 2568 2695 3001 2859 2587 2635 2795 2599 2317 2547 2822 2617 2554 2471 2717 2923 2848 2739 2486 2993 2455 2748 
3286 2804 2535 2896 2809 2811 3377 3243 2878 2923 2878 2941 3160 2968 3094 2966 2981 2752 2476 2996 3118 3042 2974 2672 2933 3159 2946 2976 2669 3253 2564 3012 
2965 2563 2538 2797 2575 2677 2939 2905 2658 2663 2742 2615 3017 2650 2714 2745 2849 2412 2245 2681 2911 2856 2475 2511 2689 3006 2704 2601 2541 3075 2466 2627 
3120 2873 2805 3035 2823 2917 3233 3179 2704 2804 2953 2844 3305 3015 2868 2767 2938 2626 2557 2884 3173 2960 2693 2826 3052 2986 2941 2972 2783 3137 2649 2959 
2904 2411 2344 2550 2479 2717 2964 2806 2719 2768 2648 2616 2912 2641 2512 2366 2884 2415 2305 2598 2798 2669 2334 2337 2518 2805 2754 2631 2334 3083 2413 2664 
2766 2607 2480 2657 2369 2521 2909 2600 2563 2519 2422 2427 2935 2402 2548 2610 2549 2430 2483 2600 2670 2606 2425 2307 2494 2683 2457 2614 2422 2871 2332 2525 
