2026 1771 1990 1926 1869 1706 2159 2090 2005 1911 1789 1844 2092 1956 1854 1860 1949 1736 1779 1896 1853 1823 1766 1847 1967 2111 1979 1898 1800 2022 1625 1889 
2200 1887 1838 2056 1816 1966 2184 2062 1853 1992 1840 2093 2122 2047 1946 1749 2026 1816 1815 1872 1945 1843 1838 1699 1973 2085 2096 1825 1770 2245 1783 1965 
1871 1801 1920 1958 1860 1832 2233 2128 1873 1794 1760 1979 1976 2048 1879 1836 1990 1532 1735 1891 1953 1942 1768 1662 1845 2070 1964 1846 1711 2179 1760 1762 
1996 1883 1842 2056 1831 1964 2262 2153 2045 2017 1773 1826 2146 1924 1776 1763 1842 1776 1717 1946 2138 1873 1706 1731 1903 2287 2039 1929 1845 2237 1756 1830 
1896 1811 1830 1886 1829 1852 1996 2130 1947 1953 1947 1968 2226 1927 1789 1819 1969 1684 1732 1921 2057 1795 1863 1928 1902 2095 2080 1964 2041 2189 1797 1894 
1878 1949 1848 1903 1904 1853 2152 2052 1947 1892 1697 1830 2065 1893 1712 1754 2068 1610 1790 1710 1939 1951 1843 1819 1857 2108 1968 2080 1840 2137 1821 1856 
1760 1795 1733 1738 1680 1790 1819 1897 1651 1709 1668 1835 1825 1699 1735 1608 1837 1592 1612 1827 1800 1728 1651 1689 1583 1961 1781 1709 1670 2099 1672 1525 
1960 1905 1963 2115 1891 1850 2337 2126 2165 1916 2007 1909 2201 2126 2007 1839 2063 1779 1751 1973 1978 1972 1987 1908 2041 2098 2004 1922 2094 2180 1776 2034 
1665 1585 1735 1783 1517 1684 1959 1986 1841 1794 1691 1702 2109 1821 1634 1895 1782 1540 1684 1642 1839 1834 1582 1563 1703 1941 1906 1730 1576 1836 1550 1618 
2082 1957 1999 2285 2083 1949 2375 2241 2122 2026 1941 2134 2383 2226 2003 1964 2153 1949 1915 1968 2110 1961 1974 1924 1958 2345 2061 1987 1982 2319 1874 2009 
1927 1805 1712 1849 2095 1817 2246 2059 2111 1902 1789 1772 2166 2175 1659 1784 2001 1742 1853 1885 1944 1955 1869 1709 1934 2054 1992 2018 2029 2051 1727 1944 
1824 1968 1883 1979 1865 1890 2089 1909 1894 1906 1953 1837 2067 1946 1808 1735 1848 1649 1773 1898 1971 1779 1760 1814 1925 2094 2018 2015 1822 2109 1684 1834 
2061 1829 2003 2009 1803 1928 2048 1975 1973 1888 1826 1804 2133 1997 2007 1828 1912 1844 1741 1972 1888 1957 1801 2015 1811 2079 1966 1991 1799 2178 1714 2129 
1833 1605 1730 1692 1727 1614 1876 1846 1848 1718 1638 1681 1878 1872 1670 1622 1862 1631 1724 1795 1783 1869 1596 1525 1827 1910 1731 1740 1818 2053 1627 1787 
2018 1835 1950 2045 1887 1979 2180 2273 2073 1825 1904 1926 2201 1907 1862 1936 2059 1771 1868 2026 2073 1998 1828 1766 1904 2289 2026 2029 1959 2292 1970 1948 
1951 1995 1990 2032 1967 2043 2277 2292 2148 1948 1955 2083 2194 2165 1923 1927 2174 1886 1945 2084 2199 2041 1872 2019 1990 2323 2169 2164 1972 2273 1928 2007 
2022 2054 1884 1984 1980 2009 2189 2117 2066 1889 1988 1837 2253 2029 1851 1938 2028 1795 1953 2015 2028 1990 2067 1891 1938 2238 2092 1909 1826 2311 1780 1895 
1888 1659 1700 1830 1710 1671 2145 2186 1986 1737 1740 1890 1949 1796 1668 1644 1742 1577 1735 1753 1861 1805 1656 1694 1645 1942 1879 1864 1754 1963 1637 1735 
1937 2101 2079 2131 2156 1973 2344 2482 2184 2136 2016 2132 2277 2051 2056 1804 2065 1801 1814 2089 2138 2018 2057 2170 2012 2253 2135 2258 1860 2434 1814 2035 
1968 1723 1780 1930 1827 1857 2094 2077 1891 1868 1747 2183 2227 2078 1824 1880 1989 1749 1879 1866 1985 2019 1849 1789 1785 1998 1892 1972 1709 2410 1802 2075 
1817 1648 1699 1805 1739 1775 2135 1902 1805 1906 1892 1883 2094 1998 1681 1732 1881 1578 1708 1725 1780 1817 1636 1703 1762 1956 1915 1980 1884 2284 1621 1809 
1762 1728 1722 1787 1812 1810 2085 1925 1821 1973 1871 1852 2086 1941 1795 1643 2006 1611 1765 1758 2069 1762 1651 1842 1851 2001 2003 1913 1756 2199 1583 1780 
2062 1871 1909 2101 1971 1940 2299 2132 2157 1986 1954 1953 2214 2180 1937 1885 2083 1902 1860 2057 1987 2111 1837 1866 1872 2352 1975 2156 2086 2364 1898 1916 
2042 1796 1895 1967 2015 1780 2306 2281 2079 1960 1906 1943 2258 2125 1890 1824 2105 1823 1575 1994 2073 1954 1925 2005 1943 2280 2028 1971 1939 2189 1876 1879 
2058 1985 2009 2031 1883 1945 2195 2111 2032 1930 1759 1742 2157 1783 1816 1824 2031 1732 1740 1871 2045 1952 1783 1899 1843 2256 1918 1878 1891 2248 1833 1817 
2165 1790 2035 1863 1949 2012 2269 2214 2097 2087 2017 1954 2268 2133 1922 1906 2019 1806 1915 1875 2156 1992 1816 1993 1951 2274 2070 1949 2002 2217 1798 1903 
2127 1970 2104 2169 2185 2004 2421 2348 2167 2005 1940 2111 2373 2277 1986 1965 2217 2021 1851 2040 2104 1942 1985 1950 2053 2402 2240 2095 1998 2340 1954 2089 
2235 2054 2055 2179 2138 1975 2505 2431 2194 2134 2092 2168 2331 2228 2248 2114 2229 1943 1814 2194 2225 2154 2174 2022 2120 2425 2247 2167 1982 2394 1826 2224 
2105 1953 2121 2154 1919 1976 2263 2318 2081 2007 2016 2031 2290 2078 2088 2028 2220 1791 1770 2062 2206 2081 1880 1944 1897 2353 2033 1995 2019 2357 1898 1967 
2210 2083 2254 2262 2206 2095 2433 2448 2080 2069 2063 2198 2448 2323 2142 1990 2292 1959 1991 2210 2365 2207 2053 2104 2242 2342 2310 2234 2112 2423 2019 2251 
2021 1818 1900 1902 1951 1931 2279 2220 2103 2054 1919 1986 2158 1966 1859 1673 2194 1810 1797 1999 2020 1849 1764 1801 1830 2316 2083 1972 1806 2460 1850 1937 
1906 2024 1996 1987 1842 1874 2203 2000 1998 1944 1804 1793 2263 1885 1857 1970 1926 1800 1995 1979 1921 1921 1773 1768 1855 2118 1853 1976 1897 2218 1763 1833 
