778 750 809 698 533 623 842 691 730 769 755 683 686 540 666 590 822 617 617 620 724 625 581 696 746 775 805 617 546 655 673 703 
830 799 743 739 571 762 912 712 796 700 834 650 716 612 712 660 841 652 662 671 776 689 617 651 775 795 800 622 584 727 712 777 
609 654 566 591 484 607 731 580 606 556 660 512 628 524 511 581 669 470 583 591 655 572 511 486 653 683 657 483 418 583 608 629 
744 689 597 632 439 783 789 675 827 729 727 474 723 577 552 560 668 595 522 656 749 656 580 579 662 793 841 652 601 643 639 680 
683 709 615 566 467 650 641 687 726 660 793 613 733 513 623 628 707 507 539 599 783 574 673 689 593 672 817 611 633 648 712 649 
765 815 727 711 612 804 794 709 767 842 766 752 779 627 701 774 881 645 654 717 848 656 723 730 710 814 962 778 712 692 723 794 
697 731 653 590 539 683 641 617 621 621 684 617 658 455 554 591 725 539 551 648 784 613 645 592 633 705 739 651 565 753 660 616 
716 706 631 650 448 572 776 644 757 606 821 613 629 551 619 577 713 527 533 626 707 583 592 674 749 703 771 594 584 619 647 697 
634 675 623 572 462 660 702 691 683 678 702 601 818 606 525 710 684 516 605 596 701 626 590 502 725 715 855 594 514 567 597 687 
745 729 712 677 557 667 767 631 737 693 716 667 731 536 591 631 775 656 615 632 743 622 600 641 637 808 766 595 525 691 637 771 
597 630 548 587 534 733 661 612 682 626 656 509 638 583 442 581 635 567 529 616 684 595 595 491 618 681 780 595 589 618 602 660 
705 785 665 732 535 735 771 656 702 725 816 629 711 637 663 665 735 552 617 697 730 688 672 615 766 760 806 722 616 716 719 723 
834 785 811 758 632 724 758 703 674 764 765 623 757 576 716 734 738 654 591 807 851 740 704 804 699 792 781 747 664 777 683 856 
650 628 614 528 453 606 663 602 645 588 634 501 591 443 555 577 659 521 591 550 630 593 505 446 616 671 679 473 540 553 558 626 
751 770 654 637 480 759 687 669 708 668 762 580 738 573 582 719 761 566 540 672 792 658 617 612 661 855 857 648 628 684 745 713 
799 795 719 690 649 812 820 763 816 755 796 705 797 725 663 703 817 638 666 748 879 706 725 679 760 752 923 743 684 710 728 807 
701 719 635 627 590 779 809 720 805 654 869 583 855 635 611 746 749 620 703 738 857 662 745 637 759 772 856 609 603 741 690 714 
616 605 505 555 404 617 646 608 639 612 633 493 563 438 456 462 551 465 537 563 667 527 547 569 558 570 679 535 517 562 545 544 
737 837 781 658 609 727 776 781 782 881 785 735 836 566 707 684 763 632 602 761 911 612 783 823 709 709 865 769 635 796 713 749 
682 647 621 547 474 605 680 554 593 642 629 606 722 499 577 679 596 551 587 635 700 523 554 571 571 569 677 531 491 722 556 748 
673 689 627 616 498 701 680 596 577 659 729 617 661 543 589 646 647 510 562 588 664 591 569 551 665 629 758 658 564 688 578 664 
804 859 817 710 729 821 888 735 865 843 899 657 869 716 736 760 868 725 645 816 889 688 777 748 863 833 954 799 709 774 662 855 
701 553 580 601 466 636 641 569 661 593 667 558 592 509 533 513 642 565 528 605 679 586 545 548 556 684 720 615 533 618 554 706 
708 729 704 641 625 690 736 722 697 704 721 580 721 571 613 654 731 584 487 664 802 662 705 686 701 813 780 619 609 699 698 680 
722 699 655 620 449 659 642 636 617 615 668 529 608 451 524 577 690 516 477 563 757 566 543 637 611 790 683 596 551 675 672 638 
844 718 772 655 642 826 867 795 846 740 918 672 796 710 674 730 808 650 706 739 887 749 717 732 763 853 933 683 709 755 756 794 
698 724 774 642 631 707 793 684 733 719 738 696 767 639 608 712 789 669 583 652 810 598 668 728 693 764 864 619 593 702 722 749 
768 820 741 703 638 674 775 725 759 768 751 658 792 580 716 716 707 617 554 730 833 711 754 641 789 804 820 674 665 720 634 766 
720 732 684 609 516 624 650 608 677 627 673 566 677 465 606 609 710 526 556 578 705 594 589 580 624 730 696 519 558 598 605 675 
866 891 882 801 675 809 875 797 807 885 881 760 951 648 743 775 848 704 676 798 950 761 779 780 854 895 918 776 662 896 805 905 
668 547 644 509 486 656 584 578 698 656 646 530 648 441 513 437 631 543 503 618 718 522 567 536 516 694 737 548 544 688 650 615 
732 791 735 670 597 709 805 776 724 727 804 592 806 559 709 733 777 683 643 711 806 748 704 648 722 770 787 629 594 737 684 727 
