4253 3717 3671 3535 3753 3666 3973 3931 3698 3732 3758 3816 3940 4181 3715 3934 3671 3381 3624 3612 3827 3822 3490 3698 4110 3890 4037 3912 3567 4076 3488 3835 
4136 3771 3408 3713 3562 3821 3964 3856 3535 3570 3656 4090 3885 4078 3879 3661 3708 3384 3535 3614 3815 3573 3572 3629 3834 3848 4059 3550 3613 4080 3528 3889 
3994 3620 3493 3629 3558 3683 3959 3970 3436 3510 3766 3912 3835 4084 3746 3807 3725 3284 3483 3662 3759 3834 3385 3582 3917 3809 3846 3607 3510 4166 3520 3715 
4153 3805 3547 3721 3588 3681 4024 3942 3791 3797 3692 3906 4000 3847 3589 3679 3498 3464 3576 3771 4006 3570 3274 3595 3910 4001 4032 3816 3631 4067 3498 3835 
4199 3777 3586 3689 3594 3892 3874 4094 3794 3667 4086 4078 4149 4010 3725 4040 3948 3418 3640 3888 3906 3753 3683 3954 4023 3781 4159 4039 4041 4097 3665 4053 
4080 3712 3462 3693 3893 3804 4079 3861 3831 3731 3842 3882 4104 3986 3519 3819 4045 3429 3756 3725 3847 3899 3593 3764 4186 3873 4007 3959 3565 4040 3660 4005 
3942 3711 3426 3516 3629 3806 3658 3767 3431 3666 3796 4020 3912 3688 3710 3756 3794 3367 3457 3750 3662 3741 3524 3796 3789 3761 3726 3609 3607 4083 3519 3724 
4069 3850 3730 3859 3771 3674 3997 3913 3747 3650 4047 3932 4042 4200 3798 3743 3696 3429 3520 3833 3704 3987 3832 3918 4085 3709 3928 3677 3938 4128 3503 4052 
3815 3390 3325 3415 3464 3621 3665 3754 3536 3572 3693 3761 4046 3881 3391 3875 3477 3220 3455 3455 3646 3811 3269 3462 3904 3574 3791 3619 3357 3608 3300 3616 
4412 3978 3694 4053 4020 3831 4266 4172 3934 4012 4008 4284 4426 4330 3935 4235 4257 3772 3927 3757 4118 4016 3787 3998 4088 4244 4037 3960 3842 4259 3963 4263 
4138 3717 3393 3606 4002 3744 4148 3793 3976 3891 3805 3711 4157 4306 3511 3755 3814 3509 3758 3630 3718 3890 3644 3645 4117 3750 3917 4004 3870 4070 3657 3929 
4155 4060 3809 3929 3890 4073 3980 3881 3888 4068 4162 3944 4272 4081 3950 4052 3732 3551 3792 4042 4060 3817 3722 4094 4268 4146 4279 4269 3872 4136 3786 3963 
4271 3788 3767 3832 3899 4002 4071 3889 4001 3882 3992 4016 4286 4304 4050 4180 3880 3603 3877 4114 3907 3954 3732 4304 4118 3871 4149 4106 3792 4189 3759 4226 
4100 3609 3514 3498 3747 3571 3847 3830 3794 3633 3816 3789 3921 4120 3718 3734 3713 3404 3696 3765 3752 3886 3444 3564 4011 3589 3759 3665 3796 4140 3597 3865 
4389 3637 3655 3868 3940 4110 4080 4254 3948 3866 3961 4028 4244 4006 3698 3999 4095 3625 3958 3919 4061 4064 3797 3841 4149 4035 3987 4058 3897 4209 3876 4039 
4278 4059 3859 3757 3886 4012 4251 4271 3836 3695 4091 4174 4218 4348 3772 4162 4189 3643 3966 3964 4230 4021 3757 4021 4264 4327 4293 4065 3749 4367 4010 4217 
4064 3943 3364 3677 3787 3825 3852 3828 3494 3649 3890 3592 4198 4038 3468 3920 3572 3553 3656 3903 3846 3776 3732 3714 3916 4009 3923 3679 3576 4182 3503 3817 
3964 3506 3405 3584 3567 3677 3925 4071 3817 3587 3752 3858 3953 3977 3665 3516 3535 3114 3606 3528 3733 3771 3342 3742 3845 3658 3861 3777 3530 3970 3611 3767 
4047 3930 3877 3776 4077 3751 3924 4263 4025 4016 3974 4043 4074 4048 3935 3779 3702 3417 3580 3867 4015 3767 3783 4206 4135 3862 4022 4023 3637 4271 3562 3941 
4425 3852 3489 3970 3910 4123 4036 3960 3720 3909 3886 4439 4386 4319 3785 4064 4076 3723 3890 3921 4214 4275 3769 3821 4157 4040 4054 4091 3570 4371 3916 4334 
3750 3358 3264 3473 3374 3497 3789 3514 3350 3673 3774 3705 3894 3964 3293 3636 3637 3041 3516 3556 3507 3592 3298 3438 3775 3581 3695 3703 3608 4041 3338 3752 
3931 3804 3398 3466 3729 3894 4033 3797 3527 3669 3956 3926 4036 4111 3793 3804 3805 3226 3572 3518 4211 3642 3548 3767 4031 3813 4087 3879 3606 4236 3538 3722 
4303 3794 3747 3858 3993 3883 4267 4035 3900 3856 4038 4001 4137 4348 3711 4137 3962 3680 3828 4192 3993 4126 3764 3809 4207 4269 4038 4141 4002 4430 3982 3872 
4614 3939 3810 3888 4127 3956 4324 4267 3892 4098 4200 4116 4341 4398 3969 4134 4211 3846 3721 4034 4191 4280 3921 4190 4372 4322 4284 4120 4106 4366 4000 4250 
4341 4020 3717 3910 3826 3953 4214 4171 3726 3765 3942 3852 3985 3913 3627 3960 3977 3379 3666 3864 3958 4040 3637 4089 4092 4080 3933 3880 3838 4355 3738 4004 
4392 3825 3824 3568 3984 3939 4249 4061 3846 4034 4122 4029 4254 4273 3602 3980 3881 3651 3752 3758 4103 4005 3487 3828 4312 4197 4144 3782 3840 4254 3682 3863 
4085 3573 3561 3696 3782 3659 4220 4145 3835 3607 3723 3984 3987 4114 3612 3765 3810 3551 3390 3560 3846 3603 3450 3601 3991 3897 4004 3786 3600 4010 3512 3898 
4638 4045 3693 4022 4161 3950 4435 4462 4076 4098 4118 4363 4348 4377 4272 4361 4179 3804 3732 4217 4360 4303 4226 4000 4308 4511 4175 4104 3843 4592 3903 4445 
4153 3690 3695 3752 3795 3891 3902 3957 3556 3818 3841 3899 4038 3944 3796 4032 3928 3357 3600 3818 4004 3965 3615 3809 4041 4113 4061 3736 3664 4294 3751 3804 
4273 4088 4067 4090 4049 4112 4460 4477 3924 3965 4204 4253 4496 4414 4062 4138 4148 3717 3859 4155 4458 4206 3899 4197 4507 4115 4270 4246 3945 4344 3883 4300 
4488 3785 3763 3768 3851 4137 4247 4080 4044 4105 4148 4268 4263 4180 3845 3940 4259 3620 3850 3933 4103 4035 3840 3839 4164 4245 4283 4112 3761 4466 3903 4221 
4398 4202 4070 4013 4016 4004 4162 4092 3879 4041 4015 4053 4335 4028 3954 4271 3865 3659 4006 4162 4088 4139 3983 4123 4278 4081 4173 4120 3942 4277 3903 4078 
