4251 4005 3962 3963 4018 4241 3784 4086 4065 3586 3826 4383 3972 4350 4169 3787 3770 3583 3845 4017 3910 3756 4144 3789 4045 3963 3842 4287 3706 3906 3828 4242 
4436 4141 4129 4102 4087 4640 4152 4334 4317 3996 4048 4422 4128 4244 4291 4203 4267 3746 3795 4128 3985 3975 4277 4303 4067 3993 4121 4596 4057 4132 3878 4121 
3905 3829 3864 4110 4005 4266 3616 3949 3727 3789 3697 4046 3934 3976 3900 3614 3717 3635 3676 4021 3796 3735 4066 3787 3874 3846 3609 3944 3949 4055 3546 3906 
4277 4081 4031 3993 4540 4372 4020 4002 3975 3974 4002 4257 3925 4211 4239 3918 3956 3807 3952 4150 3872 3765 4120 4263 4358 4165 3937 4254 3928 4168 4000 3929 
4087 3891 4075 3966 4164 4294 4050 3966 4043 4002 3846 4300 3828 4131 4103 4060 4113 3711 3556 4021 3792 3724 4071 4100 3943 3881 3556 4026 3982 3930 3915 4069 
4244 4149 4232 4059 4292 4445 4155 4161 3957 3972 4046 4387 4144 4341 4233 4043 4098 3866 3946 4020 4090 3856 4543 4187 4212 4027 4008 4458 4120 4405 4080 4256 
4208 4183 4021 4084 4267 4387 4091 4099 4081 3794 4115 4268 4209 4196 4385 4003 4080 3814 3933 4256 3988 3830 4128 4197 4092 4064 3862 4454 3976 4228 3857 4146 
4503 4065 4038 4061 4295 4325 3897 4115 4241 3881 3803 4219 3813 4522 4242 3991 4003 3891 3946 4358 3941 3927 4363 4214 4190 4157 3935 4613 3799 4002 3827 4398 
4435 4299 4050 4227 4260 4456 4078 4182 4173 3924 4152 4365 4038 4322 4375 4065 4169 3918 3906 4501 3970 3984 4249 4179 4400 3971 4071 4507 4153 4159 3905 4126 
3997 3767 3774 3820 4021 4132 3762 3967 3774 3712 3636 4124 3776 3849 3765 3708 3796 3465 3613 3996 3685 3623 3933 3781 3771 3724 3519 4177 3708 3759 3473 3848 
3993 3712 4281 4070 3947 4023 3865 3727 3849 3818 3647 4193 3643 3960 4142 3756 3822 3635 3479 3865 3716 3575 3985 3830 3814 3904 3600 4269 3798 3971 3697 3811 
4209 3949 3958 4002 4205 4306 3851 4006 4107 3865 3714 4461 3960 4123 4237 4001 3651 3654 3649 4336 3993 3668 3933 3893 3959 3882 3899 4228 3850 3980 3840 4037 
3896 3802 3661 3813 3750 4084 3699 3854 3598 3464 3719 4041 3735 3936 3652 3598 3759 3519 3713 3906 3638 3648 3801 3722 4046 3846 3587 4047 3660 3856 3621 3664 
4003 3945 4221 4057 4167 3927 3731 3734 3992 3791 3372 4057 3902 3955 3787 3638 3706 3437 3678 3961 3774 3396 3744 3722 3994 3722 3733 4089 3897 3803 3618 3944 
4122 3803 3988 3913 4201 4393 3703 4073 4108 3524 3591 4334 3887 3880 3916 3536 3993 3537 3743 3995 3720 3771 4109 4037 3955 3909 3709 4384 3870 3920 3809 3790 
4027 3897 3901 3731 3946 4067 3836 3924 4055 3935 3545 4289 3755 4078 3895 3790 3713 3736 3890 3828 3621 3738 3789 3867 4064 3745 3742 4196 3661 4044 3545 4149 
4149 4004 3964 4213 4220 4232 3797 4142 4230 4050 4007 4417 3988 4168 4252 3846 4061 3669 3798 4090 3975 3713 4322 3832 3962 3925 3781 4360 4114 4154 3799 4084 
3799 3814 3747 3768 3921 3931 3293 3626 3621 3535 3412 4003 3612 3902 3933 3624 3408 3413 3476 3761 3527 3268 3527 3484 3653 3650 3541 3927 3656 3654 3537 3879 
4150 3889 3980 3932 4092 4306 3811 3729 4072 3804 3926 4343 3671 4115 4150 4074 3966 3626 3671 4063 3768 3713 4275 4114 3859 3999 3748 4288 3974 3837 4078 3860 
3721 3829 3984 3858 3941 3804 3605 3816 3901 3648 3547 4031 3827 3876 3803 3719 3759 3418 3512 3763 3750 3517 3854 3834 3804 3812 3460 4063 3710 3655 3678 3658 
4279 4048 4135 3937 4061 4361 3870 4182 4085 4062 3804 4236 3958 4108 4105 4053 3974 3866 3906 4069 3857 3780 4227 3891 4142 3984 3695 4687 4010 4174 3653 4184 
4301 4222 4076 4134 4308 4377 4049 3936 3918 4019 3805 4385 3973 4532 4123 3934 3903 3901 3940 4125 3916 3700 4174 3991 4100 3772 4019 4418 4150 4163 3958 4075 
4253 4017 4311 4285 4259 4167 4202 3950 3937 3911 4003 4419 3904 3995 4288 3933 3949 3609 3914 4157 3927 3862 4289 4171 4230 3991 3788 4264 3778 4087 3730 4170 
3834 3613 3492 3451 3698 4020 3663 3865 3824 3380 3562 3698 3574 3667 3899 3490 3898 3186 3492 3881 3587 3458 3855 3667 3738 3445 3499 3951 3792 3552 3455 3716 
3997 3937 3972 3878 4014 4177 3862 3807 3728 3681 3588 4266 3774 3994 3886 3736 3506 3602 3817 3955 3540 3553 4002 3778 3893 3749 3571 4227 3942 3797 3593 3962 
4370 4189 3804 4084 4274 4256 3636 4249 4233 3795 3901 4278 4074 4323 4051 3770 3974 3665 3707 4237 4153 3742 4238 3914 4261 3843 3757 4326 3946 4316 3985 4222 
4167 3922 3813 3872 3992 4345 3745 3541 3705 3694 3907 4063 3711 3972 3984 3766 3814 3446 3722 3956 3851 3604 3997 3837 4215 3761 3742 3956 3748 3832 3648 3909 
4142 4217 4161 3849 3811 3970 3849 4116 4004 3803 3685 4105 4013 3881 4127 4055 3737 3440 3623 3980 3705 3799 3892 3823 4066 3789 3781 4175 3728 3790 3653 4089 
3510 3496 3493 3369 3564 3632 3406 3523 3530 3207 3416 3667 3427 3556 3668 3387 3503 3159 3367 3561 3316 3219 3733 3597 3617 3583 3157 3506 3180 3460 3153 3459 
4054 3851 4399 4220 4309 4189 3982 3976 4104 3727 3870 4302 4022 4175 4264 3796 3914 3746 3637 4130 3849 3636 4132 4108 4009 4042 3706 4248 3796 4057 3873 3989 
3931 3831 3845 4065 4260 4136 3898 3901 3737 3706 3797 4163 3878 4051 3868 3761 3861 3649 3636 4012 3915 3616 4205 3977 3870 4074 3531 4121 3839 3729 3747 3914 
4039 3975 3735 4031 4112 4070 3746 4088 3979 3662 3912 4255 3838 4131 4105 3894 3765 3663 3697 4164 3781 3457 4210 3915 4133 3845 3503 4112 4018 3792 3761 3928 
