1463 1198 1203 1414 1321 1486 1206 1444 1146 1291 1254 1431 1323 1654 1149 1286 1093 1217 1397 1445 1323 1204 1225 1394 1456 1283 1211 1515 1120 1145 1233 1545 
1570 1256 1383 1486 1305 1700 1393 1516 1345 1590 1271 1531 1467 1688 1205 1496 1344 1290 1521 1394 1431 1329 1305 1528 1503 1399 1312 1725 1253 1168 1328 1588 
1373 1149 1242 1332 1339 1396 1100 1332 1027 1286 1160 1225 1361 1433 1087 1215 1075 1233 1252 1356 1242 1180 1091 1273 1398 1187 1061 1407 1120 1200 1167 1466 
1480 1302 1392 1443 1608 1624 1442 1471 1173 1427 1381 1544 1447 1798 1413 1294 1233 1368 1587 1485 1461 1215 1353 1617 1718 1465 1271 1627 1276 1386 1471 1515 
1546 1275 1602 1548 1483 1746 1564 1626 1371 1614 1368 1528 1463 1737 1332 1533 1363 1379 1501 1644 1485 1341 1362 1761 1658 1494 1300 1563 1340 1293 1451 1701 
1226 1128 1264 1268 1279 1251 1202 1170 1009 1266 1190 1241 1132 1367 1006 1188 1052 1098 1293 1150 1165 1035 1117 1305 1377 1105 1049 1356 973 1129 1171 1419 
1431 1255 1297 1363 1372 1465 1180 1380 1253 1352 1206 1407 1437 1594 1312 1273 1187 1278 1457 1469 1341 1136 1163 1378 1461 1314 1166 1382 1125 1082 1280 1457 
1524 1293 1248 1617 1349 1570 1331 1430 1362 1428 1328 1404 1314 1750 1231 1304 1179 1323 1441 1631 1360 1206 1311 1565 1567 1323 1212 1689 1290 1214 1374 1596 
1473 1257 1288 1436 1295 1427 1299 1436 1208 1290 1287 1422 1281 1521 1164 1279 1297 1199 1289 1468 1390 1219 1194 1378 1423 1261 1139 1526 1127 1196 1256 1442 
1427 1125 1224 1392 1205 1497 1261 1414 1166 1404 1232 1270 1340 1449 1060 1385 1212 1191 1447 1410 1297 1097 1205 1396 1354 1176 1085 1564 1128 1162 1138 1492 
1354 1067 1503 1409 1322 1329 1347 1121 1060 1511 1178 1307 1208 1411 1219 1251 1235 1251 1227 1324 1335 1073 1168 1376 1415 1407 1048 1512 1166 1099 1245 1403 
1430 1279 1239 1510 1447 1536 1418 1420 1202 1400 1177 1434 1486 1582 1206 1277 1173 1250 1419 1603 1395 1126 1178 1417 1445 1377 1115 1509 1250 1225 1282 1556 
1444 1328 1325 1625 1495 1649 1417 1439 1256 1428 1354 1624 1357 1659 1145 1320 1352 1411 1559 1507 1433 1253 1354 1533 1599 1372 1323 1622 1198 1280 1446 1534 
1379 1340 1409 1453 1374 1415 1285 1344 1167 1313 1080 1265 1405 1519 1152 1292 1211 1194 1283 1456 1372 1107 1151 1382 1440 1289 1148 1583 1223 1181 1249 1532 
1377 1215 1380 1438 1351 1592 1377 1479 1316 1325 1302 1429 1361 1555 1199 1250 1343 1229 1354 1432 1381 1223 1246 1530 1547 1345 1189 1517 1163 1174 1382 1471 
1451 1151 1243 1314 1340 1487 1237 1381 1173 1420 1210 1347 1334 1502 1103 1317 1094 1289 1407 1469 1340 1172 1085 1494 1503 1192 1110 1531 1184 1344 1207 1676 
1171 1097 1050 1197 1091 1237 1044 1125 1008 1166 1084 1130 1104 1193 959 979 1023 891 1154 1202 1128 983 1068 1166 1109 1154 843 1301 1034 1043 1031 1253 
1318 1218 1267 1333 1319 1345 1151 1205 1050 1316 1163 1302 1253 1429 1162 1237 970 1183 1308 1315 1246 969 1005 1340 1423 1248 1047 1463 1120 1144 1175 1484 
1229 1039 1216 1338 1073 1350 1188 1135 1139 1270 1163 1201 1061 1371 964 1189 1112 1061 1201 1309 1175 1017 1167 1310 1284 1279 1009 1426 1049 977 1192 1324 
1325 1234 1386 1426 1314 1419 1255 1301 1225 1459 1240 1293 1398 1540 1157 1265 1288 1291 1348 1350 1291 1163 1244 1443 1516 1348 1071 1474 1242 1224 1270 1447 
1323 1200 1554 1455 1355 1525 1295 1406 1302 1621 1363 1373 1359 1510 1248 1473 1290 1326 1450 1413 1375 1146 1301 1513 1507 1454 1152 1607 1303 1227 1245 1581 
1377 1135 1184 1297 1303 1412 1120 1207 1111 1350 1195 1304 1156 1531 1061 1306 1067 1184 1409 1352 1179 980 1173 1452 1330 1155 1079 1397 1062 1064 1179 1436 
1344 1260 1569 1532 1439 1472 1516 1259 1159 1512 1305 1579 1322 1494 1319 1353 1422 1352 1510 1501 1467 1212 1284 1610 1573 1481 1159 1549 1191 1260 1361 1627 
1100 1055 1013 1145 1064 1296 1004 1111 1126 1112 1047 1038 1044 1307 924 889 1106 858 1126 1233 1110 856 1009 1158 1161 1075 1011 1160 925 826 1186 1228 
1424 1270 1449 1568 1386 1495 1374 1449 1173 1516 1284 1526 1366 1657 1203 1482 1127 1406 1487 1518 1437 1179 1263 1533 1550 1302 1131 1631 1268 1323 1334 1604 
1434 1321 1174 1347 1322 1495 1225 1499 1313 1382 1179 1301 1478 1616 1171 1242 1160 1179 1401 1496 1415 1126 1226 1359 1468 1325 1084 1502 1249 1229 1229 1613 
1330 1136 1255 1319 1331 1438 1208 1234 1127 1317 1269 1245 1236 1346 1096 1268 1261 1127 1282 1372 1249 1076 1191 1384 1510 1246 1108 1373 1064 1101 1305 1367 
1375 1164 1437 1292 1244 1332 1282 1316 1050 1423 1230 1317 1390 1299 1144 1307 1168 1089 1292 1374 1313 1125 1124 1378 1417 1392 989 1426 1213 1095 1156 1493 
1037 933 1043 1081 980 1093 1032 969 919 1030 944 1090 1041 1172 1005 949 1063 928 1183 1134 984 775 986 1156 1206 1036 764 1056 823 855 926 1143 
1380 1142 1490 1477 1480 1444 1369 1268 1074 1414 1208 1411 1240 1395 1254 1420 1256 1332 1362 1493 1381 1119 1165 1458 1439 1364 1187 1440 1156 1167 1320 1468 
1354 1298 1337 1441 1458 1415 1293 1360 1065 1383 1259 1465 1395 1448 1046 1242 1248 1179 1411 1410 1384 1136 1228 1386 1462 1413 1033 1432 1181 1135 1299 1474 
1346 1178 1229 1343 1199 1412 1161 1333 1181 1280 1285 1400 1257 1517 1106 1306 1147 1284 1291 1384 1267 1084 1183 1382 1468 1281 1095 1393 1146 1185 1290 1342 
