3059 2565 2625 2561 2718 2778 2523 2824 2662 2684 2601 2819 2699 2986 2678 2677 2594 2476 2651 2691 2637 2550 2659 2596 2844 2711 2567 2897 2236 2734 2473 2985 
3239 2898 2871 2842 2834 3122 2942 3015 2912 3053 2844 3064 2845 3164 2867 3001 3070 2694 2711 2859 2824 2744 2816 2911 3027 2883 2917 3254 2626 2981 2657 3105 
2725 2481 2483 2514 2645 2609 2334 2626 2321 2601 2433 2479 2532 2662 2342 2415 2478 2449 2343 2670 2453 2406 2498 2376 2642 2583 2260 2614 2324 2713 2224 2727 
2910 2580 2635 2604 2987 2728 2734 2692 2558 2773 2717 2818 2551 3046 2781 2655 2631 2540 2555 2753 2621 2393 2673 2790 3014 2792 2481 2869 2370 2908 2635 2784 
3080 2650 2865 2834 2902 3023 3048 2920 2854 3071 2815 2897 2706 3058 2826 2962 3028 2731 2509 2960 2707 2619 2766 3009 3038 2830 2556 2918 2672 2864 2754 3053 
2885 2663 2594 2519 2743 2598 2743 2688 2431 2682 2684 2776 2526 2886 2523 2715 2743 2531 2627 2521 2640 2406 2732 2605 2797 2587 2457 2893 2330 2972 2581 3001 
2968 2812 2698 2612 2841 2771 2727 2745 2688 2676 2727 2821 2784 2937 2859 2695 2852 2723 2777 2924 2673 2558 2690 2817 2870 2798 2609 2869 2447 2957 2489 3019 
3269 2812 2819 2843 2967 2947 2756 2952 2911 2830 2752 2909 2669 3272 2839 2809 2841 2768 2814 3179 2811 2745 3044 3003 3077 2865 2735 3279 2521 2973 2623 3259 
3224 2898 2675 2791 2890 2837 2829 2977 2760 2724 2876 2894 2637 2914 2787 2788 2948 2686 2537 3058 2635 2685 2738 2706 2951 2709 2676 3080 2424 2926 2562 2931 
2750 2300 2426 2485 2530 2566 2474 2578 2444 2529 2430 2559 2425 2514 2279 2454 2491 2247 2332 2556 2361 2313 2417 2499 2482 2424 2198 2760 2134 2561 2152 2655 
2900 2448 3018 2715 2720 2608 2717 2497 2516 2765 2526 2818 2449 2710 2779 2667 2770 2554 2378 2696 2680 2436 2624 2589 2776 2812 2381 2974 2410 2720 2439 2787 
2825 2494 2452 2597 2678 2666 2575 2733 2467 2648 2397 2786 2600 2727 2709 2642 2460 2368 2311 2911 2688 2315 2499 2529 2751 2598 2368 2795 2205 2631 2292 2888 
2746 2461 2444 2617 2574 2651 2514 2625 2263 2377 2559 2694 2450 2848 2276 2399 2629 2485 2557 2681 2458 2355 2485 2409 2773 2539 2469 2762 2192 2712 2363 2608 
2799 2686 2750 2726 2805 2487 2518 2410 2525 2546 2236 2582 2643 2780 2334 2482 2576 2351 2389 2674 2472 2207 2425 2519 2811 2487 2399 2842 2353 2581 2307 2883 
2836 2409 2656 2574 2718 2776 2534 2811 2614 2397 2440 2819 2575 2725 2428 2335 2715 2323 2390 2645 2492 2449 2595 2605 2706 2654 2334 2932 2339 2758 2493 2685 
2950 2568 2600 2520 2761 2660 2566 2678 2626 2759 2423 2819 2492 2904 2540 2700 2556 2583 2625 2632 2532 2578 2455 2603 2816 2465 2529 2919 2246 2828 2328 3040 
2768 2573 2541 2620 2644 2606 2466 2628 2686 2682 2612 2797 2523 2542 2567 2478 2711 2296 2359 2637 2605 2338 2684 2512 2530 2670 2343 2773 2481 2772 2266 2840 
2629 2380 2424 2335 2442 2431 2116 2281 2205 2360 2207 2403 2331 2525 2311 2368 2140 2182 2186 2468 2197 2056 2125 2126 2425 2304 2197 2595 2050 2414 2129 2527 
2825 2462 2588 2531 2504 2732 2610 2469 2722 2631 2593 2660 2254 2775 2547 2762 2762 2416 2407 2674 2488 2441 2753 2579 2629 2696 2360 2825 2346 2591 2585 2727 
2591 2435 2535 2457 2560 2382 2350 2438 2458 2542 2258 2528 2599 2728 2407 2398 2495 2373 2353 2463 2479 2224 2442 2520 2646 2575 2268 2696 2234 2531 2357 2577 
3002 2738 2932 2640 2824 2841 2675 2957 2736 2914 2684 2865 2614 2854 2742 2862 2796 2685 2679 2798 2580 2546 2815 2564 2893 2784 2495 3189 2535 2953 2411 3071 
3036 2660 2615 2639 2823 2668 2670 2608 2491 2761 2537 2860 2558 3060 2607 2811 2737 2675 2629 2732 2529 2439 2694 2698 2806 2525 2572 2960 2554 2903 2552 2961 
3004 2716 3039 2858 2978 2848 2991 2588 2578 2826 2746 3016 2643 2848 2886 2697 2837 2611 2677 2855 2774 2580 2771 2736 2884 2813 2564 3008 2411 2942 2545 3095 
2520 2287 2179 2128 2334 2434 2270 2398 2365 2275 2255 2235 2166 2486 2242 2148 2549 2079 2243 2484 2239 2135 2302 2231 2381 2216 2255 2455 2059 2292 2245 2534 
2812 2602 2520 2584 2602 2673 2612 2577 2360 2557 2405 2661 2397 2779 2418 2605 2363 2444 2575 2568 2352 2333 2600 2498 2605 2349 2242 2903 2306 2616 2375 2775 
3157 2741 2621 2667 2936 2728 2584 3022 2922 2847 2719 2877 2953 3040 2699 2830 2807 2580 2516 3060 2819 2542 2863 2684 3027 2775 2564 2979 2624 3158 2644 3165 
2919 2560 2554 2633 2681 2823 2651 2500 2522 2601 2770 2648 2478 2785 2630 2680 2806 2421 2499 2680 2670 2399 2616 2609 2838 2622 2418 2734 2256 2707 2483 2863 
2829 2709 2692 2467 2510 2457 2482 2650 2413 2614 2346 2626 2534 2614 2617 2641 2535 2294 2366 2651 2436 2516 2344 2373 2714 2561 2485 2761 2224 2579 2332 2868 
2452 2169 2314 2092 2369 2209 2311 2236 2209 2233 2216 2351 2202 2372 2298 2234 2424 2164 2274 2426 2193 2063 2354 2289 2340 2334 1993 2180 1856 2342 2021 2422 
2757 2440 2864 2671 2935 2626 2747 2568 2488 2517 2531 2675 2623 2659 2688 2623 2725 2480 2413 2792 2567 2346 2557 2779 2749 2675 2369 2792 2291 2770 2489 2794 
2707 2413 2514 2585 2724 2495 2479 2476 2358 2629 2446 2670 2518 2611 2377 2497 2496 2333 2398 2599 2578 2251 2578 2498 2560 2663 2204 2577 2339 2471 2363 2698 
2859 2617 2499 2604 2632 2598 2521 2761 2671 2542 2594 2817 2500 2776 2575 2752 2576 2617 2401 2778 2561 2367 2686 2597 2878 2668 2256 2855 2448 2677 2422 2810 
