2333 1936 1922 2014 2089 2357 1854 2240 2034 2008 2049 2104 2045 2415 1990 2000 1922 1900 2052 2149 1980 1874 2099 2010 2154 2083 1950 2249 1832 1946 1915 2215 
2405 2076 2057 2093 2093 2489 2179 2284 2153 2198 2100 2169 2089 2414 2031 2249 2217 2007 2175 2111 1971 1983 2107 2149 2272 2110 2085 2571 2052 2014 1955 2207 
2120 1868 1951 1897 2054 2125 1759 2077 1801 1943 1818 1864 1983 2173 1807 1908 1903 1981 1934 2037 1866 1833 1955 1899 2105 1962 1711 2194 1914 2087 1805 2173 
2205 1957 1946 1931 2288 2217 2082 2038 1929 2002 2042 2043 1983 2439 2112 1919 1963 1954 2116 2088 1921 1753 2055 2181 2366 2125 1889 2296 1902 2134 2079 2048 
2301 2003 2167 2124 2181 2473 2285 2245 2206 2362 2057 2141 2031 2440 2084 2266 2240 2075 2139 2223 2065 1899 2172 2394 2358 2195 1931 2272 2112 2080 2170 2335 
2062 1971 1888 1874 2094 2075 1984 2019 1760 1921 2053 1992 1774 2212 1808 1953 2018 1976 2115 1858 1884 1713 2073 2019 2083 1914 1804 2194 1840 2110 1893 2223 
2133 2062 1895 1926 2102 2120 1945 2057 1990 1915 1968 1994 2046 2281 2057 1934 2005 2027 2144 2163 1927 1739 2005 2061 2104 1976 1897 2170 1918 2009 1863 2157 
2443 2092 2037 2220 2220 2374 2080 2327 2173 2104 2152 2089 1997 2557 2065 2049 2092 2097 2208 2425 2103 1988 2330 2290 2353 2139 1989 2629 2110 2197 2033 2403 
2293 2035 1851 1958 2061 2197 1993 2190 1954 1809 2120 1981 1906 2153 1902 1920 2096 1879 1903 2207 1867 1824 2019 1999 2111 1875 1852 2307 1850 2024 1860 2051 
2013 1691 1742 1858 1873 2017 1819 1971 1812 1863 1766 1823 1787 1972 1610 1807 1729 1710 1873 1847 1741 1582 1815 1865 1829 1772 1541 2215 1668 1741 1574 1992 
2136 1805 2234 1981 1995 2071 1986 1867 1804 2086 1883 1980 1810 2097 1977 1915 2047 1911 1830 1926 1932 1759 1995 1944 2088 2158 1738 2324 1915 1889 1869 2058 
2116 1839 1788 1979 2031 2162 1939 2053 1835 1985 1813 2030 1952 2106 1943 1884 1742 1762 1880 2152 1983 1623 1857 1955 2088 1922 1684 2111 1741 1863 1739 2220 
2129 1904 1831 1990 1998 2205 1913 2113 1801 1802 1972 2111 1841 2320 1776 1923 2022 2036 2091 2083 1892 1827 2014 1931 2178 1945 2000 2270 1788 2051 1983 2009 
2055 2056 2037 2047 2067 2006 1849 1861 1878 1884 1624 1773 1992 2063 1709 1846 1856 1746 1849 2047 1805 1553 1883 1887 2063 1888 1749 2239 1937 1867 1794 2122 
2180 1865 2030 2006 2116 2299 1985 2259 2076 1868 1963 2060 2059 2206 1860 1776 2098 1858 1972 2107 1921 1816 2054 2160 2155 2087 1811 2343 1913 2027 1943 2114 
2162 1872 1895 1824 2057 2158 1904 2044 1933 2022 1794 1963 1899 2190 1844 1948 1848 1920 2062 1997 1891 1805 1841 1981 2058 1840 1848 2275 1829 2106 1756 2299 
1999 1881 1747 1880 1905 2032 1767 1880 1920 1870 1874 1859 1721 1875 1749 1697 1891 1627 1850 1853 1775 1617 1948 1798 1753 1934 1591 2057 1928 1864 1665 1960 
2032 1801 1883 1820 1961 1984 1636 1780 1748 1803 1808 1774 1821 2036 1814 1834 1641 1716 1771 1920 1713 1566 1651 1753 1956 1809 1765 2089 1676 1808 1712 1969 
2109 1916 2005 1965 1881 2192 1948 1907 2144 2057 1992 1931 1724 2197 1887 2024 1995 1907 1946 2061 1912 1755 2112 1969 2087 2124 1808 2218 1923 1841 1976 2096 
1972 1831 1865 1940 1936 1966 1792 1889 1836 1892 1786 1842 1964 2125 1739 1803 1910 1894 1862 1878 1815 1615 1876 1985 2059 1997 1639 2141 1888 1831 1839 1879 
2189 1975 2244 2007 2160 2266 1998 2248 2121 2248 2101 2097 1966 2228 2017 2149 2085 2044 2126 2088 1985 1814 2194 2080 2257 2151 1863 2456 2100 2141 1835 2334 
2074 1834 1797 1843 2008 2025 1761 1888 1782 1959 1757 1914 1760 2258 1754 2004 1822 1919 2056 1981 1755 1572 1943 2022 1981 1794 1848 2161 1912 1923 1813 2117 
2231 2019 2256 2155 2284 2313 2184 1994 1934 2166 2123 2258 1950 2176 2100 2068 2185 1993 2122 2210 2068 1887 2177 2192 2226 2171 1967 2349 1896 2072 1928 2325 
1820 1655 1578 1566 1727 1978 1586 1836 1842 1658 1684 1608 1504 1898 1588 1522 1819 1533 1738 1833 1644 1471 1774 1700 1735 1653 1649 1867 1625 1541 1717 1896 
2181 1993 2020 2095 2080 2225 2006 2122 1855 2057 1949 2147 1942 2266 1879 2105 1804 2054 2093 2117 1947 1744 2092 2077 2139 1887 1775 2406 2004 2028 1860 2180 
2273 2055 1840 1922 2113 2203 1824 2211 2180 2009 1957 1928 2182 2362 1894 1970 1911 1943 2048 2276 2036 1711 2070 2022 2207 2005 1800 2234 2012 2150 1910 2346 
2040 1829 1787 1896 1966 2167 1816 1902 1795 1910 2054 1808 1761 2048 1857 1968 2037 1780 1835 2020 1884 1667 1950 1971 2161 1906 1736 2034 1741 1876 1871 2006 
2095 1878 2034 1835 1885 1916 1828 1974 1744 1942 1843 1919 1948 1996 1870 1947 1814 1740 1802 1951 1917 1760 1789 1787 2042 1985 1712 2141 1857 1786 1751 2126 
1632 1493 1547 1419 1589 1609 1544 1612 1524 1464 1544 1509 1502 1734 1561 1524 1655 1526 1688 1715 1485 1339 1635 1618 1701 1621 1369 1586 1370 1492 1420 1608 
2134 1882 2243 2104 2286 2129 2074 2018 1901 1974 1937 2028 2002 2084 1999 2041 2036 2032 1983 2167 1940 1701 1975 2194 2156 2145 1793 2235 1914 2017 1965 2125 
2080 1839 1927 1998 2125 2006 1841 1938 1761 1968 1867 2020 1948 2052 1668 1844 1919 1801 1940 1949 1932 1630 1966 1940 2000 2022 1608 2050 1894 1815 1877 2069 
2052 1931 1836 1906 1936 2073 1812 2029 1973 1864 1917 2058 1843 2169 1864 1942 1858 2009 1902 1984 1849 1659 1982 2026 2140 1955 1641 2154 1957 1942 1913 2052 
