3723 3381 3332 3270 3378 3680 3169 3603 3471 3185 3272 3664 3434 3800 3451 3262 3170 3071 3361 3522 3297 3205 3551 3323 3492 3411 3253 3545 3114 3357 3196 3690 
3801 3604 3573 3433 3456 3993 3544 3785 3661 3503 3498 3795 3561 3715 3574 3646 3626 3242 3281 3576 3423 3406 3619 3705 3582 3544 3515 3869 3458 3514 3321 3582 
3255 3134 3114 3206 3291 3463 2888 3262 2961 3179 3049 3186 3213 3343 3036 2898 2967 3003 2960 3450 2997 2974 3235 3016 3252 3239 2910 3153 3076 3267 2849 3220 
3497 3368 3303 3210 3662 3548 3254 3330 3215 3329 3283 3524 3206 3667 3401 3224 3160 3076 3174 3439 3168 3022 3348 3439 3602 3530 3172 3403 3083 3432 3294 3332 
3519 3277 3463 3312 3485 3675 3489 3510 3452 3497 3307 3525 3293 3597 3387 3526 3510 3161 3011 3562 3171 3126 3440 3599 3417 3382 3013 3396 3324 3237 3286 3528 
3400 3350 3292 3162 3388 3519 3335 3416 3108 3216 3290 3422 3246 3659 3261 3288 3220 3103 3243 3273 3237 3039 3578 3269 3415 3248 3062 3466 3123 3535 3217 3512 
3531 3519 3365 3275 3558 3609 3359 3463 3370 3267 3402 3561 3543 3573 3572 3344 3418 3255 3360 3744 3261 3174 3483 3510 3486 3476 3203 3552 3257 3540 3177 3531 
3725 3317 3267 3225 3520 3478 3146 3484 3415 3284 3088 3352 3131 3798 3330 3263 3318 3200 3241 3666 3203 3182 3551 3451 3517 3439 3201 3676 3035 3307 3085 3713 
3766 3624 3349 3467 3612 3678 3397 3592 3458 3287 3545 3669 3376 3737 3661 3363 3536 3282 3220 3903 3197 3294 3548 3411 3684 3440 3347 3695 3327 3511 3236 3606 
3347 3132 3132 3169 3318 3462 3126 3374 3177 3178 3082 3401 3172 3298 3024 3137 3137 2804 3047 3422 3088 3044 3244 3204 3181 3206 2876 3429 3018 3174 2847 3331 
3484 3171 3751 3442 3381 3430 3317 3260 3286 3335 3182 3583 3130 3387 3488 3224 3345 3147 3006 3397 3200 2989 3311 3205 3342 3490 3094 3607 3194 3327 3171 3318 
3388 3266 3138 3243 3382 3522 3120 3368 3210 3181 3006 3576 3216 3466 3334 3155 2989 2956 2961 3623 3268 2904 3189 3200 3292 3250 3061 3373 2988 3238 3019 3425 
3300 3201 3078 3182 3253 3489 3163 3385 2969 2926 3219 3403 3168 3458 2987 3057 3244 3018 3170 3455 3074 2990 3181 3110 3447 3265 3091 3416 3068 3256 3057 3175 
3313 3365 3483 3365 3451 3297 3084 3175 3270 3219 2827 3330 3353 3484 3075 3040 3092 2877 3058 3403 3101 2759 3181 3124 3353 3161 3053 3393 3155 3194 2993 3447 
3409 3168 3286 3164 3379 3600 3025 3427 3345 2951 2973 3565 3217 3362 3081 2792 3246 2876 3050 3319 3032 2993 3353 3266 3254 3287 2940 3534 3031 3234 3087 3168 
3441 3248 3278 3000 3244 3369 3133 3316 3316 3351 2956 3540 3082 3453 3148 3095 3030 3101 3245 3254 3023 3083 3116 3095 3430 3113 3092 3377 2963 3317 2877 3489 
3380 3315 3223 3386 3438 3478 3057 3449 3438 3375 3325 3643 3278 3499 3394 3061 3321 2932 3073 3441 3248 2923 3540 3147 3260 3438 3021 3524 3332 3436 3056 3470 
3137 3043 3036 2917 3179 3205 2559 3007 2839 2941 2788 3134 2981 3272 3079 2962 2677 2767 2802 3166 2795 2626 2842 2754 2957 3010 2827 3157 2870 2940 2809 3192 
3434 3133 3190 3095 3270 3571 3156 3176 3348 3216 3220 3454 2979 3476 3280 3396 3345 2943 2965 3383 3108 2987 3532 3335 3134 3340 2965 3420 3179 3144 3349 3235 
2985 3096 3209 2994 3159 3058 2832 3024 3078 3055 2799 3220 3189 3210 2955 2965 3025 2820 2862 3160 2939 2806 3062 3081 3079 3132 2759 3195 2916 3003 2963 3015 
3566 3374 3446 3173 3406 3568 3213 3602 3372 3439 3208 3523 3215 3518 3305 3359 3280 3170 3203 3443 3147 3058 3446 3137 3432 3401 3007 3754 3230 3478 3003 3585 
3798 3665 3525 3520 3753 3804 3431 3531 3416 3588 3335 3857 3511 4043 3544 3487 3404 3411 3472 3687 3305 3192 3688 3522 3609 3422 3484 3764 3559 3633 3436 3677 
3506 3329 3606 3425 3581 3520 3566 3203 3162 3260 3338 3682 3250 3383 3504 3246 3290 3055 3210 3572 3256 3171 3537 3348 3516 3459 3137 3445 3062 3402 3119 3518 
3069 2997 2792 2715 2980 3249 2909 3111 3032 2782 2898 2989 2895 3197 3014 2786 3134 2544 2885 3263 2890 2769 3115 2922 3059 2891 2817 3132 2957 2884 2850 3172 
3401 3392 3280 3223 3232 3504 3238 3269 3067 3170 3028 3496 3148 3459 3176 3109 2906 2986 3269 3358 2933 2963 3373 3141 3322 3096 2859 3445 3218 3194 2948 3355 
3717 3384 3217 3312 3543 3521 2981 3734 3559 3363 3313 3600 3552 3799 3277 3224 3271 3115 3129 3735 3378 3053 3620 3270 3556 3330 3146 3502 3309 3687 3302 3716 
3532 3356 3230 3271 3398 3685 3214 3074 3135 3149 3450 3470 3238 3461 3342 3221 3248 2916 3164 3464 3257 2982 3404 3280 3551 3347 3134 3242 3073 3278 3139 3408 
3408 3468 3511 3135 3091 3227 3194 3422 3199 3127 2989 3413 3327 3181 3346 3310 3063 2804 2925 3403 3001 3168 3158 3049 3333 3244 3121 3326 3036 3135 2950 3429 
2930 2792 2952 2683 3001 2975 2836 2951 2875 2730 2838 3028 2809 3015 2951 2777 2894 2670 2826 3090 2716 2622 3072 2916 2980 3027 2575 2734 2561 2862 2611 2931 
3327 3177 3641 3405 3594 3480 3325 3341 3317 3120 3196 3449 3343 3494 3434 3147 3250 3134 3060 3569 3138 2970 3328 3405 3393 3414 3050 3431 3129 3372 3215 3380 
3337 3113 3196 3271 3476 3278 3056 3278 3130 3185 3108 3430 3215 3408 3098 3136 3090 2934 3022 3406 3174 2905 3485 3244 3195 3457 2834 3216 3079 3039 3120 3291 
3459 3357 3107 3289 3448 3467 3083 3454 3350 3135 3324 3623 3300 3636 3381 3322 3128 3151 3116 3679 3149 2912 3570 3292 3564 3440 2907 3501 3288 3185 3153 3428 
