5599 5449 5858 5391 5456 5950 5210 5629 5482 5030 5341 5734 5457 5930 5689 5376 5345 4954 5288 5507 5256 5250 5724 5231 5482 5550 5430 5784 5218 5277 5416 5473 
5703 5489 5711 5405 5323 6178 5437 5714 5544 5322 5339 5596 5305 5549 5690 5671 5693 4998 5012 5406 5176 5258 5713 5571 5323 5456 5598 6062 5497 5336 5200 5174 
5086 5185 5474 5300 5244 5724 4929 5239 4856 5079 5095 5272 5259 5457 5150 4976 5148 4806 4893 5379 4841 5063 5347 5038 5210 5150 4910 5133 5397 5280 4912 5082 
5609 5413 5728 5352 5885 6003 5465 5352 5266 5319 5355 5453 5211 5704 5582 5302 5334 5145 5176 5490 5041 5116 5584 5606 5822 5511 5303 5558 5377 5518 5514 5185 
5407 5426 5820 5271 5522 5896 5454 5390 5457 5460 5290 5612 5250 5654 5404 5608 5675 5068 4726 5502 5014 5169 5583 5471 5460 5346 5019 5441 5496 5267 5378 5545 
5282 5298 5635 5129 5337 5801 5257 5187 4991 5077 5171 5532 5248 5572 5410 5130 5265 4935 4957 5271 5010 5075 5660 5209 5344 5140 5165 5470 5286 5439 5180 5184 
5405 5380 5431 5205 5450 5664 5294 5338 5168 4902 5321 5383 5252 5470 5519 5199 5345 4946 4973 5362 4962 5115 5425 5236 5300 5203 5020 5514 5262 5283 4966 5188 
5633 5283 5594 5243 5623 5779 5038 5389 5420 5119 5080 5256 4894 5780 5503 5238 5251 5109 5027 5647 5060 5102 5630 5389 5401 5347 5227 5858 5196 5033 5188 5477 
5681 5654 5670 5493 5593 5743 5416 5420 5391 5141 5554 5611 5161 5847 5637 5394 5605 5284 5217 5741 5068 5422 5599 5356 5783 5302 5392 5802 5510 5448 5276 5344 
5281 5276 5436 5095 5392 5741 5089 5265 5050 4977 5170 5387 5166 5338 5172 5105 5147 4844 4820 5510 4940 4972 5404 5080 5176 5073 5009 5471 5241 5102 4931 5091 
5341 5102 6011 5484 5352 5589 5346 5124 5140 5264 5206 5480 4997 5552 5589 5215 5325 5031 4897 5332 4960 5048 5609 5275 5337 5335 5121 5641 5298 5339 5274 5059 
5402 5370 5548 5194 5496 5722 5104 5171 5464 5142 5152 5736 5201 5478 5503 5187 4949 5003 4821 5740 5048 5072 5253 5111 5295 5271 5341 5471 5186 5244 5190 5221 
5252 5354 5456 5156 5137 5693 5115 5147 4996 4836 5182 5367 4975 5539 4984 4865 5140 4911 4926 5477 4758 5080 5253 5067 5559 5289 5035 5520 5086 5166 5118 5001 
5313 5567 5997 5603 5592 5616 5046 5130 5435 5351 4989 5459 5347 5532 5358 5197 5213 4787 5052 5447 5030 4948 5281 5049 5537 5347 5357 5481 5422 5125 5126 5160 
5191 4988 5386 5036 5385 5744 4814 5182 5114 4736 4783 5318 5067 4995 5070 4602 5140 4652 4787 5270 4710 4947 5240 5281 5156 5105 4898 5333 5165 5078 5059 4812 
5422 5521 5832 5169 5496 5785 5291 5420 5567 5364 5169 5731 5116 5725 5342 5251 5215 5152 5159 5359 4903 5236 5381 5317 5600 5229 5205 5611 5268 5371 5107 5514 
5273 5256 5517 5492 5329 5691 4956 5387 5508 5234 5357 5726 5102 5446 5498 5076 5397 4906 4855 5380 4973 5126 5621 4952 5249 5098 5035 5540 5473 5214 5037 5060 
5065 5268 5419 5140 5214 5517 4604 5067 5032 4870 4680 5248 4932 5397 5360 4934 4725 4744 4746 5062 4667 4751 4870 4804 5031 5041 4970 5294 5129 4932 4917 4973 
5504 5397 5784 5320 5473 5920 5250 5122 5478 5375 5402 5682 5020 5722 5633 5595 5539 5004 5119 5530 5045 5168 5695 5487 5294 5473 5175 5724 5545 5068 5671 5171 
4932 5359 5635 5083 5247 5197 4921 5100 5202 5044 5019 5215 5110 5282 5099 5059 5023 4706 4659 5180 4875 4953 5170 5073 5243 5200 4830 5307 5149 4967 5014 4845 
5619 5607 5996 5418 5606 6014 5407 5720 5548 5541 5396 5682 5431 5618 5605 5616 5522 5448 5369 5560 5198 5387 5781 5303 5666 5557 5371 6320 5716 5611 5300 5582 
5674 5662 5883 5588 5679 6007 5534 5497 5238 5388 5249 5745 5321 6036 5778 5484 5505 5386 5169 5507 5244 5270 5653 5296 5516 5162 5547 5877 5693 5571 5467 5380 
5269 5201 5748 5370 5391 5462 5329 5117 4921 4991 5176 5442 4882 5253 5363 5110 5122 4684 4927 5331 5036 5045 5608 5314 5378 5162 5048 5405 5053 5143 4943 5187 
5026 5122 5103 4742 5108 5423 4974 5105 5135 4759 4851 4990 4808 5151 5209 4770 5134 4410 4731 5200 4746 4864 5333 4939 5121 4774 4860 5210 5224 4785 4802 5009 
5360 5430 5632 5218 5377 5663 5198 5109 5016 5077 5053 5578 5102 5474 5374 5120 4787 4968 5180 5329 4791 4945 5433 5135 5228 5230 5005 5529 5370 5084 5074 5201 
5578 5626 5251 5381 5634 5747 4901 5590 5407 5043 5362 5555 5311 5648 5429 4984 5350 4955 5069 5650 5239 5111 5625 5196 5616 5277 5185 5530 5465 5429 5414 5446 
5273 5199 5294 5045 5149 5731 4887 4743 4885 4928 5082 5197 4803 5242 5276 5067 5031 4657 4797 5129 4872 4940 5152 4922 5394 4960 4970 5023 5004 4968 4737 5004 
5283 5497 5672 5036 5131 5347 5091 5319 5179 5016 4900 5188 5211 5151 5311 5293 5000 4692 4709 5264 4651 5123 5168 5049 5393 5118 5079 5498 5089 4921 5063 5267 
4986 5033 5302 4924 5147 5393 4958 5013 5021 4755 4932 5066 4812 5223 5211 4871 5096 4761 4798 5211 4545 4866 5288 5158 5153 5096 4632 5001 4928 4930 4837 4817 
5274 5325 5986 5515 5586 5617 5190 5307 5486 5039 5153 5581 5126 5614 5668 4975 5247 5062 4839 5451 4998 4989 5384 5334 5191 5242 5081 5516 5154 5208 5241 5192 
5097 5380 5468 5343 5507 5649 5104 5210 5002 4937 5162 5313 5143 5470 5108 5216 5159 4898 4649 5394 5104 4971 5611 5186 5258 5328 4807 5287 5356 4904 5084 5119 
5137 5379 5320 5380 5348 5557 5049 5350 5335 4981 5208 5355 5075 5510 5472 5341 5020 4970 4872 5452 4966 4746 5473 5187 5458 5140 4805 5430 5471 5110 5211 5124 
