585 576 613 617 698 640 618 728 405 714 517 732 751 802 512 568 456 624 713 608 652 498 458 684 793 638 590 713 511 610 653 835 
682 640 623 594 699 710 726 840 548 813 545 799 781 900 520 735 540 651 703 652 699 567 513 728 805 709 629 847 629 607 733 844 
595 605 734 649 771 619 646 673 398 739 568 687 746 691 514 663 567 644 621 665 652 506 462 716 807 643 513 705 580 655 711 828 
737 673 677 592 926 689 752 762 559 770 645 796 722 930 614 576 533 734 785 728 780 518 571 894 981 726 619 835 690 776 888 833 
709 619 784 628 812 713 776 786 557 788 645 825 768 832 535 648 555 722 721 698 753 537 525 901 919 738 628 729 603 738 751 874 
630 597 697 591 734 512 683 609 370 695 513 659 564 729 482 621 494 585 656 569 615 468 454 711 758 581 541 700 518 656 710 780 
643 547 640 536 695 533 556 733 463 699 518 723 809 707 493 575 478 669 673 559 750 498 447 623 778 617 525 630 554 576 676 808 
702 561 642 634 704 599 650 743 556 678 495 676 614 880 573 559 460 643 709 643 664 486 444 781 815 619 566 774 569 599 743 857 
629 599 641 527 694 507 584 663 443 672 487 633 611 675 483 513 521 561 548 640 699 437 357 631 653 583 487 706 559 593 608 790 
593 507 577 496 599 497 633 567 403 665 528 589 679 689 465 592 454 586 636 489 575 390 416 669 723 513 486 677 498 532 549 743 
633 487 715 579 707 494 680 614 435 812 549 658 580 700 535 563 515 653 566 611 642 449 425 714 701 638 414 707 546 619 589 763 
679 602 628 608 801 654 672 735 451 702 463 776 793 740 519 599 580 614 735 722 724 460 469 703 851 738 534 715 649 648 717 821 
590 669 686 630 817 696 722 690 455 733 576 829 682 805 469 619 551 691 736 632 682 512 488 794 831 610 648 713 523 659 774 805 
665 661 693 657 780 610 691 693 482 725 480 683 709 824 538 627 541 574 633 715 717 456 479 753 778 712 561 774 629 620 669 850 
631 472 684 572 744 662 687 743 538 703 541 701 653 738 478 508 491 632 633 658 688 517 461 778 808 660 530 725 588 603 710 780 
777 653 798 718 911 775 837 755 495 828 641 942 851 934 662 741 617 815 924 829 838 573 608 970 1066 743 720 845 686 876 846 998 
468 400 446 357 546 380 435 472 331 447 365 454 478 486 364 352 367 384 457 426 474 364 339 495 569 489 338 489 444 461 498 564 
721 715 729 641 796 687 695 728 470 774 572 789 780 838 629 681 520 656 712 710 696 488 441 744 860 689 574 806 583 691 714 888 
528 392 537 508 544 474 571 586 408 572 459 579 539 617 354 476 408 495 522 473 550 440 414 565 647 614 407 600 461 524 580 612 
663 610 726 643 807 624 762 710 527 812 647 754 824 840 568 622 615 714 703 618 719 540 535 791 864 740 534 792 654 728 741 863 
640 582 753 635 748 616 664 685 513 790 583 742 705 792 531 621 505 706 717 677 697 461 467 772 794 719 518 767 649 665 652 816 
641 577 680 574 742 598 681 639 482 744 526 712 663 847 581 670 451 692 726 593 623 475 515 820 820 577 583 690 562 619 689 793 
751 642 850 737 918 691 841 763 525 870 649 932 834 840 601 655 687 825 832 792 874 647 582 885 964 799 646 856 668 781 834 1015 
506 503 448 535 631 585 524 615 486 549 487 560 573 658 411 359 497 453 561 600 612 341 424 576 702 595 480 630 437 493 654 691 
727 693 806 775 843 682 744 796 509 841 686 850 808 948 575 762 502 835 835 736 840 525 525 872 882 704 672 814 636 750 782 951 
712 656 556 571 741 646 634 763 559 718 546 731 823 822 563 578 538 597 690 720 823 400 504 702 833 761 538 776 662 705 695 853 
576 532 637 554 767 582 632 565 417 663 546 629 611 645 518 535 493 568 634 608 595 413 452 685 778 618 488 634 492 606 666 688 
748 564 723 575 705 575 675 680 445 769 592 768 772 677 558 673 507 652 665 706 700 487 485 766 845 702 469 729 667 653 625 897 
543 429 545 439 603 436 556 557 362 566 480 551 659 599 483 455 447 557 559 596 533 310 376 584 731 540 340 561 495 502 571 674 
675 632 791 682 850 613 774 753 456 813 603 768 698 668 505 666 624 730 694 699 782 582 531 763 766 681 563 704 571 670 781 859 
696 654 724 649 836 586 707 729 487 714 574 776 740 701 421 610 600 698 661 661 794 525 488 730 786 716 533 749 658 618 773 864 
648 548 630 491 696 503 579 682 457 649 539 724 654 748 499 608 412 682 665 621 693 442 458 734 819 647 480 606 652 615 736 670 
