4849 4811 4938 4672 4781 5223 4499 4887 4900 4393 4582 5159 4811 5150 5137 4582 4489 4230 4561 4805 4687 4559 4988 4679 4734 4870 4661 4988 4608 4732 4742 4940 
5010 4868 4887 4707 4763 5472 4776 4989 4916 4712 4595 5048 4774 4917 5090 4968 4940 4374 4393 4788 4634 4655 5034 4979 4683 4787 4863 5244 4833 4835 4573 4703 
4456 4551 4633 4643 4600 5078 4191 4567 4271 4467 4395 4698 4622 4685 4607 4183 4360 4205 4286 4720 4343 4441 4716 4514 4442 4582 4223 4438 4786 4711 4318 4488 
4889 4770 4827 4663 5216 5211 4734 4633 4596 4632 4593 4852 4675 4949 4980 4587 4549 4451 4530 4794 4520 4469 4820 4996 5088 4895 4641 4827 4751 4973 4821 4604 
4605 4501 4788 4500 4697 5050 4683 4536 4668 4658 4396 4920 4544 4712 4719 4740 4701 4271 3970 4682 4300 4347 4747 4764 4533 4569 4117 4549 4719 4565 4592 4698 
4780 4788 4935 4613 4816 5230 4708 4669 4515 4560 4638 5042 4727 4951 4924 4560 4635 4407 4446 4676 4568 4511 5182 4808 4764 4652 4604 4897 4788 4951 4720 4771 
4659 4682 4511 4505 4785 4946 4581 4507 4482 4238 4527 4727 4668 4677 4901 4426 4569 4275 4271 4770 4417 4376 4727 4665 4575 4492 4299 4765 4646 4705 4401 4532 
4932 4589 4651 4576 4846 4986 4352 4643 4768 4410 4313 4705 4326 5068 4884 4529 4461 4413 4443 4886 4486 4442 4964 4762 4626 4743 4494 5064 4520 4549 4450 4808 
4871 4906 4713 4809 4820 5036 4642 4715 4619 4418 4739 4918 4558 4905 4985 4598 4745 4435 4454 5090 4514 4607 4855 4787 4978 4575 4632 5029 4869 4712 4643 4684 
4588 4466 4533 4373 4664 4965 4381 4547 4363 4332 4347 4714 4440 4547 4514 4310 4357 4157 4133 4717 4325 4290 4681 4480 4340 4429 4197 4671 4557 4520 4243 4424 
4618 4469 5123 4755 4657 4864 4585 4374 4500 4498 4394 4893 4355 4741 4993 4473 4547 4331 4132 4615 4366 4434 4830 4611 4571 4716 4374 4813 4687 4718 4573 4434 
4690 4676 4724 4537 4722 5044 4389 4538 4723 4481 4302 5141 4591 4727 4881 4548 4161 4211 4114 4992 4475 4350 4605 4586 4549 4605 4532 4647 4514 4617 4474 4567 
4403 4467 4424 4372 4258 4807 4331 4319 4238 4063 4267 4616 4289 4601 4290 4074 4250 4053 4114 4576 4128 4270 4496 4301 4599 4488 4125 4585 4356 4517 4277 4162 
4623 4859 5104 4851 4876 4884 4336 4438 4789 4602 4148 4839 4635 4754 4737 4442 4423 4170 4300 4685 4426 4263 4609 4527 4729 4625 4548 4726 4818 4547 4475 4529 
4662 4429 4713 4488 4779 5174 4341 4656 4650 4227 4226 4887 4651 4484 4603 4073 4549 4113 4298 4687 4303 4429 4726 4806 4560 4604 4315 4806 4685 4614 4595 4313 
4614 4683 4792 4406 4625 4932 4512 4605 4766 4628 4240 5004 4449 4837 4683 4401 4320 4337 4417 4544 4279 4465 4566 4655 4730 4496 4371 4789 4509 4762 4367 4729 
4589 4609 4624 4797 4696 4941 4258 4682 4763 4614 4558 5097 4555 4686 4903 4360 4623 4154 4282 4729 4501 4379 4959 4421 4528 4526 4347 4766 4845 4633 4456 4484 
4435 4641 4643 4476 4615 4898 3984 4359 4429 4329 4041 4710 4360 4719 4781 4318 4098 4100 4125 4474 4114 4107 4304 4272 4388 4478 4307 4570 4530 4426 4313 4516 
4709 4602 4743 4550 4698 5173 4434 4349 4715 4526 4580 5031 4341 4838 4944 4766 4615 4266 4352 4743 4428 4479 4962 4815 4450 4723 4330 4858 4888 4439 4839 4444 
4219 4495 4730 4356 4469 4480 4228 4386 4434 4324 4215 4589 4532 4475 4471 4315 4256 3969 3986 4430 4296 4166 4488 4459 4406 4524 4024 4533 4463 4279 4332 4166 
4852 4897 5126 4752 4796 5328 4627 4960 4845 4891 4565 5050 4840 4885 4992 4917 4702 4627 4657 4872 4614 4641 5050 4705 4948 4872 4530 5411 4954 4964 4575 4924 
4990 5046 4973 4892 5063 5370 4855 4716 4660 4791 4579 5183 4773 5377 5166 4759 4690 4685 4640 4961 4730 4579 5036 4796 4837 4592 4854 5105 5124 4993 4906 4799 
4757 4641 5040 4839 4846 4923 4784 4494 4546 4495 4649 4997 4443 4696 4941 4530 4525 4216 4475 4797 4569 4546 5042 4810 4815 4683 4455 4798 4542 4734 4463 4713 
4441 4498 4372 4149 4465 4877 4313 4515 4551 4183 4205 4482 4323 4396 4716 4179 4485 3839 4199 4631 4288 4284 4737 4422 4436 4277 4249 4587 4699 4227 4232 4399 
4583 4744 4771 4486 4679 5022 4432 4381 4390 4388 4227 4993 4491 4666 4699 4388 3993 4207 4400 4644 4179 4277 4736 4506 4514 4531 4234 4730 4696 4475 4361 4606 
4988 5010 4600 4824 5017 5141 4252 5007 4861 4487 4620 5013 4810 5024 4892 4405 4670 4370 4456 5021 4793 4559 5038 4717 4980 4673 4512 4867 4849 5008 4823 4838 
4611 4508 4334 4327 4464 4987 4236 3994 4238 4231 4352 4541 4230 4455 4630 4313 4325 3954 4164 4468 4337 4180 4577 4347 4686 4315 4319 4360 4409 4351 4154 4320 
4658 4852 4837 4455 4425 4627 4459 4667 4521 4442 4238 4691 4717 4456 4803 4691 4258 4034 4120 4544 4276 4420 4584 4507 4640 4454 4358 4737 4499 4410 4421 4649 
4227 4346 4322 4116 4353 4602 4149 4284 4260 3973 4107 4441 4159 4408 4538 4103 4268 3924 4049 4378 3974 4089 4614 4470 4326 4404 3848 4096 4217 4217 4046 4165 
4567 4563 5088 4838 4888 4998 4555 4575 4796 4346 4443 5013 4637 4859 5049 4350 4490 4311 4245 4826 4431 4313 4815 4719 4481 4626 4357 4765 4535 4597 4554 4490 
4396 4505 4499 4613 4786 4809 4529 4404 4281 4278 4356 4716 4483 4654 4472 4392 4396 4211 4035 4658 4445 4261 4901 4549 4451 4720 4039 4580 4660 4375 4401 4389 
4571 4766 4565 4711 4806 4951 4445 4713 4710 4404 4548 4886 4540 4862 4900 4717 4422 4374 4271 4793 4480 4190 4946 4622 4829 4614 4210 4760 4887 4576 4556 4579 
