669 797 552 601 542 895 720 594 696 663 676 583 729 460 777 612 649 605 620 722 638 641 717 557 717 668 662 654 526 831 734 648 
772 825 535 582 708 957 766 686 835 741 749 620 942 706 764 780 711 796 761 783 695 759 790 631 747 640 690 660 662 948 700 718 
607 636 494 536 463 815 602 550 594 560 636 572 653 410 667 612 603 589 613 655 582 532 662 494 607 582 538 541 435 697 645 489 
732 837 546 726 588 936 744 663 738 618 553 566 761 507 732 739 663 691 591 688 691 677 771 599 711 530 776 675 567 839 736 510 
800 801 626 605 660 1042 812 646 818 678 594 618 782 727 887 789 706 670 741 862 744 716 765 670 853 668 786 652 674 854 790 655 
652 601 431 549 503 767 646 429 608 570 594 474 593 413 671 551 587 575 614 579 570 500 706 539 669 460 595 485 400 688 629 510 
751 727 571 620 595 922 745 559 704 669 559 597 735 492 775 609 723 566 702 736 636 582 758 561 760 661 687 621 469 747 663 605 
786 827 698 639 683 988 731 692 803 686 661 686 800 522 822 603 750 654 749 714 764 745 796 728 935 645 714 623 532 834 761 685 
746 891 630 687 653 941 764 653 807 691 631 566 799 571 805 710 604 700 689 717 745 781 735 654 724 623 778 654 592 896 741 668 
785 764 571 569 649 951 782 601 736 639 659 608 800 563 778 721 767 580 755 782 740 698 792 592 809 618 642 657 543 794 750 715 
762 749 549 549 561 910 696 532 733 602 628 577 776 549 728 569 651 688 659 730 640 536 748 519 727 463 762 652 505 750 639 600 
741 661 591 663 614 904 777 610 700 561 501 698 757 488 801 584 669 580 780 757 671 617 678 684 810 651 774 511 477 728 696 714 
793 877 671 643 672 1012 813 675 807 684 693 651 824 564 833 674 707 701 763 796 795 723 825 681 872 599 746 716 538 842 829 722 
754 678 517 618 583 820 671 529 640 570 580 586 711 537 766 600 656 629 716 730 722 568 758 507 681 513 726 628 476 693 583 676 
765 816 605 689 624 952 801 556 753 632 542 568 783 566 808 724 638 731 742 729 761 766 762 636 788 597 749 661 618 867 672 695 
539 469 437 464 448 695 526 542 505 425 539 548 619 428 647 555 608 538 650 607 469 613 593 416 540 544 434 451 413 576 523 565 
626 625 606 618 526 888 682 642 689 540 580 624 787 492 716 587 695 627 670 686 646 711 734 612 687 577 645 484 479 777 689 633 
521 576 460 510 471 702 584 554 474 509 550 571 606 396 587 510 543 507 562 530 534 487 567 450 622 498 596 526 397 652 565 488 
768 695 523 529 583 845 687 641 692 660 612 561 755 497 737 536 698 583 638 702 711 612 795 568 764 614 710 584 506 751 648 577 
592 655 544 487 520 731 570 521 649 539 562 519 583 520 701 556 589 580 618 695 655 574 678 530 709 515 581 535 464 660 594 570 
761 764 547 592 540 868 784 590 606 694 693 591 745 568 770 673 687 668 747 725 664 648 817 531 786 625 762 664 574 819 707 587 
607 608 502 549 490 775 676 495 644 503 617 421 642 397 659 505 658 498 626 642 582 609 657 517 600 514 543 560 478 655 607 681 
772 731 454 510 565 772 670 562 725 511 565 513 641 542 722 601 645 575 560 587 617 622 725 481 833 497 666 547 503 759 564 496 
614 544 436 355 470 703 566 405 474 533 451 414 538 467 563 480 538 470 505 534 556 424 621 482 597 451 478 435 415 609 533 474 
684 774 582 514 598 776 601 590 678 611 570 615 706 560 777 639 651 615 633 612 632 618 715 413 757 528 648 623 456 659 670 516 
754 644 584 580 553 825 681 588 604 624 597 596 672 566 773 654 624 579 743 742 704 575 758 586 669 650 683 547 511 676 699 561 
742 751 600 592 559 955 723 512 638 624 610 559 742 509 681 661 632 627 701 648 692 626 748 562 751 524 670 628 579 795 617 617 
704 633 489 522 520 828 636 483 634 503 521 520 675 550 675 588 625 585 590 652 548 549 660 527 607 455 610 534 439 717 556 559 
556 558 334 382 446 563 532 400 589 468 446 382 535 408 494 468 455 408 454 574 481 464 582 450 629 465 462 406 422 604 483 472 
612 764 454 557 585 804 645 478 674 585 510 510 656 454 689 558 680 535 551 626 548 536 697 452 769 433 679 659 462 710 593 576 
684 728 613 647 554 852 712 497 667 555 525 561 720 459 645 641 644 559 623 621 587 565 679 562 704 475 653 598 482 700 629 588 
644 731 558 618 557 813 720 559 756 608 549 446 724 450 787 606 647 668 671 677 719 785 772 610 713 548 704 545 559 762 670 613 
