5080 5126 5530 5335 5191 6181 5493 5349 5318 5393 5554 4988 5311 5167 5835 5330 5189 5336 5746 5926 5696 5194 5751 5119 5602 5436 5142 5348 5213 5497 5594 5347 
5188 5100 5241 5426 5195 5944 5479 5314 5267 5317 5427 5121 5612 5365 5880 5381 5398 5552 5557 5940 5470 5220 5622 4870 5504 5169 5170 5287 5334 5418 5149 5320 
5151 4684 5075 5338 4855 5343 5097 5008 4623 5111 5138 5244 5009 4718 5594 4996 4984 5089 5073 5629 5196 4862 5296 4738 4938 5133 5094 5242 4831 5079 5121 4988 
5216 4940 5549 5523 5163 6055 5394 5292 5057 5274 5463 5035 5287 5061 5685 5343 5054 5220 5260 5898 5360 5003 5534 4998 5394 5295 5273 5459 5147 5376 5387 5150 
5319 4830 5461 5142 5330 5984 5454 5135 5037 5172 5265 5047 5295 5100 5791 5235 5362 5162 5405 6240 5543 4865 5513 5012 5553 5520 5199 5182 5232 5199 5517 5412 
5046 4763 5070 5196 5003 5766 5084 5123 4832 4974 5387 5017 5031 5038 5899 4984 5030 5415 5356 5719 5383 4719 5490 5119 5278 5111 5147 5029 4841 5133 5240 5352 
4708 4837 5077 5095 4836 5748 5000 5027 5086 5366 5064 5094 4995 4790 5740 5150 5102 5246 5305 5863 5199 4831 5430 4771 5294 5058 5250 5203 5015 5024 4996 5292 
5183 4931 5372 5163 5250 5845 5375 5098 5099 4911 5441 4853 5327 4888 5655 4936 5217 5271 5452 5734 5439 4981 5644 4962 5668 5290 5256 5316 4736 5167 5328 5387 
5068 5272 5253 5537 5340 5846 5207 5259 4999 5313 5421 5375 5312 5041 6071 5397 5147 5426 5655 6059 5537 5440 5368 5310 5384 5440 5668 5648 5080 5212 5189 5373 
5081 4658 4985 5077 5134 5586 5308 5089 4686 4975 5213 4869 5103 4749 5389 5061 5146 4841 5473 5747 5392 4731 5528 4649 5137 5264 4872 5122 4927 4998 5178 5237 
5399 5103 5411 5143 4968 6060 5042 5192 5005 5260 5213 4781 5093 4961 5801 5268 5137 5416 5181 5927 5253 4818 5326 4763 5181 4995 5407 5327 4818 5003 5032 5304 
5303 4509 5289 5048 5206 5668 5326 5325 4879 5076 5143 5315 5217 4974 5821 5201 5128 5141 5517 5962 5331 4940 5343 5032 5306 5259 5340 4929 4882 5165 5334 5191 
4673 4877 5110 4989 5074 5749 5227 5063 4736 5245 5042 5116 5018 4891 5362 5117 4827 4892 5223 5591 5121 4802 5345 4766 5081 5243 4836 5157 4793 4699 5015 4933 
5053 4807 5510 5363 5222 5642 5156 5104 4889 5056 5308 4815 5077 5027 5842 5099 5204 5168 5587 5951 5434 4979 5533 4748 5230 5349 5313 5285 5137 5105 5124 5144 
4972 4653 5014 5049 5163 5430 5105 4943 4938 4891 4930 4774 4971 4370 5721 5018 4797 5074 5058 5522 5275 4565 5183 4725 5092 4977 4900 5058 4742 5099 4985 5235 
5069 4850 5589 5347 5346 5922 5288 5319 4884 5291 5476 5114 5409 4952 6003 5351 5394 5103 5520 6088 5351 4976 5644 4996 5164 5435 5160 5381 5026 4875 5309 5281 
5089 4627 5474 5147 4963 5383 5120 5088 4972 5114 5104 5034 5249 4910 5843 5160 5214 5428 5591 6091 5100 5028 5653 4908 5166 5394 5148 5022 4908 5279 5324 5458 
4781 4625 5299 4906 5077 5307 5043 4914 4442 5062 4837 4846 4925 4860 5460 4787 4825 5006 5275 5495 4997 4655 5162 4600 4970 4867 4743 5074 4569 4707 4882 4776 
5188 4952 5540 5279 5153 6035 5186 5263 5301 5280 5366 5042 5335 5171 5683 5350 5182 5259 5488 6395 5777 4909 5746 5140 5602 5380 5235 5344 5038 5142 5676 5272 
4875 4573 5271 5064 4900 5257 4882 4967 4788 4934 5001 5053 4892 4950 5542 4694 4861 5083 5096 5850 5205 4793 5168 4719 5167 5081 5007 5226 4638 4831 5263 4911 
5535 5318 5535 5267 5596 6107 5710 5425 4957 5342 5433 5400 5449 5288 5933 5417 5332 5216 5587 6124 5674 4961 5717 4807 5686 5349 5346 5320 5194 5389 5449 5271 
5238 5022 5643 5397 5118 5974 5620 5645 5528 5658 5651 5032 5544 5241 5829 5373 5753 5416 5561 5981 5661 5209 5813 5126 5462 5330 5525 5146 5150 5402 5500 5635 
5076 4831 5218 5093 5179 5601 5060 4922 5032 4926 4927 4827 5030 4795 5699 5167 5264 4830 5253 5671 5288 4857 5249 4836 5264 5143 5071 5002 4915 4900 5042 5181 
4744 4627 5115 4525 5032 5099 4951 4777 4505 5031 4818 4765 4773 4710 5243 4810 4814 4757 5039 5431 4990 4679 5146 4537 5007 5050 4760 4893 4427 4698 4892 4872 
4772 4887 5194 5157 5149 5877 4957 5052 4958 5167 4996 5147 4990 5010 5523 4961 5143 5057 5111 5546 5190 4865 5225 4657 5464 5232 5170 5238 4674 4810 5178 5071 
5255 4817 5311 5190 5269 5759 5377 5362 5058 5368 5128 5375 5254 5027 5756 5296 5202 5249 5537 6122 5455 4738 5793 5095 5273 5370 5259 5190 5074 5154 5442 5228 
4533 4557 5053 5194 4771 5682 4893 4677 4641 5172 4803 4678 4834 4947 5438 4914 5052 5240 5304 5386 4871 4615 5193 4690 5092 4910 4993 4769 4675 4961 4942 4990 
5222 4640 5106 4750 5146 5866 5118 4847 4731 4997 4891 4924 5104 5049 5513 5044 5120 5036 5374 5850 5030 4424 5178 4842 5069 4756 5396 5137 4756 4722 4758 5201 
4965 4556 5074 4947 4733 5166 4990 4916 4739 4835 4699 4571 4970 4922 5389 4857 4995 4931 4882 5565 4985 4709 5229 4632 4911 4962 5012 4869 4519 4788 5050 5123 
4906 5071 5460 4978 5160 5662 5322 5213 5100 5116 5089 5041 5057 4900 5702 4955 5158 5273 5259 5623 5153 4926 5538 4885 5238 5210 5224 5182 4857 4896 5413 5214 
4949 4791 5518 5219 5312 5475 5069 5077 4897 4971 5232 4931 5088 4833 5733 5123 5350 5221 5313 5861 5325 4845 5385 4884 5324 5123 5279 5258 5000 4931 5248 5372 
5083 4876 5059 5197 5064 5493 5191 5086 4876 5180 5150 4801 5072 4776 5626 4925 5256 5258 5254 5869 5250 5130 5383 4881 5305 5255 5204 5216 4897 4811 5270 5262 
