3927 3994 4081 3988 4129 4739 4313 4133 4203 3916 4229 3687 3963 3981 4504 4088 3922 4089 4403 4600 4325 3768 4542 3937 4173 4259 4061 3898 3770 4412 4437 4053 
3975 3991 3879 4135 4003 4519 4146 4121 4170 3807 4073 3777 4223 4233 4432 4122 4124 4350 4287 4609 4142 3762 4342 3768 4105 3831 3860 3847 3821 4390 4093 4035 
3941 3537 3681 4003 3651 4079 3911 3810 3671 3523 3896 3868 3692 3541 4223 3784 3723 3873 3780 4147 3859 3564 4073 3467 3635 3878 3827 3773 3480 4005 3944 3782 
3993 3781 4033 4073 3983 4535 4068 3962 3963 3649 3941 3709 3924 3848 4249 3956 3723 3919 3880 4480 4123 3521 4171 3738 3926 3930 4031 3842 3749 4280 4153 3825 
3790 3428 3871 3714 3863 4312 3991 3775 3822 3408 3690 3437 3801 3935 4133 3794 3766 3738 3835 4625 3919 3375 4173 3687 3896 3996 3802 3574 3551 4082 3947 3912 
3964 3744 3928 4064 3999 4567 4024 4086 4026 3619 4159 3938 3906 3987 4697 3972 3841 4204 4138 4479 4244 3581 4542 4121 4109 4157 4166 3662 3642 4266 4162 4125 
3612 3777 3749 3811 3672 4276 3870 3811 3997 3804 3783 3738 3797 3684 4329 3963 3777 4014 4097 4449 3900 3520 4142 3627 3901 3901 3969 3787 3608 3976 3845 3993 
3945 3823 3953 3888 4072 4344 4009 3912 3911 3461 4019 3564 3907 3651 4161 3733 3849 3954 4108 4361 4032 3623 4356 3824 4289 4056 3859 3732 3527 3969 4051 4080 
3876 4005 3969 4202 4076 4477 4040 3978 4070 3767 4041 3999 4037 3860 4523 4183 3933 4075 4250 4651 4249 3984 4185 4046 4052 4181 4358 4080 3658 4175 3996 4083 
3879 3527 3665 3765 3970 4185 4135 3822 3700 3407 3899 3608 3947 3643 4162 3865 3829 3709 4280 4426 4047 3417 4416 3588 3815 4019 3570 3694 3627 4082 4045 4044 
4066 3820 4009 3845 3842 4582 3849 3942 3949 3750 3998 3514 3885 3882 4447 3948 3928 4113 3970 4575 3985 3465 4099 3796 3943 3813 4049 3882 3383 3958 3826 4164 
4003 3419 3956 3649 3836 4237 3954 4018 3866 3570 3836 3786 3878 3676 4373 3830 3913 3912 4096 4434 3851 3497 4110 3840 4079 3956 3933 3432 3384 3993 3953 3917 
3380 3593 3599 3455 3599 4080 3726 3675 3614 3409 3459 3511 3598 3620 3801 3629 3285 3539 3770 4005 3627 3346 3949 3586 3681 3762 3449 3457 3234 3675 3685 3529 
3822 3617 4034 3909 4041 4236 3951 3784 3842 3408 3848 3518 3724 3842 4493 3831 3977 3912 4129 4528 4063 3573 4315 3548 3776 4030 3923 3818 3714 3994 3909 3815 
3908 3689 3811 3860 4103 4281 3999 3865 3948 3613 3755 3584 3803 3438 4450 3811 3659 4117 3959 4230 4136 3507 4154 3670 3949 3864 3788 3709 3615 4205 3869 4168 
3665 3539 3962 3729 3895 4239 3783 3840 3626 3485 3774 3491 3817 3635 4310 3786 3763 3659 3953 4475 3744 3391 4151 3515 3547 3885 3603 3538 3344 3661 3769 3768 
4166 3778 4238 4067 4092 4308 4096 4003 4275 3789 3989 3955 4232 3797 4726 4062 4239 4353 4430 4859 4178 3799 4554 3975 4086 4397 4031 3860 3740 4255 4291 4316 
3518 3454 3862 3619 3876 3915 3832 3636 3472 3496 3570 3435 3616 3624 4036 3708 3525 3674 3852 4122 3722 3322 3949 3472 3590 3666 3477 3631 3257 3693 3804 3463 
4020 3819 4134 3964 4004 4685 4106 3981 4222 3753 4068 3769 4035 3979 4364 4093 3975 4096 4236 4959 4328 3595 4615 4044 4267 4165 4003 3945 3578 4093 4353 4028 
3598 3298 3765 3623 3533 3859 3548 3504 3642 3216 3566 3472 3607 3705 4060 3337 3361 3834 3732 4231 3662 3387 3930 3460 3747 3712 3656 3619 3107 3773 3847 3626 
4166 4079 4007 4023 4354 4662 4251 4156 3808 3757 4179 3909 4079 4011 4401 4092 4095 4043 4137 4669 4222 3612 4473 3737 4388 4072 3970 3808 3766 4277 4165 4090 
4071 3925 4249 4125 4133 4573 4225 4490 4290 4094 4402 3849 4153 4189 4454 4256 4419 4248 4309 4749 4405 3847 4587 4035 4145 4149 4213 3782 3824 4424 4321 4344 
3880 3632 3791 3790 3913 4229 3935 3732 3954 3508 3681 3519 3727 3733 4290 3937 3910 3710 3993 4298 3924 3576 4042 3614 3892 3842 3953 3547 3473 3982 3694 3927 
3783 3674 3940 3376 3968 4066 3854 3662 3625 3607 3680 3626 3657 3730 4117 3769 3778 3788 3828 4273 3833 3501 4205 3560 3838 3905 3728 3596 3339 3863 3893 3770 
3446 3664 3577 3675 3863 4193 3540 3686 3636 3293 3546 3645 3517 3728 4075 3603 3671 3758 3667 4163 3674 3354 3996 3415 3879 3816 3749 3628 3107 3793 3939 3672 
4089 3786 4101 3990 4092 4335 4133 4110 4079 3787 3849 3957 4023 3939 4453 4161 4026 4188 4258 4825 4111 3504 4598 4007 4027 4179 4017 3805 3763 4162 4413 4078 
3405 3456 3712 3850 3620 4350 3740 3491 3549 3610 3572 3491 3581 3823 4163 3811 3739 4001 4033 4011 3658 3341 3928 3645 3862 3679 3738 3373 3450 4022 3762 3702 
3932 3534 3750 3650 3943 4468 3817 3490 3679 3489 3670 3433 3825 3935 4047 3954 3814 3837 3948 4400 3752 3224 4009 3694 3756 3677 3928 3710 3408 3695 3683 3806 
3616 3467 3645 3588 3599 3832 3733 3607 3719 3315 3583 3301 3744 3671 4094 3638 3760 3648 3669 4141 3705 3367 4039 3508 3701 3693 3590 3449 3237 3661 3820 3868 
3635 3868 3987 3619 3821 4299 3964 3960 3984 3392 3822 3706 3702 3713 4161 3704 3815 4102 3920 4254 3788 3458 4181 3722 3816 3911 3809 3703 3391 3953 4155 3889 
3724 3559 4100 3879 3906 4064 3869 3782 3933 3413 3762 3600 3840 3647 4170 3765 3828 3886 3871 4376 3949 3367 4119 3598 3775 3778 3814 3699 3515 3976 3832 3933 
3904 3846 3810 3937 3906 4168 4000 3953 3887 3685 3933 3575 3896 3750 4362 3817 3983 4045 4120 4572 4066 3877 4297 3784 4077 4093 3888 3875 3570 3976 4148 4044 
