1504 1415 1255 1371 1309 1778 1459 1372 1512 1312 1302 1305 1438 1060 1603 1347 1399 1430 1469 1619 1415 1294 1484 1297 1541 1416 1389 1301 1131 1528 1578 1360 
1507 1540 1207 1469 1398 1763 1452 1490 1662 1335 1450 1374 1641 1322 1592 1462 1520 1589 1474 1736 1436 1475 1451 1373 1508 1291 1374 1359 1281 1657 1606 1347 
1435 1351 1138 1299 1192 1622 1214 1322 1328 1154 1271 1298 1320 984 1441 1299 1313 1349 1281 1482 1253 1201 1361 1105 1377 1206 1242 1174 1029 1356 1491 1157 
1416 1370 1173 1400 1250 1579 1302 1319 1489 1135 1069 1183 1313 1045 1370 1350 1223 1343 1148 1484 1320 1226 1315 1203 1347 1132 1337 1211 1132 1451 1473 1065 
1577 1382 1296 1322 1398 1857 1373 1367 1648 1304 1247 1330 1493 1315 1675 1458 1441 1421 1458 1778 1484 1289 1446 1358 1544 1438 1362 1285 1287 1474 1556 1217 
1452 1363 1065 1333 1244 1600 1226 1223 1481 1258 1304 1304 1282 1040 1557 1274 1370 1366 1261 1456 1223 1249 1383 1314 1548 1158 1419 1211 979 1405 1421 1191 
1435 1434 1195 1295 1277 1555 1291 1255 1544 1275 1198 1335 1319 1085 1610 1360 1430 1331 1232 1530 1214 1199 1359 1250 1572 1304 1420 1279 1090 1388 1389 1156 
1657 1611 1429 1473 1465 1858 1465 1580 1680 1362 1371 1391 1503 1182 1665 1340 1550 1462 1435 1577 1483 1485 1583 1498 1830 1422 1491 1386 1137 1579 1595 1473 
1409 1595 1259 1397 1410 1628 1418 1329 1616 1242 1221 1234 1428 1094 1586 1369 1311 1393 1286 1528 1359 1441 1351 1360 1558 1277 1462 1371 1129 1538 1437 1238 
1409 1364 1091 1147 1199 1495 1335 1211 1308 1065 1105 1095 1366 963 1376 1252 1294 1176 1351 1453 1264 1176 1314 1070 1358 1127 1088 1148 906 1242 1408 1189 
1498 1492 1202 1330 1201 1629 1320 1258 1499 1215 1269 1224 1429 1142 1466 1241 1291 1456 1284 1519 1324 1198 1281 1149 1449 1118 1383 1358 1021 1348 1371 1303 
1358 1117 1104 1224 1178 1516 1323 1285 1270 1032 1099 1308 1266 941 1451 1184 1254 1134 1337 1448 1159 1089 1261 1277 1454 1222 1429 992 935 1343 1310 1264 
1384 1486 1097 1287 1213 1621 1285 1265 1467 1212 1188 1174 1363 1076 1347 1302 1203 1301 1195 1407 1214 1247 1237 1258 1514 1040 1408 1261 966 1293 1357 1277 
1414 1260 1188 1265 1266 1452 1238 1118 1344 1065 1101 1198 1264 1005 1464 1124 1303 1291 1306 1488 1391 1158 1368 1011 1336 1072 1264 1282 1089 1299 1379 1144 
1540 1556 1228 1368 1390 1638 1479 1332 1493 1252 1059 1207 1426 1077 1523 1365 1280 1523 1362 1521 1436 1399 1392 1214 1585 1238 1334 1304 1170 1507 1395 1400 
1304 1067 1135 1166 1086 1451 1146 1158 1235 1060 1134 1158 1308 939 1437 1230 1255 1204 1282 1461 1201 1128 1220 1013 1179 1148 1037 1017 907 1166 1233 1054 
1413 1371 1329 1376 1239 1670 1375 1347 1547 1169 1211 1371 1543 1056 1580 1280 1533 1496 1464 1670 1440 1413 1481 1307 1507 1335 1295 1260 1088 1434 1532 1313 
1135 1052 1057 1146 1090 1317 1175 1080 1173 1066 1055 1071 1210 858 1242 1149 1114 1180 1211 1234 1170 966 1145 1026 1233 1049 1150 1064 867 1169 1206 985 
1639 1400 1313 1351 1307 1807 1415 1414 1646 1303 1335 1329 1570 1165 1626 1370 1580 1484 1527 1739 1491 1335 1677 1397 1647 1445 1534 1367 1220 1429 1593 1267 
1209 1144 1097 1065 1047 1307 1067 1190 1274 1041 1086 1092 1185 1019 1318 1145 1098 1218 1241 1311 1199 1092 1204 1143 1263 1068 1156 1019 862 1248 1310 1052 
1587 1589 1226 1368 1317 1683 1487 1368 1379 1332 1278 1315 1448 1128 1528 1381 1452 1412 1361 1661 1324 1321 1481 1128 1654 1261 1479 1391 1124 1463 1478 1299 
1317 1208 1074 1278 1070 1455 1188 1265 1438 1126 1307 1126 1328 987 1396 1164 1379 1199 1179 1377 1219 1284 1306 1145 1360 1060 1288 1153 1029 1322 1412 1203 
1486 1427 1106 1302 1315 1488 1417 1323 1490 1132 1205 1218 1298 1110 1514 1326 1364 1269 1237 1399 1316 1358 1375 1165 1691 1170 1376 1204 1018 1485 1408 1157 
1283 1196 1071 930 1065 1281 1109 1001 1104 1032 995 1103 1144 899 1232 1137 1158 1074 1052 1247 1123 1004 1229 1022 1330 1024 1145 1026 820 1179 1184 1029 
1325 1459 1119 1235 1205 1452 1206 1296 1360 1168 1133 1316 1343 1090 1459 1273 1320 1242 1244 1370 1254 1310 1293 1039 1519 1175 1299 1208 909 1270 1397 1074 
1437 1306 1266 1308 1284 1615 1296 1338 1449 1246 1160 1296 1373 1099 1573 1417 1385 1434 1440 1594 1276 1171 1531 1245 1544 1326 1465 1249 1168 1378 1503 1205 
1364 1249 1200 1279 1218 1653 1305 1152 1308 1199 1233 1208 1307 1049 1444 1319 1272 1289 1298 1354 1219 1204 1311 1241 1479 1121 1373 1184 1120 1464 1303 1159 
1398 1146 1101 1149 1163 1489 1254 1073 1364 1092 1148 1001 1358 1109 1355 1296 1221 1271 1274 1379 1122 1059 1284 1177 1273 1039 1247 1139 911 1209 1191 1060 
1121 1076 805 933 960 1117 1054 941 1217 798 903 789 1031 885 1049 1012 995 937 994 1120 914 1016 1201 992 1281 926 1029 928 744 1075 1117 1010 
1327 1487 1156 1380 1251 1542 1252 1304 1492 1139 1106 1204 1307 1013 1557 1162 1378 1437 1297 1473 1251 1148 1385 1099 1489 1073 1314 1361 1044 1420 1415 1225 
1318 1278 1230 1294 1207 1471 1228 1143 1369 1122 1042 1174 1354 915 1356 1235 1308 1285 1268 1366 1175 1085 1290 1087 1363 1084 1220 1174 969 1272 1279 1084 
1348 1388 1193 1292 1168 1534 1322 1252 1497 1141 1137 1143 1406 961 1546 1217 1340 1366 1359 1537 1379 1434 1451 1246 1469 1215 1321 1192 1068 1363 1415 1206 
