4538 4600 4867 4663 4650 5485 4894 4756 4702 4615 4871 4320 4596 4635 5204 4721 4547 4789 5113 5288 5022 4539 5216 4498 4947 4825 4709 4707 4514 5023 4989 4691 
4573 4497 4593 4728 4530 5153 4771 4711 4679 4535 4674 4412 4870 4849 5119 4725 4731 4991 4932 5238 4767 4455 5049 4259 4776 4428 4530 4616 4548 4888 4573 4655 
4449 4045 4386 4696 4271 4669 4471 4431 4101 4269 4532 4500 4279 4195 4822 4416 4335 4522 4411 4895 4570 4248 4636 4044 4269 4513 4504 4577 4119 4603 4524 4351 
4559 4330 4827 4804 4568 5245 4644 4575 4436 4369 4641 4388 4529 4507 4920 4596 4352 4610 4551 5179 4713 4261 4911 4236 4639 4595 4699 4662 4374 4870 4674 4378 
4546 4176 4705 4501 4712 5180 4694 4482 4433 4304 4442 4246 4537 4630 4994 4513 4588 4563 4713 5436 4878 4267 4894 4295 4765 4771 4587 4480 4429 4711 4739 4637 
4461 4181 4504 4583 4487 5087 4498 4575 4371 4200 4642 4382 4409 4514 5258 4429 4415 4813 4632 5081 4817 4105 4984 4533 4641 4582 4650 4362 4161 4689 4625 4634 
4110 4338 4478 4484 4283 5022 4424 4456 4568 4580 4417 4416 4432 4351 5053 4598 4480 4674 4801 5175 4597 4211 4914 4111 4626 4502 4730 4604 4345 4568 4410 4631 
4597 4373 4683 4575 4702 5013 4708 4526 4442 4159 4646 4229 4556 4406 4972 4325 4588 4690 4749 5084 4769 4294 5044 4291 4961 4683 4676 4624 4104 4585 4621 4653 
4474 4651 4778 4951 4781 5197 4697 4678 4688 4606 4747 4741 4734 4555 5334 4820 4620 4828 5040 5435 5030 4834 4873 4699 4784 4854 5124 4990 4438 4775 4663 4737 
4471 4140 4420 4506 4644 4908 4753 4516 4180 4264 4661 4283 4557 4308 4827 4536 4551 4392 4976 5143 4791 4173 5061 4142 4527 4687 4338 4576 4312 4616 4692 4640 
4701 4419 4758 4559 4458 5337 4405 4588 4468 4514 4583 4186 4521 4578 5182 4630 4580 4916 4620 5314 4687 4166 4826 4268 4560 4402 4789 4711 4116 4569 4403 4738 
4702 3947 4650 4307 4509 4990 4647 4680 4361 4418 4496 4564 4457 4363 5082 4512 4538 4580 4831 5171 4614 4237 4740 4338 4684 4564 4732 4187 4096 4630 4576 4500 
4091 4282 4499 4300 4445 5002 4515 4446 4223 4462 4318 4380 4336 4436 4601 4333 4095 4310 4592 4897 4501 4163 4804 4143 4415 4503 4376 4403 4009 4320 4352 4236 
4392 4153 4791 4683 4713 4961 4491 4489 4308 4226 4589 4153 4340 4477 5164 4492 4611 4595 4873 5261 4773 4312 5006 4087 4553 4659 4712 4647 4428 4590 4447 4492 
4305 4058 4356 4440 4645 4753 4491 4302 4371 4218 4292 4123 4311 3947 5011 4254 4203 4581 4515 4797 4690 3973 4649 4090 4443 4323 4386 4385 4056 4613 4295 4593 
4272 4163 4801 4512 4636 5034 4472 4551 4202 4361 4587 4291 4496 4404 5109 4541 4547 4390 4762 5280 4561 4199 4935 4116 4332 4608 4477 4490 4067 4364 4481 4398 
4683 4218 5002 4714 4587 4949 4714 4693 4669 4592 4603 4623 4815 4486 5380 4778 4842 5042 5095 5568 4690 4634 5262 4449 4695 5038 4750 4534 4458 4952 4852 4942 
4060 3934 4631 4223 4435 4491 4368 4285 3892 4213 4101 3989 4167 4299 4658 4220 4137 4278 4493 4720 4312 3985 4576 3882 4278 4183 4152 4326 3847 4196 4225 4041 
4659 4448 4935 4768 4743 5469 4729 4835 4815 4684 4789 4511 4794 4775 5162 4808 4704 4879 5006 5811 5193 4360 5332 4668 5010 4864 4833 4838 4395 4767 5080 4783 
4186 3908 4579 4393 4285 4494 4265 4199 4169 4088 4324 4256 4205 4430 4827 3989 4114 4565 4453 5057 4473 4156 4554 4072 4444 4401 4465 4552 3818 4348 4547 4229 
4859 4666 4835 4604 4993 5366 4998 4778 4351 4575 4821 4647 4689 4774 5219 4761 4777 4716 4876 5361 4992 4328 5162 4219 5057 4674 4740 4634 4472 4939 4802 4662 
4620 4475 4933 4789 4600 5173 4822 5063 4836 4810 4924 4441 4845 4856 5217 4820 5085 4883 4941 5374 5043 4587 5272 4531 4780 4698 4884 4522 4511 4949 4883 4949 
4323 4093 4397 4286 4451 4744 4371 4123 4349 4040 4155 3988 4208 4256 4795 4307 4475 4198 4556 4793 4499 4053 4532 4010 4507 4340 4435 4163 3965 4394 4161 4406 
4265 4164 4592 4024 4653 4563 4363 4249 4023 4353 4251 4273 4208 4309 4683 4260 4352 4333 4487 4939 4514 4143 4674 4023 4413 4526 4341 4297 3931 4356 4431 4283 
3997 4228 4404 4407 4556 4962 4159 4385 4251 4162 4183 4362 4215 4536 4763 4221 4352 4414 4404 4844 4391 4114 4687 3952 4625 4439 4532 4475 3856 4373 4472 4354 
4597 4294 4704 4576 4693 5046 4700 4682 4517 4525 4454 4657 4512 4485 5010 4741 4597 4709 4835 5425 4797 4075 5158 4368 4563 4709 4664 4521 4323 4652 4889 4568 
3927 4016 4453 4573 4284 5053 4283 4099 4060 4430 4260 4045 4211 4512 4841 4395 4503 4725 4701 4758 4277 4034 4689 4125 4565 4310 4513 4156 4125 4557 4363 4416 
4475 4008 4472 4205 4550 5142 4454 4181 4180 4189 4219 4137 4393 4566 4748 4507 4471 4474 4633 5128 4451 3804 4569 4110 4388 4174 4646 4488 4026 4278 4146 4470 
4348 4039 4493 4366 4280 4549 4441 4384 4248 4219 4228 4026 4422 4503 4863 4343 4500 4494 4417 5007 4439 4169 4757 4026 4368 4396 4446 4327 4008 4337 4458 4611 
4204 4426 4756 4329 4556 4944 4593 4624 4584 4271 4437 4388 4391 4453 4932 4241 4534 4750 4646 4932 4521 4204 4886 4234 4485 4541 4579 4428 4073 4460 4747 4559 
4299 4176 4857 4586 4619 4732 4461 4426 4448 4173 4507 4177 4452 4268 4938 4382 4624 4632 4615 5055 4666 4170 4803 4168 4619 4481 4616 4519 4199 4513 4459 4610 
4475 4375 4429 4581 4509 4793 4514 4577 4360 4426 4448 4178 4432 4382 4914 4377 4669 4729 4673 5239 4691 4505 4874 4203 4647 4652 4584 4599 4233 4382 4643 4679 
