2073 2099 1887 1994 1891 2391 2108 2004 2204 1942 1933 1922 2207 1820 2272 2070 2033 2079 2217 2496 2051 1857 2298 1824 2178 2149 2064 2019 1752 2133 2121 2001 
2324 2338 2009 2219 2092 2421 2204 2214 2414 2009 2091 2168 2624 2233 2402 2295 2275 2436 2300 2657 2147 2060 2358 1927 2293 2136 2143 2172 2067 2384 2207 2187 
1957 1862 1661 1913 1675 1970 1729 1796 1836 1681 1699 1917 2017 1589 2031 1844 1959 1943 1736 2131 1753 1761 2004 1524 1986 1791 1784 1746 1552 1849 1905 1776 
2039 2007 1854 2082 1764 2166 1957 1902 2114 1758 1676 1789 2112 1835 1950 2058 1820 2083 1797 2308 1867 1740 2004 1700 1969 1791 1971 1834 1762 2050 2015 1765 
2199 2008 2044 1984 2026 2480 2059 2051 2247 1915 1929 2031 2397 2131 2285 2229 2148 2144 2074 2642 2052 1848 2258 1916 2122 2198 2028 1886 1930 2059 2111 2008 
2109 2062 1773 2044 1867 2289 1896 1944 2155 1896 1911 1976 2162 1912 2273 1967 1985 2139 1977 2347 1893 1771 2333 1904 2265 1966 2077 1850 1659 2054 2051 1931 
2098 2178 1868 1984 1934 2306 2070 1979 2245 1992 1905 2095 2262 1997 2387 2255 2127 2087 2099 2468 1937 1775 2212 1880 2255 2153 2116 2015 1834 2152 2018 1985 
2397 2373 2168 2160 2080 2492 2184 2238 2351 1992 2031 2092 2404 1998 2367 2108 2279 2191 2228 2477 2142 2038 2395 2059 2575 2215 2266 2010 1848 2265 2144 2273 
2189 2371 2100 2233 2172 2343 2190 2077 2399 2019 2029 2107 2395 2023 2372 2280 2202 2176 2078 2614 2118 2158 2251 2087 2334 2093 2416 2261 1871 2198 2008 2166 
2016 1944 1681 1771 1764 2086 2005 1854 1813 1614 1711 1707 2190 1683 2036 2023 1832 1816 2064 2222 1899 1614 2153 1637 1928 1915 1721 1736 1602 1836 1971 1944 
2234 2152 2010 2017 1733 2271 1962 1916 2155 1855 1970 1769 2290 1981 2211 2024 1995 2202 1963 2433 1989 1764 1994 1653 2067 1815 2071 2050 1638 1930 1865 2096 
2072 1775 1839 1855 1739 2078 1946 1966 1888 1640 1768 1960 2062 1719 2144 1856 1950 1862 1985 2293 1789 1682 2010 1790 2122 1903 2039 1638 1554 1938 1804 1988 
1858 1914 1633 1786 1691 2118 1870 1821 1942 1742 1664 1662 2073 1733 1989 1940 1752 1803 1739 2054 1769 1747 1930 1719 2067 1719 1881 1748 1494 1813 1778 1866 
2016 1869 1899 1901 1877 2059 1932 1719 1970 1674 1708 1807 2035 1725 2206 1936 2060 1930 2026 2373 1988 1705 2106 1560 1977 1809 2015 1945 1739 1877 1800 1809 
2055 2104 1722 1885 1914 2097 2025 1914 2050 1783 1576 1721 2076 1650 2186 2008 1835 2076 1960 2255 2019 1839 2075 1723 2095 1838 1922 1748 1730 2071 1798 2033 
1934 1752 1827 1929 1750 2054 1856 1815 1885 1726 1766 1803 2077 1707 2138 2039 1998 1853 2012 2398 1866 1695 2011 1586 1873 1906 1866 1748 1559 1758 1736 1812 
2242 2172 2156 2167 1861 2227 2156 2018 2300 1915 1818 2062 2550 1941 2378 2085 2290 2307 2255 2599 2071 2077 2342 1846 2255 2227 2012 2086 1893 2100 2131 2154 
1612 1556 1588 1656 1585 1799 1665 1510 1650 1522 1442 1549 1832 1496 1733 1676 1612 1703 1660 1863 1590 1363 1704 1450 1733 1573 1643 1497 1334 1648 1574 1521 
2220 2097 1927 1940 1809 2437 2035 1990 2260 1915 1955 1916 2307 1917 2166 2033 2159 2177 2160 2620 2101 1847 2411 1946 2244 2077 2134 1924 1743 2009 2122 1911 
1765 1740 1709 1699 1519 1838 1663 1736 1849 1539 1629 1737 1913 1708 1941 1702 1700 1867 1843 2067 1685 1597 1872 1560 1923 1693 1752 1624 1414 1747 1850 1655 
2181 2242 1877 1969 1954 2379 2130 2009 1957 1932 1919 1977 2231 1952 2168 2073 2110 2101 2004 2501 1884 1872 2266 1684 2381 1987 2070 1987 1688 2071 2011 1969 
2100 2039 1999 2008 1907 2173 2043 2102 2257 1895 2072 1907 2331 1955 2189 2114 2263 2002 1982 2433 2025 1962 2336 1839 2102 2010 2156 1885 1778 2087 1988 2134 
2097 2033 1866 1932 1937 2122 2104 1987 2207 1750 1855 1828 2118 1981 2270 2113 2101 1878 1925 2266 1928 1872 2184 1690 2300 1931 2029 1815 1596 2106 1881 1949 
1899 1808 1768 1406 1659 1912 1787 1604 1729 1582 1632 1697 1906 1660 1811 1840 1772 1679 1706 2074 1702 1531 2002 1560 1913 1753 1758 1674 1410 1714 1650 1713 
1757 2018 1576 1705 1673 2000 1717 1731 1896 1609 1624 1892 1954 1722 1884 1790 1810 1723 1745 2067 1701 1703 1942 1500 2075 1753 1836 1648 1282 1745 1849 1654 
2231 2068 2028 2086 1944 2188 2093 2098 2207 2004 1879 2066 2328 1927 2309 2290 2134 2245 2198 2621 2014 1817 2551 1947 2247 2216 2269 2047 1947 2040 2145 2038 
1946 2013 1944 2018 1898 2400 2015 1788 1941 1897 1883 1907 2160 1985 2261 2150 2007 2059 2119 2262 1841 1825 2168 1831 2226 1900 2071 1886 1783 2201 1907 1890 
2034 1768 1702 1755 1772 2184 1889 1583 1970 1572 1756 1703 2106 1909 1967 2062 1834 1858 1993 2229 1640 1480 2067 1715 1902 1761 1894 1879 1482 1771 1682 1752 
1812 1780 1522 1655 1538 1688 1764 1579 1890 1459 1546 1469 1981 1703 1748 1780 1744 1691 1709 2024 1583 1657 2022 1519 2039 1753 1712 1519 1369 1717 1684 1747 
1879 2047 1816 1886 1723 2150 1896 1853 2061 1651 1717 1798 2068 1749 2124 1789 1955 2090 1912 2242 1693 1646 2079 1541 2084 1760 1820 1943 1576 1939 1959 1868 
1917 1843 1895 1939 1693 1951 1827 1720 1939 1678 1623 1802 2078 1675 1968 1853 1902 1886 1875 2115 1752 1613 1933 1548 1931 1726 1827 1797 1502 1771 1778 1785 
2066 2068 1887 1949 1749 2155 1943 1927 2137 1796 1827 1779 2255 1787 2212 1915 1996 2170 2006 2436 1987 2061 2228 1806 2188 1971 1929 1844 1702 2015 1999 1955 
