2654 2811 2602 2643 2552 3214 2970 2836 3012 2708 2628 2610 2793 2566 3033 2868 2749 2789 2984 3324 2868 2591 3040 2554 2867 2877 2698 2633 2505 2954 2988 2754 
2788 2984 2671 2817 2654 3250 2941 2958 3129 2623 2671 2821 3116 2913 3072 2977 2851 3128 3022 3423 2899 2718 3077 2536 2992 2779 2701 2783 2706 3096 2942 2828 
2502 2372 2271 2553 2185 2625 2429 2524 2439 2250 2334 2654 2482 2216 2694 2493 2551 2645 2414 2789 2454 2360 2643 2106 2504 2422 2464 2346 2204 2544 2637 2455 
2564 2583 2517 2692 2352 2898 2704 2580 2752 2329 2280 2447 2692 2530 2605 2695 2412 2719 2435 3030 2631 2354 2685 2299 2566 2502 2533 2472 2347 2826 2750 2490 
2633 2476 2611 2462 2507 3017 2697 2678 2776 2377 2407 2516 2824 2745 2839 2758 2609 2691 2605 3354 2715 2366 2810 2417 2725 2808 2556 2474 2382 2748 2747 2577 
2614 2658 2412 2684 2366 2993 2647 2734 2813 2494 2600 2655 2652 2544 3025 2675 2647 2858 2691 3097 2655 2423 2985 2544 2833 2607 2735 2367 2284 2806 2862 2608 
2563 2753 2550 2608 2562 2984 2818 2748 2888 2699 2525 2760 2797 2646 3071 2935 2694 2890 2912 3253 2729 2429 2981 2491 2879 2761 2799 2671 2554 2872 2745 2726 
2755 2813 2689 2545 2586 2909 2716 2778 2795 2335 2501 2545 2826 2409 2814 2550 2679 2691 2748 3066 2684 2513 2954 2490 2979 2689 2637 2475 2294 2786 2751 2744 
2657 2967 2797 2918 2722 3049 2903 2784 3055 2706 2640 2910 2917 2739 3072 2968 2851 2970 2921 3398 2859 2915 2972 2805 2904 2829 3130 2968 2505 2968 2888 2819 
2615 2594 2444 2445 2443 2800 2858 2666 2555 2343 2442 2461 2834 2449 2810 2759 2570 2571 2888 3137 2758 2355 2983 2216 2574 2706 2356 2421 2360 2699 2780 2663 
2729 2738 2644 2572 2377 3035 2645 2645 2854 2509 2630 2474 2804 2669 2928 2717 2584 2941 2667 3249 2763 2378 2769 2352 2688 2476 2710 2744 2229 2607 2627 2847 
2571 2411 2545 2391 2332 2799 2684 2715 2648 2289 2435 2660 2632 2383 2839 2571 2612 2557 2699 3081 2554 2325 2719 2413 2764 2552 2633 2262 2140 2672 2583 2627 
2280 2567 2272 2444 2275 2855 2545 2484 2606 2393 2249 2375 2626 2434 2616 2604 2311 2566 2565 2876 2519 2423 2731 2357 2690 2452 2411 2412 2151 2470 2546 2474 
2527 2441 2607 2564 2402 2739 2682 2472 2641 2309 2361 2462 2547 2453 2965 2624 2703 2673 2748 3203 2770 2361 2812 2156 2484 2466 2665 2515 2344 2556 2494 2494 
2558 2655 2289 2453 2443 2762 2713 2660 2710 2416 2227 2320 2614 2169 2813 2608 2372 2799 2617 2906 2703 2401 2660 2257 2645 2472 2519 2359 2279 2792 2535 2746 
2391 2357 2381 2480 2241 2732 2463 2531 2435 2274 2268 2341 2555 2242 2732 2576 2569 2509 2661 3056 2423 2232 2653 2076 2307 2462 2371 2191 2049 2295 2360 2401 
2817 2786 2865 2770 2545 2876 2921 2797 3054 2656 2579 2878 3116 2657 3198 2784 3038 3155 3077 3522 2907 2738 3106 2545 2823 2936 2726 2798 2546 2913 3053 2965 
2091 2154 2342 2245 2138 2404 2449 2220 2310 2153 2108 2284 2345 2217 2455 2310 2220 2341 2407 2667 2338 2105 2457 2088 2276 2240 2212 2218 1941 2418 2336 2128 
2697 2757 2645 2530 2358 3128 2778 2681 2991 2484 2587 2613 2856 2668 2835 2722 2719 2869 2864 3463 2798 2509 3087 2588 2932 2718 2684 2664 2322 2773 2914 2578 
2172 2218 2339 2236 1999 2389 2296 2348 2378 2042 2138 2298 2387 2357 2514 2233 2147 2497 2437 2798 2291 2170 2494 2018 2422 2290 2312 2292 1854 2421 2434 2250 
2737 2794 2470 2452 2555 2962 2822 2702 2553 2487 2504 2548 2713 2495 2793 2650 2654 2664 2585 3209 2572 2401 2879 2160 2981 2550 2574 2470 2300 2789 2674 2567 
2825 2871 2894 2792 2657 3067 3033 3167 3150 2773 2960 2829 3077 2816 3096 3036 3143 2989 2935 3436 3060 2752 3220 2655 2858 2872 3002 2668 2632 3060 3031 3035 
2543 2496 2448 2503 2475 2757 2674 2525 2780 2291 2297 2393 2539 2602 2877 2745 2717 2550 2586 2924 2601 2379 2773 2266 2759 2567 2616 2344 2209 2711 2542 2639 
2318 2409 2421 1970 2283 2604 2495 2325 2433 2324 2194 2362 2432 2339 2514 2515 2447 2449 2477 2877 2495 2256 2718 2126 2562 2432 2344 2300 2087 2455 2433 2341 
2198 2623 2224 2340 2270 2780 2367 2456 2544 2193 2204 2582 2449 2386 2557 2368 2495 2540 2500 2805 2367 2420 2611 2053 2649 2447 2503 2316 1830 2451 2658 2344 
2792 2627 2641 2634 2490 2836 2873 2838 2893 2544 2480 2773 2743 2583 2879 2828 2772 2869 2811 3345 2710 2372 3131 2500 2802 2801 2778 2577 2486 2787 2983 2637 
2401 2662 2625 2731 2414 3226 2770 2438 2595 2555 2465 2607 2702 2729 2979 2788 2695 2801 2885 2958 2582 2515 2808 2496 2867 2629 2732 2520 2395 2921 2700 2640 
2553 2397 2399 2370 2411 2979 2611 2334 2600 2204 2270 2305 2596 2628 2640 2726 2463 2593 2721 3048 2425 2101 2790 2336 2560 2455 2578 2463 2148 2488 2423 2472 
2212 2259 2113 2201 2044 2319 2373 2257 2480 2036 2058 2133 2383 2303 2433 2346 2381 2447 2369 2695 2344 2284 2648 2126 2594 2330 2390 2123 1973 2343 2434 2415 
2450 2716 2558 2446 2335 2833 2676 2694 2736 2263 2401 2568 2582 2411 2878 2478 2658 2865 2643 3041 2472 2283 2756 2218 2654 2417 2525 2553 2203 2675 2843 2542 
2480 2432 2685 2518 2410 2620 2644 2524 2685 2317 2235 2460 2638 2398 2683 2602 2631 2633 2670 2976 2628 2250 2700 2246 2531 2327 2502 2380 2272 2534 2606 2572 
2612 2695 2594 2661 2294 2790 2729 2677 2815 2452 2490 2511 2807 2586 2969 2648 2682 2952 2769 3241 2818 2728 2863 2551 2834 2725 2660 2552 2393 2763 2861 2703 
