3166 3299 3218 3167 3091 3812 3661 3356 3671 3172 3238 3145 3343 3060 3654 3340 3141 3432 3561 3826 3544 3222 3680 3180 3443 3473 3398 3123 3098 3516 3672 3325 
3254 3405 3198 3393 3241 3795 3602 3400 3615 3059 3283 3384 3714 3415 3736 3467 3351 3738 3628 3976 3536 3270 3704 3132 3499 3300 3301 3263 3261 3655 3469 3413 
3205 2961 2969 3318 2833 3329 3352 3149 3174 2886 3125 3336 3123 2837 3490 3138 3024 3421 3065 3506 3310 3077 3437 2868 3084 3223 3248 3102 2891 3267 3334 3186 
3188 3169 3327 3448 3100 3652 3459 3149 3417 2877 3103 3171 3340 3113 3448 3289 2955 3415 3105 3804 3473 3002 3483 3087 3257 3296 3375 3137 3023 3569 3492 3194 
3088 2893 3167 3028 3080 3606 3430 3144 3346 2832 2948 3028 3288 3238 3435 3266 3108 3272 3159 3938 3297 2960 3494 3068 3305 3387 3278 2976 2982 3352 3459 3254 
3313 3247 3195 3560 3185 3864 3598 3394 3533 3105 3507 3440 3393 3274 4022 3416 3276 3773 3614 3884 3701 3234 3916 3453 3587 3521 3683 3123 3135 3599 3607 3512 
3078 3303 3208 3324 3111 3724 3473 3245 3503 3220 3261 3431 3400 3203 3757 3537 3137 3609 3612 3930 3531 3161 3670 3170 3422 3414 3583 3319 3166 3457 3400 3441 
3368 3404 3419 3279 3302 3722 3511 3336 3504 2906 3333 3206 3492 3088 3598 3218 3256 3490 3536 3865 3566 3263 3766 3316 3721 3513 3353 3192 3016 3450 3498 3513 
3264 3465 3368 3646 3330 3805 3579 3288 3640 3287 3377 3525 3528 3269 3819 3608 3361 3730 3632 4048 3690 3579 3650 3452 3523 3587 3779 3629 3153 3534 3435 3559 
3164 3069 3002 3063 3089 3451 3538 3131 3127 2748 3134 3003 3376 2939 3474 3269 3142 3201 3528 3754 3441 2989 3677 2852 3219 3341 2983 2986 3022 3280 3414 3351 
3208 3120 3178 3076 2895 3611 3255 3087 3316 3049 3125 2967 3211 3097 3553 3223 3034 3492 3231 3823 3296 2881 3387 3009 3181 3056 3347 3187 2712 3145 3100 3418 
3251 2913 3240 3096 3007 3561 3487 3297 3373 2967 3188 3268 3265 2966 3690 3219 3251 3383 3526 3769 3403 3043 3503 3135 3498 3318 3393 2803 2866 3347 3276 3362 
2807 3064 2912 2989 2813 3478 3224 2948 3129 2886 2836 2979 3093 2955 3229 3077 2725 3167 3178 3450 3145 2931 3378 2941 3180 3073 3017 2879 2716 3051 3098 3003 
3020 2916 3233 3192 2984 3377 3359 2941 3226 2775 2963 2958 3102 2990 3608 3079 3144 3324 3386 3790 3454 3010 3491 2811 3090 3146 3317 3041 2949 3135 3185 3099 
3196 3217 3073 3238 3191 3505 3476 3194 3387 2958 2991 3008 3228 2760 3672 3243 2879 3618 3335 3585 3602 3061 3411 3026 3327 3247 3259 3019 3024 3515 3176 3449 
2983 2954 3132 3134 2947 3459 3199 3065 3032 2830 2979 2965 3199 2813 3527 3186 3065 3201 3272 3744 3159 2859 3373 2829 2933 3141 3082 2836 2678 2896 3012 3075 
3501 3322 3556 3466 3287 3672 3669 3368 3746 3269 3365 3569 3761 3201 4024 3461 3620 3903 3857 4193 3713 3438 3890 3329 3542 3743 3512 3387 3255 3628 3732 3713 
2716 2732 3032 2931 2928 3102 3217 2753 2923 2713 2761 2848 3003 2774 3279 2938 2711 3067 3064 3457 3068 2802 3252 2762 2911 2949 2906 2864 2587 3020 3045 2797 
3260 3315 3358 3204 3061 3915 3459 3251 3674 3057 3309 3200 3461 3194 3629 3412 3237 3554 3584 4271 3628 3215 3858 3342 3641 3510 3438 3327 3020 3408 3624 3328 
2897 2823 3127 2975 2706 3165 3079 2871 3139 2608 2879 2991 3057 2996 3354 2831 2614 3318 3133 3544 3163 2929 3275 2862 3060 3126 3157 3031 2559 3108 3183 2966 
3280 3377 3143 3195 3220 3722 3559 3239 3115 3033 3267 3255 3373 3097 3560 3259 3241 3412 3309 3871 3395 3040 3559 2880 3590 3237 3256 3105 3052 3410 3326 3301 
3245 3229 3367 3280 3101 3627 3565 3613 3592 3240 3457 3273 3542 3240 3626 3455 3530 3541 3464 3947 3620 3306 3768 3185 3369 3354 3548 3093 3146 3529 3534 3555 
3208 3124 3132 3173 3136 3452 3391 3041 3387 2893 2932 3113 3215 3125 3630 3324 3226 3254 3269 3636 3354 3057 3422 2948 3281 3207 3331 3014 2874 3303 3123 3314 
2932 3007 3138 2713 2973 3268 3259 2800 3028 2840 2930 3051 3037 2869 3289 3035 3000 3210 3182 3513 3234 3001 3463 2819 3101 3147 3080 2938 2677 3097 3101 3067 
2693 3084 2863 3052 2918 3468 3003 2943 3109 2626 2854 3094 2988 2922 3320 2933 2965 3219 3093 3433 3142 2958 3283 2710 3286 3073 3209 2943 2509 3025 3227 2980 
3312 3121 3324 3237 3134 3533 3524 3305 3460 3065 3097 3378 3340 3116 3598 3378 3243 3591 3510 4076 3428 3071 3799 3225 3392 3452 3419 3085 3151 3385 3649 3318 
2843 3041 3185 3332 2956 3814 3317 2874 3126 2993 2974 3104 3194 3216 3576 3301 3093 3472 3467 3497 3220 3063 3395 3108 3359 3212 3328 2888 3017 3519 3265 3194 
3227 3003 3078 3015 3070 3733 3287 2819 3206 2830 2962 2992 3260 3188 3387 3356 3060 3328 3397 3802 3207 2749 3397 3100 3107 3126 3307 3083 2821 3025 3052 3183 
2753 2766 2711 2793 2621 2945 3004 2718 3028 2473 2731 2696 3020 2782 3174 2899 2879 3016 2931 3344 3011 2850 3263 2731 3028 2922 2987 2656 2567 2875 3010 3041 
3007 3238 3210 3059 2963 3543 3474 3205 3393 2827 3083 3183 3226 3030 3600 3055 3176 3600 3353 3756 3236 2992 3513 3047 3240 3182 3287 3177 2847 3294 3539 3298 
3088 3000 3471 3266 3104 3389 3363 3149 3362 2823 3077 3149 3293 3015 3505 3266 3078 3402 3255 3709 3493 2908 3468 3000 3175 3048 3298 3110 2980 3258 3258 3300 
3200 3186 3129 3279 2933 3397 3377 3099 3312 2918 3082 3054 3345 2964 3646 3132 3135 3473 3354 3875 3433 3377 3539 3132 3396 3362 3332 3174 2873 3259 3419 3338 
