4437 4793 4840 4493 4606 4439 4564 4778 4634 4560 4782 4725 4595 5242 4772 4359 5110 5096 4816 4166 4760 4696 4297 4480 4776 4995 4508 4380 4689 4765 4417 4537 
4624 4906 5182 4286 4399 4685 4472 4825 4648 4486 4423 4327 4394 5141 4686 4363 5120 4651 4693 4331 4742 4577 4218 4130 4631 4786 4371 4477 4746 4532 4331 4239 
4326 4569 4597 4497 4282 4540 4356 4569 4147 4573 4250 4136 4026 4794 4669 3830 5072 4730 4373 4241 4462 4313 4174 4168 4538 4744 4254 4156 4568 4406 4299 4044 
4264 4603 4723 4441 4312 4439 4685 4602 4657 4519 4357 4428 4699 4840 4680 4152 5100 4657 4459 4487 4782 4457 4336 4246 4553 4757 4480 4694 4777 4491 4360 4494 
4233 4476 4700 4346 4470 4427 4739 4427 4494 4427 4604 4707 4335 5007 4496 4187 4960 4736 4133 4031 4460 4432 4161 4417 4413 4755 4508 4418 4715 4550 4403 4213 
4375 4680 4901 4488 4514 4352 4593 4629 4809 4481 4431 4508 4410 4756 4697 4128 5200 4894 4322 4453 4397 4502 4447 4376 4655 4731 4573 4212 4754 4646 4211 4313 
4299 4619 4674 4126 4329 4372 4474 4613 4412 4187 4197 4431 4234 4658 4397 3947 4964 4399 4213 4163 4550 4547 4343 4392 4375 4878 4384 4404 4676 4506 4373 4238 
4496 4411 4621 4423 4448 4717 4670 4666 4591 4286 4394 4525 4372 4751 4595 4051 4977 4740 4500 4235 4482 4595 4339 4233 4350 4948 4321 4565 4753 4456 4357 4355 
4655 4565 4877 4460 4459 4506 4960 4890 4726 4371 4739 4803 4450 4699 4813 4211 5285 5025 4526 4387 4656 4634 4406 4360 4656 4820 4464 4468 4954 4779 4550 4333 
4227 4256 4571 4091 4280 4370 4290 4426 4628 4163 4250 4336 4212 4563 4538 3936 4883 4698 4161 4205 4322 4436 3927 4183 4320 4735 4216 4245 4461 4428 4172 4028 
4260 4735 4747 4514 4415 4359 4606 4446 4445 4319 4469 4403 4301 4710 4525 4177 4860 4599 4396 4169 4570 4309 4205 4120 4601 4696 4397 4437 4897 4552 4424 4322 
4449 4464 4763 4537 4184 4476 4622 4567 4371 4422 4267 4121 4303 4734 4789 4181 4864 4806 4352 4335 4503 4246 4070 4210 4145 4820 4352 4286 4685 4578 4451 4157 
4437 4383 4392 4251 4166 4146 4329 4456 4458 4061 4210 4063 4148 4493 4421 3888 4888 4586 4279 4017 4406 4069 3999 4098 4245 4519 4079 4099 4298 4311 4013 4098 
4567 4873 4567 4550 4333 4451 4513 4505 4505 4466 4248 4520 4505 4630 4655 4194 5041 4699 4561 4282 4575 4750 4224 4358 4622 4856 4175 4214 4840 4779 4194 4590 
3947 4240 4541 4086 4223 4208 4262 4593 4078 4353 4214 4185 3934 4455 4466 3938 4648 4346 4113 3811 4489 4153 3918 3819 4024 4447 3712 3957 4507 4248 3945 3856 
4755 4707 5018 4674 4712 4513 4900 4726 4601 4648 4543 4422 4475 4989 4891 4443 5054 4963 4532 4459 4709 4685 4607 4337 4576 4944 4507 4523 4808 4586 4477 4720 
4281 4615 4652 4271 4218 4500 4306 4648 4452 4276 4274 4480 4240 4703 4685 4240 4934 4722 4433 4283 4389 4597 4221 4184 4320 4790 4283 4475 4630 4578 4626 4051 
4358 4365 4652 4217 4363 4186 4526 4627 4598 4224 4223 4217 4236 4907 4525 3880 4877 4804 4229 3920 4630 4408 4114 4244 4292 4628 4341 4389 4563 4073 4305 4209 
4548 4828 4670 4351 4591 4631 4677 4661 4567 4180 4674 4685 4454 5261 4611 4319 5246 4887 4560 4287 4539 4780 4432 4437 4563 4944 4388 4466 4793 4569 4505 4569 
4136 4307 4731 4358 4163 4177 4341 4178 4330 4323 4501 4459 4057 4599 4479 4118 4735 4469 4237 4052 4513 4296 4107 4152 4034 4436 4261 4120 4451 4257 4290 4231 
4708 4650 4913 4656 4541 4653 4879 4938 4716 4527 4535 4677 4424 4877 5186 4323 5251 4961 4637 4568 4800 4935 4731 4724 4617 4935 4409 4515 5029 4813 4604 4211 
4698 4908 5218 4891 4461 4662 4859 5016 4832 4662 4641 4993 4629 5260 4890 4566 5320 4854 4659 4489 5070 4977 4508 4687 4874 5045 4642 4662 5207 4927 4706 4629 
3971 4646 4681 4499 4530 4433 4416 4677 4710 4356 4357 4307 4449 4665 4614 4326 5038 4497 4270 4043 4631 4225 3986 4239 4352 4828 4183 4354 4590 4297 4198 4156 
4209 4429 4307 4109 4064 4128 4282 4317 4578 4093 4124 4296 4162 4378 4393 3901 4737 4517 4314 4082 4443 4314 4179 4432 4356 4592 4036 4155 4741 4305 4170 4095 
4268 4430 4696 4392 4303 4402 4639 4467 4493 4367 4484 4308 4186 4598 4286 4026 4958 4523 4422 4080 4588 4382 4269 4203 4252 4544 4105 4216 4943 4413 4166 4363 
4447 4811 4881 4455 4426 4570 4813 4831 4589 4561 4557 4845 4355 4963 4912 3935 5083 4656 4717 4106 4415 4566 4368 4349 4580 4802 4284 4432 5011 4676 4430 4158 
4053 4337 4300 4229 3930 4126 4058 4462 4562 4304 4151 4146 3920 4490 4132 3999 4986 4394 4070 4019 4567 4313 3972 4036 4087 4523 4116 4009 4563 4199 4342 4241 
4207 4370 4842 4398 4330 4084 4589 4747 4490 4355 4221 4274 4194 4823 4654 4170 4728 4677 4214 4210 4567 4450 4216 4035 4383 4950 4211 4335 4661 4424 4465 4303 
4236 4550 4675 4383 4277 4157 4410 4618 4432 4075 4334 4287 4191 4683 4539 3969 4974 4610 4370 3918 4474 4370 4120 4114 4381 4745 4274 4248 4631 4107 4458 4181 
4481 4643 4742 4865 4261 4485 4499 4564 4459 4277 4513 4451 4327 4852 4710 4144 5227 4613 4451 4218 4711 4488 4238 4159 4461 4862 4470 4415 4746 4484 4568 4373 
4060 4366 4767 4685 4291 4384 4530 4505 4499 4479 4208 4480 4262 4711 4519 3984 5059 4596 4412 4233 4741 4667 4129 4272 4431 4701 4296 4306 4784 4474 4584 4375 
4254 4604 4830 4506 4217 4379 4515 4622 4290 4275 4155 4407 4235 4900 4748 4062 5154 4570 4464 4135 4561 4552 4121 4261 4489 4670 4468 4259 4772 4438 4547 4293 
