2486 2814 2775 2584 2627 2479 2634 2749 2634 2499 2641 2539 2610 2920 2980 2583 2779 2919 2881 2252 2623 2511 2362 2202 2761 2820 2597 2443 2741 2982 2438 2403 
2554 2853 3023 2489 2698 2672 2617 2694 2673 2546 2487 2474 2590 2875 2970 2488 3011 2692 2762 2613 2634 2491 2360 2129 2802 2741 2592 2637 2787 2916 2389 2404 
2484 2886 2608 2644 2586 2582 2558 2848 2289 2529 2403 2234 2395 2706 2992 2196 2939 2733 2717 2443 2422 2402 2412 2264 2644 2684 2520 2416 2748 2821 2451 2198 
2304 2521 2601 2499 2397 2441 2580 2554 2543 2464 2353 2353 2639 2692 2847 2240 2836 2615 2595 2616 2551 2469 2245 2106 2612 2650 2557 2484 2772 2791 2467 2426 
2256 2435 2599 2319 2380 2452 2580 2429 2443 2340 2436 2368 2482 2736 2522 2241 2738 2697 2443 2139 2148 2229 2168 2289 2442 2573 2480 2216 2685 2652 2314 2149 
2784 3049 3250 2829 2921 2804 2993 3108 3183 2824 2853 2739 2751 2923 3176 2634 3339 3191 3001 2721 2728 2766 2828 2515 2963 3058 2899 2577 3114 3158 2528 2578 
2679 3060 2933 2562 2755 2723 2712 2910 2695 2547 2517 2608 2700 2763 2913 2301 3003 2732 2689 2582 2635 2680 2609 2533 2786 2977 2675 2504 2749 2957 2537 2594 
2673 2674 2690 2656 2682 2806 2812 2773 2581 2353 2627 2578 2525 2729 2874 2416 2924 2862 2746 2381 2454 2659 2480 2322 2649 2936 2547 2596 2829 2908 2582 2347 
2702 2874 2876 2622 2733 2668 2917 3027 2711 2537 2781 2689 2569 2809 3135 2488 3179 3085 2919 2568 2620 2730 2586 2339 2774 2949 2598 2554 3041 3142 2730 2584 
2301 2599 2597 2409 2517 2523 2363 2648 2717 2287 2383 2270 2598 2464 2736 2338 2754 2754 2460 2441 2356 2379 2113 2229 2496 2775 2553 2308 2632 2700 2511 2152 
2452 2686 2652 2590 2609 2392 2582 2675 2455 2329 2334 2309 2271 2604 2638 2338 2601 2642 2563 2254 2369 2323 2175 2094 2585 2677 2490 2333 2720 2700 2341 2289 
2417 2596 2710 2722 2467 2712 2727 2698 2536 2352 2387 2366 2689 2730 2864 2527 2853 2769 2566 2324 2469 2363 2328 2326 2454 2893 2516 2541 2679 2864 2480 2337 
2286 2435 2317 2197 2213 2239 2370 2467 2426 2104 2153 2111 2191 2298 2569 2110 2611 2437 2401 1990 2208 2030 2065 2068 2299 2513 2229 2087 2364 2621 2138 2013 
2443 2769 2511 2472 2370 2328 2401 2612 2499 2324 2306 2343 2605 2494 2782 2397 2706 2645 2607 2293 2317 2558 2307 2135 2564 2645 2335 2206 2713 2902 2240 2404 
2259 2693 2678 2389 2452 2492 2501 2941 2383 2462 2512 2428 2439 2594 2780 2371 2677 2599 2551 2228 2513 2380 2357 2148 2424 2580 2280 2438 2776 2730 2362 2153 
2512 2638 2632 2497 2470 2407 2584 2626 2438 2285 2338 2213 2362 2539 2808 2384 2593 2664 2582 2272 2391 2463 2446 2106 2530 2676 2389 2359 2728 2799 2418 2363 
2790 3082 2977 2721 2786 2816 2778 3016 2774 2647 2674 2761 2768 3060 3220 2712 3192 3079 2925 2677 2665 2811 2572 2448 2857 3083 2715 2719 3065 3236 2945 2473 
2330 2406 2557 2281 2509 2264 2492 2593 2533 2270 2349 2253 2309 2626 2680 2257 2585 2753 2417 2077 2425 2275 2033 2130 2391 2654 2415 2320 2549 2473 2210 2249 
2756 2963 2695 2546 2806 2715 2883 2883 2772 2414 2636 2575 2658 3056 2785 2610 3110 2973 2812 2425 2521 2734 2645 2440 2767 2923 2625 2464 2861 3023 2562 2557 
2196 2491 2643 2439 2333 2271 2356 2407 2429 2236 2568 2219 2291 2439 2662 2218 2544 2534 2561 2074 2324 2289 2140 2236 2185 2450 2384 2181 2415 2499 2373 2155 
2584 2554 2527 2558 2571 2529 2800 2886 2590 2254 2386 2379 2463 2563 3075 2396 2838 2827 2803 2474 2423 2608 2608 2485 2691 2769 2450 2380 2914 2967 2444 2176 
2728 3006 3079 2890 2637 2713 2879 2955 2832 2717 2707 2764 2667 3015 3044 2667 3035 2893 2854 2674 2765 2799 2502 2503 2856 2901 2714 2634 3135 3173 2689 2556 
2296 2855 2762 2555 2683 2572 2677 2856 2743 2443 2476 2408 2619 2669 2851 2456 2914 2623 2693 2227 2539 2452 2372 2352 2416 2905 2508 2471 2764 2732 2402 2237 
2317 2631 2555 2311 2452 2319 2541 2679 2753 2312 2364 2446 2566 2536 2846 2279 2631 2743 2674 2358 2457 2433 2298 2400 2573 2718 2369 2274 2751 2832 2359 2159 
2217 2517 2578 2256 2446 2394 2516 2507 2510 2245 2392 2148 2237 2311 2532 2308 2669 2507 2500 2100 2392 2259 2275 2063 2197 2454 2147 2293 2656 2500 2209 2245 
2463 2915 2875 2625 2657 2603 2816 2937 2608 2518 2706 2799 2574 2824 3073 2372 2963 2865 2861 2339 2477 2535 2536 2386 2692 2820 2502 2589 2918 2968 2642 2286 
2424 2658 2620 2567 2403 2372 2409 2756 2802 2554 2552 2442 2386 2555 2731 2434 2916 2577 2644 2362 2535 2380 2146 2217 2480 2741 2454 2350 2779 2771 2486 2400 
2446 2552 2888 2686 2562 2308 2699 2800 2541 2389 2353 2276 2432 2675 2920 2431 2697 2768 2633 2364 2505 2469 2466 2364 2595 2869 2494 2387 2829 2820 2559 2422 
2289 2600 2558 2497 2514 2192 2444 2627 2392 2070 2347 2228 2411 2421 2693 2202 2764 2431 2572 2122 2289 2221 2113 2106 2336 2660 2330 2327 2552 2427 2333 2188 
2462 2806 2705 2793 2563 2539 2614 2706 2600 2443 2565 2529 2496 2775 2890 2397 2991 2749 2805 2330 2451 2469 2432 2216 2477 2852 2678 2496 2834 2853 2556 2488 
2199 2540 2660 2743 2427 2483 2535 2635 2528 2551 2289 2465 2460 2608 2749 2119 2821 2713 2640 2348 2511 2603 2202 2262 2518 2684 2428 2306 2824 2765 2640 2323 
2357 2768 2908 2660 2492 2584 2660 2731 2393 2465 2342 2439 2451 2744 2910 2347 2941 2744 2671 2410 2469 2538 2298 2415 2556 2805 2711 2370 2808 2820 2669 2367 
