3127 3482 3582 3303 3389 3332 3276 3518 3454 3192 3426 3410 3412 3838 3779 3215 3822 3725 3674 2870 3376 3425 3126 3023 3600 3564 3154 3159 3382 3596 3155 3230 
3137 3544 3758 3087 3303 3442 3148 3413 3422 3173 3076 3121 3257 3676 3593 3089 3895 3345 3456 3138 3295 3279 3100 2789 3464 3366 3116 3273 3424 3362 3154 2954 
3041 3429 3268 3181 3197 3331 3100 3431 2958 3132 2933 2974 3049 3444 3639 2693 3753 3453 3345 2950 3063 3067 2936 2927 3404 3347 3016 3079 3310 3364 3072 2815 
2870 3193 3300 3132 3024 3194 3228 3215 3330 3119 2966 3086 3346 3391 3629 2772 3747 3286 3200 3191 3291 3233 2976 2870 3338 3284 3081 3289 3427 3295 3155 3055 
2742 2955 3256 2813 3029 3124 3108 2991 3090 2921 3065 3098 3046 3442 3230 2802 3455 3270 2930 2607 2747 2865 2788 2948 3075 3181 2998 3004 3193 3209 2952 2701 
3300 3576 3835 3324 3486 3417 3441 3569 3752 3373 3365 3358 3299 3579 3893 3068 4047 3708 3454 3177 3237 3385 3371 3160 3589 3592 3283 3193 3640 3620 3042 3113 
3059 3550 3408 2948 3174 3226 3126 3364 3205 2904 2909 3116 3115 3280 3361 2784 3675 3126 3183 2919 3152 3232 3130 3037 3279 3462 3124 3078 3302 3353 3109 3017 
3121 3107 3304 3153 3275 3462 3276 3352 3292 2852 3078 3218 3086 3364 3451 2835 3589 3386 3274 2827 3045 3318 3003 2869 3286 3490 2939 3195 3310 3371 3070 2900 
3269 3364 3512 3159 3215 3339 3420 3504 3441 2983 3331 3395 3221 3388 3810 2929 3944 3646 3411 3053 3226 3346 3078 2986 3511 3505 3043 3161 3583 3589 3319 3173 
2876 3028 3329 3007 3160 3269 2918 3272 3444 2931 2956 3056 3212 3244 3443 2851 3544 3488 3017 3005 3060 3065 2639 2912 3286 3361 2972 3031 3218 3285 3068 2769 
3067 3418 3414 3222 3250 3237 3228 3338 3304 3016 2992 3092 3044 3392 3416 2979 3577 3273 3238 2859 3166 3123 2893 2853 3434 3388 3088 3136 3494 3344 3109 2985 
3006 3173 3358 3266 2978 3337 3272 3236 3154 2924 2896 2892 3253 3422 3577 2987 3550 3387 3096 2907 3023 2906 2882 2940 3081 3415 2973 3127 3383 3357 3051 2904 
2899 2919 2989 2817 2688 2811 2822 2961 2983 2521 2694 2748 2811 2965 3229 2598 3373 3118 2900 2504 2804 2624 2645 2742 2999 3057 2650 2701 2891 3010 2665 2606 
3215 3511 3260 3195 3109 3306 3069 3297 3359 3089 2861 3173 3370 3281 3618 3028 3668 3394 3273 2879 3083 3445 3008 2955 3444 3377 2915 2942 3466 3518 2961 3205 
2753 3201 3384 2938 3076 3165 3080 3452 2979 3149 3032 3104 3029 3287 3475 2816 3482 3202 3150 2702 3089 3052 2860 2781 3109 3233 2730 3036 3344 3243 2939 2718 
3161 3265 3342 3162 3186 3081 3200 3229 3110 2906 2926 2992 3094 3328 3584 2948 3465 3395 3173 2851 3023 3253 3104 2831 3293 3309 2899 3061 3382 3277 3046 3085 
3309 3592 3583 3259 3284 3511 3221 3510 3416 3165 3159 3403 3319 3645 3867 3168 3927 3547 3470 3114 3232 3468 3157 3077 3418 3655 3193 3337 3641 3735 3515 3019 
2999 3105 3344 2968 3204 3037 3190 3342 3375 2876 2932 2961 3015 3538 3492 2826 3559 3581 3117 2680 3183 3121 2873 2950 3145 3316 3027 3110 3218 2922 2995 2938 
3309 3528 3472 3152 3489 3456 3378 3482 3495 2969 3257 3347 3339 3837 3486 3150 3953 3654 3444 2974 3247 3492 3279 3132 3543 3550 3085 3170 3492 3533 3243 3235 
2715 3012 3307 2976 2919 2932 2914 2907 3037 2840 3010 2899 2900 3128 3252 2710 3311 3056 3067 2633 2956 2909 2723 2858 2829 2975 2876 2810 3051 3076 3053 2793 
3310 3265 3399 3274 3369 3428 3477 3614 3490 2997 3150 3273 3273 3456 3986 3042 3894 3576 3480 3181 3310 3523 3440 3452 3578 3488 3064 3260 3636 3622 3280 2926 
3436 3743 3898 3643 3384 3573 3519 3750 3692 3360 3417 3620 3500 3918 3841 3348 4155 3642 3613 3333 3627 3740 3366 3394 3729 3602 3317 3436 3914 3800 3498 3313 
2779 3419 3405 3123 3288 3272 3160 3468 3513 2996 3084 3144 3324 3290 3500 2989 3754 3175 3262 2739 3188 3082 2932 2976 3177 3553 2997 3158 3374 3242 2975 2838 
2945 3350 3342 2966 3127 3148 3144 3317 3575 2864 3020 3201 3285 3314 3568 2906 3588 3441 3339 3025 3196 3190 3039 3225 3383 3456 2940 3017 3568 3401 3157 2963 
2808 3096 3249 2895 3087 3138 3054 3119 3181 2875 2958 2806 2864 3085 3196 2795 3512 3137 3068 2697 2975 2954 2896 2750 2924 3024 2577 2882 3403 3047 2805 2987 
3057 3546 3609 3262 3317 3443 3493 3632 3464 3180 3325 3552 3262 3657 3806 2883 3898 3567 3588 2888 3180 3369 3198 3141 3523 3477 3047 3232 3646 3584 3348 2993 
2852 3133 3172 2970 2828 2984 2839 3263 3393 2988 2986 2977 2806 3126 3289 2895 3607 3078 3190 2763 3098 2984 2716 2738 2989 3204 2889 2864 3342 3207 3071 2916 
2999 3127 3548 3218 3194 2996 3202 3417 3265 2997 2863 2964 3057 3367 3535 3005 3453 3380 3175 2892 3157 3229 3094 2947 3264 3486 2965 3110 3434 3336 3203 3012 
2933 3339 3411 3178 3298 3010 3156 3362 3251 2687 3019 3009 3177 3338 3517 2849 3719 3220 3299 2688 3025 3085 2838 2875 3247 3414 2944 3131 3342 2970 3117 2903 
3083 3434 3395 3395 3152 3248 3076 3235 3277 2920 3094 3156 3189 3469 3568 2860 3883 3364 3358 2823 3127 3212 3057 2919 3231 3501 3167 3123 3407 3306 3161 3061 
2804 3068 3364 3344 2941 3166 2999 3169 3196 3078 2810 3142 3081 3255 3368 2682 3643 3226 3179 2796 3177 3288 2784 2896 3237 3242 2954 2970 3460 3291 3293 2967 
3041 3447 3638 3313 3212 3331 3260 3454 3196 3095 2967 3203 3132 3530 3719 2941 3929 3418 3352 2997 3218 3356 3025 3199 3362 3418 3251 3082 3546 3323 3406 3093 
