1376 1532 1376 1159 1415 1319 1426 1297 1184 1244 1377 1296 1157 1549 1309 1433 1383 1341 1438 1155 1198 1290 1323 1084 1344 1304 1268 1289 1403 1630 1329 1055 
1463 1709 1588 1240 1498 1550 1503 1408 1274 1422 1361 1405 1243 1659 1537 1404 1645 1320 1557 1582 1347 1361 1367 1044 1460 1363 1322 1523 1520 1717 1307 1152 
1318 1450 1123 1093 1239 1346 1245 1306 974 1242 1109 1238 1038 1302 1400 1109 1464 1163 1408 1126 992 1164 1163 1028 1215 1165 1102 1181 1381 1469 1195 865 
1175 1350 1272 952 1202 1181 1254 1070 1043 1217 1094 1199 1184 1342 1290 1059 1307 1096 1227 1224 1047 1140 1062 861 1137 1181 1217 1192 1193 1399 1088 1022 
1281 1457 1467 1115 1315 1339 1465 1198 1208 1280 1233 1326 1223 1498 1294 1185 1560 1296 1348 1153 1090 1259 1267 1179 1230 1295 1219 1181 1486 1473 1209 977 
1427 1671 1580 1190 1481 1456 1493 1443 1473 1354 1392 1471 1222 1510 1409 1345 1699 1333 1532 1270 1204 1424 1452 1117 1354 1398 1245 1363 1546 1543 1184 1072 
1458 1721 1362 1132 1431 1466 1436 1428 1289 1369 1263 1384 1303 1439 1392 1297 1562 1227 1433 1370 1279 1449 1451 1112 1463 1466 1268 1298 1405 1658 1242 1147 
1519 1625 1425 1323 1492 1638 1584 1456 1277 1399 1450 1393 1262 1520 1482 1465 1568 1384 1556 1312 1251 1453 1345 1136 1392 1515 1242 1472 1489 1656 1438 1120 
1402 1618 1342 1222 1481 1482 1501 1434 1226 1316 1392 1445 1285 1520 1442 1334 1690 1406 1599 1305 1273 1413 1398 1106 1424 1391 1166 1432 1574 1600 1340 1178 
1099 1350 1186 983 1311 1228 1114 1188 1098 1113 1130 995 1040 1168 1184 1071 1375 1040 1171 1223 1070 1096 1055 913 1098 1248 1110 1084 1155 1281 1202 853 
1300 1524 1299 1169 1365 1332 1413 1308 1180 1236 1265 1275 1079 1359 1295 1207 1356 1248 1395 1123 1191 1184 1176 1092 1293 1329 1279 1290 1382 1524 1253 1011 
1173 1324 1207 1178 1267 1362 1345 1118 1068 1089 1163 1154 1071 1306 1176 1157 1332 1134 1213 1146 989 1023 1117 1033 1084 1226 1094 1185 1209 1374 1212 905 
1160 1215 1012 965 1061 1093 1161 1083 1040 956 1027 1060 894 1173 1205 1047 1188 1016 1241 991 1035 910 1057 892 1034 1115 923 1027 1033 1259 1048 783 
1287 1459 1158 1000 1159 1169 1211 1211 1032 1180 1069 1218 1129 1259 1187 1184 1298 1157 1337 1133 1039 1282 1265 1019 1190 1210 1052 1025 1367 1548 1158 1067 
1139 1363 1123 1084 1240 1192 1238 1399 1032 1175 1174 1247 1097 1262 1230 1264 1340 1098 1306 1024 1113 1096 1198 968 1151 1137 997 1260 1274 1361 1111 861 
1447 1442 1250 1092 1284 1234 1391 1225 1127 1166 1193 1138 1133 1379 1328 1284 1332 1336 1471 1138 1079 1318 1330 1081 1344 1295 1082 1224 1367 1565 1286 1123 
1416 1724 1444 1125 1431 1472 1413 1362 1167 1349 1333 1467 1218 1624 1476 1412 1584 1359 1474 1231 1328 1372 1350 1168 1415 1362 1296 1382 1568 1657 1431 1065 
1080 1109 1085 824 1098 1000 1048 1010 899 1026 882 1034 873 1194 1139 1056 1148 1045 1142 813 1008 947 917 910 1044 1065 889 995 1102 1144 986 800 
1446 1595 1340 1195 1514 1370 1587 1332 1258 1194 1309 1307 1285 1552 1290 1408 1534 1319 1471 1236 1164 1426 1363 1132 1317 1411 1315 1226 1419 1574 1350 1091 
1042 1289 1298 985 1109 1018 1099 979 1010 1166 1205 1049 903 1160 1145 1053 1316 1016 1169 1056 1060 923 1031 872 889 1048 1049 1067 1126 1179 1114 873 
1470 1368 1250 1216 1399 1382 1545 1437 1119 1109 1216 1312 1170 1413 1534 1391 1454 1349 1524 1206 1172 1364 1396 1212 1288 1338 1136 1225 1528 1622 1217 1015 
1514 1679 1502 1337 1369 1423 1614 1408 1300 1397 1417 1465 1282 1571 1335 1410 1551 1305 1606 1363 1324 1472 1376 1231 1419 1389 1202 1404 1635 1759 1245 1074 
1224 1592 1346 1109 1448 1441 1435 1363 1363 1266 1375 1322 1250 1432 1297 1327 1505 1227 1446 1176 1238 1266 1310 1123 1211 1402 1162 1327 1496 1524 1297 1045 
1176 1335 1019 968 1154 1241 1212 1158 1137 1054 1064 1208 1077 1305 1188 1151 1263 1187 1305 1045 1062 1198 1100 1118 1177 1227 1016 1085 1379 1422 1095 891 
1066 1212 1183 897 1187 1213 1287 1078 1115 1031 1129 1004 933 1134 1109 1169 1292 1068 1242 982 1056 1137 1143 951 1001 1120 933 1078 1269 1219 1026 902 
1439 1730 1431 1300 1486 1490 1518 1403 1203 1390 1401 1520 1301 1580 1431 1409 1617 1327 1577 1265 1265 1362 1359 1215 1377 1464 1239 1430 1672 1658 1438 1067 
1358 1688 1399 1194 1300 1274 1321 1359 1371 1355 1308 1280 1216 1460 1187 1391 1614 1244 1460 1227 1266 1279 1215 1091 1287 1358 1278 1254 1310 1473 1257 1053 
1183 1354 1337 1152 1294 1203 1343 1259 1028 1068 1106 1017 978 1342 1296 1228 1327 1171 1282 1229 1210 1233 1226 1047 1191 1309 1050 1194 1367 1452 1212 1043 
1222 1462 1123 1112 1306 1268 1184 1209 1083 1122 1241 1178 1123 1259 1304 1220 1459 1077 1322 1133 1124 1161 1044 992 1034 1294 1014 1167 1233 1240 1228 934 
1165 1533 1313 1201 1219 1321 1231 1122 1089 1303 1182 1276 1006 1361 1136 1143 1437 1083 1346 1114 1104 1167 1206 994 1061 1283 1188 1243 1389 1425 1273 1054 
1012 1341 1155 1045 1092 1210 1180 1072 932 1186 999 1097 1040 1265 1134 1023 1318 1090 1218 961 1059 1133 1004 970 1080 1116 988 1051 1320 1281 1184 918 
1243 1504 1330 1234 1259 1381 1400 1207 1054 1290 1101 1275 1191 1361 1324 1238 1518 1252 1431 1165 1154 1242 1266 1162 1210 1310 1248 1189 1455 1487 1416 1035 
