3794 4153 4232 3818 4054 3927 3932 4163 4081 3882 4223 4111 3988 4643 4219 3877 4498 4490 4253 3541 4096 4069 3840 3799 4185 4328 3884 3809 4086 4205 3809 3916 
3840 4170 4432 3600 3832 4036 3722 4082 4071 3759 3789 3703 3759 4432 3976 3794 4459 4049 4024 3720 4054 3886 3711 3411 3957 4070 3720 3865 4068 3902 3749 3603 
3705 3963 3874 3716 3724 3940 3742 4008 3555 3863 3661 3595 3537 4180 4071 3305 4397 4158 3862 3628 3728 3693 3730 3636 3885 4062 3694 3688 3904 3863 3702 3464 
3534 3845 3922 3645 3622 3814 3886 3875 4054 3764 3749 3718 3870 4079 4050 3405 4442 4036 3828 3840 4030 3876 3793 3545 3820 4025 3757 3979 4084 3866 3790 3700 
3564 3737 3960 3505 3772 3783 3961 3759 3832 3709 3927 3938 3664 4288 3837 3537 4289 4054 3540 3398 3661 3755 3661 3754 3694 4000 3833 3804 3955 3948 3767 3486 
3789 4036 4284 3768 3894 3816 3929 4078 4244 3851 3870 3933 3748 4185 4241 3540 4559 4277 3803 3734 3772 3918 3998 3749 4032 4177 3857 3659 4148 4107 3621 3650 
3697 4116 4007 3501 3803 3860 3812 4032 3887 3598 3668 3779 3701 4070 3834 3434 4422 3831 3735 3660 3913 3933 3935 3744 3748 4263 3823 3820 4018 3912 3794 3674 
3768 3727 4008 3675 3878 4136 3995 4062 4009 3583 3863 3850 3711 4130 3968 3443 4337 4087 3870 3609 3834 3917 3870 3512 3810 4276 3653 3876 4036 3921 3764 3650 
4049 3985 4178 3778 3823 3980 4207 4243 4173 3692 4181 4238 3786 4177 4283 3639 4718 4464 3990 3726 4089 4113 3897 3774 4022 4347 3859 3934 4347 4240 4073 3819 
3651 3699 3930 3539 3818 3843 3659 3867 4135 3602 3747 3784 3765 4025 3981 3468 4328 4185 3719 3692 3790 3822 3477 3646 3770 4126 3622 3798 3905 3933 3712 3504 
3682 4070 4042 3814 3884 3827 3919 3969 4004 3674 3802 3764 3636 4158 3927 3597 4292 4037 3871 3577 3909 3810 3732 3588 4034 4098 3812 3849 4281 3994 3856 3648 
3739 3776 4019 3817 3548 3900 3958 3887 3816 3617 3652 3655 3765 4095 4102 3651 4257 4167 3784 3669 3836 3653 3628 3585 3546 4132 3702 3782 4060 3996 3781 3542 
3788 3729 3655 3489 3457 3580 3603 3795 3842 3331 3614 3517 3478 3857 3825 3240 4242 3946 3671 3352 3692 3479 3496 3447 3515 3894 3418 3587 3691 3734 3490 3449 
3926 4167 3873 3745 3724 3897 3786 3894 3965 3701 3644 3867 3898 4032 4010 3694 4414 4101 3961 3619 3823 4120 3760 3695 3956 4172 3560 3657 4197 4139 3546 3981 
3279 3582 3846 3393 3590 3633 3646 3997 3517 3734 3564 3607 3400 3840 3839 3328 4064 3729 3575 3219 3757 3587 3480 3232 3456 3801 3237 3460 3894 3732 3393 3284 
3954 3948 4085 3762 3947 3831 4068 3944 3858 3781 3816 3735 3731 4188 4171 3647 4346 4208 3847 3687 3868 4057 4070 3626 3813 4141 3695 3894 4127 3909 3791 3869 
3906 4198 4221 3779 3801 4136 3834 4196 4067 3849 3874 4086 3846 4295 4294 3803 4528 4330 4064 3853 3920 4209 3958 3770 3894 4372 3878 4020 4164 4221 4217 3608 
3670 3681 3891 3458 3640 3620 3733 3938 3963 3413 3588 3585 3563 4246 3897 3338 4182 4136 3645 3295 3863 3716 3587 3563 3552 4009 3635 3774 3850 3464 3670 3521 
4090 4250 4166 3753 4155 4150 4219 4228 4164 3693 4126 4136 3980 4754 4102 3801 4725 4383 4106 3756 3978 4271 4111 3926 4159 4364 3898 3954 4249 4130 3978 4028 
3521 3621 3977 3584 3501 3555 3669 3593 3778 3605 3782 3694 3385 3874 3796 3435 4098 3777 3714 3364 3782 3712 3597 3517 3366 3717 3577 3507 3754 3754 3677 3543 
4076 3915 4176 3882 3919 4051 4193 4332 4192 3763 3905 4052 3828 4246 4522 3777 4561 4339 4066 3928 4111 4266 4218 4184 4085 4202 3814 3952 4372 4278 4024 3589 
4039 4276 4546 4166 3959 4124 4144 4465 4322 3990 4116 4326 4012 4608 4285 4025 4738 4294 4094 4004 4357 4377 4081 4067 4221 4354 4023 4045 4577 4340 4143 3905 
3270 3939 3820 3569 3766 3789 3659 3992 4029 3532 3604 3579 3741 3927 3857 3478 4278 3682 3598 3238 3760 3595 3464 3515 3593 4063 3490 3659 3890 3642 3491 3366 
3637 3875 3816 3498 3602 3682 3742 3867 4127 3484 3696 3797 3652 3885 3927 3403 4208 4028 3848 3585 3834 3791 3710 3812 3791 4037 3557 3699 4124 3881 3712 3532 
3575 3680 3856 3515 3666 3786 3796 3806 3871 3535 3814 3496 3440 3908 3638 3417 4238 3841 3741 3358 3780 3619 3691 3460 3535 3750 3352 3628 4199 3676 3498 3626 
3744 4112 4122 3700 3855 3943 4097 4140 4014 3799 3999 4111 3693 4229 4266 3377 4522 4107 4204 3507 3754 3963 3836 3690 3939 4011 3626 3858 4286 4123 3850 3539 
3466 3723 3723 3564 3395 3648 3494 4017 4106 3626 3676 3641 3361 3931 3679 3513 4330 3827 3644 3501 3877 3734 3519 3459 3452 3960 3583 3560 3969 3710 3770 3595 
3601 3744 4057 3699 3698 3540 3844 4109 3911 3628 3541 3603 3636 4087 4020 3557 4111 4057 3685 3583 3793 3837 3736 3490 3740 4256 3600 3752 4024 3869 3846 3672 
3699 4029 4124 3820 3847 3735 3856 4169 4014 3446 3845 3808 3789 4192 4011 3536 4479 4099 3935 3467 3871 3876 3714 3635 3861 4230 3750 3835 4092 3594 3922 3641 
3823 4034 4007 4014 3700 3904 3796 4008 3937 3542 3819 3862 3716 4209 4073 3466 4528 3985 3901 3527 3927 3931 3770 3498 3721 4168 3893 3833 4067 3866 3879 3700 
3511 3734 3983 3903 3611 3812 3780 3851 3891 3766 3573 3838 3674 4083 3869 3320 4420 3936 3777 3522 4023 4018 3638 3628 3743 4021 3634 3727 4089 3856 3971 3753 
3685 3996 4119 3812 3685 3863 3819 4027 3840 3624 3635 3780 3609 4239 4166 3472 4588 4084 3909 3618 3895 3994 3733 3745 3898 4034 3882 3685 4145 3842 4010 3663 
