1960 2309 2236 1885 2041 1881 2055 2066 2049 1998 2065 2003 1929 2251 2290 2128 2165 2216 2223 1812 1985 2029 1797 1589 2148 2103 2015 1858 2137 2433 1909 1882 
2069 2396 2364 1869 2109 2113 2027 2030 2076 2114 1932 2003 1913 2336 2280 2038 2332 2056 2204 2111 1996 1962 1792 1542 2185 2019 1950 2033 2212 2411 1814 1881 
1882 2238 1860 1787 1907 1922 1784 1976 1635 1862 1628 1727 1573 1968 2186 1636 2164 1799 2001 1815 1623 1712 1655 1516 1907 1827 1714 1690 2021 2101 1739 1604 
1775 1926 1896 1617 1756 1822 1813 1717 1831 1791 1674 1746 1783 2007 2074 1648 2013 1718 1817 1884 1801 1786 1500 1418 1815 1842 1843 1755 1925 1989 1691 1704 
1762 1967 2023 1622 1817 1841 1945 1785 1892 1804 1771 1914 1795 2038 1913 1755 2056 1935 1912 1620 1578 1808 1626 1670 1852 1800 1816 1607 2014 2077 1742 1578 
2001 2364 2357 1925 2094 2002 2079 2048 2256 2046 1970 2010 1844 2141 2251 1980 2412 2078 2202 1980 1879 2019 1974 1589 2108 2101 1973 1850 2150 2304 1730 1820 
2143 2507 2187 1795 2086 2088 2012 2114 2040 2027 1837 2003 1968 2098 2113 1846 2269 1919 2043 2026 1890 2144 1956 1725 2159 2136 1999 1865 2108 2417 1848 1910 
1928 2105 1911 1793 1950 2085 1987 1892 1822 1845 1880 1850 1708 1960 2013 1866 2140 1895 1992 1814 1693 1982 1739 1549 1854 1958 1729 1871 1941 2168 1858 1619 
2047 2375 2102 1871 2150 2085 2111 2137 2046 1962 2115 2080 1911 2186 2336 1993 2497 2174 2297 2012 1963 2061 1908 1580 2078 2197 1809 1937 2257 2403 2037 2014 
1760 2115 1979 1731 1992 1949 1762 1929 2034 1774 1802 1674 1900 1837 2039 1817 2099 1930 1834 1894 1801 1834 1547 1604 1822 1998 1868 1700 1914 2088 1879 1596 
1961 2289 2062 1870 2080 1860 1989 2025 1934 1872 1831 1864 1755 1999 2072 1854 2077 1947 2027 1726 1842 1834 1658 1573 2028 2001 1924 1828 2073 2183 1815 1786 
1708 2005 1918 1911 1851 1998 1959 1821 1848 1730 1762 1780 1818 1940 2037 1903 2016 1862 1856 1724 1734 1699 1555 1570 1728 1940 1785 1750 1911 2134 1800 1672 
1792 1935 1765 1542 1699 1738 1683 1730 1851 1563 1610 1642 1591 1775 1952 1718 1954 1731 1852 1518 1681 1563 1507 1467 1657 1814 1618 1567 1772 2000 1612 1463 
1908 2260 1894 1761 1823 1785 1757 1904 1854 1826 1677 1845 1861 1889 2054 1870 2007 1876 1983 1791 1690 2022 1686 1511 1895 1941 1651 1586 2025 2282 1696 1783 
1625 2138 1914 1623 1811 1810 1716 2038 1637 1775 1788 1841 1697 1912 1977 1820 1982 1745 1855 1592 1732 1684 1587 1426 1775 1789 1598 1746 1963 1985 1691 1561 
1901 2131 1881 1658 1776 1772 1820 1841 1744 1744 1697 1677 1716 1862 2105 1879 1934 1887 1936 1654 1652 1848 1713 1436 1831 1861 1621 1729 1934 2159 1847 1700 
2158 2571 2274 1883 2187 2131 2066 2144 2033 1979 2042 2130 1943 2307 2364 2078 2413 2183 2167 2009 2005 2145 1942 1712 2146 2190 1989 1953 2278 2484 2171 1833 
1696 1839 1758 1492 1748 1604 1634 1721 1775 1660 1603 1698 1564 1937 1903 1736 1841 1896 1826 1479 1683 1676 1285 1380 1692 1778 1495 1582 1787 1859 1579 1560 
2091 2353 2053 1772 2142 2035 2094 1990 2046 1836 1952 1898 1870 2255 2023 1987 2303 2029 2101 1834 1840 2140 1907 1708 2050 2070 1888 1706 1997 2338 1912 1865 
1592 1901 1840 1488 1586 1606 1598 1548 1705 1633 1763 1576 1460 1703 1763 1625 1837 1605 1707 1519 1555 1538 1405 1405 1506 1573 1564 1511 1670 1811 1689 1467 
1974 1990 1872 1809 1941 1947 2064 2003 1805 1624 1700 1770 1735 1913 2276 1875 2098 1944 2092 1860 1774 1979 1895 1759 1917 1936 1713 1695 2097 2229 1725 1569 
2299 2615 2515 2268 2185 2242 2353 2363 2299 2287 2236 2316 2159 2527 2436 2261 2466 2268 2371 2212 2259 2325 2035 1953 2305 2263 2180 2134 2557 2692 2108 2098 
1778 2196 2011 1823 2034 1980 1952 2011 2043 1829 1823 1836 1876 1988 2012 1845 2182 1797 1989 1677 1825 1825 1672 1557 1742 2088 1730 1808 2131 2157 1816 1619 
1775 2049 1799 1586 1784 1801 1805 1791 1987 1681 1684 1880 1808 1877 1983 1763 1972 1942 1980 1643 1712 1866 1548 1678 1844 1932 1650 1610 2081 2187 1687 1590 
1644 2012 1916 1575 1855 1752 1831 1783 1874 1677 1734 1644 1541 1705 1917 1795 2010 1728 1881 1616 1712 1694 1610 1406 1673 1759 1474 1675 1970 1923 1658 1629 
1928 2403 2109 1928 2040 1987 2034 2100 1916 2007 2008 2242 1862 2245 2259 1974 2227 2104 2279 1864 1832 1964 1861 1678 2078 2029 1827 1942 2226 2357 1978 1716 
2007 2319 2115 1951 1867 1869 1895 2116 2133 2005 1963 1917 1854 2093 2059 1991 2381 1882 2103 1866 2015 1900 1636 1608 1909 2107 1901 1882 2102 2183 1878 1823 
1886 1976 2084 1881 1915 1698 1946 2006 1868 1777 1699 1668 1676 1983 2114 1858 2004 1884 1919 1805 1841 1841 1707 1574 1917 1959 1744 1744 2068 2150 1853 1779 
1873 2088 1897 1852 1934 1703 1796 1896 1805 1661 1748 1773 1734 1888 2023 1808 2081 1741 1938 1704 1709 1684 1439 1474 1677 1956 1622 1751 2006 1869 1763 1627 
1796 2233 2041 1993 1850 1893 1899 1904 1908 1952 1842 1932 1641 2071 2079 1840 2197 1858 2062 1816 1776 1873 1749 1487 1782 2011 1917 1815 2108 2198 1958 1839 
1698 2034 1960 1888 1750 1840 1811 1827 1814 1904 1578 1830 1796 2006 1996 1656 2113 1892 1909 1681 1759 1941 1513 1531 1818 1903 1744 1681 2041 2099 1827 1684 
1853 2271 2113 1977 1949 2039 1953 1989 1825 1956 1769 1977 1832 2070 2229 1843 2365 1988 2149 1852 1811 1996 1744 1728 1955 2110 1977 1784 2214 2276 2071 1831 
