5014 5526 5517 5175 5171 5134 5226 5538 5244 5218 5467 5498 5376 5831 5349 4965 5856 5917 5432 4794 5248 5308 4845 5057 5318 5531 5275 5072 5381 5273 5083 5213 
5382 5608 5939 5118 4996 5409 5195 5527 5379 5277 5207 5164 5243 5702 5511 5009 5900 5491 5328 4970 5399 5180 4966 4942 5244 5453 5248 5204 5410 5192 5070 4923 
4823 5140 5162 5135 4758 5266 4986 5168 4707 5249 4882 4775 4730 5248 5193 4319 5720 5433 4876 4786 4833 4766 4762 4655 5075 5221 4915 4744 5142 4883 4917 4646 
4917 5229 5353 5176 4839 5226 5460 5271 5393 5287 5073 5215 5417 5347 5384 4837 5948 5409 5118 5028 5341 5015 4977 4895 5119 5406 5247 5510 5447 5160 5171 5071 
4968 5188 5542 5180 5132 5191 5479 5300 5191 5270 5348 5528 5180 5556 5286 4914 5837 5543 4777 4669 5120 5128 4840 5149 5030 5490 5311 5243 5361 5240 5197 4951 
4933 5330 5344 5045 4943 4996 5155 5196 5432 5045 4972 5109 4983 5188 5206 4708 5872 5642 4895 4935 4808 5002 4907 4898 5209 5151 5168 4899 5312 5109 4890 4868 
5002 5348 5367 4848 4942 5117 5195 5337 5047 5016 4757 5223 4967 5112 5097 4563 5659 5179 4752 4741 5030 5152 4983 5105 5037 5355 5134 5154 5398 5113 5058 4926 
5151 5185 5353 5237 5055 5495 5252 5503 5308 5023 5108 5387 5239 5297 5343 4711 5698 5565 5179 4946 5004 5276 4874 4918 5020 5492 5091 5366 5425 5044 5152 5120 
5372 5270 5645 5181 5012 5213 5733 5643 5499 5118 5451 5677 5203 5300 5573 4902 6081 5878 5186 5020 5262 5270 4967 5080 5226 5460 5342 5274 5636 5397 5323 5024 
4834 4995 5341 4802 4882 5167 4980 5217 5280 4952 4904 5012 4996 5045 5335 4639 5621 5535 4812 4954 4906 5057 4550 4894 4959 5359 4944 5009 5142 5052 4852 4785 
4896 5469 5433 5165 4901 4990 5180 5167 5156 4979 5070 5123 5104 5195 5173 4775 5594 5330 5006 4681 5106 4947 4866 4843 5174 5205 5112 5170 5538 5110 5224 4971 
5083 5206 5449 5228 4771 5226 5308 5303 5098 5142 4905 4872 4946 5168 5521 4839 5615 5590 5017 4915 5000 4832 4557 4826 4814 5422 5033 5091 5332 5211 5220 4840 
5120 5133 5167 4951 4815 4925 5071 5269 5301 4844 4905 4894 4986 5024 5243 4573 5674 5435 4954 4739 4963 4700 4661 4885 4921 5144 4902 4922 5024 4923 4798 4797 
5158 5640 5281 5189 4750 5202 5213 5283 5210 5139 4812 5156 5216 5098 5363 4828 5733 5468 5170 4861 5074 5307 4788 5034 5233 5412 4942 4884 5442 5363 4913 5274 
4683 4914 5282 4867 4773 4944 5011 5389 4775 5071 4839 5004 4656 4995 5290 4623 5384 5122 4785 4454 5098 4825 4490 4558 4625 5089 4544 4730 5159 4863 4667 4509 
5170 5232 5560 5281 5083 5145 5417 5346 5076 5248 5143 4981 5110 5380 5436 4896 5574 5590 5040 4970 5064 5149 5073 4831 5098 5344 5070 5015 5277 5057 5053 5249 
4880 5323 5252 4924 4716 5215 4942 5361 5114 4968 4981 5195 4877 5152 5361 4897 5702 5438 5110 4844 4838 5135 4782 4782 4942 5368 4984 5154 5221 5142 5361 4608 
4868 4891 5162 4755 4830 4685 5070 5225 5160 4682 4784 4804 4893 5330 5029 4327 5464 5405 4685 4358 5078 4869 4594 4756 4736 5046 4951 4929 5128 4541 4869 4731 
5189 5611 5333 4978 5089 5269 5293 5424 5209 4841 5283 5435 5221 5762 5188 4910 5992 5647 5189 4793 5083 5448 4985 5143 5167 5400 5095 5219 5440 5060 5158 5186 
4729 4872 5406 5012 4598 4803 5000 4921 4912 4939 5089 5093 4778 5095 5151 4644 5368 5117 4734 4563 4980 4897 4615 4782 4557 4946 4963 4739 4987 4781 4882 4863 
5331 5362 5577 5362 5093 5294 5590 5775 5347 5173 5272 5365 5247 5365 5880 4927 6106 5783 5268 5058 5355 5662 5298 5412 5192 5464 5137 5322 5649 5489 5354 4922 
5209 5557 5743 5496 4916 5328 5396 5630 5404 5286 5250 5545 5294 5690 5501 5109 5943 5564 5225 5011 5493 5554 4964 5228 5427 5504 5192 5242 5825 5427 5358 5244 
4591 5314 5339 5159 5006 4967 4995 5351 5396 4968 4955 5075 5146 5102 5277 4910 5705 5266 4894 4594 5256 4846 4521 4864 4907 5301 4962 5061 5149 4868 4904 4681 
4807 4974 4797 4672 4524 4679 4801 4928 5009 4668 4584 4838 4771 4731 4897 4364 5266 5053 4825 4494 4828 4873 4665 4965 4868 5046 4573 4720 5262 4719 4667 4606 
4783 5121 5403 5027 4827 5036 5224 5195 5159 5022 5158 5063 4899 5078 4943 4637 5655 5261 4933 4719 5152 4928 4880 4833 4838 5124 4854 4904 5511 4974 4830 5062 
5039 5485 5551 5091 4969 5329 5571 5585 5270 5299 5251 5515 5077 5411 5553 4498 5846 5426 5306 4618 4886 5151 4937 4935 5188 5388 4947 5178 5640 5246 5123 4851 
4723 4945 4940 4980 4454 4790 4606 5216 5115 4958 4761 4842 4727 4999 4796 4534 5610 5108 4666 4630 5106 4958 4520 4723 4638 4999 4791 4701 5198 4722 5030 4932 
4835 5009 5479 4993 4715 4711 5170 5461 5072 5023 4765 4870 4838 5247 5290 4772 5361 5361 4823 4746 5001 5057 4752 4642 4913 5407 4827 5023 5247 4990 5182 4865 
4718 5045 5207 4892 4728 4602 4999 5133 4914 4561 4810 4880 4690 5068 5106 4434 5513 5219 4842 4342 4957 4820 4530 4641 4765 5149 4857 4843 5130 4502 4864 4595 
5061 5285 5397 5557 4795 5085 5001 5222 5043 4888 4996 5116 5101 5333 5372 4741 5847 5293 4957 4793 5267 5022 4830 4853 4942 5352 5166 5054 5384 5076 5239 5023 
4669 4963 5359 5352 4806 5068 5157 5169 5089 5154 4858 5124 4898 5161 5217 4604 5707 5295 4972 4825 5240 5240 4673 4859 4987 5212 4860 5063 5480 5056 5289 5041 
4874 5275 5499 5166 4674 5072 5167 5294 4969 4954 4754 5136 4944 5413 5451 4711 5891 5320 5094 4675 5110 5166 4657 4957 5055 5253 5193 4976 5341 4973 5248 4902 
