667 777 701 598 866 816 844 787 648 682 662 711 674 848 719 732 733 759 759 559 560 587 791 538 686 653 723 594 709 842 771 445 
716 815 683 569 771 799 863 760 638 725 628 686 702 784 737 734 748 679 795 807 595 599 784 381 636 615 706 631 694 848 731 507 
769 728 599 580 743 727 840 839 588 714 597 705 618 709 763 640 680 698 781 635 523 634 750 509 698 656 694 555 764 878 680 391 
511 627 580 472 596 631 701 614 521 591 509 571 718 666 666 529 572 560 650 598 463 527 628 284 472 509 620 519 537 700 538 467 
554 766 728 525 677 737 850 736 575 680 538 636 694 795 635 617 678 748 737 589 502 625 705 441 551 535 666 484 720 808 677 385 
682 908 692 596 845 848 880 880 761 703 661 787 721 734 731 680 816 782 807 644 551 731 890 505 729 660 687 624 805 847 670 440 
633 852 579 495 695 728 790 793 642 699 530 710 686 657 681 586 730 605 704 646 542 674 846 408 608 642 590 515 699 800 573 448 
761 872 616 670 842 946 923 896 653 729 658 749 695 855 790 767 761 767 797 624 611 713 840 501 681 753 675 714 819 914 772 472 
567 769 508 484 745 771 773 788 614 602 554 695 666 749 688 659 742 662 723 604 570 590 739 340 564 597 547 572 680 739 642 436 
438 628 487 422 640 557 609 590 454 507 462 411 490 513 564 485 579 551 540 520 445 451 563 341 410 505 551 418 528 642 634 285 
652 731 580 539 729 715 843 780 572 602 559 644 523 664 697 673 598 669 758 563 548 580 676 439 632 617 687 633 660 776 649 409 
491 671 519 513 650 782 718 596 571 549 504 492 536 662 512 567 512 599 530 555 424 423 605 417 462 560 595 481 545 656 612 322 
622 524 443 483 576 543 764 601 469 435 534 539 450 597 655 567 459 523 653 488 490 416 560 295 537 492 482 541 508 653 507 297 
568 663 482 423 631 634 667 698 418 606 366 618 609 593 653 550 571 554 619 551 454 623 723 368 545 529 542 414 735 796 549 478 
570 670 545 529 672 692 754 827 501 661 547 670 562 677 731 641 652 644 647 480 527 597 745 473 594 590 576 583 692 795 660 375 
684 751 576 497 741 648 744 639 528 575 468 558 602 709 735 600 578 652 743 546 474 594 737 445 633 606 571 514 705 852 651 471 
629 817 637 516 818 757 828 837 565 651 571 705 691 778 762 747 728 713 761 615 588 706 816 526 658 667 676 536 794 809 748 448 
550 570 496 437 642 557 623 598 440 549 441 486 497 681 669 606 511 578 608 440 511 498 547 398 536 584 492 503 554 630 608 396 
771 918 743 651 933 862 962 838 655 705 674 732 772 909 806 769 798 789 862 725 622 746 888 561 712 746 804 558 829 930 826 501 
449 634 637 452 604 499 631 588 499 605 574 486 523 554 529 508 605 490 551 570 565 398 620 340 400 498 609 424 500 598 596 289 
720 762 506 584 772 845 897 837 588 580 553 671 675 779 845 735 636 740 816 631 543 653 825 475 672 629 624 587 815 932 698 445 
665 800 634 588 708 715 849 733 520 711 548 677 597 701 637 607 566 632 755 674 544 616 705 424 589 569 588 523 729 863 654 381 
621 791 588 485 885 859 852 773 680 637 615 656 671 729 719 769 677 724 747 624 583 610 726 467 602 734 632 621 703 799 776 442 
582 674 413 429 664 717 672 715 535 540 475 600 582 643 685 566 534 649 665 506 472 545 613 522 545 594 538 459 689 682 549 381 
544 701 600 432 785 749 790 664 587 581 553 592 559 630 617 671 620 616 684 594 558 559 719 434 548 602 570 496 693 746 636 371 
617 812 635 601 765 821 841 782 546 709 553 704 655 770 731 703 682 737 771 543 566 638 773 538 613 695 587 536 842 815 769 391 
554 797 595 488 666 688 708 710 681 657 537 638 624 684 548 657 707 636 697 629 520 517 637 404 565 601 634 543 587 658 606 384 
524 745 572 581 683 617 745 668 482 565 432 460 510 693 647 668 548 644 649 549 547 537 682 429 512 601 545 511 641 728 691 391 
527 588 391 480 687 566 589 612 447 449 513 500 555 581 575 527 581 463 608 452 460 420 572 290 409 546 450 456 487 511 616 307 
567 857 667 675 724 783 765 755 509 803 551 701 602 683 612 604 702 667 782 603 586 572 767 400 580 643 693 643 755 794 751 465 
460 663 566 475 613 655 673 626 459 625 386 566 560 689 570 555 560 639 630 459 534 544 594 477 496 542 515 416 712 644 620 324 
478 797 602 580 705 747 753 710 513 660 485 604 648 688 616 624 637 671 716 647 522 641 738 451 550 600 657 528 771 735 691 435 
