2775 2779 2806 2661 2720 2210 2630 2363 2791 2737 2771 2633 2520 2537 2891 2854 2672 3167 2835 2982 2767 2733 2585 2884 2505 2659 2794 2905 2825 2975 2590 2714 
2693 2669 2734 2603 2687 2211 2667 2541 2880 2734 2455 2571 2687 2703 2648 2861 2713 2830 2803 2774 2796 2632 2661 2895 2337 2555 2617 2774 2658 2945 2458 2521 
2620 2775 2506 2502 2479 2226 2543 2221 2579 2594 2547 2463 2479 2347 2748 2628 2684 2644 2503 2574 2545 2616 2491 2606 2464 2747 2514 2581 2656 2756 2510 2669 
2575 2622 2667 2783 2752 2144 2564 2535 2896 2884 2432 2682 2431 2592 2723 2749 2833 2787 2635 2871 2823 2736 2620 2953 2564 2888 2664 2648 2634 3029 2442 2680 
2483 2383 2531 2211 2448 1986 2239 2116 2521 2531 2304 2440 2307 2369 2554 2500 2400 2473 2231 2527 2404 2492 2347 2594 2173 2402 2246 2481 2354 2567 2186 2255 
2837 2836 2881 2567 2921 2328 2800 2484 2954 2971 2650 2603 2687 2744 2783 2730 2910 2992 2767 2773 2746 2787 2805 2861 2692 2767 2628 2793 2891 3046 2544 2803 
2585 2440 2496 2481 2598 2061 2593 2434 2722 2631 2477 2424 2459 2492 2536 2606 2702 2851 2586 2737 2396 2604 2266 2801 2517 2626 2547 2607 2593 2681 2329 2366 
2566 2516 2519 2428 2436 2036 2245 2254 2352 2724 2416 2430 2225 2301 2731 2699 2607 2690 2487 2552 2468 2527 2371 2649 2401 2458 2632 2549 2652 2742 2248 2307 
2990 2859 2516 2769 2913 2109 2849 2323 2765 2901 2623 2542 2524 2757 2737 2804 2751 2886 2745 2809 2539 2780 2762 2865 2503 2797 2900 2823 2878 2801 2637 2640 
2794 2700 2709 2479 2601 2380 2653 2475 2856 3006 2541 2556 2552 2518 2749 2700 2701 2919 2676 2955 2780 2784 2626 2830 2598 2738 2649 2763 2738 2884 2699 2655 
2601 2553 2508 2698 2680 2022 2632 2384 2694 2752 2486 2451 2509 2633 2592 2844 2591 2667 2469 2868 2547 2633 2568 2702 2429 2752 2570 2543 2573 2852 2489 2564 
2583 2649 2697 2617 2802 2308 2535 2443 2804 2851 2470 2449 2532 2527 2731 2827 2648 2827 2682 2745 2480 2709 2629 2627 2491 2600 2726 2731 2547 2974 2607 2529 
2475 2321 2205 2142 2358 1926 2329 2258 2374 2575 2186 2171 2390 2183 2418 2454 2418 2494 2125 2518 2178 2455 2266 2413 2353 2320 2296 2577 2381 2418 2191 2427 
2638 2721 2900 2565 2681 2195 2669 2351 2769 2833 2557 2551 2604 2425 2873 2773 2698 2861 2744 2913 2618 2785 2732 2814 2724 2736 2810 2837 2639 2882 2427 2599 
2556 2606 2595 2724 2547 2117 2508 2380 2587 2698 2413 2459 2253 2223 2520 2697 2644 2592 2625 2501 2694 2580 2358 2577 2300 2612 2348 2520 2641 2629 2265 2487 
2625 2718 2591 2549 2554 2044 2699 2211 2657 2620 2518 2444 2409 2378 2657 2852 2768 2659 2621 2848 2568 2457 2335 2701 2567 2710 2797 2774 2713 2674 2324 2655 
2725 2736 2920 2724 2792 2000 2832 2496 2925 2886 2710 2548 2561 2799 2935 2838 2977 2817 2776 2905 2768 2777 2694 2713 2593 3004 2734 2739 2695 2886 2757 2735 
2589 2862 2742 2610 2581 2052 2489 2247 2904 2786 2383 2525 2396 2279 2445 2736 2617 2803 2561 2695 2535 2608 2452 2841 2292 2659 2605 2604 2457 2754 2398 2554 
2791 2652 2739 2593 2697 2168 2603 2457 2775 2864 2539 2503 2470 2686 2877 2796 2689 2909 2581 2792 2577 2654 2704 2750 2504 2576 2672 2746 2613 2994 2512 2489 
2496 2562 2477 2425 2450 1996 2565 2234 2502 2501 2333 2375 2379 2452 2641 2521 2602 2607 2406 2578 2382 2601 2262 2500 2241 2594 2464 2449 2526 2553 2229 2566 
2800 2917 2776 2685 2717 2249 2555 2363 2914 3034 2685 2610 2427 2587 2876 2979 2715 2923 2746 2995 2812 2697 2851 2918 2612 2741 2739 2862 2827 2992 2598 2649 
3075 3111 3009 2904 3016 2333 2930 2655 3191 3036 2993 2813 2751 2869 3095 3048 2901 3173 3025 3238 2999 3071 3059 3178 2888 2919 2935 3000 3089 3159 2863 2912 
2822 2498 2572 2622 2595 2072 2625 2364 2657 2696 2432 2432 2402 2546 2556 2805 2516 2695 2719 2753 2453 2780 2627 2598 2466 2714 2513 2548 2709 2663 2331 2405 
2639 2662 2604 2700 2726 2158 2748 2310 2806 2856 2518 2570 2505 2602 2587 2893 2836 2895 2776 2698 2569 2742 2639 2867 2668 2773 2730 2810 2752 2837 2538 2637 
2464 2607 2505 2268 2511 2134 2565 2104 2460 2725 2222 2356 2159 2293 2421 2609 2344 2591 2448 2664 2439 2476 2354 2669 2138 2330 2444 2517 2605 2564 2357 2545 
2925 2944 2812 2892 2780 2305 2857 2522 2952 2818 2682 2779 2668 2663 2731 3019 2808 3121 2583 2771 3019 2776 2689 2851 2508 2851 2674 2874 2721 2923 2452 2620 
2575 2364 2551 2386 2444 1986 2408 2534 2690 2699 2380 2226 2285 2461 2469 2582 2475 2670 2511 2768 2498 2596 2453 2549 2340 2323 2519 2452 2669 2667 2330 2418 
2546 2519 2630 2581 2581 2311 2476 2416 2915 2743 2278 2434 2534 2688 2678 2864 2773 2755 2713 2881 2512 2676 2501 3006 2314 2570 2734 2568 2718 2755 2327 2522 
2817 2899 2755 2668 2738 2334 2636 2556 2894 2722 2444 2645 2483 2358 2705 2966 2645 2780 2704 2728 2732 2623 2755 2936 2577 2808 2848 2890 2656 2900 2448 2605 
2521 2630 2800 2399 2586 1953 2446 2296 2837 2564 2463 2341 2383 2425 2708 2845 2578 2721 2424 2670 2608 2593 2556 2716 2432 2645 2661 2791 2710 2808 2304 2499 
2780 2669 2572 2627 2490 2141 2510 2205 2657 2580 2546 2397 2483 2370 2675 2656 2694 2768 2694 2680 2527 2631 2485 2516 2502 2778 2664 2732 2695 2512 2408 2380 
2694 2753 2818 2602 2673 2162 2708 2119 2820 2715 2485 2520 2486 2613 2793 2748 2619 2793 2712 2745 2587 2632 2607 2648 2596 2850 2735 2962 2662 3035 2484 2649 
