687 679 684 590 645 562 648 636 698 659 791 684 634 719 731 698 615 724 669 733 583 667 558 721 669 640 753 686 608 715 520 475 
816 816 791 748 942 602 722 858 831 808 813 779 848 885 850 835 828 738 864 788 829 856 765 886 848 776 823 738 729 949 651 568 
664 723 528 528 635 477 544 561 506 547 679 582 605 588 712 582 649 484 506 622 534 591 563 646 660 542 587 601 541 616 633 458 
633 640 634 622 763 474 629 677 616 728 672 660 684 729 682 740 678 599 594 685 742 701 591 722 689 685 709 599 624 839 513 446 
671 698 749 582 770 533 672 705 675 768 733 807 649 733 763 797 665 531 638 761 726 788 695 741 675 678 688 688 710 819 560 448 
748 733 840 608 819 680 715 743 799 760 780 741 719 841 713 735 748 663 724 778 757 781 756 721 732 665 704 629 746 875 539 495 
789 716 735 673 788 624 757 822 781 847 845 735 739 824 831 849 778 818 714 909 767 842 548 949 795 777 855 846 726 884 661 537 
802 793 694 650 867 586 647 797 672 819 776 703 598 707 790 811 686 726 713 773 747 758 719 818 805 715 868 783 722 867 593 488 
908 916 823 799 921 600 780 779 750 868 958 822 801 891 856 950 819 766 848 884 704 875 824 930 852 781 944 834 738 861 720 527 
709 625 697 532 701 632 656 795 683 723 643 667 641 649 708 737 685 612 650 789 749 708 616 757 686 681 681 717 634 752 562 449 
753 668 703 625 813 505 706 790 653 813 730 737 638 651 693 866 649 616 629 691 742 697 681 699 765 746 669 705 642 797 524 477 
667 725 706 644 777 508 613 683 672 699 724 661 646 668 751 815 690 580 729 624 670 708 708 694 720 667 737 670 647 808 607 430 
679 541 564 484 608 549 592 602 567 630 664 587 555 528 639 623 622 527 474 667 576 614 462 667 671 551 517 613 595 636 516 433 
794 668 658 626 722 546 635 693 663 743 764 687 629 577 736 774 643 658 629 726 666 703 649 717 768 621 696 703 667 733 490 439 
679 647 610 507 698 523 560 698 597 670 676 603 487 526 614 645 621 565 597 596 656 633 603 614 652 490 501 538 506 567 493 413 
812 774 662 610 735 526 660 657 608 747 836 653 622 702 765 805 739 661 730 841 626 749 670 717 754 652 794 738 648 770 582 477 
770 761 773 717 812 546 753 786 747 764 887 796 763 825 854 851 840 713 670 793 852 826 706 784 836 860 752 774 768 891 679 612 
528 545 538 444 611 361 480 522 494 637 584 544 468 557 478 555 549 444 440 547 499 596 484 560 574 456 473 422 486 568 434 376 
634 633 604 570 700 494 656 663 648 700 681 646 521 639 702 742 618 638 615 670 708 671 620 684 656 593 637 647 646 781 498 397 
649 699 636 519 664 474 585 622 594 638 643 610 548 685 653 706 582 525 535 635 568 636 592 601 625 619 654 609 594 624 478 454 
650 759 776 557 747 507 585 696 713 784 748 713 623 701 738 822 633 539 696 764 613 751 700 728 680 555 754 646 652 764 639 472 
908 875 884 740 959 631 781 813 818 913 947 853 772 857 874 918 823 796 896 900 844 959 870 864 940 729 798 776 812 920 685 554 
871 726 741 676 858 581 709 676 679 784 757 657 618 700 686 781 657 667 691 723 680 800 714 746 745 654 606 669 750 723 561 499 
617 588 637 597 684 480 622 558 626 655 666 663 624 667 670 720 577 658 640 660 627 726 583 726 713 629 638 620 633 689 532 425 
614 617 537 428 628 429 490 498 469 607 566 536 398 619 552 570 471 489 512 620 459 599 533 602 517 426 550 513 566 560 424 409 
799 803 876 772 859 703 832 839 846 771 884 815 751 846 903 866 869 738 776 802 902 846 814 850 806 817 769 771 759 893 664 552 
845 743 749 672 814 606 732 801 708 883 837 761 756 708 818 896 700 746 658 902 793 843 706 750 787 671 751 778 840 843 634 568 
709 676 699 569 717 567 556 705 666 763 610 641 649 689 690 779 662 575 755 717 536 729 614 800 602 643 790 633 644 752 513 479 
845 891 712 613 875 628 676 843 721 764 762 791 617 682 822 792 679 656 670 757 784 697 766 792 798 738 753 799 714 881 675 558 
615 558 662 536 636 484 606 636 672 653 596 611 604 612 666 750 522 526 532 652 667 658 578 623 636 631 622 651 660 704 459 424 
712 668 578 582 699 461 577 573 502 628 628 544 591 636 640 705 621 614 606 635 617 653 601 612 665 661 657 647 629 703 553 418 
648 709 731 660 811 526 657 670 683 740 787 781 659 696 804 768 669 571 631 711 720 717 657 758 724 700 758 744 695 951 633 520 
