1399 1385 1258 1380 1362 1107 1393 1195 1560 1386 1433 1345 1222 1452 1389 1377 1327 1566 1365 1501 1257 1281 1215 1479 1404 1185 1321 1481 1362 1502 1257 1168 
1388 1372 1264 1379 1531 1134 1436 1464 1575 1490 1323 1318 1489 1627 1412 1433 1471 1502 1451 1528 1394 1485 1399 1591 1451 1312 1300 1459 1380 1566 1308 1214 
1182 1339 1089 1139 1144 962 1296 1070 1241 1179 1168 1108 1152 1209 1329 1154 1241 1135 1085 1265 1097 1186 1172 1280 1339 1205 1099 1265 1201 1250 1212 1112 
1223 1193 1122 1252 1345 1022 1328 1219 1352 1356 1269 1226 1153 1345 1201 1335 1265 1319 1173 1401 1328 1311 1202 1494 1319 1253 1226 1230 1269 1500 1192 1099 
1245 1222 1180 1056 1299 993 1250 1131 1334 1344 1194 1287 1060 1293 1233 1256 1147 1116 1047 1412 1178 1286 1179 1351 1132 1096 1085 1306 1172 1291 1077 957 
1321 1337 1367 1171 1426 1105 1443 1285 1534 1459 1327 1301 1284 1544 1367 1260 1428 1388 1305 1416 1280 1400 1313 1425 1453 1256 1192 1285 1380 1528 1186 1218 
1394 1286 1320 1316 1438 1121 1527 1428 1522 1556 1406 1283 1322 1472 1441 1393 1446 1517 1392 1641 1326 1487 1175 1672 1456 1415 1361 1505 1367 1451 1305 1242 
1188 1204 1019 1080 1304 896 1121 1192 1153 1322 1259 1092 982 1147 1263 1225 1091 1205 1148 1225 1155 1136 1057 1301 1272 1130 1274 1313 1177 1289 1029 974 
1606 1543 1433 1481 1577 1034 1575 1343 1587 1553 1481 1374 1314 1567 1516 1512 1437 1485 1478 1533 1287 1492 1453 1630 1412 1387 1529 1564 1471 1514 1389 1255 
1390 1315 1316 1258 1364 1230 1557 1372 1574 1533 1297 1330 1248 1391 1341 1379 1369 1377 1312 1604 1388 1459 1421 1506 1421 1372 1246 1451 1329 1465 1318 1236 
1302 1252 1267 1291 1464 991 1399 1323 1401 1496 1222 1330 1224 1345 1332 1468 1217 1242 1232 1523 1336 1326 1232 1434 1343 1331 1270 1348 1266 1496 1251 1178 
1303 1322 1269 1292 1458 1059 1267 1203 1396 1414 1300 1259 1218 1395 1411 1399 1246 1250 1317 1382 1258 1364 1360 1372 1382 1190 1366 1381 1300 1582 1256 1116 
1329 1048 1089 1115 1207 1044 1335 1235 1285 1349 1211 1105 1191 1240 1243 1178 1251 1211 1080 1367 1113 1298 1159 1325 1275 1090 1012 1301 1266 1263 1197 1189 
1372 1315 1308 1284 1271 1044 1379 1155 1512 1404 1369 1237 1247 1217 1419 1293 1238 1301 1221 1478 1229 1304 1314 1415 1480 1298 1325 1359 1263 1364 1106 1164 
1195 1220 1143 1208 1257 940 1219 1218 1217 1336 1207 1152 1012 1125 1186 1214 1171 1136 1184 1245 1288 1145 1137 1268 1188 1040 1012 1226 1171 1170 1072 1010 
1255 1271 1156 1206 1241 890 1323 1164 1243 1320 1374 1196 1107 1291 1310 1314 1226 1190 1212 1447 1185 1221 1188 1300 1344 1166 1288 1323 1255 1313 1133 1173 
1473 1449 1498 1439 1528 983 1587 1369 1638 1555 1519 1428 1345 1579 1606 1480 1472 1383 1356 1597 1470 1478 1365 1539 1503 1584 1407 1448 1446 1583 1464 1368 
1152 1272 1153 1146 1212 865 1194 1032 1325 1356 1185 1111 1014 1098 1038 1132 1076 1166 1026 1288 1080 1230 1125 1275 1108 1053 1087 1086 1083 1216 1116 1054 
1335 1224 1164 1141 1354 1010 1379 1268 1404 1412 1215 1177 1169 1433 1349 1296 1179 1332 1167 1393 1167 1191 1242 1314 1322 1150 1152 1366 1289 1420 1147 1012 
1199 1226 1099 1049 1235 856 1306 1090 1270 1236 1101 1132 1008 1294 1140 1122 1037 1087 1003 1286 1011 1176 1128 1199 1058 1114 1101 1156 1071 1070 1051 1054 
1188 1299 1237 1100 1295 1010 1226 1146 1392 1394 1322 1218 1063 1275 1292 1401 1236 1228 1237 1407 1163 1232 1254 1397 1397 1096 1157 1271 1253 1405 1205 1010 
1697 1674 1695 1585 1775 1350 1691 1537 1841 1791 1709 1614 1486 1725 1688 1680 1659 1635 1633 1847 1616 1774 1703 1860 1874 1553 1569 1673 1745 1829 1510 1455 
1454 1187 1282 1288 1354 1032 1394 1211 1429 1367 1278 1115 1125 1354 1279 1298 1156 1252 1319 1352 1096 1421 1354 1287 1346 1190 1115 1305 1305 1178 1171 1079 
1266 1190 1149 1251 1306 994 1385 1083 1426 1346 1241 1207 1144 1313 1270 1366 1236 1404 1274 1322 1237 1304 1291 1439 1357 1193 1128 1307 1325 1308 1205 1118 
1167 1229 1074 1023 1184 914 1279 1046 1254 1350 1079 1083 873 1277 1154 1258 1017 1179 1061 1333 1122 1168 1199 1255 1121 997 1111 1205 1257 1167 1047 1222 
1380 1467 1404 1380 1476 1191 1481 1353 1610 1363 1382 1333 1211 1488 1375 1501 1410 1482 1242 1466 1526 1340 1339 1388 1377 1338 1306 1444 1329 1512 1184 1094 
1499 1313 1368 1301 1427 1167 1476 1443 1513 1571 1386 1282 1222 1426 1366 1447 1283 1514 1277 1655 1345 1527 1376 1428 1435 1239 1338 1415 1523 1496 1278 1316 
1320 1220 1267 1186 1335 1128 1299 1283 1575 1384 1155 1208 1151 1413 1269 1352 1356 1288 1306 1539 1074 1370 1252 1634 1243 1228 1301 1314 1302 1321 1188 1150 
1388 1401 1314 1221 1408 1151 1332 1353 1486 1347 1238 1235 1131 1267 1394 1378 1200 1286 1254 1470 1286 1350 1439 1485 1346 1303 1319 1451 1287 1410 1265 1226 
1241 1220 1288 1174 1301 958 1296 1171 1526 1358 1220 1216 1135 1333 1404 1351 1152 1232 1110 1388 1268 1292 1163 1417 1329 1254 1283 1383 1382 1413 1099 1149 
1422 1290 1194 1290 1347 1019 1302 1132 1384 1310 1345 1118 1201 1323 1348 1329 1270 1390 1351 1380 1202 1300 1282 1335 1422 1315 1299 1433 1256 1289 1219 1072 
1406 1422 1387 1306 1392 1073 1418 1239 1529 1460 1413 1310 1212 1388 1510 1330 1270 1334 1296 1395 1292 1372 1321 1383 1460 1337 1361 1522 1382 1583 1235 1229 
