4188 3991 4121 3809 4158 3518 3998 3602 3992 4162 3772 3718 3817 3773 4229 4342 3870 4445 4161 4135 3858 3925 3903 4071 3692 3923 4146 4140 3956 4416 4142 3945 
4106 3920 4178 3735 4044 3604 3971 3922 4033 4149 3463 3623 3918 3998 3998 4262 3842 4110 4244 3853 3891 3821 3991 4001 3605 3777 3971 3978 3834 4336 3903 3680 
3975 3830 3822 3602 3739 3676 3579 3366 3712 3969 3420 3530 3784 3434 4082 4099 3783 3897 3697 3759 3765 3752 3648 3843 3726 3983 3751 3824 3788 4132 3937 3841 
4074 3902 4039 3924 4400 3782 3932 3942 4282 4312 3472 3893 3693 3801 4169 4271 4243 4112 4037 4114 4011 4046 4079 4144 3903 4123 4045 3977 3945 4512 3939 3987 
4268 3702 4233 3610 4067 3692 3691 3503 4044 4241 3384 3655 3740 3645 4024 4133 3665 3894 3716 3972 3740 3759 3950 4070 3585 4011 3720 3867 3646 4186 3909 3725 
4092 3714 4033 3538 4198 3597 3764 3606 3953 4122 3514 3598 3776 3638 3915 4053 3978 4106 3801 3680 3765 3806 3920 3944 3644 3903 3728 3884 3906 4223 3840 3790 
3868 3594 3891 3737 3897 3431 3800 3765 3863 4144 3586 3512 3652 3690 3818 3990 3842 4106 3937 3983 3378 3763 3567 4029 3691 3803 3817 3818 3824 4007 3649 3597 
3901 3736 3936 3655 4030 3510 3527 3469 3447 4157 3493 3625 3472 3523 4107 4211 3860 3959 3785 3709 3678 3745 3717 3979 3596 3726 3943 3844 3863 4133 3706 3531 
4295 3969 4012 3909 4294 3636 4041 3738 4051 4267 3641 3492 3737 3980 4100 4374 4034 4134 4167 3932 3715 4070 3903 4020 3743 3912 4129 4157 4058 4214 4013 3807 
4127 3826 4011 3623 3930 3777 3883 3715 4079 4379 3456 3573 3792 3685 4017 4030 3769 4170 3933 4129 3866 3896 3896 4029 3747 3973 3833 3848 3966 4192 4200 3817 
4119 3791 3938 3819 4170 3483 3795 3650 4010 4031 3579 3457 3733 3859 3867 4346 3918 3948 3788 4042 3624 3893 3935 3842 3674 4009 3817 3783 3711 4122 3970 3793 
3991 3848 4152 3873 4187 3694 3665 3744 3996 4228 3526 3605 3912 3777 4044 4375 3863 4040 4115 3925 3695 3935 3913 3783 3803 3924 4060 3920 3777 4419 4161 3800 
4158 3719 3778 3434 3951 3661 3682 3638 3802 4151 3318 3413 3896 3550 3972 4133 3699 3842 3615 3891 3504 3804 3793 3675 3887 3713 3631 3942 3629 3929 3761 3748 
4002 3883 4264 3580 4212 3613 3809 3691 4094 4279 3578 3691 3959 3720 4215 4281 3922 4260 4026 4109 3651 4002 3913 4063 4118 4063 4168 4107 3843 4395 3950 3885 
3788 3655 3829 3846 3855 3413 3513 3405 3644 4034 3172 3454 3363 3281 3672 3908 3673 3720 3819 3580 3770 3624 3537 3714 3420 3675 3433 3624 3661 3758 3468 3500 
4329 4103 4234 4018 4273 3793 4133 3702 4178 4324 3721 3810 3918 3856 4276 4649 4236 4128 4199 4264 4073 3869 3851 4216 3998 4266 4268 4304 4074 4446 4102 4186 
3845 3678 4115 3745 3952 3203 3844 3665 3942 4064 3533 3533 3544 3719 4062 4063 4061 3824 3820 3794 3691 3810 3764 3643 3652 3985 3940 3765 3706 3982 3928 3786 
3993 4011 4177 3675 4004 3475 3712 3574 3993 4151 3441 3588 3645 3402 3805 4195 3788 3970 3835 3923 3657 3853 3675 4062 3477 3918 3877 3845 3572 4194 3822 3789 
4084 3719 4121 3748 4057 3576 3838 3683 4026 4188 3521 3587 3777 3778 4156 4168 4004 4168 3738 3850 3580 3812 4035 3857 3732 3837 3920 4069 3766 4328 3998 3752 
3943 3787 3972 3712 3966 3669 3831 3569 3794 4027 3327 3568 3666 3691 3967 3956 3903 3968 3809 3801 3632 3740 3760 3766 3517 3901 3830 3775 3863 4067 3724 3880 
4384 4214 4261 3856 4185 3740 3692 3687 4155 4432 3744 3738 3738 3770 4173 4531 4020 4204 4130 4200 4141 3998 4206 4058 4001 4002 4041 4152 3920 4458 4126 4022 
4503 4298 4316 3943 4411 3709 4057 3845 4301 4432 3981 3927 3893 4021 4403 4398 3969 4341 4284 4344 4122 4213 4424 4305 4075 4110 4122 4209 4255 4490 4191 4067 
4286 3716 4001 3842 4131 3428 3768 3608 3861 4075 3419 3535 3643 3694 3857 4304 3729 3964 3899 3961 3721 3950 4014 3871 3706 3963 3809 3756 3777 4027 3700 3608 
3813 3645 3755 3669 3958 3501 3760 3261 3838 4004 3332 3515 3609 3605 3778 4118 3900 3945 3864 3644 3603 3739 3755 3855 3788 3806 3772 3904 3813 3918 3777 3577 
4061 4032 4055 3519 4207 3742 3906 3488 3812 4300 3252 3593 3582 3570 3928 4240 3620 3988 3920 3947 3732 3822 3721 3955 3538 3819 3846 3996 3889 4138 3979 3947 
4228 4067 4102 3936 4088 3716 3944 3801 4129 4081 3562 3906 3867 3817 3871 4311 3919 4325 3890 3894 4046 3890 3865 4038 3725 4038 3765 3924 3940 4261 3847 3844 
3982 3435 3881 3426 3785 3387 3393 3821 3816 4107 3364 3449 3507 3492 3805 4089 3561 3844 3616 3940 3528 3694 3658 3700 3594 3466 3676 3659 3756 3940 3554 3498 
3937 3609 4121 3775 3922 3731 3696 3567 4185 4086 3281 3464 3703 3825 3985 4327 3922 3934 3963 3945 3777 3807 3745 4230 3537 3901 3916 3721 3980 4034 3689 3774 
4132 4141 4180 3796 4134 3689 3789 3805 4074 4095 3422 3696 3675 3405 4032 4457 3838 3915 3955 3803 3849 3703 4083 4051 3837 4162 4078 4025 3868 4197 3816 3690 
3919 3935 4343 3607 4079 3485 3615 3588 4057 4016 3385 3434 3691 3624 4141 4381 3847 3968 3727 3856 3941 3788 3942 3880 3846 3913 3995 4147 3831 4141 3626 3716 
4227 3913 4193 3957 3936 3619 3774 3554 3998 4147 3644 3667 3796 3641 4095 4219 4002 4103 3994 3992 3753 3814 3896 3804 3840 4094 4037 4007 3810 3991 3958 3713 
3972 3920 4172 3630 4004 3545 3844 3370 3947 3946 3356 3629 3583 3622 3962 4064 3723 3918 3956 3805 3557 3667 3949 3681 3766 4064 3822 4089 3798 4285 3704 3735 
