4901 4674 4776 4504 4749 4351 4696 4284 4604 4936 4334 4231 4601 4527 5003 5007 4372 4883 4711 4667 4504 4625 4551 4652 4436 4674 4803 4735 4534 4999 4822 4623 
4878 4580 4883 4479 4708 4410 4707 4654 4761 5011 4232 4161 4743 4882 4796 4908 4417 4618 4899 4558 4584 4512 4672 4700 4391 4708 4587 4767 4563 4878 4662 4398 
4605 4359 4362 4160 4270 4381 4115 3894 4199 4659 3931 3990 4481 4065 4722 4549 4231 4275 4175 4223 4350 4421 4185 4364 4410 4720 4379 4401 4289 4570 4648 4382 
4746 4631 4605 4645 5111 4547 4611 4557 4897 4952 4191 4457 4438 4564 4839 4820 4862 4554 4686 4639 4654 4735 4742 4678 4587 5000 4690 4698 4621 4970 4652 4687 
5053 4448 4958 4412 4860 4475 4500 4268 4766 4969 4147 4241 4615 4567 4818 4791 4365 4336 4377 4636 4549 4504 4646 4733 4397 4904 4452 4614 4471 4735 4708 4562 
4560 4237 4545 4228 4784 4168 4350 4080 4574 4795 4056 3985 4401 4233 4518 4529 4501 4553 4295 4186 4366 4349 4428 4434 4110 4474 4178 4401 4477 4584 4506 4413 
4446 4239 4515 4427 4540 4131 4496 4368 4520 4874 4270 4092 4427 4432 4498 4615 4421 4611 4501 4542 4051 4460 4253 4535 4458 4578 4410 4509 4464 4566 4456 4232 
4625 4433 4645 4411 4653 4268 4281 4213 4152 5013 4255 4237 4296 4462 4905 4969 4387 4501 4404 4273 4341 4469 4367 4483 4373 4570 4652 4558 4542 4720 4466 4262 
5056 4679 4663 4640 4928 4445 4759 4414 4750 5037 4381 4059 4475 4848 4877 5075 4697 4678 4810 4531 4321 4734 4526 4618 4436 4797 4706 4863 4680 4819 4753 4576 
4778 4498 4628 4285 4568 4554 4664 4478 4798 5168 4171 4105 4589 4581 4743 4670 4453 4621 4567 4773 4522 4614 4547 4641 4463 4781 4542 4552 4688 4691 4973 4568 
4805 4379 4576 4473 4908 4184 4391 4212 4602 4717 4219 3983 4508 4631 4515 4973 4480 4379 4335 4563 4239 4613 4523 4393 4426 4784 4328 4468 4365 4629 4714 4449 
4610 4537 4765 4569 4822 4365 4366 4446 4624 4969 4283 4157 4553 4558 4752 5034 4491 4497 4667 4451 4353 4620 4600 4288 4494 4697 4717 4668 4455 4928 4941 4595 
4913 4463 4476 4141 4610 4482 4410 4313 4567 4945 4090 3998 4750 4478 4745 4865 4390 4402 4295 4510 4106 4594 4441 4271 4634 4617 4299 4670 4298 4497 4630 4484 
4611 4396 4856 4148 4856 4257 4351 4318 4648 5078 4248 4291 4656 4499 4850 4841 4540 4721 4509 4594 4218 4764 4501 4602 4836 4808 4703 4825 4510 4866 4749 4631 
4475 4291 4454 4554 4488 4074 4257 4092 4343 4832 3927 4016 4177 4161 4389 4515 4349 4266 4428 4141 4368 4344 4153 4266 4134 4528 3958 4362 4353 4349 4240 4292 
4834 4497 4744 4535 4709 4352 4711 4299 4593 5034 4165 4132 4588 4439 4804 5053 4595 4470 4622 4748 4541 4424 4420 4718 4651 4886 4840 4849 4530 4824 4664 4766 
4402 4303 4720 4447 4502 3850 4500 4286 4544 4741 4152 3996 4256 4491 4705 4606 4566 4293 4460 4331 4225 4394 4438 4187 4306 4708 4495 4486 4322 4513 4594 4471 
4564 4524 4737 4217 4513 4085 4259 4048 4412 4782 3920 4000 4249 3972 4384 4698 4222 4347 4334 4316 4119 4407 4149 4527 4082 4567 4394 4384 4065 4655 4403 4317 
4666 4321 4731 4449 4681 4259 4520 4347 4689 4911 4111 4116 4472 4605 4871 4870 4515 4639 4314 4420 4155 4463 4684 4352 4412 4527 4519 4749 4412 4873 4746 4430 
4567 4304 4565 4271 4518 4289 4343 4058 4281 4700 3893 4044 4341 4423 4580 4479 4449 4409 4356 4292 4131 4335 4302 4222 4189 4566 4334 4392 4454 4541 4450 4521 
5105 4850 4892 4573 4921 4478 4399 4322 4758 5182 4264 4202 4503 4481 4872 5147 4606 4582 4781 4885 4812 4670 4830 4690 4721 4751 4726 4806 4676 4955 4825 4797 
4955 4823 4852 4556 4991 4450 4688 4485 4863 5032 4585 4284 4530 4678 5011 4950 4433 4764 4782 4853 4672 4731 5032 4774 4656 4666 4672 4741 4820 4900 4806 4746 
4876 4288 4585 4517 4755 3980 4402 4232 4480 4791 3986 3994 4329 4536 4430 4888 4310 4399 4500 4455 4308 4512 4609 4371 4336 4631 4308 4375 4453 4417 4353 4264 
4305 4090 4196 4166 4522 4011 4297 3755 4374 4557 3890 3961 4188 4253 4347 4623 4348 4280 4253 4116 4166 4309 4254 4219 4291 4349 4307 4467 4387 4304 4425 4076 
4748 4628 4691 4144 4788 4415 4537 4086 4411 4988 3831 4130 4293 4379 4573 4859 4196 4386 4527 4466 4383 4472 4279 4543 4252 4600 4405 4665 4548 4608 4688 4528 
4848 4581 4687 4559 4749 4459 4524 4450 4758 4754 4185 4443 4516 4547 4591 4892 4519 4770 4415 4480 4699 4605 4434 4563 4378 4763 4439 4585 4622 4708 4714 4529 
4658 3970 4522 4099 4443 4097 4093 4486 4449 4889 4035 3931 4344 4308 4456 4682 4103 4323 4169 4475 4151 4401 4180 4169 4296 4255 4267 4243 4403 4470 4208 4136 
4511 4100 4647 4351 4582 4295 4284 4153 4714 4780 3841 3962 4408 4554 4540 4832 4452 4311 4420 4469 4330 4400 4297 4733 4177 4546 4388 4391 4583 4436 4317 4383 
4545 4624 4655 4334 4514 4204 4262 4292 4653 4620 3884 4026 4189 4008 4546 4926 4317 4324 4473 4274 4231 4128 4579 4409 4266 4666 4417 4472 4369 4556 4363 4187 
4514 4587 4949 4247 4721 4148 4282 4131 4604 4701 4020 3919 4488 4311 4738 4978 4360 4389 4268 4287 4568 4422 4548 4356 4599 4644 4561 4691 4440 4626 4200 4336 
4789 4495 4797 4605 4596 4323 4420 4156 4588 4760 4319 4152 4516 4359 4659 4759 4598 4557 4591 4503 4356 4390 4463 4253 4457 4816 4527 4654 4430 4413 4604 4286 
4538 4526 4713 4312 4582 4185 4545 3952 4600 4608 3990 4044 4316 4410 4641 4648 4309 4443 4576 4361 4061 4252 4563 4209 4402 4811 4375 4719 4351 4817 4429 4518 
