3526 3441 3464 3185 3387 2896 3315 3022 3510 3499 3327 3122 3174 3169 3666 3673 3305 3802 3522 3557 3309 3329 3274 3447 3216 3300 3491 3509 3379 3689 3349 3316 
3384 3334 3388 3144 3295 2915 3268 3230 3468 3476 2922 3039 3275 3254 3385 3579 3257 3484 3475 3217 3293 3167 3277 3312 2991 3121 3287 3338 3175 3566 3060 3073 
3208 3281 3125 2982 3053 2994 3051 2799 3140 3308 3036 2949 3107 2864 3430 3399 3219 3250 3095 3097 3085 3109 3090 3121 3179 3347 3131 3210 3236 3419 3167 3181 
3222 3301 3281 3316 3454 2938 3200 3216 3583 3627 2924 3180 3039 3136 3488 3504 3456 3370 3289 3480 3311 3308 3232 3466 3311 3449 3396 3285 3281 3659 3136 3243 
3405 3138 3431 2847 3220 2850 3020 2960 3315 3458 2959 2996 3082 3033 3332 3453 3114 3185 3022 3239 3063 3067 3200 3267 2973 3214 3041 3106 3024 3415 3031 2950 
3387 3261 3379 2959 3443 2871 3181 3010 3440 3548 3080 3023 3190 3087 3256 3385 3396 3488 3237 3216 3177 3201 3303 3306 3230 3287 3111 3189 3286 3568 3115 3190 
3243 3064 3224 3044 3222 2818 3157 3231 3369 3453 3156 2980 3100 3121 3258 3435 3300 3478 3283 3359 2830 3181 2895 3382 3215 3197 3164 3256 3158 3377 2971 2956 
3230 3193 3226 3046 3171 2777 2834 2842 2942 3495 3035 3038 2799 2861 3491 3516 3283 3304 3173 3172 3085 3068 3043 3216 3126 3064 3279 3220 3193 3476 2970 2921 
3640 3521 3268 3370 3587 2956 3499 3071 3505 3720 3233 3047 3195 3408 3489 3691 3421 3483 3515 3426 3133 3409 3378 3377 3264 3384 3594 3568 3487 3535 3373 3256 
3451 3402 3411 3052 3291 3201 3314 3196 3587 3798 3114 3092 3293 3167 3505 3487 3335 3575 3367 3629 3270 3330 3303 3393 3369 3385 3320 3343 3368 3610 3478 3242 
3399 3291 3242 3282 3387 2769 3234 3094 3391 3486 3156 2990 3166 3247 3326 3668 3295 3328 3232 3506 3031 3245 3308 3256 3106 3429 3289 3137 3147 3492 3273 3175 
3265 3290 3479 3206 3453 3095 3141 3088 3462 3598 3039 2939 3192 3145 3425 3636 3283 3404 3475 3310 3076 3310 3212 3140 3248 3312 3407 3340 3185 3667 3343 3149 
3318 3191 3062 2825 3149 2861 3103 3079 3155 3491 2846 2818 3200 2915 3290 3453 3118 3243 2958 3234 2823 3135 3091 3047 3297 3040 3050 3247 3098 3162 2967 3127 
3265 3323 3527 3073 3387 2976 3244 3044 3509 3609 3125 3071 3307 3076 3642 3563 3303 3610 3403 3524 3097 3347 3321 3402 3529 3434 3541 3440 3251 3606 3165 3205 
3099 3154 3128 3173 3039 2733 2903 2884 3071 3321 2825 2901 2708 2710 3067 3285 3120 3094 3196 2968 3135 2913 2850 3011 2852 3080 2832 3035 3089 3102 2745 2916 
3358 3458 3404 3199 3268 2925 3418 2956 3438 3549 3209 3078 3149 3140 3490 3762 3512 3307 3406 3568 3204 3065 3071 3352 3401 3398 3544 3546 3365 3495 3146 3396 
3387 3331 3657 3287 3412 2741 3431 3222 3540 3649 3257 3101 3126 3319 3655 3622 3618 3362 3432 3427 3284 3324 3297 3186 3325 3603 3474 3370 3261 3544 3407 3292 
3150 3487 3364 3053 3231 2664 3067 2921 3411 3454 2932 2977 2931 2715 3097 3478 3209 3331 3162 3224 2987 3157 3041 3333 2941 3220 3194 3156 2911 3402 3020 3089 
3539 3305 3542 3156 3389 3058 3300 3185 3583 3680 3166 3064 3259 3316 3744 3647 3460 3614 3289 3392 3138 3274 3480 3345 3288 3368 3381 3495 3328 3798 3315 3211 
3163 3255 3272 3023 3155 2960 3142 2968 3189 3335 2863 2925 3013 3089 3352 3325 3262 3214 3134 3211 2967 3040 2982 3038 2981 3253 3170 3137 3183 3290 2889 3152 
3552 3673 3566 3295 3398 3037 3150 3082 3549 3816 3348 3129 3072 3152 3630 3827 3400 3506 3538 3591 3482 3272 3557 3404 3402 3443 3456 3510 3359 3728 3309 3326 
3720 3729 3685 3452 3629 2987 3446 3342 3697 3776 3532 3372 3308 3352 3821 3787 3458 3762 3676 3763 3518 3614 3730 3642 3544 3414 3506 3594 3600 3797 3471 3412 
3432 3067 3098 3035 3130 2598 3117 2854 3133 3309 2891 2838 2856 2974 3146 3439 2970 3183 3190 3225 2915 3133 3239 3070 3028 3232 3039 2990 3086 3159 2819 2843 
3198 3182 3197 3162 3321 2858 3274 2833 3342 3472 2953 2991 3036 3092 3233 3553 3357 3399 3352 3185 3112 3157 3227 3306 3348 3331 3318 3397 3278 3412 3110 3110 
3146 3362 3228 2846 3257 2959 3181 2853 3143 3513 2746 2931 2858 2858 3242 3450 2911 3205 3197 3277 3007 3098 3009 3222 2911 3027 3181 3204 3239 3272 3044 3176 
3508 3561 3407 3332 3342 3026 3320 3146 3525 3447 3120 3247 3321 3193 3303 3614 3257 3590 3160 3301 3456 3222 3232 3326 3173 3423 3185 3341 3305 3486 3046 3156 
3203 2958 3268 2924 3116 2724 2935 3335 3303 3547 2949 2860 2871 2980 3198 3451 3044 3282 3122 3358 2958 3141 3068 3138 3123 2924 3121 3057 3202 3325 2881 2914 
3224 3058 3320 3083 3194 2984 3075 3025 3574 3401 2848 2884 3120 3183 3329 3658 3350 3314 3307 3352 3070 3139 3111 3432 3008 3213 3283 3156 3240 3341 2925 3075 
3603 3617 3573 3276 3515 3178 3305 3297 3602 3533 3049 3230 3122 2926 3547 3848 3398 3419 3469 3290 3356 3207 3497 3479 3408 3593 3575 3616 3320 3647 3164 3196 
3178 3310 3590 2946 3233 2742 3053 3002 3403 3349 2953 2913 2999 2914 3433 3660 3177 3320 3099 3204 3237 3141 3293 3196 3177 3272 3312 3442 3261 3462 2881 3103 
3462 3323 3357 3213 3183 2910 3231 2951 3352 3444 3125 2993 3126 3011 3415 3520 3358 3458 3378 3343 3086 3148 3182 3131 3256 3427 3380 3355 3174 3304 3140 2979 
3296 3325 3515 3087 3293 2872 3261 2776 3377 3376 2876 3030 3053 3081 3417 3424 3111 3306 3315 3219 2998 3107 3239 3092 3209 3463 3244 3498 3243 3586 3019 3070 
