5689 5323 5496 5062 5504 5184 5428 4905 5372 5620 5175 5006 5427 5267 5764 5889 5055 5757 5520 5276 5035 5416 5204 5470 5107 5490 5523 5487 5187 5777 5478 5366 
5593 5251 5637 5187 5381 5093 5491 5217 5570 5760 5101 4934 5526 5592 5503 5828 5157 5522 5705 5267 5150 5301 5361 5498 5107 5478 5206 5475 5210 5626 5475 5211 
5408 4961 5048 4755 4938 5082 4847 4527 4947 5319 4785 4666 5302 4744 5437 5384 4947 5069 4985 4861 4905 5174 4804 5136 5034 5409 4946 5105 5005 5326 5389 5128 
5329 5223 5271 5151 5754 5068 5245 5051 5547 5544 4953 5076 5065 5189 5443 5509 5430 5252 5316 5199 5127 5435 5279 5334 5192 5601 5195 5252 5203 5618 5256 5303 
5800 5082 5635 5102 5481 5082 5182 4800 5557 5525 4948 4994 5236 5208 5471 5558 5111 5080 5025 5205 5052 5173 5188 5529 4998 5603 5002 5267 5086 5407 5440 5258 
5437 4912 5235 4867 5556 5047 5094 4698 5390 5503 4942 4727 5308 4974 5242 5383 5290 5452 5078 4901 4840 5076 5131 5213 4800 5330 4833 5220 5227 5347 5382 5279 
5183 4923 5247 5031 5247 4793 5148 4934 5265 5477 5119 4850 5191 5053 5117 5399 5138 5385 5251 5200 4556 5136 4860 5096 5096 5328 5019 5177 5173 5235 5203 4940 
5473 5227 5393 5034 5443 5061 5014 4853 4984 5727 5226 5008 5161 5287 5683 5870 5155 5417 5230 5010 4903 5222 5093 5310 5043 5380 5339 5363 5234 5566 5201 4982 
5836 5357 5413 5205 5636 5125 5427 4917 5521 5666 5233 4778 5285 5610 5528 5891 5409 5459 5553 5130 4801 5419 5232 5267 5070 5604 5318 5602 5223 5460 5448 5274 
5382 4967 5190 4771 5038 5037 5190 4911 5443 5694 4781 4672 5173 5095 5217 5280 4948 5241 5071 5251 4932 5261 5041 5221 5000 5426 5026 5175 5195 5228 5541 5162 
5575 4949 5240 5085 5565 4873 5042 4819 5343 5305 5036 4649 5289 5323 5197 5772 5124 5217 5001 5158 4814 5285 5110 5150 5020 5466 4887 5112 5002 5360 5434 5200 
5174 5092 5261 4982 5373 5012 4896 4822 5287 5617 4940 4857 5206 5075 5306 5753 5033 5191 5250 4983 4759 5285 5221 4880 5090 5351 5307 5279 4985 5618 5474 5162 
5544 4932 4978 4598 5172 5024 4981 4902 5122 5455 4807 4556 5424 5094 5294 5523 4955 5126 4938 5003 4593 5162 5001 4846 5106 5134 4749 5188 4817 5024 5181 5110 
5300 4959 5514 4702 5417 4808 4942 4771 5361 5635 5012 4863 5302 5094 5412 5594 5152 5237 5228 5188 4729 5413 4971 5244 5406 5416 5249 5381 5030 5481 5313 5216 
5240 4895 5140 5057 5153 4750 4861 4663 5039 5419 4755 4632 4974 4879 5065 5264 4958 5045 5143 4657 4865 5053 4730 4996 4758 5258 4537 5042 4961 5080 4882 4968 
5543 5188 5408 5138 5399 4944 5330 4849 5331 5625 4935 4839 5294 5118 5378 5808 5240 5167 5304 5330 4985 5102 4950 5410 5196 5588 5471 5396 5089 5517 5261 5350 
5194 4928 5484 5163 5125 4545 5186 4921 5396 5406 5056 4757 4984 5223 5483 5476 5270 5166 5168 4985 4886 5137 5028 4950 4901 5521 5103 5203 4977 5262 5371 5241 
5194 5099 5368 4633 5148 4623 4825 4607 4999 5295 4657 4637 4860 4609 4933 5428 4762 4971 5006 4807 4596 5009 4640 5121 4567 5157 4964 4895 4484 5250 4832 4788 
5540 5016 5529 5180 5378 5053 5355 5018 5610 5665 5060 4960 5281 5378 5690 5850 5330 5582 5157 5197 4819 5295 5347 5198 5072 5328 5200 5521 5152 5671 5562 5221 
5123 4782 5074 4778 5025 4894 4893 4488 4892 5261 4467 4677 4918 4971 5107 5169 4987 5125 4929 4790 4477 4965 4727 4826 4767 5127 4823 4946 4981 5118 5093 5155 
5903 5528 5631 5246 5633 5174 5069 4937 5554 5859 5198 4924 5395 5266 5587 5994 5350 5441 5519 5496 5387 5442 5551 5475 5360 5572 5336 5519 5336 5713 5575 5564 
5625 5500 5455 5240 5702 5074 5351 5063 5598 5633 5368 5009 5233 5309 5586 5736 5221 5423 5479 5511 5160 5367 5652 5429 5236 5369 5248 5386 5535 5536 5525 5494 
5615 4957 5329 5102 5516 4686 5117 4804 5279 5471 4865 4799 5100 5287 5135 5794 4964 5170 5245 5142 4888 5288 5347 5081 4999 5519 5020 5198 5090 5158 4995 5049 
4982 4695 4834 4670 5142 4641 4921 4237 5088 5146 4681 4598 4909 4979 5010 5365 5000 4967 4824 4675 4566 4955 4876 4835 4742 5028 4746 5108 4894 4971 5051 4654 
5392 5183 5331 4785 5379 5092 5194 4553 5147 5545 4609 4829 4958 5005 5192 5672 4858 5122 5141 5087 4874 5096 4878 5192 4828 5388 4965 5359 5180 5207 5418 5277 
5609 5250 5378 5090 5454 5159 5199 5037 5538 5438 5029 5226 5280 5281 5314 5821 5199 5549 5233 5111 5248 5361 5020 5294 5022 5521 5133 5337 5228 5404 5416 5244 
5307 4533 5171 4656 5101 4782 4685 5009 5044 5502 4782 4706 5059 4858 5060 5417 4673 5119 4850 5015 4572 5036 4777 4764 4873 4928 4916 4917 5019 5179 4903 4812 
5257 4667 5229 4873 5204 4918 4843 4729 5363 5365 4628 4698 5152 5192 5055 5636 5091 4976 5069 5030 4797 5055 4862 5394 4716 5220 5057 4948 5109 5126 4939 4919 
5125 5112 5166 4697 5096 4715 4817 4789 5216 5186 4548 4571 4823 4669 5135 5654 4825 4941 5065 4826 4663 4737 5153 4946 4703 5277 4915 5075 4851 5096 4898 4710 
5261 5303 5647 4821 5449 4878 4929 4674 5395 5414 4763 4657 5310 4956 5419 5856 5000 5208 5011 4931 5077 5185 5104 5114 5308 5401 5265 5397 5112 5356 4988 5087 
5417 5085 5415 5201 5183 4864 4932 4664 5260 5249 5053 4851 5070 4919 5246 5462 5211 5180 5121 4995 4836 4961 4918 4885 4925 5472 5082 5265 4988 4958 5192 4835 
5262 5177 5369 4960 5200 4879 5206 4435 5373 5260 4778 4740 5066 5037 5303 5434 4989 5214 5159 4984 4517 4912 5124 4906 4994 5565 4937 5380 5004 5550 5255 5188 
