1993 1896 2046 1845 1954 1634 1844 1677 2062 1988 1987 1795 1771 1973 2130 1951 1982 2313 2042 2151 1894 1847 1792 1987 1950 1801 1893 2097 2031 2141 1747 1839 
2057 1933 2082 1875 2098 1647 1961 1887 2221 2144 1776 1877 2109 2118 1976 2049 2130 2131 2061 2136 2060 1971 1909 2182 1897 1984 1845 2035 2039 2163 1810 1810 
1975 1991 2000 1843 1841 1629 1884 1577 1901 1951 1892 1803 1799 1821 2048 1933 2049 1931 1840 1943 1843 1950 1909 1952 1934 2053 1768 2003 1990 2062 1837 1912 
1945 1850 2114 1956 2073 1623 1921 1824 2126 2169 1846 1991 1913 1976 1985 1963 2162 2033 1920 2196 2144 2075 1915 2239 2039 2134 1995 2023 1990 2238 1804 1904 
1897 1721 1987 1596 1916 1449 1662 1555 1933 1928 1755 1766 1714 1870 1891 1821 1841 1777 1668 2033 1786 1874 1746 1976 1686 1729 1623 1936 1801 1943 1621 1615 
2258 2151 2363 1943 2303 1919 2155 1933 2410 2432 2116 2101 2123 2336 2215 2084 2381 2345 2203 2262 2153 2203 2229 2251 2244 2164 2022 2201 2393 2459 1985 2137 
2177 1824 2136 1895 2140 1698 2136 1894 2193 2265 1976 1935 2057 2027 2124 2034 2156 2305 2014 2301 2031 2120 1803 2316 2054 2125 1979 2135 2097 2156 1839 1987 
2049 1953 1940 1781 2019 1627 1756 1764 1872 2127 1927 1846 1727 1862 2099 2031 1969 2087 1964 2012 1874 1933 1812 2056 1955 1867 2036 2100 2034 2118 1725 1759 
2361 2162 2102 2153 2274 1700 2193 1779 2249 2289 2094 2048 1975 2216 2161 2203 2157 2259 2221 2209 1904 2199 2141 2228 2009 2113 2235 2274 2278 2164 2037 2011 
2102 1956 2080 1772 2001 1784 2012 1863 2208 2247 1891 1860 1884 2017 1988 1964 2088 2060 2086 2289 2036 2082 2057 2132 2012 2026 1898 2151 1996 2165 1967 1835 
1924 1701 1917 1773 1958 1442 1911 1615 1956 2050 1762 1707 1815 2001 1869 2033 1871 1828 1714 2109 1851 1809 1781 1918 1834 1922 1754 1859 1832 2041 1749 1812 
2059 1969 2223 1938 2262 1762 1952 1813 2167 2257 1973 1885 1923 2104 2159 2188 2101 2156 2086 2182 1975 2131 2118 2040 1956 1943 2059 2106 2065 2370 1972 1894 
1988 1573 1706 1609 1766 1495 1764 1732 1793 1986 1701 1682 1800 1753 1894 1768 1910 1893 1604 1996 1650 1867 1736 1837 1806 1743 1579 1968 1874 1935 1595 1827 
1989 1867 2097 1805 1910 1544 1843 1669 2090 2038 1864 1828 1877 1826 2106 1844 1967 2039 1960 2180 1805 1993 1895 2055 2142 1980 1931 2027 1912 2043 1721 1819 
1902 1896 2044 1929 1933 1642 1900 1788 1939 2127 1814 1865 1657 1747 1817 1977 2004 1843 1949 1938 2018 1903 1834 1918 1777 1883 1710 1951 2000 1908 1703 1808 
2009 1878 1983 1821 1845 1529 1969 1572 1923 1934 1891 1858 1815 1900 1950 1997 2029 1952 1940 2193 1872 1828 1714 1975 1970 1981 2015 2053 2044 1917 1608 1908 
2160 2081 2418 2043 2248 1639 2227 1948 2421 2379 2171 1983 2037 2335 2400 2215 2339 2159 2177 2439 2227 2180 2089 2146 2127 2373 2125 2211 2200 2322 2184 2209 
1986 1986 2052 1820 1896 1481 1816 1525 2011 2056 1735 1818 1769 1713 1756 1872 1863 1992 1815 2027 1779 1910 1698 2055 1710 1892 1759 1839 1858 1978 1693 1761 
2087 1891 2076 1857 2052 1627 1960 1849 2113 2171 1841 1845 1819 2136 2126 2050 1990 2134 1934 2138 1818 1985 2023 2053 2011 1885 1860 2111 2004 2200 1804 1679 
1912 1857 1973 1697 1948 1504 1986 1670 1897 1912 1768 1808 1768 1974 1939 1883 1922 1950 1829 2048 1777 1958 1788 1843 1754 1945 1828 1899 1930 1907 1658 1963 
1986 1996 2036 1778 1945 1627 1760 1715 2117 2198 1911 1876 1719 1918 2026 2138 1974 1968 2047 2164 1914 1896 2014 2074 2047 1834 1896 2067 2113 2077 1820 1749 
2322 2147 2266 2000 2234 1753 2127 1905 2375 2347 2187 2034 2054 2244 2295 2160 2178 2262 2170 2430 2125 2251 2200 2302 2347 2088 2013 2165 2319 2290 1993 2036 
2181 1808 2091 1887 2016 1553 1976 1740 2076 2051 1809 1767 1869 2009 1915 2082 1903 2017 2080 2080 1839 2081 1964 1955 1935 2048 1795 2020 2017 1959 1682 1753 
1954 1780 1990 1926 1978 1546 1973 1580 2133 2084 1779 1871 1799 1929 1896 2067 2059 2146 2055 1981 1912 1986 1970 2046 2026 2017 1819 2068 2083 2014 1820 1935 
1861 1829 1895 1599 1863 1575 1852 1529 1861 2025 1615 1733 1515 1815 1751 1871 1738 1868 1745 1985 1769 1829 1747 1965 1646 1676 1711 1818 1995 1873 1638 1802 
2181 2174 2184 2020 2045 1694 2078 1877 2218 2064 1923 2010 1988 2061 2041 2186 2060 2193 1897 2067 2209 1980 2010 2012 1945 2009 1826 2096 2021 2143 1686 1858 
2111 1821 2006 1799 1979 1591 1927 1942 2163 2236 1868 1673 1785 2015 1953 1982 1914 2052 1934 2324 1975 2054 1925 1964 1947 1786 1878 1927 2204 2094 1855 1918 
2069 1862 2053 1861 2024 1742 1891 1820 2292 2100 1713 1838 1985 2109 1951 2096 2104 2064 2097 2281 1904 2049 1900 2315 1848 1916 2037 2028 2063 1984 1713 1902 
2115 2003 2071 1812 1992 1651 1885 1780 2041 1991 1685 1877 1778 1721 1950 2019 1818 1921 1893 2035 1949 1907 2007 2126 1897 1971 1909 2089 1947 2017 1656 1804 
1976 1846 2143 1764 1970 1563 1827 1735 2182 2034 1862 1848 1836 2007 2177 2109 1982 2081 1879 2097 1958 1973 1897 2074 1958 1896 1951 2116 2144 2198 1722 1910 
2242 1964 2011 1964 1957 1629 1933 1670 2105 2067 1993 1817 1884 1844 2095 1988 2078 2115 2064 2102 1969 1988 1918 1957 2010 2108 1963 2111 2088 1950 1765 1851 
2022 1935 2130 1848 2004 1596 1988 1516 2105 2032 1866 1889 1912 2019 2062 1908 1953 2012 1926 1945 1830 1967 1829 1954 2080 2142 1933 2181 1966 2191 1778 1888 
