680 719 846 609 657 659 829 784 675 681 809 845 739 785 874 784 921 745 713 865 652 781 575 657 650 723 797 797 663 780 770 632 
597 629 705 556 597 593 614 654 584 666 708 667 695 649 864 666 734 659 678 727 495 669 581 548 660 643 726 712 605 664 710 568 
577 601 693 547 553 564 561 565 577 603 748 692 593 706 715 728 736 600 595 665 558 662 503 625 586 645 612 624 617 598 814 564 
582 594 652 465 652 526 767 650 606 593 636 699 643 696 799 657 763 631 544 723 541 826 580 643 578 606 749 639 580 588 703 593 
503 558 572 466 586 499 616 519 501 553 499 658 592 579 676 512 563 504 587 624 408 672 392 497 468 620 650 563 501 605 583 592 
642 667 712 630 569 561 587 708 633 641 830 735 677 755 864 634 726 675 673 656 545 652 577 630 608 684 719 595 592 695 819 684 
537 619 728 631 618 617 692 571 604 574 738 703 697 773 836 665 680 650 657 745 448 675 586 561 630 734 718 615 609 693 759 659 
316 377 419 409 543 391 500 437 477 406 512 499 515 526 547 439 513 456 423 527 379 589 343 454 394 424 471 381 381 461 485 500 
585 598 648 679 662 599 706 760 662 615 770 809 701 745 783 740 720 632 649 743 586 730 501 707 738 657 757 717 629 700 803 750 
618 675 791 658 723 692 869 736 745 650 724 832 817 803 911 667 848 757 750 799 572 904 656 638 646 770 907 734 592 757 874 757 
595 563 719 561 585 632 738 661 568 656 745 729 648 796 819 702 772 667 640 805 563 703 497 651 672 609 671 616 540 675 789 546 
576 656 796 567 679 687 818 725 676 544 693 753 750 701 781 672 840 683 601 785 575 774 514 642 646 635 712 674 558 666 717 589 
471 543 668 644 607 625 676 628 588 616 659 671 730 638 836 584 670 683 667 715 528 722 601 551 665 597 762 605 537 693 750 658 
630 589 686 611 665 618 715 661 617 641 737 666 704 794 788 687 788 720 624 751 622 744 528 646 564 662 648 642 581 784 759 605 
555 611 692 511 589 558 664 551 554 573 614 644 636 616 747 753 726 587 586 689 480 610 455 568 519 639 579 655 536 668 570 500 
429 497 583 502 554 466 643 556 549 606 540 521 695 682 589 576 601 630 532 614 496 574 467 499 461 511 603 545 435 644 597 507 
619 647 806 691 662 721 818 785 720 620 853 892 732 898 930 758 814 705 695 809 565 833 543 715 715 667 767 658 578 800 905 720 
587 619 579 641 752 633 751 749 656 618 693 754 643 715 827 687 767 638 599 756 506 817 519 642 600 695 705 697 601 732 698 662 
596 613 670 624 712 685 639 638 590 548 738 798 654 670 815 660 794 662 663 696 544 859 419 635 676 639 648 671 610 725 669 689 
504 466 506 470 562 464 655 525 488 593 554 603 588 656 705 480 560 553 518 678 413 733 429 505 505 623 684 567 445 611 623 591 
507 576 756 446 577 579 629 520 643 463 681 670 648 658 702 596 717 624 559 638 493 738 478 528 497 483 664 542 543 524 694 491 
770 870 983 816 856 852 951 904 847 786 885 968 926 978 1030 918 1014 900 841 946 748 990 758 866 797 964 961 844 807 907 1016 862 
478 479 607 510 556 464 689 614 463 508 571 642 639 643 674 625 598 491 514 654 473 550 457 509 596 616 602 596 531 676 732 659 
541 615 775 641 596 641 716 693 685 563 722 759 749 703 850 692 727 641 677 749 499 736 590 551 633 602 840 746 618 618 736 635 
549 566 677 549 621 534 683 639 634 728 689 711 721 738 743 708 719 643 662 730 533 770 510 640 590 551 773 697 563 626 766 597 
492 601 718 403 553 598 681 639 580 672 615 731 499 676 684 653 778 591 582 715 533 793 533 577 500 581 643 705 559 606 710 487 
568 615 668 529 661 518 820 742 545 599 669 758 670 677 760 676 760 661 621 722 540 743 555 650 683 647 765 677 605 704 745 685 
599 581 698 556 599 541 742 709 561 705 673 709 759 797 799 620 625 684 699 769 538 708 590 633 667 721 835 633 623 714 836 680 
504 588 640 473 546 513 632 675 567 551 662 685 633 662 793 643 689 581 514 710 461 627 552 520 667 620 710 583 492 623 810 571 
598 671 760 606 647 603 697 794 700 693 834 791 741 829 839 697 773 702 625 817 615 806 549 708 658 676 787 633 606 710 907 653 
586 697 783 602 738 636 809 710 718 567 757 791 762 850 855 741 853 649 608 844 545 789 578 622 651 751 709 704 636 782 795 713 
603 701 757 665 711 620 720 657 620 616 758 857 677 703 797 764 850 644 684 790 615 801 464 641 637 730 718 713 681 791 809 757 
