1311 1339 1360 1077 1241 1267 1433 1502 1247 1269 1434 1384 1285 1415 1439 1428 1457 1334 1323 1553 1153 1426 1070 1348 1115 1268 1209 1474 1248 1397 1339 1177 
1245 1269 1169 1048 1219 1259 1199 1245 1122 1220 1258 1196 1298 1194 1357 1304 1346 1125 1353 1468 1075 1385 1057 1250 1212 1246 1231 1403 1248 1294 1254 1093 
1281 1275 1199 1133 1287 1328 1243 1358 1328 1460 1496 1371 1318 1454 1349 1562 1467 1298 1389 1500 1272 1442 1164 1510 1320 1343 1212 1419 1350 1336 1475 1182 
1359 1273 1276 1057 1359 1416 1510 1429 1308 1370 1338 1436 1425 1438 1428 1440 1528 1344 1349 1629 1274 1644 1255 1514 1329 1392 1289 1470 1319 1403 1404 1210 
1134 1153 1019 880 1220 1085 1190 1211 1015 1158 1125 1191 1158 1149 1092 1162 1212 1091 1201 1320 885 1377 867 1187 974 1069 1170 1265 1121 1298 1211 1104 
1536 1408 1374 1309 1489 1482 1497 1641 1469 1653 1709 1513 1508 1630 1578 1601 1554 1537 1631 1630 1291 1650 1298 1592 1461 1490 1369 1562 1544 1581 1608 1386 
1220 1274 1321 1037 1268 1303 1376 1252 1294 1290 1388 1290 1281 1405 1366 1360 1416 1274 1415 1561 1034 1359 1197 1332 1262 1285 1318 1311 1344 1443 1368 1278 
1107 1078 1031 980 1310 1198 1265 1216 1241 1242 1245 1234 1184 1325 1223 1228 1288 1237 1238 1447 1076 1376 1003 1349 1075 1081 1039 1215 1171 1243 1150 1195 
1189 1199 1199 1216 1347 1319 1348 1496 1388 1442 1484 1521 1354 1480 1389 1420 1378 1352 1338 1582 1190 1400 1188 1473 1514 1259 1259 1392 1348 1452 1404 1261 
1213 1263 1212 1125 1288 1377 1486 1402 1349 1299 1330 1481 1489 1488 1467 1392 1502 1327 1351 1586 1152 1579 1174 1358 1255 1339 1305 1411 1245 1413 1421 1273 
1235 1087 1142 990 1229 1218 1312 1285 1015 1194 1278 1232 1050 1312 1195 1276 1287 1226 1224 1423 1031 1303 1012 1182 1201 1029 1158 1193 1008 1336 1340 964 
1321 1347 1408 1249 1461 1573 1526 1545 1304 1295 1542 1434 1444 1459 1454 1418 1438 1426 1302 1776 1266 1591 1223 1580 1382 1251 1261 1449 1376 1507 1471 1244 
1100 1031 1168 1007 1208 1183 1238 1251 1124 1277 1249 1244 1252 1192 1293 1229 1205 1284 1177 1395 1014 1309 1127 1308 1196 1123 1213 1276 1136 1282 1310 1125 
1233 1208 1174 1154 1256 1328 1378 1376 1232 1372 1389 1225 1367 1455 1379 1395 1363 1382 1313 1568 1188 1476 1122 1399 1140 1233 1129 1367 1263 1452 1325 1075 
1297 1320 1305 1152 1384 1361 1304 1272 1206 1374 1307 1320 1405 1383 1393 1470 1345 1381 1347 1467 1130 1457 1122 1389 1313 1382 1124 1456 1246 1452 1306 1135 
1179 1187 1165 1104 1320 1194 1359 1196 1215 1325 1176 1203 1412 1337 1131 1240 1268 1400 1298 1422 1112 1345 1116 1250 1104 1174 1172 1356 1121 1335 1329 1057 
1347 1361 1413 1321 1354 1517 1500 1576 1375 1302 1604 1699 1380 1644 1551 1510 1496 1376 1424 1755 1265 1676 1240 1509 1462 1312 1344 1472 1300 1681 1591 1332 
1316 1327 1173 1278 1628 1328 1457 1361 1339 1402 1454 1395 1395 1467 1497 1440 1526 1393 1361 1639 1164 1629 1157 1473 1216 1358 1323 1583 1375 1424 1347 1311 
1351 1241 1308 1200 1489 1485 1390 1367 1279 1329 1474 1477 1320 1460 1511 1406 1514 1495 1391 1539 1203 1563 1125 1506 1326 1224 1185 1431 1392 1464 1313 1340 
1213 1203 1125 1109 1319 1239 1457 1351 1212 1373 1263 1229 1265 1486 1379 1295 1227 1299 1385 1486 1039 1612 1106 1270 1195 1322 1263 1421 1170 1439 1374 1215 
1243 1214 1344 971 1284 1307 1319 1330 1371 1285 1348 1440 1338 1383 1283 1334 1429 1293 1275 1497 1106 1467 1093 1366 1225 1177 1194 1364 1348 1256 1305 1025 
1309 1435 1384 1217 1383 1346 1430 1560 1363 1313 1382 1487 1344 1524 1466 1490 1552 1380 1394 1624 1204 1562 1205 1439 1307 1405 1352 1397 1338 1529 1474 1222 
1181 1179 1152 1097 1305 1177 1393 1321 1090 1262 1187 1304 1407 1330 1289 1394 1282 1133 1206 1499 1089 1295 1172 1332 1223 1277 1197 1334 1266 1326 1357 1172 
1193 1283 1328 1191 1272 1423 1426 1372 1366 1392 1326 1411 1458 1379 1511 1443 1370 1326 1429 1595 1094 1503 1262 1331 1374 1272 1391 1488 1373 1371 1338 1250 
1220 1144 1212 1097 1309 1238 1306 1244 1184 1408 1391 1233 1437 1468 1275 1330 1344 1329 1355 1446 1143 1509 1081 1352 1162 1174 1249 1396 1229 1225 1439 1152 
1153 1316 1337 877 1303 1185 1260 1285 1232 1348 1161 1280 1106 1353 1248 1307 1473 1252 1275 1449 1041 1554 987 1308 1175 1176 1188 1496 1257 1370 1313 1043 
1169 1180 1139 966 1239 1069 1336 1451 1037 1176 1241 1324 1145 1272 1172 1282 1294 1193 1131 1367 1007 1412 1092 1220 1310 1152 1272 1356 1162 1407 1293 1132 
1313 1245 1313 1149 1363 1237 1430 1493 1191 1436 1300 1419 1449 1466 1331 1281 1371 1328 1387 1655 1134 1485 1205 1387 1359 1331 1428 1426 1377 1442 1533 1194 
1086 1144 1215 920 1113 1191 1269 1225 1199 1168 1203 1177 1270 1297 1318 1223 1321 1145 1110 1378 1030 1240 1077 1271 1293 1213 1233 1312 1193 1216 1396 1130 
1323 1304 1316 1147 1347 1313 1496 1551 1396 1426 1481 1408 1348 1507 1424 1500 1477 1366 1440 1627 1212 1606 1103 1473 1227 1268 1335 1449 1363 1423 1541 1211 
1310 1395 1348 1098 1407 1317 1435 1437 1447 1264 1406 1493 1414 1662 1424 1478 1619 1344 1365 1617 1233 1544 1195 1369 1408 1492 1230 1452 1310 1578 1526 1348 
1198 1307 1232 1178 1355 1278 1340 1185 1200 1320 1296 1412 1342 1295 1370 1380 1504 1274 1377 1529 1172 1473 1081 1279 1203 1242 1226 1349 1239 1396 1324 1264 
