2051 2205 1948 1793 2148 2023 2249 2251 2010 2103 2320 2049 2099 2095 2256 2061 2108 2006 2239 2381 1817 2249 1879 2036 1992 2247 1931 2216 1960 2193 1922 1996 
1870 2062 1638 1602 1900 1912 1918 1822 1800 1994 1998 1825 1978 1816 2163 1753 1964 1722 2153 2071 1612 2103 1719 1849 1971 2013 1875 1907 1881 1978 1771 1779 
1755 1983 1686 1650 1952 1943 1865 2005 1902 2201 2106 1938 1942 2042 2044 2039 2038 1942 2177 2161 1901 2109 1868 2146 2010 2086 1748 1971 1917 1974 1871 1790 
1947 2136 1825 1624 2040 2112 2231 2091 2017 2162 1995 1998 2181 1954 2214 2001 2039 1972 2201 2359 1871 2345 2016 2151 2059 2249 1923 2155 2029 1944 1879 1789 
1760 1961 1467 1368 1890 1703 1823 1881 1582 1809 1708 1668 1746 1631 1788 1604 1727 1610 1933 1927 1422 2035 1503 1812 1642 1805 1699 1875 1740 1879 1650 1658 
2085 2146 1813 1846 2048 2008 2078 2223 2015 2246 2209 2010 2063 2104 2236 2060 2055 2068 2445 2256 1786 2280 1990 2094 2085 2187 1856 2114 1960 2095 1990 1927 
1571 1860 1670 1481 1721 1933 1850 1739 1755 1799 1813 1818 1824 1897 1938 1719 1946 1765 1916 1944 1427 1898 1610 1822 1695 1807 1721 1785 1831 1861 1729 1679 
1609 1682 1346 1471 1934 1775 1787 1708 1697 1829 1769 1639 1780 1771 1848 1639 1762 1743 1904 2038 1577 1880 1542 1832 1696 1816 1541 1777 1777 1819 1512 1699 
1558 1823 1625 1708 1906 1850 1920 2003 1886 2148 2121 2009 1936 1932 2008 1814 1846 1862 2003 2266 1778 1877 1805 1972 2111 1845 1812 1882 1811 1956 1772 1721 
1776 2037 1682 1655 2008 2008 2090 2048 1883 1967 1920 2045 2163 2125 2201 1965 2041 1890 2260 2296 1764 2214 1913 1971 2044 2178 1795 2017 1808 2091 1764 1910 
1852 1974 1707 1650 1978 2028 2117 2002 1761 2019 2030 1854 1852 1932 2130 1845 1949 1934 2123 2200 1634 2089 1806 1833 1898 1893 1813 1869 1716 1949 1903 1662 
1835 2077 1872 1762 2133 2212 2029 2120 1883 2007 2024 1934 2018 2054 2148 1977 1886 2030 2091 2292 1827 2274 1880 2037 2012 1888 1668 1961 1880 2040 1877 1744 
1530 1774 1606 1492 1745 1693 1758 1866 1656 1884 1846 1736 1862 1743 1814 1704 1695 1758 1930 1905 1585 1936 1847 1847 1950 1789 1701 1858 1580 1802 1688 1693 
1961 2154 1678 1794 2028 2047 2116 2074 1921 2205 2150 1792 2105 2155 2217 1975 1955 2129 2307 2375 1870 2290 2022 2021 1939 2163 1803 2106 1976 2251 1929 1895 
1899 2040 1776 1697 2056 2006 1947 1919 1831 1964 1906 1949 2090 1983 2129 2066 1925 2053 2074 2115 1711 2082 1740 1979 1924 2184 1671 2055 1819 2054 1702 1755 
1782 2013 1682 1737 1983 1886 1963 1870 1835 2054 1829 1826 2177 2017 1842 1833 1824 2083 2103 2117 1758 2046 1856 1858 1808 1987 1744 2070 1783 1997 1830 1688 
1831 2044 1849 1885 1980 2160 2045 2166 1919 1928 2102 2201 1953 2167 2165 1958 2068 1926 2111 2318 1846 2323 1772 2056 2005 1927 1832 2015 1741 2259 1967 1816 
1928 2205 1700 1885 2374 2065 2130 2051 2024 2256 2191 2000 2180 2047 2290 1971 2096 2074 2261 2284 1810 2396 1930 2095 2098 2276 1926 2320 2143 2080 1959 1987 
1971 2027 1783 1794 2228 2154 2050 2057 1832 2061 2077 2080 1944 2047 2270 1834 2113 2189 2247 2234 1834 2230 1821 2176 2082 1988 1714 2057 1996 2256 1757 1952 
1770 1944 1585 1663 2006 1888 2086 1946 1805 2022 1835 1792 1918 2122 2100 1806 1815 1926 2134 2001 1566 2247 1722 1795 1741 2005 1785 1972 1777 2025 1839 1795 
1989 2233 1926 1642 2146 2046 2124 2043 2096 2170 2147 2105 2094 2082 2240 1951 2086 2051 2333 2377 1868 2297 1979 2082 2080 2134 1883 2151 2071 2053 1872 1734 
2004 2398 1963 1982 2214 2142 2243 2301 2116 2167 2223 2236 2195 2271 2414 2091 2238 2112 2413 2425 1860 2391 2033 2166 2148 2334 2110 2145 2096 2329 2069 2012 
1710 1891 1637 1596 1940 1814 1999 1968 1676 1938 1779 1791 2116 1876 2011 1846 1816 1654 1961 2235 1649 1951 1850 1947 1922 1986 1696 1929 1838 1901 1802 1753 
1840 2172 1890 1776 2086 2149 2106 2077 2042 2246 1993 2084 2114 2098 2280 1982 2033 2103 2352 2292 1744 2298 2071 1954 2202 2046 1969 2118 1968 2193 1859 1913 
1846 1971 1696 1695 2044 1851 1920 1856 1832 2140 1966 1791 2020 2138 2021 1966 1861 1996 2283 2092 1679 2219 1848 1898 1896 1978 1719 1944 1713 1914 1897 1806 
1765 2154 1885 1486 2100 1917 1994 1911 1875 2170 1840 1903 1767 2031 2100 1903 2093 2009 2210 2200 1692 2268 1724 1909 1903 2056 1779 2144 1887 2083 1755 1702 
1566 1780 1535 1432 1811 1681 1834 1978 1538 1724 1754 1834 1687 1741 1718 1626 1782 1687 1794 1808 1435 1937 1583 1652 1874 1742 1789 1845 1721 1947 1738 1611 
1913 2034 1783 1645 2004 1867 1989 2056 1772 2138 1890 1958 2104 2018 2053 1729 1843 2020 2110 2217 1675 2055 1874 1944 1968 2055 1987 1982 2097 2116 1993 1792 
1768 2059 1736 1578 1867 2005 1990 1969 1847 2030 1906 1873 2035 2003 2257 1791 1977 1966 1989 2129 1717 1987 1830 1981 2101 2110 1845 2040 2008 1989 1911 1793 
1888 2084 1689 1682 1973 1892 2057 2107 1853 2009 2178 1963 1978 2155 2108 1966 2057 1969 2204 2326 1765 2268 1761 1998 1920 1988 1920 2089 1920 2043 2001 1782 
1811 2137 1789 1646 2075 1969 2036 2073 1987 1909 2003 2034 2029 2334 2095 1953 2237 1921 2027 2134 1795 2195 1801 1920 1955 2174 1755 2028 1860 2178 1939 1879 
1806 2158 1688 1805 2082 2013 2010 1807 1858 2112 1989 2041 2085 1944 2182 1919 2047 1926 2258 2236 1802 2184 1839 1897 1988 2103 1836 2087 1947 2058 1929 1901 
