5682 5588 5580 4889 5365 5578 5517 5689 5333 5320 5824 5425 5397 5435 5262 4921 5731 5447 5899 5639 4782 5540 5284 5421 5596 5854 5642 5580 5689 5376 5286 5143 
5848 5672 5614 4794 5437 5796 5410 5362 5487 5518 5741 5298 5531 5395 5541 4935 6016 5437 6050 5690 4755 5691 5604 5414 5672 5671 5926 5771 5679 5267 5298 5432 
5003 4935 4740 4491 4965 5191 5047 5321 5164 5262 5232 4945 5007 5190 4873 4894 5482 5153 5637 5293 4708 5110 5156 5083 5289 5696 5018 5268 5224 4770 4922 4731 
5500 5362 5381 4672 5325 5777 5834 5269 5425 5306 5552 5148 5373 5135 5268 4921 5510 5400 5837 5615 4936 5426 5703 5457 5515 5784 5449 5686 5433 4942 5194 4945 
5769 5638 5257 4728 5458 5523 5380 5848 5403 5463 5447 5075 5342 5262 5177 5014 5530 5295 5653 5608 4720 5416 5199 5228 5302 5618 5618 5623 5515 5118 5163 5255 
5407 5340 5282 4649 5006 5596 5326 5156 5117 5320 5525 5187 5199 5323 5295 4932 5464 5201 5640 5253 4629 5288 5281 5000 5485 5344 5258 5333 5341 5014 5237 5089 
5258 5382 5365 4335 5248 5775 5169 5104 5319 5018 5432 5060 5109 5090 5352 4929 5792 5401 5618 5325 4464 5280 5279 5159 5254 5429 5320 5414 5628 5097 5327 5032 
5347 5032 5091 4867 5434 5737 5107 5175 5314 5459 5476 5134 4989 5139 5162 4730 5664 5039 5693 5524 4633 5422 5401 5224 5558 5679 5471 5540 5463 5039 5245 5230 
5383 5279 5362 4895 5351 5667 5617 5531 5513 5776 5764 5651 5231 5373 5460 5016 5518 5676 5959 5693 5002 5223 5611 5459 5756 5455 5597 5734 5549 5197 5509 5405 
5088 5258 5143 4277 5094 5488 5133 5247 5181 5214 5240 5046 5380 5298 5122 4922 5677 5106 5648 5512 4391 5427 5382 5158 5357 5559 5170 5408 4944 4966 4993 4832 
5389 5364 5025 4595 5451 5682 5372 5419 5212 5383 5554 5162 4997 5281 5284 5053 5414 5370 5629 5429 4644 5423 5390 5128 5361 5498 5570 5467 5270 4921 5195 4874 
5355 5112 5489 4592 5285 5802 5304 5575 5437 5144 5265 5346 5115 5356 5117 4918 5413 5245 5339 5558 4661 5478 5380 5005 5303 5263 5151 5392 5237 5152 5125 4820 
5031 5146 5124 4544 5228 5101 5181 5218 5167 5196 5300 4901 5086 5046 4915 4766 5193 5284 5538 5456 4619 4984 5453 5036 5413 5151 5418 5375 4904 4760 5160 4984 
5352 5336 4981 4592 5473 5661 5482 5502 5342 5526 5281 5016 5330 5398 5222 4991 5439 5447 5745 5564 4772 5601 5540 5236 5348 5798 5471 5648 5272 5262 5307 4906 
5253 5147 5100 4552 5223 5409 4951 4905 5012 5019 5164 4891 4933 4969 4894 5092 5104 5197 5516 5411 4224 5125 5024 4993 5065 5284 4994 5461 5078 4949 4841 4750 
5435 5178 5124 4769 5511 5514 5346 5509 5432 5498 5372 5197 5617 5405 5021 5012 5445 5557 5735 5486 4838 5325 5665 5150 5494 5678 5399 5616 5113 5066 5249 4919 
5280 5212 5137 4544 5223 5785 5275 5340 5268 5178 5628 5471 5086 5210 5186 4949 5484 5363 5619 5306 4784 5286 5309 5284 5254 5361 5457 5143 5059 5440 5117 4841 
4826 5152 4611 4682 5422 5166 4931 5093 5103 5067 5113 4724 4894 4846 4904 4758 5129 5132 5434 5152 4425 5169 5074 4963 5145 5257 5019 5364 5152 4743 4681 4929 
5608 5317 5447 4913 5526 5998 5183 5471 5448 5359 5529 5523 5202 5352 5278 4980 5605 5636 5771 5632 4844 5480 5281 5337 5645 5607 5402 5473 5678 5384 5093 5083 
4988 4943 4871 4742 5108 5426 5223 5088 5103 5114 4967 5114 5107 5103 4902 4785 5109 5235 5550 5147 4349 5081 5036 4812 5121 5152 5334 5342 5112 4950 4848 4828 
5729 5645 5404 4863 5572 5989 5460 5376 5856 5555 5674 5529 5364 5551 5502 5162 5837 5506 6242 5777 4954 5542 5687 5458 5631 5719 5594 5677 5516 5135 5274 4886 
5397 5604 5291 4810 5585 5714 5429 5563 5595 5590 5732 5527 5490 5629 5534 5033 5823 5538 5792 5584 4820 5631 5544 5284 5689 5917 5843 5521 5451 5383 5563 5331 
5248 5343 5300 4663 5105 5353 5225 5248 5113 5235 5212 4954 5108 5297 5142 4884 5237 4898 5559 5608 4340 5206 5219 5061 5266 5200 5275 5483 5372 4974 5071 5060 
4830 4849 4683 4344 4886 5323 4849 4939 4892 5145 4927 4863 4816 4904 4846 4437 5064 4872 5501 5158 4195 5249 5025 4767 5242 5177 5175 4873 4923 4966 4897 4574 
5386 5271 5214 4739 5161 5332 4944 5095 5166 5423 5256 4993 5307 5439 4933 4913 5330 5339 5834 5389 4593 5330 5353 5091 5452 5367 5257 5299 5243 4771 5049 5071 
5347 5542 5365 4534 5452 5601 5515 5473 5363 5445 5220 5313 5049 5383 5233 4977 5776 5658 5870 5603 4851 5620 5319 5218 5570 5716 5300 5651 5638 5339 5254 4983 
4921 5087 5073 4369 5082 5215 4958 5159 5097 4880 4947 4788 4837 5150 4778 4481 5433 5096 5265 5143 4365 4897 4986 4806 5475 5153 5338 5228 5133 4971 5087 4783 
5227 5080 5022 4458 5167 5197 4987 5309 5200 5426 5035 5000 5222 5145 5240 4898 5266 5377 5411 5143 4641 5216 5228 5113 5305 5269 5273 5428 5253 4832 5001 4963 
4738 4872 5044 4311 4804 5264 4968 4881 4801 4975 4950 4716 4898 5168 4896 4551 5282 5055 5292 5043 4123 5025 5153 4981 5058 5228 4956 5218 5121 4762 4804 4728 
5211 5354 5135 4511 5140 5514 5506 5297 5243 5196 5505 5028 4934 5584 4967 5012 5546 5201 5596 5545 4733 5338 5312 5080 5236 5438 5575 5413 5356 5131 5138 5000 
5118 5353 5116 4506 5278 5263 5323 5194 5315 5148 5162 5279 5095 5424 5104 5077 5622 5100 5308 5168 4510 5264 5186 4938 5079 5693 5328 5594 5155 5156 5171 4967 
5301 5164 5118 4646 5349 5601 5258 5023 5286 5409 5338 5204 5196 5131 5084 4837 5403 5100 5603 5287 4601 5203 5455 4899 5443 5433 5371 5370 5306 4925 5210 5015 
