2645 2814 2601 2433 2839 2582 2955 2929 2562 2782 2963 2749 2924 2912 2849 2802 2807 2659 2908 3112 2308 2932 2505 2760 2636 2998 2629 2933 2495 2637 2532 2644 
2479 2586 2281 2160 2551 2434 2515 2367 2327 2558 2651 2512 2777 2534 2779 2501 2614 2449 2812 2773 2112 2735 2468 2572 2536 2685 2574 2565 2448 2443 2361 2394 
2258 2614 2280 2171 2532 2502 2513 2606 2464 2817 2674 2580 2641 2799 2613 2661 2694 2535 2933 2873 2440 2725 2495 2726 2617 2821 2425 2537 2381 2442 2464 2334 
2503 2742 2457 2207 2655 2728 2919 2705 2530 2691 2680 2677 2991 2690 2775 2728 2643 2701 2935 3106 2407 3029 2741 2893 2718 3003 2588 2802 2595 2389 2504 2377 
2457 2728 2193 2106 2722 2391 2630 2728 2379 2631 2469 2422 2599 2540 2568 2541 2481 2451 2748 2890 1974 2774 2239 2678 2384 2625 2564 2719 2341 2419 2406 2440 
2506 2621 2320 2271 2585 2442 2637 2686 2447 2775 2706 2558 2651 2668 2702 2627 2550 2581 2966 2798 2181 2792 2470 2611 2552 2646 2383 2655 2379 2456 2397 2430 
2081 2485 2269 2097 2447 2533 2543 2383 2472 2450 2507 2542 2580 2647 2569 2538 2640 2551 2682 2794 2001 2501 2334 2580 2348 2514 2461 2510 2419 2321 2373 2329 
2084 2275 1971 2201 2662 2422 2480 2264 2278 2493 2475 2290 2551 2494 2512 2410 2518 2340 2618 2884 2069 2564 2304 2481 2363 2534 2306 2480 2310 2316 2104 2425 
2182 2457 2346 2318 2709 2535 2802 2679 2543 2863 2816 2837 2773 2700 2644 2634 2569 2725 2786 3121 2386 2495 2531 2692 2785 2527 2562 2687 2435 2482 2346 2412 
2329 2713 2351 2294 2756 2624 2819 2771 2537 2618 2629 2783 3010 2858 2870 2699 2748 2573 2977 3165 2250 2959 2731 2688 2752 2935 2532 2792 2378 2587 2375 2531 
2338 2586 2339 2251 2741 2605 2780 2688 2349 2671 2738 2544 2663 2725 2711 2660 2655 2615 2863 2995 2182 2855 2546 2663 2554 2600 2589 2569 2352 2391 2591 2320 
2396 2647 2598 2393 2918 2878 2810 2738 2519 2613 2695 2639 2824 2829 2820 2748 2633 2804 2816 3101 2409 2887 2681 2661 2623 2601 2455 2739 2433 2567 2456 2381 
2155 2540 2464 2259 2606 2400 2619 2640 2444 2671 2638 2556 2836 2658 2546 2616 2547 2575 2802 2882 2265 2755 2737 2693 2696 2561 2602 2780 2259 2395 2449 2437 
2581 2759 2330 2427 2746 2668 2792 2724 2554 2852 2746 2524 2920 2942 2903 2687 2594 2828 3030 3152 2403 3029 2765 2708 2629 2942 2534 2862 2543 2726 2585 2472 
2334 2513 2365 2199 2618 2492 2505 2322 2287 2394 2433 2481 2699 2500 2637 2686 2398 2590 2562 2737 2069 2578 2316 2558 2412 2675 2264 2658 2249 2455 2135 2320 
2377 2743 2397 2505 2781 2615 2825 2613 2566 2804 2582 2631 3065 2868 2561 2691 2627 2854 2941 3071 2346 2752 2707 2642 2589 2846 2583 2930 2396 2553 2531 2415 
2382 2583 2411 2373 2537 2736 2750 2771 2490 2589 2785 2841 2719 2947 2800 2609 2761 2711 2892 3018 2436 2865 2498 2677 2638 2746 2552 2575 2265 2748 2656 2326 
2360 2782 2290 2422 3027 2663 2720 2621 2582 2837 2872 2656 2866 2682 2843 2631 2700 2619 2975 2962 2286 3008 2553 2734 2686 2871 2562 2902 2616 2545 2460 2632 
2605 2753 2448 2528 3091 2868 2755 2841 2599 2803 2726 2871 2777 2941 2932 2636 2858 2959 3087 3116 2389 3001 2548 2880 2836 2813 2537 2869 2687 2694 2466 2687 
2369 2596 2299 2357 2797 2558 2874 2571 2586 2696 2530 2529 2770 2833 2788 2593 2536 2674 2940 2854 2128 2877 2474 2540 2467 2744 2557 2725 2362 2567 2444 2374 
2498 2875 2636 2338 2943 2721 2875 2643 2755 2807 2832 2897 2922 2884 2933 2741 2835 2774 3139 3153 2476 2935 2760 2833 2707 2843 2759 2881 2679 2600 2466 2464 
2471 2897 2510 2549 2869 2612 2895 2918 2665 2758 2898 2892 2868 3036 3053 2776 2916 2849 3060 3187 2299 2976 2695 2795 2715 3020 2833 2734 2648 2816 2653 2673 
2061 2444 2176 2149 2460 2282 2394 2433 2171 2449 2249 2274 2652 2466 2528 2475 2279 2066 2512 2842 2028 2471 2261 2563 2386 2465 2291 2466 2204 2240 2301 2320 
2301 2727 2461 2296 2684 2720 2691 2622 2567 2835 2490 2684 2755 2802 2850 2555 2595 2666 3063 2988 2263 2863 2621 2551 2782 2621 2592 2678 2402 2605 2410 2411 
2415 2614 2441 2355 2764 2496 2571 2500 2448 2810 2609 2582 2815 2949 2621 2754 2579 2686 3046 2857 2269 2918 2664 2652 2584 2683 2517 2631 2354 2410 2528 2530 
2248 2651 2459 2038 2709 2476 2589 2479 2445 2655 2348 2523 2491 2722 2586 2518 2687 2610 2826 2929 2195 2857 2437 2532 2488 2724 2410 2768 2393 2481 2297 2194 
2063 2449 2206 2035 2468 2252 2498 2566 2238 2375 2443 2487 2391 2496 2286 2420 2419 2441 2514 2562 1973 2500 2272 2319 2502 2407 2532 2583 2284 2438 2417 2240 
2483 2561 2426 2250 2664 2484 2653 2563 2364 2836 2462 2584 2870 2697 2653 2452 2484 2685 2790 2940 2254 2622 2502 2598 2599 2602 2657 2680 2576 2483 2456 2419 
2356 2721 2552 2233 2666 2744 2733 2593 2475 2732 2683 2599 2926 2880 2899 2598 2750 2716 2819 2939 2346 2708 2628 2703 2800 2882 2701 2766 2625 2495 2614 2539 
2401 2711 2332 2341 2692 2466 2720 2772 2557 2689 2837 2650 2652 2922 2752 2731 2727 2679 2967 3115 2284 2857 2450 2674 2545 2624 2712 2763 2504 2579 2624 2469 
2399 2889 2395 2331 2764 2546 2737 2783 2704 2686 2779 2681 2807 3024 2782 2774 2951 2553 2729 2998 2215 2828 2544 2661 2695 2950 2491 2814 2347 2731 2592 2546 
2269 2701 2322 2350 2710 2506 2553 2394 2439 2667 2638 2580 2766 2625 2635 2633 2689 2522 2883 2949 2276 2763 2551 2548 2583 2694 2481 2695 2425 2460 2471 2424 
