4147 4123 4038 3764 4086 4015 4233 4466 3851 4064 4356 4088 4168 4026 3970 4005 4182 4060 4423 4470 3462 4186 3814 3996 3993 4410 4044 4394 4108 3937 3866 3862 
4156 4034 3904 3505 4049 4039 3984 4031 3762 4031 4125 3922 4090 3915 4078 3828 4182 3935 4401 4357 3398 4271 3901 3864 3967 4187 4174 4290 4025 3775 3915 3812 
3588 3717 3464 3437 3739 3834 3865 4077 3686 3990 3916 3738 3853 3941 3663 3903 4012 3848 4304 4287 3588 3935 3785 3889 3877 4222 3666 3991 3721 3562 3617 3426 
4156 4048 4019 3598 4058 4294 4554 4118 3996 4097 4130 4088 4190 3939 4053 4006 4063 4207 4565 4541 3815 4353 4215 4215 4166 4543 4107 4390 4082 3732 3979 3677 
4192 4244 3763 3605 4194 4010 4118 4504 3945 4090 3966 3782 3942 3877 3821 3982 3940 3904 4378 4480 3371 4174 3699 3907 3902 4171 4120 4348 3932 3847 3837 3866 
3702 3754 3533 3431 3692 3776 3927 3931 3659 3955 3856 3798 3748 3846 3803 3729 3746 3798 4224 3966 3285 4009 3604 3612 3754 3859 3719 3988 3696 3569 3703 3507 
3498 3813 3763 3326 3806 3994 3823 3858 3624 3614 3780 3765 3743 3801 3810 3830 4098 3875 4157 4123 3226 3901 3648 3708 3602 3944 3810 4066 4030 3599 3769 3533 
3707 3558 3476 3623 4011 3992 3723 3829 3714 3933 3878 3675 3708 3665 3703 3594 3965 3721 4128 4277 3270 3969 3667 3754 3837 4066 3866 4142 3862 3643 3631 3782 
3640 3774 3737 3670 3995 3951 4197 4139 3825 4247 4122 4100 3941 3941 3848 3958 3847 4127 4305 4439 3629 3791 3972 4016 4099 3901 4001 4227 3824 3735 3781 3720 
3766 3947 3747 3504 4118 4136 3984 4338 3901 4046 3894 3933 4269 4052 3990 3973 4164 3905 4411 4544 3365 4277 3964 3826 4079 4211 3891 4265 3764 3882 3782 3673 
3898 3851 3648 3533 4086 4060 4153 4069 3667 4056 4028 3821 3846 3910 3905 3968 3903 4085 4230 4267 3406 4120 3773 3895 3815 4004 4023 4073 3757 3546 3810 3524 
3933 3864 4098 3619 4245 4386 4165 4365 3996 3897 3960 3992 3983 4051 3928 4120 3995 4106 4134 4510 3518 4295 4006 3875 3984 3993 3894 4260 3872 3937 3783 3605 
3738 3911 3966 3721 4050 3965 4227 4181 3917 4157 4028 3933 4159 4017 3786 3947 3996 4111 4362 4441 3628 4061 4225 3908 4089 3939 4226 4295 3686 3695 3896 3783 
3975 4048 3724 3663 4134 4242 4157 4284 3876 4204 4011 3880 4316 4222 4090 4039 3969 4228 4429 4549 3611 4397 4056 4008 4015 4368 4005 4409 3954 4004 3885 3668 
3912 3805 3815 3589 4008 3982 3846 3836 3661 3765 3799 3728 3911 3777 3722 4028 3725 3969 4160 4301 3212 3946 3621 3755 3685 3981 3710 4236 3707 3740 3463 3642 
3908 3905 3718 3805 4258 4056 4170 4261 3935 4230 3973 3932 4417 4085 3707 3936 3880 4200 4358 4496 3546 4006 4071 3793 4060 4149 3927 4338 3833 3788 3826 3700 
3598 3619 3573 3387 3728 4029 3840 3930 3642 3701 4000 4014 3735 3814 3785 3713 3759 3833 4072 4104 3458 3845 3608 3801 3666 3830 3741 3732 3364 3865 3713 3370 
3703 4002 3531 3776 4218 4029 3897 4035 3811 4103 4010 3787 4085 3803 3932 3922 4058 3943 4348 4224 3507 4137 3920 3926 3946 4214 3934 4382 3933 3719 3650 3853 
4059 3869 3815 3691 4268 4328 3907 4177 3845 4004 3978 4188 3872 3973 3963 3862 3972 4223 4421 4352 3405 4117 3668 3936 4057 4053 3869 4151 4091 3954 3661 3728 
3839 3774 3676 3784 4059 4110 4092 4039 3904 3941 3830 3958 4101 3984 3870 3920 3841 4098 4406 4235 3263 4132 3705 3686 3702 3966 3999 4283 3791 3803 3733 3603 
4127 4205 3978 3771 4265 4330 4198 4136 4318 4184 4182 4219 4190 4168 4137 4107 4231 4154 4783 4533 3710 4154 4124 4069 4087 4181 4078 4437 4052 3889 3766 3612 
3777 4059 3795 3670 4174 4051 4124 4201 3935 4153 4118 4126 4022 4157 4149 3852 4165 4144 4330 4303 3450 4235 3851 3895 4030 4301 4211 4101 3859 4024 4023 3856 
3668 3764 3707 3598 3772 3802 3870 3983 3602 3866 3678 3671 3914 3822 3738 3888 3654 3514 4116 4401 3226 3819 3627 3703 3621 3705 3737 4086 3771 3627 3665 3661 
3362 3727 3491 3343 3730 3923 3698 3804 3610 3862 3514 3669 3627 3726 3785 3550 3773 3794 4257 4084 3245 3997 3666 3557 3884 3841 3773 3832 3615 3690 3539 3394 
4073 4032 3929 3792 4133 4032 3953 4107 3973 4238 4038 3889 4234 4287 3794 4029 4000 4189 4632 4412 3534 4235 4084 3910 3996 4098 3966 4235 3907 3719 3879 3809 
3725 3887 3783 3349 4068 3934 3937 4144 3754 3984 3591 3820 3710 3909 3812 3797 4136 4083 4316 4313 3442 4210 3752 3758 3950 4163 3766 4305 3870 3731 3678 3454 
3365 3604 3512 3321 3698 3641 3670 3906 3475 3633 3565 3597 3561 3718 3446 3553 3736 3667 3927 3909 3113 3648 3495 3403 3867 3724 3900 3987 3621 3592 3731 3382 
3953 3778 3764 3490 4032 3852 3866 4079 3662 4254 3705 3730 4133 3801 3909 3919 3797 4052 4113 4173 3403 3908 3737 3796 3877 3935 3940 4262 3938 3635 3753 3630 
3521 3638 3685 3251 3627 3861 3732 3769 3396 3822 3582 3596 3802 3917 3712 3625 3795 3806 3981 4036 3013 3900 3681 3592 3621 3860 3741 3924 3769 3608 3588 3449 
3836 3964 3831 3512 3812 3961 4115 4160 3869 3940 4190 3819 3809 4269 3764 4038 3967 3973 4358 4400 3515 4216 3714 3820 3774 4061 4170 4253 3916 3734 3907 3661 
3810 4186 3918 3594 4107 3968 4201 4193 3998 4036 3941 4023 4043 4267 3966 4176 4316 3928 4050 4264 3401 4111 3807 3896 3809 4319 3987 4394 3666 3957 3979 3696 
3757 3798 3736 3547 4049 3937 3907 3724 3767 4025 3916 3871 3914 3835 3786 3899 3854 3817 4271 4191 3440 3988 3903 3645 3991 3991 3859 4106 3765 3576 3774 3618 
