5050 4876 4950 4450 4787 4759 4838 5091 4628 4854 5129 4758 4750 4811 4683 4518 5047 4756 5155 5168 4176 4952 4604 4785 4828 5207 4859 4964 5038 4720 4525 4554 
5086 4852 4819 4219 4747 4888 4619 4607 4611 4888 4876 4530 4710 4641 4833 4359 5053 4595 5188 5113 4097 4969 4759 4681 4828 4980 5125 4909 4916 4563 4552 4563 
4413 4454 4239 4096 4421 4625 4473 4706 4463 4786 4663 4335 4431 4673 4312 4508 4818 4446 4973 4949 4211 4621 4594 4603 4693 5069 4514 4595 4586 4301 4293 4106 
4855 4628 4732 4238 4693 4960 5095 4608 4684 4792 4827 4575 4714 4536 4680 4474 4696 4745 5168 5145 4359 4874 4963 4889 4856 5163 4867 5004 4803 4395 4550 4231 
5041 4914 4587 4292 4818 4730 4664 5066 4654 4866 4685 4455 4580 4553 4475 4511 4704 4529 5020 5122 4109 4812 4446 4636 4640 4920 5041 4959 4846 4575 4422 4540 
4737 4512 4521 4136 4400 4737 4556 4525 4429 4833 4737 4519 4459 4607 4706 4361 4720 4444 4918 4684 3994 4722 4471 4377 4688 4677 4512 4611 4641 4440 4478 4352 
4387 4513 4578 3930 4542 4794 4423 4433 4437 4436 4573 4339 4346 4411 4647 4464 4863 4529 4784 4748 3823 4552 4459 4408 4401 4646 4556 4695 4886 4394 4454 4284 
4641 4346 4364 4387 4852 4866 4404 4508 4569 4842 4731 4380 4333 4373 4511 4197 4822 4314 4904 5027 3971 4800 4570 4547 4725 4884 4719 4794 4838 4460 4376 4506 
4578 4486 4607 4264 4657 4703 4792 4648 4540 5062 4911 4728 4446 4557 4608 4438 4654 4815 5049 5143 4238 4426 4755 4803 4872 4569 4778 4828 4703 4501 4487 4508 
4379 4504 4455 3970 4573 4731 4513 4737 4472 4707 4469 4432 4680 4627 4513 4385 4838 4350 4930 5010 3819 4813 4643 4449 4663 4834 4548 4753 4383 4439 4272 4167 
4730 4587 4415 4125 4812 4789 4622 4703 4402 4779 4744 4453 4382 4565 4650 4564 4668 4667 4912 4927 4012 4807 4566 4568 4631 4722 4848 4685 4589 4293 4433 4207 
4666 4469 4842 4125 4725 4989 4617 4912 4735 4598 4547 4597 4463 4656 4472 4450 4683 4533 4660 5080 4076 4901 4610 4517 4614 4601 4453 4642 4579 4597 4336 4184 
4414 4536 4598 4239 4636 4500 4601 4677 4523 4726 4699 4397 4539 4518 4430 4403 4579 4651 4959 5043 4181 4527 4854 4477 4788 4499 4827 4801 4375 4282 4482 4432 
4692 4685 4369 4165 4809 4917 4748 4790 4614 4897 4604 4350 4731 4768 4692 4559 4673 4799 5083 5122 4177 5000 4791 4617 4668 5077 4783 4983 4713 4647 4470 4238 
4698 4489 4504 4155 4748 4728 4391 4399 4364 4548 4534 4299 4387 4398 4421 4573 4465 4532 4919 4930 3754 4605 4434 4468 4436 4686 4471 4798 4554 4433 4170 4249 
4759 4522 4431 4379 4956 4735 4716 4803 4654 4903 4642 4442 4961 4716 4350 4515 4637 4794 4990 5044 4140 4704 4871 4492 4715 4908 4675 4848 4516 4492 4340 4233 
4544 4404 4431 4034 4465 4874 4430 4529 4467 4554 4752 4695 4381 4491 4552 4420 4608 4542 4827 4768 4127 4605 4488 4531 4487 4658 4677 4384 4309 4689 4368 4106 
4359 4614 4126 4294 4892 4532 4365 4543 4484 4655 4591 4247 4472 4369 4495 4371 4628 4599 4966 4724 4005 4727 4582 4561 4603 4755 4578 4845 4661 4353 4112 4400 
5000 4678 4817 4466 4987 5139 4577 4871 4762 4904 4799 4954 4586 4726 4746 4549 4857 4977 5146 5126 4252 4953 4550 4757 4966 4977 4855 4855 5122 4835 4358 4513 
4483 4381 4330 4316 4560 4703 4544 4508 4509 4591 4389 4469 4575 4512 4400 4349 4475 4590 4938 4759 3781 4594 4382 4321 4406 4572 4715 4762 4507 4399 4231 4227 
5069 4936 4809 4410 4988 5175 4803 4746 5086 5044 4994 4834 4740 4864 4873 4690 5087 4740 5576 5249 4346 4951 4974 4840 4852 5040 4921 4996 4886 4662 4493 4283 
4548 4794 4491 4255 4865 4812 4636 4728 4685 4892 4835 4716 4621 4759 4792 4388 4950 4692 4948 4902 4070 4896 4641 4536 4791 5051 4997 4677 4677 4705 4609 4552 
4614 4582 4659 4190 4518 4565 4507 4555 4383 4692 4467 4288 4450 4572 4483 4365 4546 4211 4864 5083 3772 4601 4457 4495 4463 4415 4527 4701 4666 4381 4303 4399 
4207 4287 4154 3883 4267 4576 4190 4332 4256 4621 4228 4260 4195 4299 4319 4039 4458 4304 4842 4631 3687 4656 4356 4192 4556 4560 4435 4298 4340 4372 4144 3962 
4954 4782 4759 4309 4748 4705 4487 4587 4616 5022 4723 4472 4793 4886 4473 4518 4802 4775 5272 4990 4089 4896 4767 4574 4751 4797 4758 4788 4750 4393 4439 4520 
4550 4670 4634 3993 4791 4653 4604 4733 4553 4783 4287 4503 4231 4578 4522 4325 4940 4808 5036 5052 4176 4903 4504 4484 4789 4912 4557 4891 4846 4597 4369 4238 
4191 4259 4357 3885 4343 4336 4191 4467 4225 4336 4226 4165 4110 4447 4147 4028 4501 4306 4467 4551 3677 4279 4177 4057 4638 4347 4608 4479 4397 4367 4298 4093 
4623 4410 4437 4029 4697 4395 4356 4684 4466 4915 4311 4280 4565 4432 4616 4398 4500 4657 4736 4717 4034 4548 4480 4492 4560 4563 4585 4733 4701 4352 4246 4234 
4092 4206 4346 3858 4139 4433 4262 4178 3954 4418 4172 4031 4214 4430 4258 4019 4415 4296 4511 4568 3444 4411 4369 4229 4232 4419 4268 4463 4420 4187 4047 4002 
4624 4737 4625 4164 4553 4784 4810 4704 4680 4701 4844 4464 4365 4949 4498 4612 4823 4573 5036 5083 4196 4841 4561 4519 4593 4836 4982 4899 4809 4599 4539 4410 
4526 4797 4549 4098 4779 4547 4719 4640 4658 4666 4527 4613 4523 4828 4527 4670 4960 4517 4620 4764 3941 4720 4465 4449 4414 4991 4685 4903 4506 4650 4489 4313 
4576 4436 4485 4154 4634 4701 4480 4284 4527 4861 4568 4499 4559 4473 4461 4454 4666 4354 4886 4800 4043 4635 4665 4308 4730 4747 4690 4669 4589 4358 4344 4272 
