3250 3435 3357 3154 3414 3239 3569 3677 3200 3390 3508 3427 3540 3485 3354 3463 3498 3297 3611 3737 2873 3552 3146 3291 3242 3613 3338 3709 3278 3257 3166 3210 
3139 3250 3160 2846 3237 3174 3212 3183 3008 3290 3172 3211 3402 3265 3323 3249 3409 3142 3514 3397 2697 3533 3179 3166 3254 3419 3402 3471 3207 3089 3065 3049 
2792 3152 2937 2873 3114 3186 3172 3367 3129 3467 3191 3132 3257 3486 3064 3467 3280 3166 3614 3541 3012 3371 3235 3301 3229 3463 3077 3308 3024 3013 2996 2851 
3215 3327 3255 2974 3389 3541 3669 3423 3271 3485 3369 3437 3576 3384 3357 3438 3337 3486 3725 3718 3105 3708 3464 3520 3453 3684 3468 3606 3400 3013 3232 3076 
3175 3404 2959 2918 3418 3147 3425 3592 3063 3443 3073 3133 3301 3251 3063 3383 3167 3225 3497 3591 2657 3427 2988 3229 3042 3324 3388 3554 3098 3040 3003 3142 
2990 3175 2991 2964 3099 3157 3289 3346 3055 3468 3239 3224 3212 3279 3202 3326 3098 3205 3590 3303 2777 3389 3121 3107 3175 3263 3192 3377 3048 3035 3051 2947 
2619 3011 2994 2755 3076 3147 3116 3091 3001 3064 2998 3129 3146 3216 3045 3264 3353 3239 3376 3346 2628 3100 2949 3096 2876 3101 3096 3356 3200 2878 2995 2945 
2712 2838 2673 2928 3260 3110 3056 3030 2907 3283 2998 2973 3068 3071 3012 3086 3256 2997 3272 3466 2636 3256 2955 3049 2995 3197 3131 3358 3054 2900 2769 3054 
2677 2994 2943 2995 3288 3146 3456 3372 3060 3504 3291 3412 3264 3306 3162 3350 3136 3390 3432 3625 2972 3112 3219 3320 3349 3142 3237 3408 3077 3018 2962 3023 
2843 3251 2943 2904 3336 3258 3346 3467 3102 3281 3062 3310 3528 3462 3306 3395 3356 3151 3613 3693 2730 3622 3320 3137 3266 3460 3133 3495 3003 3121 2914 3012 
3008 3128 2957 2939 3319 3269 3406 3346 2969 3390 3300 3171 3221 3361 3143 3305 3193 3352 3475 3518 2746 3480 3137 3225 3182 3247 3304 3337 3006 2908 3140 2907 
3012 3191 3379 3121 3523 3575 3495 3519 3142 3296 3136 3386 3407 3509 3291 3571 3322 3405 3406 3737 2905 3610 3380 3216 3247 3203 3249 3565 3139 3170 3053 2918 
2731 3153 3165 2998 3238 3079 3401 3355 3134 3361 3170 3218 3454 3355 3043 3307 3195 3250 3542 3516 2920 3331 3469 3202 3318 3154 3432 3484 2950 2995 3075 3049 
3147 3388 3098 3131 3355 3427 3506 3463 3160 3521 3300 3233 3545 3679 3407 3403 3208 3510 3692 3771 2968 3783 3475 3375 3317 3648 3249 3613 3194 3338 3182 3085 
3007 3075 3035 2956 3213 3176 3135 3015 2921 3060 3021 3084 3204 3132 3022 3408 3037 3250 3237 3456 2569 3257 2876 3059 2911 3225 2932 3435 2924 3036 2692 2959 
3194 3406 3234 3395 3584 3395 3705 3527 3372 3718 3234 3425 3821 3653 3130 3536 3363 3614 3760 3851 3086 3493 3599 3269 3364 3524 3465 3789 3257 3315 3234 3116 
2745 2956 2920 2849 2964 3249 3197 3175 2918 3081 3202 3355 3079 3314 3126 3143 3170 3166 3350 3351 2891 3279 2923 3088 2988 3098 3095 3097 2724 3153 3072 2750 
2942 3453 3007 3238 3679 3358 3375 3405 3225 3609 3360 3283 3540 3342 3463 3442 3461 3327 3733 3601 2972 3660 3398 3395 3402 3545 3347 3764 3364 3189 3162 3342 
3155 3213 3134 3122 3564 3459 3308 3411 3145 3360 3266 3518 3256 3421 3280 3229 3349 3517 3611 3659 2816 3488 2993 3303 3315 3276 3144 3500 3332 3196 2916 3144 
3065 3176 3109 3162 3453 3369 3563 3365 3253 3395 3227 3300 3457 3501 3292 3375 3184 3534 3676 3560 2728 3556 3120 3130 3091 3312 3315 3560 3189 3138 3088 3047 
3188 3427 3253 3152 3549 3444 3556 3384 3481 3533 3439 3546 3504 3548 3434 3519 3480 3458 3883 3869 3044 3604 3442 3394 3388 3422 3461 3668 3313 3156 3027 3062 
3093 3466 3188 3191 3505 3322 3514 3585 3323 3520 3418 3501 3475 3715 3516 3372 3583 3521 3729 3705 2945 3632 3360 3306 3392 3668 3595 3515 3264 3366 3248 3298 
2834 3088 3034 3030 3173 3058 3262 3288 2915 3282 2940 3100 3373 3220 3086 3365 3018 2909 3320 3648 2751 3190 3033 3225 3018 3107 3160 3380 3098 2961 3036 3045 
2721 3153 3026 2883 3126 3301 3200 3212 3038 3397 2938 3168 3152 3333 3240 3116 3195 3225 3659 3434 2761 3432 3170 3068 3281 3169 3237 3291 3018 3126 2921 2925 
3156 3304 3235 3192 3496 3279 3391 3383 3227 3601 3264 3332 3568 3737 3189 3526 3326 3505 3876 3612 2955 3647 3446 3294 3348 3434 3311 3487 3185 3098 3189 3205 
2889 3189 3200 2742 3319 3167 3245 3366 3004 3369 2900 3171 3084 3386 3137 3281 3372 3357 3546 3538 2806 3578 3146 3183 3237 3402 3126 3570 3162 3027 2928 2881 
2524 2923 2788 2707 2945 2905 3045 3161 2800 2992 2881 3025 2903 3114 2748 3067 3035 3021 3130 3151 2477 3034 2923 2785 3087 2951 3197 3228 2910 2979 2963 2751 
3203 3120 3114 2995 3281 3154 3283 3371 3002 3664 3004 3139 3521 3327 3205 3344 3165 3437 3407 3504 2887 3357 3179 3199 3197 3247 3353 3628 3267 3047 3116 3101 
2892 3147 3152 2808 3160 3271 3225 3230 2947 3329 3090 3111 3395 3406 3255 3248 3302 3317 3313 3446 2668 3369 3143 3195 3238 3444 3218 3434 3260 3023 3084 2963 
3014 3268 3080 2981 3227 3189 3508 3509 3270 3398 3439 3319 3267 3704 3160 3517 3319 3400 3679 3718 2924 3517 3098 3259 3102 3336 3543 3585 3181 3159 3242 3085 
3010 3482 3158 3042 3419 3291 3510 3565 3314 3438 3281 3434 3441 3715 3291 3717 3634 3302 3336 3548 2850 3508 3213 3260 3198 3581 3343 3703 3056 3309 3256 3125 
2917 3150 3045 2970 3360 3148 3234 3036 3073 3364 3199 3212 3292 3231 3126 3286 3258 3160 3486 3495 2859 3345 3171 3019 3245 3297 3180 3434 3098 2944 3012 2981 
