3588 3312 3445 3342 3259 3117 3137 3196 3741 3297 3115 3212 3116 3194 3364 3426 3403 3242 3430 3339 3344 3091 3044 3443 3085 3507 3355 3377 3435 3297 3331 3225 
3404 3386 3455 3193 3127 3199 3024 3038 3674 3507 3232 3324 3062 3354 3458 3223 3208 3078 3321 3280 3211 3232 3273 3191 3140 3548 3301 3336 3447 3250 3109 3134 
3373 3285 3501 3156 3086 3258 2975 3110 3460 3231 3125 3072 2981 3055 3474 3235 3343 3113 3283 3194 2948 3226 2776 3331 2955 3294 3270 3161 3143 3218 3005 2931 
3850 3523 3762 3665 3448 3624 3306 3395 3891 3273 3395 3471 3484 3467 3554 3525 3539 3235 3363 3416 3455 3494 3430 3503 3122 3805 3544 3736 3423 3697 3333 3458 
3795 3718 3641 3404 3280 3389 2924 3403 3947 3354 3392 3492 3434 3391 3327 3411 3458 3330 3509 3418 3262 3348 3143 3542 3218 3638 3539 3543 3372 3623 3429 3128 
3229 2981 3309 3162 2978 3059 2850 3135 3447 3193 3022 2906 3019 3100 3245 3154 3230 3002 3297 3063 2918 2984 2762 3102 2900 3073 3157 3265 3122 3119 3101 3023 
3104 3331 3400 3035 3197 3085 2542 3261 3442 3217 3018 3081 3206 2846 3204 3109 3115 2884 3136 3199 2999 3041 2845 2977 2896 3099 3152 3270 3112 3218 2926 2789 
3609 3453 3727 3398 3252 3308 2958 3295 3782 3433 3293 3081 3438 3204 3402 3350 3513 3132 3487 3363 3260 3210 2889 3303 3321 3434 3304 3540 3511 3458 3247 3128 
3396 3401 3537 3207 3078 3258 3020 3413 3647 3188 3063 3150 3094 3178 3430 3292 3290 2980 3449 3507 3241 3356 2853 3322 2959 3416 3270 3465 3356 3145 3321 3254 
3545 3361 3491 3358 3104 3181 2752 3157 3446 3183 3057 3132 3186 3262 3219 3272 3353 2973 3565 3084 3141 3217 2945 3280 3048 3312 3355 3184 3113 3359 3148 3069 
3629 3557 3341 3193 2931 3149 2871 3195 3484 3331 3225 3134 3237 3160 3271 3298 3219 3174 3403 3169 3014 3056 3055 3409 3008 3352 3186 3522 3189 3430 3081 3164 
3505 3321 3387 3316 3262 3307 3044 3214 3848 3237 3085 3195 3467 3178 3537 3315 3264 3127 3465 3535 3295 3076 3013 3407 3086 3329 3447 3598 3453 3487 3343 3312 
3590 3533 3578 3371 3297 3268 2877 3301 3727 3202 3155 3229 3487 3271 3338 3387 3404 3053 3504 3303 3190 3212 2960 3546 3008 3356 3173 3250 3528 3428 3331 3195 
3696 3213 3425 3352 3137 3422 3099 3337 3487 3267 3329 3398 3363 3323 3594 3545 3430 3192 3547 3379 3232 3329 3111 3430 3131 3423 3540 3435 3365 3477 3286 3474 
3560 3295 3344 3094 3013 3209 2949 3071 3484 3267 3074 3105 3198 3022 3457 3158 3397 3086 3367 3099 2983 3222 2896 3382 2977 3333 3372 3289 3471 3220 3100 3111 
3709 3499 3690 3477 3145 3460 3131 3473 3917 3369 3316 3190 3385 3435 3615 3430 3435 3224 3671 3546 3218 3257 3038 3552 3270 3493 3532 3498 3533 3716 3245 3279 
3372 3098 3227 3151 2880 3044 2636 2962 3510 3053 3140 2954 3026 2840 3207 3033 2991 2912 3055 3360 2928 2849 2722 3016 2641 3050 3043 3212 3087 3173 2995 2867 
3432 3365 3429 3198 3165 3107 2942 3395 3674 3289 2967 3028 3086 3094 3304 3079 3083 2971 3252 3245 3166 3163 3007 3349 3093 3429 3305 3261 3271 3316 2939 3062 
3474 3486 3635 3208 3091 3178 2953 3238 3583 3391 3384 3024 3381 3240 3297 3331 3421 3220 3285 3391 3147 3155 3157 3458 3198 3416 3170 3444 3295 3439 3118 3195 
3528 3436 3670 3175 3236 3378 2954 3443 3595 3298 3305 3176 3477 3116 3523 3345 3296 3212 3399 3306 3102 3308 2865 3594 2938 3197 3357 3435 3291 3558 3141 3038 
3731 3627 3935 3649 3197 3522 3254 3351 3714 3590 3447 3338 3583 3418 3479 3527 3544 3522 3672 3745 3372 3412 3307 3650 3251 3675 3582 3662 3663 3795 3510 3495 
3400 3127 3316 3340 3065 3026 2852 3306 3477 3248 2987 3022 3209 3046 3204 3205 3112 2925 3263 3199 3121 3002 2949 3121 2915 3339 3237 3198 3224 3309 3228 3014 
3383 3361 3579 3188 3276 3222 2909 3103 3437 3500 3333 3082 3067 3130 3214 3247 3445 3276 3090 3190 2910 3040 2856 3295 2904 3201 3273 3444 3393 3219 3074 3246 
3172 2969 3271 2974 2839 3113 2699 3096 3238 3084 3059 2917 3192 3004 2944 2972 3040 3022 3253 3158 2877 3143 2646 3310 3055 2952 3061 3198 3227 3108 2843 2808 
3542 3559 3378 3376 3180 3362 3027 3287 3599 3394 3211 3127 3307 3389 3566 3379 3312 3169 3497 3332 3076 3432 3374 3575 3236 3496 3299 3441 3384 3472 3423 3350 
3278 3326 3473 3293 2937 3238 2955 3150 3329 3142 3031 3200 3279 3084 3359 3391 3239 3009 3365 3361 3105 3277 2841 3509 2967 3286 3180 3216 3125 3240 3040 3184 
3166 3184 3322 3093 2930 3004 2434 3023 3121 2944 3002 3045 3118 2959 3005 2823 2915 2816 2874 3173 2820 2890 2637 2917 2783 3043 3092 3069 3086 3050 2915 2859 
3234 3230 3486 3339 3019 3096 2829 3251 3487 3166 3301 3291 3214 3192 3386 3168 3303 3290 3306 3341 3169 3059 2880 3112 3011 3162 3409 3244 3178 3353 3313 3173 
3054 3366 3492 3054 3010 3105 2742 3242 3495 3116 3293 3093 3253 3157 3007 3160 3266 2891 3061 3054 3143 2917 3086 3162 2966 3210 3267 3222 3167 3242 2905 2894 
3382 3316 3541 3253 3177 3201 2830 3614 3698 3420 3206 2925 3327 3194 3141 3468 3385 3204 3290 3282 3099 3025 3044 3481 3054 3296 3189 3408 3270 3339 3302 3037 
3507 3509 3693 3287 3332 3187 2708 3394 3612 3289 3404 3251 3135 3159 3363 3199 3387 3216 3355 3457 3298 3321 2996 3204 3069 3226 3442 3439 3235 3482 3323 3114 
3443 3192 3201 3081 2932 3291 2931 3147 3542 3166 3117 3184 3211 3138 3220 3151 3119 2820 3126 3203 3040 3067 2958 2960 2881 3077 3210 3137 3071 3142 3002 3025 
