4283 4126 4132 3957 4126 3729 3850 3914 4593 3988 3830 3903 3582 3924 4089 4284 4201 3983 4016 4042 4151 3824 3672 4098 3935 4130 4116 4135 4263 3971 4115 3963 
4120 4239 4253 3731 3921 3944 3875 3839 4427 4129 3935 3888 3717 4135 4184 3973 3930 3817 3838 3904 4006 3984 3977 3958 3907 4299 4068 4203 4284 3946 3872 3862 
4032 4077 4217 3801 3888 3959 3802 3870 4269 3893 3847 3689 3499 3783 4094 4082 4083 3845 3854 3765 3705 3957 3411 3975 3708 3971 3974 3820 3932 3836 3789 3585 
4466 4184 4383 4108 4132 4193 3975 4056 4434 3834 3996 3951 3987 4088 4155 4196 4178 3909 3842 3920 4189 4063 3983 4099 3794 4411 4210 4453 4154 4232 3986 4017 
4548 4472 4270 3938 4000 4123 3646 4134 4555 4009 4015 4066 4016 4113 3993 4170 4133 4041 4014 3962 3960 4024 3798 4159 3978 4249 4242 4336 4158 4232 4094 3775 
3889 3870 4077 3854 3854 3841 3685 3861 4352 3903 3782 3669 3607 3822 4011 4007 4029 3740 3941 3776 3841 3715 3484 3847 3710 3818 4002 4055 3974 3800 3913 3748 
3707 4140 4135 3601 3908 3770 3330 4012 4163 3869 3736 3795 3792 3582 3834 3855 3789 3573 3751 3834 3815 3729 3549 3634 3686 3766 3844 4054 3918 3849 3652 3366 
4354 4422 4490 4070 4136 4000 3891 4170 4675 4140 4087 3778 3985 3965 4049 4184 4383 3982 4141 4105 4140 3952 3654 4026 4136 4173 4054 4327 4428 4203 4090 3818 
3989 4150 4189 3725 3781 3876 3768 4133 4422 3778 3652 3810 3648 3936 4078 3979 3978 3612 3969 4164 3985 4056 3483 3964 3705 4066 3959 4259 4120 3846 4028 3865 
4044 4036 4010 3748 3684 3619 3374 3752 4033 3578 3500 3602 3607 3834 3721 3808 3938 3490 3950 3527 3631 3774 3423 3779 3612 3789 3848 3724 3639 3818 3691 3583 
4173 4320 4115 3771 3651 3769 3664 3951 4230 3930 3910 3722 3760 3913 3970 3993 4010 3887 3973 3734 3828 3772 3762 4062 3728 4051 3877 4196 4004 4118 3836 3728 
4108 3970 4043 3867 3987 3825 3697 3822 4459 3799 3719 3690 3894 3753 4068 3976 3903 3727 3986 4049 3960 3619 3545 3929 3731 3888 4056 4251 4158 4036 3952 3889 
4015 4081 4290 3819 3824 3757 3516 3901 4359 3726 3753 3794 3914 3821 3839 3930 4064 3558 3970 3826 3932 3853 3588 4055 3547 3944 3762 3847 4181 4007 3988 3639 
4323 3913 3982 3922 3786 4052 3790 4006 4084 3808 3861 3930 3881 4012 4159 4218 3983 3827 3956 3799 3856 3977 3565 4066 3845 3972 4103 4120 4045 4008 3974 4042 
4112 4044 3997 3605 3794 3744 3683 3814 4279 3842 3692 3668 3650 3692 4074 3906 4138 3809 3966 3723 3691 3909 3508 4029 3744 3962 3999 3915 4207 3844 3846 3725 
4257 4225 4266 3990 3830 4065 3807 4205 4530 3952 3951 3825 3908 4127 4201 4136 4088 3894 4151 4060 3925 3915 3633 4111 3949 4106 4147 4221 4323 4381 3913 3856 
4068 3963 3970 3697 3645 3698 3428 3817 4314 3703 3817 3636 3603 3648 3973 3859 3774 3632 3587 3947 3649 3659 3442 3741 3528 3725 3769 3992 3853 3838 3719 3542 
3920 3981 3976 3633 3753 3589 3534 4047 4261 3797 3612 3612 3501 3792 3807 3689 3636 3546 3657 3787 3809 3795 3530 3808 3766 3965 3825 3904 4008 3897 3540 3567 
4332 4428 4481 3896 3906 3928 3827 4130 4438 4172 4159 3852 3986 4089 4056 4243 4302 3985 3855 4017 3976 3999 3935 4187 4132 4089 3995 4340 4148 4149 3941 3994 
4071 4059 4307 3627 3882 3925 3578 4041 4135 3685 3862 3653 3951 3740 4039 3942 3879 3748 3871 3774 3698 3925 3371 4109 3515 3668 3872 4081 3924 4022 3796 3521 
4366 4454 4654 4244 3961 4151 4096 4189 4553 4260 4089 3957 4157 4144 4134 4305 4379 4271 4260 4358 4133 4170 4009 4368 4038 4396 4308 4441 4477 4505 4252 4189 
4044 3922 4015 3921 3751 3782 3749 4035 4210 3860 3722 3577 3775 3729 3788 3893 3695 3507 3795 3660 3872 3699 3645 3728 3577 4016 3910 3956 4000 3864 3975 3517 
4059 4223 4277 3772 4113 3841 3732 3824 4257 4125 4047 3699 3634 3882 3941 4005 4158 3913 3674 3860 3688 3755 3510 3947 3692 3850 3950 4267 4284 3901 3804 3847 
3682 3658 3892 3468 3538 3656 3381 3786 3920 3662 3635 3487 3697 3680 3518 3662 3716 3640 3829 3622 3483 3738 3202 3822 3742 3560 3704 3823 3919 3711 3418 3313 
4133 4341 4064 3880 3871 3949 3773 3933 4334 3960 3754 3676 3826 4064 4242 4053 3960 3723 4056 3877 3729 4101 4017 4135 3935 4047 3941 4196 4104 4071 4085 3855 
3985 4101 4181 3950 3760 3901 3774 3909 4120 3789 3752 3943 3812 3801 3954 4216 3974 3669 3949 3985 3832 4117 3480 4166 3822 3889 3816 4009 3946 3869 3792 3891 
3796 3874 3943 3681 3661 3667 3132 3651 3810 3537 3709 3601 3622 3653 3584 3559 3569 3408 3403 3812 3573 3498 3266 3487 3515 3651 3712 3790 3882 3679 3575 3476 
3813 3941 4135 3929 3572 3666 3514 4008 4104 3760 3928 3961 3705 3935 3887 3800 3960 3883 3798 3848 3861 3743 3536 3634 3715 3772 3946 4000 3952 3967 4031 3726 
3536 4037 3980 3500 3561 3488 3354 3858 4160 3545 3790 3659 3596 3676 3422 3754 3882 3368 3477 3522 3686 3503 3592 3623 3497 3690 3743 3779 3769 3678 3527 3292 
3946 4100 4244 3845 4004 3829 3679 4373 4468 3936 3883 3547 3831 3953 3795 4206 4114 3969 3836 3861 3888 3819 3664 4179 3810 4006 3861 4084 4021 3966 4132 3664 
4078 4203 4242 3769 3965 3752 3393 4063 4231 3763 3981 3788 3570 3842 3886 3826 3984 3806 3842 3938 3874 3995 3566 3675 3780 3742 3985 4085 3919 4026 3940 3582 
4079 3962 3868 3653 3650 3935 3740 3921 4263 3785 3685 3770 3727 3874 3850 3923 3796 3502 3684 3656 3706 3714 3611 3577 3639 3739 3885 3828 3760 3737 3697 3633 
