5419 5585 5550 5384 5597 5325 5397 5159 6034 5078 5060 5312 4796 5323 5627 5682 5353 5240 5215 5353 5469 5124 4892 5534 5161 5453 5360 5542 5358 5383 5585 5399 
5306 5595 5856 5232 5533 5534 5392 5284 6056 5254 5335 5362 4969 5633 5713 5428 5170 5125 5103 5334 5407 5274 5252 5275 5223 5719 5402 5640 5446 5279 5244 5210 
5004 5099 5463 4940 5208 5354 5161 4989 5458 4884 4884 4983 4563 5013 5331 5220 5067 4984 4992 4982 4865 5030 4369 5146 4807 5317 5058 5041 4815 5005 5011 4785 
5469 5444 5761 5414 5655 5680 5362 5237 5805 4880 5119 5319 5272 5505 5542 5564 5267 5163 4867 5215 5450 5265 5050 5396 5025 5591 5398 5876 5176 5430 5255 5281 
5596 5529 5567 5244 5383 5546 5013 5280 5820 5006 5197 5341 5285 5333 5305 5444 5182 5110 4917 5130 5135 5187 4804 5427 5126 5482 5610 5771 5146 5501 5335 5081 
5103 5221 5554 5315 5328 5376 5113 5131 5862 4973 4894 5156 5012 5199 5459 5459 5183 4958 5249 5039 5149 4749 4598 5269 4936 5205 5261 5573 5041 5081 5233 5131 
4914 5512 5579 5020 5427 5401 4897 5385 5622 5049 5057 5345 5057 5163 5262 5336 5010 4885 4997 5156 5239 5077 4807 4989 5081 5205 5151 5473 5113 5219 5105 4812 
5331 5427 5684 5312 5505 5325 5110 5274 6036 5105 5096 5128 5098 5260 5305 5416 5266 5182 5079 5218 5380 4949 4592 5104 5147 5212 5070 5553 5362 5346 5247 5042 
5243 5498 5691 5208 5435 5683 5449 5542 6026 5007 5010 5510 4971 5570 5670 5595 5260 5238 5276 5599 5451 5438 4822 5463 5125 5644 5438 5915 5295 5341 5692 5447 
5172 5310 5460 5208 5062 5147 4936 5102 5404 4660 4905 5073 4975 5250 5184 5265 5064 4791 5047 4826 4975 5019 4615 5067 5008 5195 5210 5109 4708 5139 5014 5033 
5277 5509 5468 5249 5190 5276 5177 5268 5631 4870 5133 5186 4975 5338 5433 5385 5044 5240 5057 5082 5012 5045 4785 5392 5108 5282 5086 5637 5082 5532 5328 4918 
5339 5054 5430 5290 5402 5337 5093 5121 5791 4739 4974 5026 5154 5021 5564 5395 4972 5038 5147 5374 5148 4804 4594 5236 4993 5102 5217 5718 5157 5350 5253 5103 
5096 5127 5488 5015 5067 5015 4784 4979 5510 4734 4928 5081 5028 5087 5137 5188 5018 4755 4972 4935 5096 4965 4700 5138 4798 5127 5036 5057 5172 5155 5182 4831 
5398 5048 5332 5179 5230 5549 5201 5272 5440 4834 5172 5371 5194 5319 5531 5609 4961 5113 4973 5094 5124 5276 4506 5388 5081 5174 5362 5517 5121 5361 5373 5351 
5171 5183 5356 4825 5090 5100 4882 4948 5559 4757 4806 4936 4757 4872 5318 5040 5207 4933 4947 4802 4747 4970 4514 5069 4892 5204 5095 5075 5152 5016 5054 4830 
5181 5414 5501 5213 5056 5572 5236 5410 5873 4945 5136 5150 5037 5544 5538 5496 5149 5178 5159 5232 5187 5024 4661 5201 5097 5261 5341 5532 5401 5655 5176 5086 
5200 5287 5461 5173 5318 5364 5053 5196 5820 4922 5130 5352 5081 5114 5529 5432 4991 5031 4914 5376 5070 5004 4621 5297 5024 5222 5073 5552 5083 5283 5199 4934 
4916 5046 5248 4663 5053 4859 4730 5068 5402 4609 4726 4820 4706 4903 5027 4910 4603 4801 4583 4901 4870 4871 4459 4918 4877 5070 5036 5113 4857 4937 4738 4793 
5480 5541 5760 5139 5360 5408 5237 5394 5782 5177 5234 5157 5290 5437 5442 5645 5371 5176 5027 5113 5193 5191 5029 5548 5271 5425 5201 5739 5173 5503 5209 5261 
4985 5045 5597 4763 5203 5175 4865 5023 5292 4652 4870 4839 5100 4938 5298 5082 4759 4860 4830 4810 4881 5095 4310 5227 4604 4830 4996 5298 4848 5134 4972 4705 
5430 5611 6038 5506 5268 5510 5393 5324 5708 5180 5217 5272 5279 5468 5544 5488 5360 5396 5305 5627 5245 5274 5032 5589 5154 5622 5574 5739 5358 5808 5510 5415 
5468 5444 5714 5693 5544 5739 5551 5728 5994 5139 5350 5379 5465 5450 5690 5588 5061 5125 5232 5227 5420 5165 5044 5417 5153 5704 5573 5797 5296 5584 5747 5206 
5062 5336 5562 4925 5445 5147 5108 5115 5612 5218 5210 5259 4741 5211 5260 5283 5150 5166 4700 4945 4732 4814 4540 5125 4923 5169 5225 5653 5414 5106 5237 5017 
4842 4824 5186 4759 4757 5058 4728 4907 5272 4601 4832 4833 4874 4985 5019 4965 4802 4873 4875 4907 4809 4950 4414 5114 4919 4830 5079 5184 4883 4979 4810 4598 
5063 5418 5315 5056 5025 5293 5150 5059 5588 4841 4808 4934 4951 5439 5523 5243 4966 4838 4992 4936 4815 5173 5038 5335 5042 5361 5178 5422 4989 5226 5298 5062 
5197 5354 5634 5414 5380 5632 5314 5113 5640 4915 5014 5532 5143 5185 5549 5705 5135 4965 5107 5346 5185 5457 4476 5653 5124 5352 5028 5568 5149 5156 5283 5248 
4880 5205 5317 5018 5169 5249 4640 5064 5295 4745 4951 5194 4951 5230 5053 5111 4699 4690 4560 5044 4756 4724 4481 4906 4831 5153 5073 5367 5055 5117 4995 4913 
4878 5187 5475 5366 5023 5096 5007 5385 5479 4748 5270 5361 4816 5435 5263 5299 5105 5080 4872 5060 5133 4955 4638 4876 4955 4953 5233 5340 4972 5166 5438 5018 
4617 5229 5258 4958 5049 4908 4810 5171 5539 4479 5028 5222 4820 5098 4807 5123 4926 4663 4567 4749 4958 4624 4687 4811 4794 4906 5043 5206 4788 4940 4858 4625 
4996 5159 5494 5271 5530 5257 5113 5558 5847 4815 5108 4955 5076 5325 5284 5584 5168 5171 4998 5108 5086 4901 4620 5665 5002 5280 5032 5512 5009 5184 5525 4873 
5196 5275 5423 5012 5376 5242 4945 5353 5597 4734 5141 5255 4729 5114 5235 5099 5024 5097 4988 5175 5132 5123 4617 4836 4921 4896 5123 5536 4884 5256 5304 4926 
5371 5205 5245 4959 5227 5523 5164 5113 5569 4930 4786 5384 5107 5259 5355 5456 4972 4801 4887 5020 4974 4967 4806 5072 4982 5085 5256 5382 4866 5102 5188 5077 
