615 607 663 589 642 549 578 615 584 579 577 404 460 561 572 668 532 519 608 584 518 509 535 569 603 608 664 515 524 523 685 506 
600 620 678 622 576 660 549 577 590 624 514 452 466 599 649 610 557 418 571 578 552 496 596 527 539 704 615 549 536 564 460 450 
743 808 825 714 695 655 695 761 682 736 674 509 615 715 855 732 785 635 792 739 587 718 663 671 660 701 774 721 664 627 626 593 
773 701 886 830 782 665 776 815 708 635 717 539 663 744 741 807 925 587 729 816 729 736 708 650 695 811 786 752 645 868 648 733 
637 620 675 553 610 495 505 676 631 623 612 391 441 560 639 655 596 446 617 575 475 564 550 537 535 664 533 527 450 543 574 572 
883 932 1072 860 780 850 747 1033 828 897 760 615 772 897 910 868 915 669 955 864 714 819 796 839 825 932 926 925 783 747 851 793 
510 766 877 719 699 674 624 758 659 711 698 551 548 652 706 726 676 554 683 712 520 640 605 654 565 619 626 616 587 564 646 481 
747 850 905 799 668 676 687 821 743 810 670 498 617 816 797 808 788 609 861 800 693 680 660 749 778 751 795 739 677 655 797 596 
641 763 851 774 573 623 629 799 691 695 526 482 663 702 736 598 788 500 816 776 657 744 581 729 603 657 740 759 626 524 673 594 
700 633 735 674 624 607 527 683 601 630 637 453 496 677 616 674 679 501 735 702 585 606 651 555 657 660 672 651 486 521 648 583 
619 632 654 513 433 509 469 578 522 613 511 329 465 514 608 567 557 451 645 651 455 421 421 555 483 508 581 560 467 487 486 453 
801 732 800 822 713 768 693 775 813 695 595 525 684 753 767 809 770 565 806 676 609 650 718 767 712 829 790 759 685 659 689 654 
577 695 761 605 567 485 486 676 550 584 583 387 561 556 584 600 661 457 627 587 484 483 431 525 490 582 571 527 536 563 595 527 
672 510 717 731 625 602 660 724 633 535 496 442 601 610 610 668 636 409 610 607 558 578 584 586 612 686 698 682 535 588 611 591 
795 780 816 713 621 706 746 739 696 704 572 528 600 682 841 688 771 607 751 746 626 757 644 786 694 819 835 749 747 723 626 652 
728 790 780 657 501 684 653 716 612 692 643 441 500 686 787 699 659 488 697 819 619 632 579 705 685 715 810 641 575 694 653 567 
836 712 819 803 751 683 747 764 766 734 671 587 638 690 711 750 818 587 791 850 709 638 649 693 659 742 740 782 709 674 665 659 
738 797 791 786 665 647 672 772 696 790 665 446 528 696 763 689 654 433 772 754 657 670 607 789 684 763 761 687 618 651 661 600 
731 769 859 775 744 591 666 810 682 715 723 461 581 748 680 811 804 594 771 762 661 668 708 717 743 705 744 694 648 680 740 703 
702 790 909 708 724 706 816 829 722 779 687 543 635 667 820 789 755 606 749 816 599 702 637 813 661 719 843 836 662 659 748 610 
705 824 935 766 655 659 606 814 665 710 613 507 639 725 722 761 779 576 789 751 684 651 641 649 703 812 761 660 715 710 745 682 
507 511 646 609 491 516 473 603 487 522 424 354 429 481 540 516 503 327 577 558 507 495 446 467 458 544 570 515 486 428 553 444 
631 781 856 746 699 714 669 692 625 742 711 506 553 651 774 783 706 562 722 757 597 630 628 650 629 702 765 657 661 614 613 616 
708 666 856 745 686 703 715 716 706 682 602 523 652 654 694 708 677 524 776 711 555 647 587 737 668 697 786 694 668 647 591 533 
660 662 701 614 549 660 594 722 647 651 561 455 507 654 727 651 685 486 678 637 540 651 659 642 621 726 715 667 545 585 628 617 
563 743 855 718 643 585 638 745 639 649 563 489 501 636 707 636 620 427 676 685 621 682 511 722 556 766 649 611 655 608 599 525 
611 625 796 650 608 517 503 664 510 574 503 442 496 523 544 563 543 489 605 613 542 507 531 583 480 640 597 630 529 508 557 587 
602 815 899 773 640 662 629 796 697 754 666 512 532 742 748 821 782 582 803 800 663 652 576 696 658 792 750 661 621 638 716 646 
517 752 826 623 601 593 566 700 572 549 661 470 506 664 623 700 657 490 574 628 556 576 644 590 545 679 634 539 504 599 528 471 
662 722 864 653 708 632 625 781 695 746 647 499 607 745 683 761 690 533 744 726 574 536 627 654 634 687 695 723 563 579 697 599 
673 804 903 699 692 673 658 796 607 710 727 543 514 683 793 649 764 590 754 853 668 754 706 664 638 681 777 703 636 650 704 603 
611 578 629 664 505 580 662 653 635 685 581 409 476 539 679 621 645 404 684 694 553 659 463 587 553 569 649 590 513 519 510 456 
