4747 4870 4810 4636 4855 4467 4556 4508 5366 4657 4375 4661 4178 4724 4764 5040 4644 4549 4532 4648 4847 4467 4272 4808 4533 4793 4691 4821 4911 4697 4853 4620 
4666 5000 5153 4596 4831 4811 4588 4606 5443 4922 4683 4789 4437 5060 5025 4829 4538 4517 4513 4736 4808 4686 4658 4761 4644 5084 4776 5057 5032 4725 4668 4534 
4437 4517 4784 4377 4531 4634 4417 4342 4934 4495 4362 4284 3965 4440 4670 4656 4540 4390 4351 4391 4361 4480 3847 4510 4199 4589 4495 4519 4448 4451 4323 4111 
4950 4844 5094 4816 4933 4995 4599 4587 5232 4447 4525 4726 4608 4884 4825 4975 4739 4582 4353 4682 4929 4672 4496 4803 4397 5006 4810 5260 4819 4874 4678 4595 
5076 5043 5035 4712 4784 4950 4361 4727 5397 4649 4705 4854 4654 4912 4768 4953 4675 4652 4538 4675 4631 4658 4271 4888 4643 5007 4997 5234 4824 5015 4842 4465 
4485 4588 4940 4668 4625 4626 4357 4463 5277 4601 4366 4516 4345 4682 4791 4847 4564 4315 4559 4407 4527 4275 4045 4590 4387 4532 4673 4929 4653 4495 4648 4402 
4276 4929 4891 4377 4770 4685 4138 4758 5086 4634 4450 4645 4484 4560 4586 4783 4419 4216 4343 4595 4603 4439 4161 4434 4445 4571 4521 4873 4714 4630 4452 4138 
4894 5063 5235 4870 5006 4858 4565 4820 5615 4833 4715 4673 4631 4855 4844 5039 4907 4693 4707 4842 4976 4608 4123 4686 4785 4814 4669 5151 5102 4953 4821 4536 
4612 4908 5004 4556 4702 4909 4653 4865 5427 4579 4428 4772 4282 4934 4938 4885 4591 4491 4610 5014 4879 4908 4115 4785 4450 4904 4732 5283 4920 4745 4952 4656 
4522 4641 4680 4501 4388 4399 4056 4415 4887 4208 4149 4360 4206 4653 4425 4623 4480 4023 4480 4147 4290 4289 3918 4378 4274 4497 4440 4420 4246 4490 4342 4247 
4680 4941 4773 4540 4492 4565 4364 4564 5057 4480 4495 4551 4343 4698 4719 4814 4486 4616 4426 4507 4507 4429 4254 4762 4457 4713 4537 5022 4657 4924 4655 4300 
4696 4501 4737 4600 4745 4572 4318 4415 5246 4375 4271 4431 4451 4486 4852 4753 4422 4386 4561 4759 4662 4221 4008 4555 4412 4459 4674 5023 4772 4750 4693 4479 
4492 4569 4843 4353 4408 4342 4063 4343 4986 4337 4267 4434 4452 4480 4423 4584 4459 4016 4365 4420 4476 4351 3984 4618 4101 4518 4378 4503 4742 4571 4610 4166 
4843 4519 4616 4594 4557 4817 4445 4551 4881 4457 4476 4751 4512 4803 4861 4988 4369 4448 4394 4491 4599 4707 4010 4717 4418 4560 4758 4926 4748 4724 4757 4645 
4575 4590 4683 4227 4440 4371 4212 4373 4968 4418 4231 4360 4127 4336 4653 4481 4570 4370 4375 4243 4223 4437 3918 4468 4332 4593 4526 4549 4776 4439 4489 4256 
4757 4878 4881 4672 4532 4903 4612 4870 5356 4583 4554 4613 4522 5009 4930 4957 4596 4565 4690 4724 4693 4619 4148 4718 4566 4680 4811 5005 5017 5166 4645 4573 
4573 4659 4780 4508 4559 4592 4200 4474 5273 4457 4476 4526 4286 4453 4795 4761 4352 4304 4209 4720 4456 4384 4017 4534 4284 4536 4411 4863 4577 4661 4490 4248 
4342 4490 4575 4113 4341 4150 3969 4439 4836 4250 4055 4189 4005 4353 4323 4235 4003 4053 4030 4317 4289 4243 3901 4280 4211 4473 4360 4542 4510 4381 4093 4036 
4852 5055 5108 4609 4595 4647 4477 4669 5237 4687 4696 4523 4611 4871 4774 4993 4808 4582 4373 4596 4658 4605 4440 4913 4714 4690 4588 5107 4740 4894 4646 4586 
4510 4574 4948 4266 4601 4609 4212 4489 4855 4230 4315 4373 4492 4419 4720 4592 4281 4312 4430 4376 4370 4502 3845 4692 3994 4272 4427 4793 4460 4677 4449 4115 
4908 5080 5400 4955 4677 4855 4704 4801 5271 4819 4709 4683 4764 4962 4900 5061 4877 4907 4793 5022 4718 4743 4526 5017 4680 5071 5050 5168 5037 5243 4994 4817 
4677 4655 4863 4803 4609 4716 4578 4840 5245 4627 4524 4490 4554 4711 4760 4748 4297 4272 4447 4397 4703 4425 4262 4528 4347 4851 4772 4917 4803 4806 4908 4321 
4596 4790 4988 4479 4902 4566 4385 4462 5132 4801 4664 4587 4243 4708 4706 4700 4638 4599 4167 4538 4291 4328 3996 4657 4348 4583 4681 5120 4963 4660 4599 4437 
4196 4207 4493 4116 4194 4321 3968 4324 4712 4252 4217 4187 4303 4421 4288 4374 4148 4236 4364 4227 4152 4332 3739 4536 4285 4175 4345 4538 4488 4385 4203 3887 
4518 4811 4612 4450 4417 4525 4328 4375 4988 4441 4245 4262 4312 4774 4838 4625 4361 4233 4504 4297 4280 4590 4457 4718 4338 4643 4486 4829 4530 4672 4645 4393 
4633 4823 5064 4837 4674 4906 4613 4555 5125 4600 4459 4911 4504 4675 4876 5125 4625 4396 4636 4711 4695 4889 4053 4990 4573 4758 4503 4973 4721 4714 4668 4642 
4338 4611 4702 4437 4478 4488 3857 4313 4704 4253 4353 4455 4299 4571 4359 4371 4065 4045 3919 4568 4273 4177 3862 4269 4159 4462 4435 4658 4594 4543 4395 4213 
4319 4563 4818 4660 4339 4382 4154 4660 4899 4323 4607 4731 4272 4808 4589 4688 4453 4498 4347 4488 4553 4355 4064 4303 4311 4384 4551 4692 4537 4607 4739 4288 
4059 4735 4702 4355 4429 4266 4060 4462 5013 4224 4405 4471 4305 4541 4225 4529 4367 4060 4017 4314 4488 4092 4153 4327 4148 4410 4436 4633 4373 4522 4271 4018 
4407 4562 4841 4564 4725 4483 4301 4854 5236 4436 4447 4237 4418 4708 4540 4953 4553 4496 4387 4434 4554 4356 4099 4904 4343 4632 4443 4816 4573 4644 4833 4175 
4560 4680 4747 4391 4618 4503 4051 4607 5006 4336 4438 4480 4085 4559 4545 4505 4450 4425 4372 4581 4580 4531 4018 4245 4316 4309 4513 4867 4463 4707 4582 4191 
4734 4586 4600 4402 4434 4715 4391 4401 5004 4426 4245 4517 4371 4671 4615 4805 4344 4154 4205 4454 4440 4387 4124 4327 4300 4352 4549 4708 4403 4453 4481 4285 
