1495 1276 1373 1278 1330 1288 1358 1515 1346 1415 1227 1161 1101 1275 1354 1511 1525 1308 1375 1240 1320 1352 1354 1452 1218 1322 1339 1332 1286 1291 1343 1236 
1352 1246 1287 1159 1150 1249 1143 1319 1240 1429 1157 1117 1066 1206 1298 1258 1302 1122 1274 1196 1249 1309 1325 1147 1117 1308 1201 1276 1101 1229 1060 1094 
1418 1440 1463 1187 1214 1325 1311 1468 1273 1404 1252 1132 1146 1197 1500 1400 1560 1280 1454 1200 1229 1468 1271 1467 1280 1308 1380 1284 1115 1315 1225 1151 
1524 1356 1608 1407 1416 1382 1498 1617 1408 1322 1310 1166 1243 1420 1418 1475 1706 1258 1341 1328 1508 1499 1474 1389 1312 1578 1501 1510 1268 1631 1242 1448 
1261 1218 1304 1088 1151 1118 1083 1358 1313 1179 1153 951 962 1077 1179 1236 1316 1037 1187 1032 1194 1246 1204 1267 1041 1217 1130 1147 998 1219 1156 1069 
1470 1412 1610 1364 1277 1372 1349 1673 1448 1453 1266 1066 1343 1402 1526 1519 1611 1252 1581 1387 1339 1489 1426 1538 1308 1443 1420 1416 1319 1326 1421 1379 
972 1343 1331 1027 1184 1184 1063 1375 1183 1290 1183 982 1017 974 1076 1235 1181 1032 1180 1170 1091 1184 1119 1116 1096 1132 1107 1129 984 1127 1050 903 
1324 1363 1494 1276 1096 1231 1184 1501 1302 1407 1207 1007 1101 1264 1337 1352 1454 1193 1364 1241 1220 1335 1174 1391 1289 1265 1359 1296 1217 1283 1216 1116 
1296 1361 1437 1205 1040 1244 1293 1481 1196 1324 996 976 1135 1138 1244 1247 1442 1121 1384 1296 1243 1409 1146 1386 1133 1245 1289 1302 1113 1073 1186 1189 
1390 1222 1356 1318 1127 1256 1117 1402 1158 1266 1213 986 1118 1249 1274 1358 1516 1171 1430 1195 1238 1396 1235 1376 1255 1291 1304 1198 1057 1251 1306 1232 
1454 1438 1385 1141 1146 1219 1250 1470 1293 1418 1196 1028 1077 1138 1269 1368 1410 1265 1426 1306 1225 1231 1164 1403 1173 1287 1345 1301 1064 1281 1155 1209 
1432 1264 1344 1355 1168 1234 1236 1445 1292 1258 1172 1111 1269 1246 1381 1451 1366 1194 1411 1221 1276 1350 1323 1421 1281 1340 1330 1304 1219 1294 1231 1248 
1194 1107 1319 1040 988 1066 1051 1368 1083 1115 1067 894 1081 1049 1103 1269 1329 1009 1213 1070 1130 1161 990 1237 929 1111 1014 1009 1147 1101 1162 1056 
1458 1166 1402 1431 1259 1365 1397 1648 1376 1292 1241 1255 1287 1328 1376 1529 1510 1223 1451 1297 1345 1511 1341 1440 1343 1369 1463 1331 1202 1367 1329 1406 
1488 1393 1342 1256 1191 1326 1353 1469 1314 1338 1125 1088 1142 1155 1510 1334 1559 1234 1440 1208 1265 1459 1301 1513 1253 1432 1441 1359 1291 1421 1197 1220 
1405 1362 1383 1211 1068 1384 1338 1568 1238 1378 1249 1092 1180 1210 1505 1453 1471 1179 1430 1352 1413 1434 1356 1460 1364 1346 1397 1338 1263 1470 1230 1242 
1443 1270 1397 1269 1205 1209 1301 1439 1319 1339 1248 1091 1158 1102 1286 1410 1424 1244 1396 1500 1338 1296 1214 1291 1163 1223 1252 1289 1244 1310 1156 1207 
1522 1452 1533 1358 1261 1394 1404 1671 1464 1565 1286 1196 1179 1391 1511 1416 1422 1161 1413 1350 1425 1523 1390 1573 1370 1516 1418 1428 1300 1406 1283 1254 
1406 1455 1560 1299 1274 1250 1279 1559 1318 1409 1330 1064 1279 1271 1400 1502 1608 1328 1491 1370 1314 1409 1430 1503 1341 1317 1365 1333 1147 1422 1365 1277 
1326 1382 1506 1149 1232 1285 1409 1567 1301 1371 1239 1100 1162 1091 1494 1308 1411 1253 1350 1296 1262 1449 1210 1488 1219 1233 1397 1417 1182 1367 1251 1119 
1566 1532 1714 1444 1285 1407 1397 1799 1452 1564 1315 1158 1379 1463 1550 1641 1704 1472 1631 1507 1513 1568 1499 1573 1379 1557 1536 1433 1435 1597 1476 1427 
1402 1286 1407 1273 1240 1254 1231 1608 1292 1434 1130 1046 1167 1203 1391 1355 1417 1133 1401 1326 1393 1365 1294 1299 1134 1328 1332 1312 1166 1306 1241 1223 
1268 1396 1528 1283 1311 1386 1290 1432 1225 1448 1310 1058 1112 1227 1329 1477 1499 1253 1393 1285 1279 1303 1208 1414 1174 1295 1437 1285 1265 1270 1146 1312 
1339 1379 1592 1257 1322 1399 1452 1594 1390 1449 1318 1206 1425 1310 1387 1507 1471 1333 1502 1459 1344 1575 1353 1549 1364 1310 1471 1424 1380 1389 1274 1216 
1303 1241 1271 1167 1094 1215 1208 1452 1229 1327 1215 1022 1201 1298 1468 1378 1452 1149 1383 1244 1254 1436 1381 1356 1194 1295 1316 1226 1180 1264 1279 1286 
1318 1467 1539 1340 1222 1256 1384 1544 1267 1396 1215 1118 1224 1282 1418 1483 1490 1181 1434 1340 1313 1520 1229 1566 1237 1493 1336 1222 1286 1313 1244 1248 
1135 1164 1321 1078 1052 1037 979 1261 1050 1088 972 954 958 1011 1064 997 1068 1032 1048 1173 1127 1099 1006 1077 945 1157 1141 1111 958 1050 1034 1035 
1175 1432 1527 1314 1162 1232 1279 1591 1281 1332 1323 1152 1165 1252 1405 1362 1464 1246 1398 1334 1354 1444 1242 1322 1289 1363 1481 1346 1076 1448 1329 1268 
1295 1600 1547 1230 1294 1377 1290 1608 1324 1380 1367 1220 1303 1254 1316 1552 1529 1230 1392 1235 1389 1448 1510 1449 1357 1476 1365 1314 1137 1416 1195 1171 
1265 1194 1386 1141 1256 1210 1163 1663 1374 1453 1214 996 1153 1273 1231 1539 1406 1164 1427 1332 1198 1201 1291 1427 1157 1275 1244 1316 1177 1235 1267 1160 
1299 1412 1494 1121 1185 1328 1196 1548 1180 1365 1362 1097 1019 1082 1313 1293 1417 1205 1430 1398 1323 1419 1306 1326 1237 1257 1350 1295 1117 1286 1245 1150 
1364 1209 1286 1213 1095 1331 1287 1534 1327 1510 1247 1051 1167 1203 1410 1348 1456 1105 1409 1311 1337 1427 1261 1298 1219 1272 1383 1312 1156 1265 1097 1172 
