2868 2627 2796 2785 2583 2428 2566 2659 3006 2660 2474 2386 2444 2659 2651 2590 2762 2582 2662 2664 2583 2539 2376 2879 2475 2727 2812 2706 2763 2619 2710 2610 
2741 2635 2717 2583 2461 2443 2420 2512 2831 2735 2393 2381 2398 2585 2639 2337 2475 2323 2539 2572 2526 2614 2476 2622 2385 2689 2593 2578 2542 2523 2450 2442 
2796 2736 2930 2633 2464 2595 2569 2694 2840 2638 2528 2369 2418 2557 2793 2535 2750 2524 2620 2595 2339 2690 2181 2848 2392 2658 2710 2538 2543 2627 2510 2420 
3136 2812 3133 3095 2766 2772 2768 2897 3206 2578 2697 2584 2771 2869 2783 2670 2824 2557 2719 2780 2770 2787 2647 2948 2564 2947 2875 2980 2719 3045 2642 2789 
2981 2914 2998 2790 2601 2490 2425 2851 3173 2612 2635 2541 2664 2712 2575 2567 2647 2534 2665 2728 2476 2647 2323 2952 2486 2675 2856 2728 2624 2894 2730 2564 
2645 2495 2778 2665 2416 2490 2339 2766 2847 2547 2433 2143 2513 2564 2673 2545 2684 2429 2692 2502 2287 2520 2214 2669 2368 2497 2578 2639 2497 2514 2567 2470 
2391 2696 2705 2528 2504 2330 2043 2654 2771 2459 2374 2180 2431 2361 2429 2266 2416 2162 2404 2553 2278 2373 2150 2472 2282 2389 2506 2455 2422 2481 2387 2155 
2847 2672 3000 2844 2431 2542 2372 2614 3033 2674 2645 2218 2654 2632 2619 2464 2775 2479 2691 2614 2518 2565 2210 2760 2611 2608 2666 2711 2755 2662 2519 2476 
2638 2610 2868 2682 2377 2490 2383 2856 2855 2477 2311 2167 2389 2535 2651 2380 2546 2305 2726 2769 2479 2667 2116 2804 2344 2562 2626 2777 2552 2473 2567 2508 
2772 2691 2775 2791 2372 2409 2245 2612 2724 2466 2383 2197 2437 2641 2459 2425 2642 2291 2734 2461 2413 2620 2240 2770 2358 2563 2704 2456 2375 2639 2502 2448 
2899 2807 2788 2689 2325 2415 2387 2652 2917 2604 2535 2363 2556 2493 2513 2495 2553 2471 2710 2620 2453 2472 2292 2823 2401 2624 2653 2809 2480 2785 2508 2512 
2763 2722 2784 2830 2538 2556 2505 2627 3058 2510 2554 2343 2807 2661 2747 2497 2604 2463 2716 2785 2588 2504 2321 2873 2460 2539 2823 2753 2718 2716 2685 2647 
2804 2737 2870 2807 2522 2456 2309 2690 2961 2407 2442 2262 2715 2595 2496 2487 2662 2365 2690 2662 2442 2553 2170 2960 2343 2581 2543 2486 2719 2662 2653 2500 
2887 2592 2767 2892 2511 2677 2601 2872 2887 2604 2664 2555 2721 2719 2790 2648 2783 2531 2775 2775 2599 2793 2466 2902 2574 2799 2921 2753 2673 2858 2707 2762 
2757 2544 2638 2606 2387 2395 2397 2492 2748 2531 2284 2135 2466 2329 2654 2200 2620 2379 2610 2446 2280 2575 2181 2871 2357 2531 2655 2575 2676 2533 2400 2388 
3167 3002 3139 3032 2643 2863 2761 3103 3281 2867 2772 2541 2942 2887 2953 2814 2903 2657 3005 3039 2755 2850 2549 3181 2726 2891 3055 2938 2987 3108 2814 2818 
2705 2458 2573 2659 2236 2292 2168 2497 2768 2380 2453 2129 2379 2272 2465 2293 2426 2248 2447 2727 2396 2304 2057 2478 2050 2320 2468 2461 2372 2479 2376 2285 
2937 2785 2905 2779 2625 2566 2496 2957 3085 2735 2489 2378 2578 2662 2752 2437 2590 2414 2674 2730 2561 2671 2463 2873 2579 2823 2883 2703 2724 2763 2508 2555 
2807 2811 2987 2756 2453 2518 2397 2689 2923 2731 2746 2226 2677 2692 2626 2575 2776 2543 2589 2785 2561 2591 2473 2877 2569 2670 2672 2699 2616 2825 2565 2531 
2917 2802 3091 2725 2638 2707 2567 2957 3056 2743 2648 2415 2836 2569 2879 2553 2634 2677 2733 2754 2561 2748 2309 3174 2366 2569 2774 2812 2696 2938 2654 2515 
3040 2953 3275 3043 2585 2732 2707 2915 3097 2880 2713 2514 2935 2809 2831 2801 2879 2838 2913 3109 2721 2748 2599 3131 2549 2905 2965 2929 3035 3114 2930 2901 
2802 2621 2777 2826 2487 2484 2378 2810 2879 2675 2417 2208 2592 2548 2569 2490 2575 2349 2596 2654 2531 2565 2404 2730 2349 2682 2698 2581 2589 2621 2657 2427 
2758 2596 2964 2771 2654 2521 2391 2584 2850 2762 2669 2308 2445 2515 2533 2499 2791 2655 2517 2630 2352 2501 2210 2818 2343 2548 2695 2708 2762 2589 2522 2652 
2683 2521 2755 2576 2352 2556 2341 2705 2744 2516 2514 2297 2584 2531 2424 2393 2434 2468 2618 2730 2367 2631 2114 2884 2503 2395 2537 2600 2717 2550 2401 2381 
2814 2773 2744 2882 2521 2616 2532 2806 2965 2746 2597 2431 2697 2818 2832 2633 2759 2532 2822 2788 2454 2849 2674 2993 2603 2785 2838 2748 2762 2906 2853 2796 
2636 2746 2874 2777 2326 2505 2523 2731 2676 2479 2391 2374 2642 2514 2657 2648 2566 2348 2601 2742 2456 2645 2187 2974 2342 2583 2577 2499 2516 2621 2491 2587 
2511 2508 2655 2579 2358 2347 1966 2467 2518 2223 2303 2185 2436 2370 2340 2028 2153 2133 2130 2621 2129 2281 1993 2490 2118 2313 2452 2430 2395 2391 2302 2231 
2566 2618 2933 2883 2446 2378 2422 2819 2919 2537 2643 2502 2562 2558 2696 2420 2666 2682 2621 2809 2651 2500 2283 2613 2524 2548 2847 2611 2563 2737 2768 2635 
2646 2879 2970 2715 2565 2615 2379 2841 2984 2585 2749 2407 2755 2694 2507 2515 2734 2449 2601 2619 2691 2548 2595 2844 2520 2727 2753 2654 2620 2717 2539 2416 
2698 2605 2920 2766 2582 2531 2312 3013 3139 2764 2670 2170 2639 2690 2474 2659 2726 2571 2598 2780 2390 2471 2380 3058 2496 2568 2643 2780 2685 2672 2765 2477 
2903 2877 3085 2756 2713 2499 2292 2849 2991 2630 2796 2405 2436 2621 2662 2402 2760 2602 2694 2919 2637 2730 2354 2744 2502 2546 2815 2731 2557 2783 2730 2508 
2774 2486 2581 2616 2368 2566 2373 2606 2826 2555 2422 2318 2542 2488 2507 2383 2423 2193 2455 2606 2461 2479 2280 2535 2289 2277 2594 2526 2359 2523 2343 2344 
