2257 2013 2125 2140 1881 1829 1930 2078 2182 1999 1927 1780 1793 2048 2003 2122 2111 1849 2033 1996 2040 1883 1880 2178 1870 2085 2201 2094 2013 1998 2030 1948 
2034 1960 1988 1993 1706 1746 1666 1824 1980 1976 1830 1657 1744 1903 1943 1787 1867 1596 1932 1934 1923 1849 1882 1874 1665 1955 1976 1945 1710 1881 1755 1705 
2191 2081 2186 1975 1728 1980 1820 2051 2030 1997 1945 1691 1784 1937 2130 1994 2120 1775 2062 1874 1874 1995 1674 2148 1820 2025 2053 1960 1786 1972 1832 1776 
2293 2116 2327 2255 1972 1927 2066 2247 2293 1822 2002 1751 2004 2164 2120 2014 2249 1709 2095 2047 2205 2115 2049 2147 1959 2271 2289 2275 1891 2361 1860 2117 
2215 2173 2240 1991 1787 1816 1689 2123 2267 1868 2027 1759 1872 2024 1963 1932 2046 1680 1971 1947 2014 1901 1757 2201 1849 1991 2114 2075 1785 2149 1973 1892 
2028 1920 2150 1972 1748 1825 1723 2195 2065 1913 1863 1536 1904 2005 2019 1955 2071 1673 2103 1900 1873 1851 1769 2079 1823 1948 2048 2009 1812 1846 1905 1886 
1758 2070 2064 1876 1754 1743 1503 2053 1992 1865 1891 1544 1802 1748 1827 1797 1782 1489 1854 1912 1750 1795 1664 1850 1723 1825 1957 1890 1705 1848 1708 1577 
2132 2061 2336 2127 1695 1851 1688 2092 2207 1881 1945 1536 1925 2048 1989 1983 2107 1755 2093 1966 1953 1913 1702 2156 1963 1918 2103 2061 1917 2019 1848 1792 
2004 2087 2236 2065 1679 1921 1828 2214 2128 1956 1758 1576 1922 2029 2000 1851 2004 1658 2146 2193 2009 2037 1661 2240 1794 1989 2153 2098 1906 1870 1941 1942 
2216 2065 2155 2173 1763 1852 1665 2007 2020 1828 1936 1578 1925 2051 1926 1948 2135 1666 2211 1926 1979 1976 1793 2146 1865 1978 2150 1934 1683 2088 1900 1932 
2243 2249 2109 1972 1701 1808 1784 2072 2162 1961 1911 1653 1926 1989 1946 1939 2018 1716 2118 2026 1991 1836 1760 2170 1862 1964 2185 2157 1725 2037 1800 1935 
2156 2061 2096 2167 1761 1942 1763 1992 2181 1837 1916 1698 2120 2005 2073 2059 1955 1661 2176 2036 2016 1867 1814 2211 1878 1958 2141 2047 1916 2066 1948 1942 
2089 2059 2179 2105 1680 1815 1639 2032 2083 1729 1913 1637 2062 1955 1925 1941 2090 1604 2032 2018 1997 1853 1654 2196 1688 1922 1923 1871 1919 1991 1953 1890 
2271 1961 2136 2245 1819 2006 1878 2230 2132 1979 1999 1883 2071 2118 2075 2099 2134 1737 2150 2054 2079 2063 1880 2176 1972 2086 2311 2057 1932 2126 1979 2059 
2049 1895 1895 1880 1652 1819 1757 1925 1922 1791 1692 1457 1805 1708 2054 1735 2058 1661 2009 1782 1765 1935 1720 2136 1734 1891 2035 1922 1824 1941 1717 1754 
2316 2205 2297 2169 1729 2122 1932 2260 2196 2013 2039 1741 2105 2091 2270 2131 2178 1769 2250 2240 2172 2103 1914 2329 2060 2136 2274 2164 2086 2349 1936 2072 
2228 2059 2079 2111 1749 1798 1799 2112 2198 1906 1980 1656 1956 1868 1989 1937 1993 1676 2076 2224 2036 1848 1764 2045 1714 1963 2086 2025 1901 2082 1860 1872 
2231 2089 2185 2087 1771 1873 1796 2263 2261 2059 1917 1648 1855 2032 2026 1857 1964 1636 2040 1959 2047 1953 1887 2184 1924 2137 2225 2088 1930 2039 1795 1827 
2272 2335 2428 2222 1931 2009 1864 2255 2247 2110 2226 1670 2111 2186 2110 2156 2310 1901 2153 2228 2140 1989 2057 2308 2146 2121 2203 2168 1992 2245 1998 1957 
2187 2161 2339 1945 1851 1998 1933 2288 2203 1989 2012 1678 2084 1925 2200 1915 2024 1809 2109 2034 1958 2038 1753 2394 1829 1906 2197 2158 1904 2226 1949 1834 
2353 2259 2543 2282 1840 2070 1969 2392 2329 2179 2069 1763 2229 2245 2176 2242 2341 2054 2357 2320 2187 2084 2075 2432 1997 2244 2402 2230 2182 2382 2221 2213 
2100 1939 2128 2095 1783 1756 1709 2231 2111 1970 1829 1488 1847 1961 2048 1913 1977 1607 1990 2026 2070 1953 1815 2046 1740 2014 2146 2041 1808 1932 1956 1837 
1922 1922 2131 1903 1725 1804 1690 1878 1774 1911 1855 1585 1650 1790 1799 1914 2025 1752 1865 1853 1714 1736 1605 1984 1705 1813 2035 1899 1820 1812 1641 1881 
2084 1997 2212 1934 1765 1994 1886 2181 2078 2003 1916 1770 2038 2025 1939 1990 1960 1843 2107 2135 1925 2080 1741 2209 1944 1902 2108 2045 2029 2017 1831 1836 
2074 1967 1990 2094 1677 1916 1732 2065 2053 1998 1971 1633 1942 2078 2172 1991 2043 1680 2062 2015 1909 2025 1985 2178 1889 1936 2163 1997 1876 2013 1991 2016 
1980 2076 2200 2102 1634 1851 1833 1981 1944 1873 1771 1629 1910 1881 1970 2009 2023 1591 2055 1960 1844 2018 1657 2262 1782 1994 1975 1795 1804 1984 1795 1889 
1924 1897 2051 1924 1722 1667 1391 1968 1808 1680 1759 1543 1774 1809 1813 1537 1671 1461 1667 1982 1789 1701 1530 1846 1614 1797 1946 1871 1654 1725 1689 1642 
1851 2000 2166 2090 1694 1789 1764 2131 2078 1805 2014 1739 1845 1933 1999 1815 2026 1866 2055 2045 2070 1852 1766 2000 1944 1991 2260 1965 1767 2109 1965 1958 
2140 2373 2362 2147 1981 2128 1866 2308 2288 1997 2204 1815 2213 2124 2022 2154 2184 1778 2157 2089 2210 2029 2131 2279 2113 2202 2259 2155 1951 2201 1916 1877 
2016 1929 2141 2004 1829 1883 1600 2307 2225 2053 1984 1539 1937 2064 1873 2097 2031 1712 1986 2140 1882 1755 1827 2275 1820 1920 2011 2050 1851 1925 1981 1813 
2211 2266 2368 1983 1842 1880 1667 2205 2058 1923 2122 1731 1840 1924 1967 1908 2062 1749 2128 2191 2086 1987 1822 2113 1860 1930 2215 2054 1768 2082 1885 1837 
2082 1863 1939 1985 1697 1900 1727 2058 2067 1942 1873 1559 1866 1885 1968 1851 1933 1478 1997 1950 1985 1907 1732 1957 1824 1743 2079 1938 1664 1868 1653 1718 
