2674 2606 3185 2559 3028 3112 2887 2548 2719 2537 2487 2693 2802 3051 2765 2816 2511 2819 2801 2857 2680 2690 2451 2861 2670 2730 2755 2596 2803 2577 2697 2796 
2354 2370 3093 2272 2951 2978 2840 2494 2539 2675 2597 2588 2882 2868 2751 2712 2468 2768 2667 2693 2557 2550 2487 3006 2688 2587 2777 2537 2843 2875 2407 2744 
2424 2255 2963 2298 2532 2673 2639 2476 2495 2398 2343 2357 2545 2679 2545 2562 2312 2585 2348 2350 2516 2456 2190 2705 2622 2405 2587 2159 2485 2600 2350 2512 
2544 2637 2975 2506 3031 2630 3000 2606 2635 2656 2630 2863 2817 2964 2913 2684 2575 3030 2608 2707 2737 2702 2387 2966 2644 2867 2715 2463 2845 2936 2689 2708 
2864 2520 3233 2660 2986 3011 2948 2637 2975 2741 2657 2788 2906 3179 3017 2876 2720 3009 2668 2897 2893 3069 2529 3315 2770 2812 2817 2651 3153 2828 2898 2985 
2161 1918 2489 1962 2447 2506 2493 2027 2162 2133 1986 2218 2328 2321 2370 2434 2154 2433 2166 2297 2194 2232 1988 2617 2324 2112 2309 2072 2450 2323 2203 2319 
2292 2153 2647 2400 2687 2562 2691 2369 2425 2459 2306 2387 2586 2654 2314 2436 2252 2293 2270 2389 2327 2477 2105 2558 2583 2427 2538 2286 2420 2510 2138 2392 
2637 2377 2813 2312 2921 2844 2729 2406 2480 2574 2199 2774 2689 2768 2470 2755 2361 2665 2458 2619 2575 2802 2317 2775 2687 2486 2656 2351 2649 2543 2448 2662 
2314 2277 2869 2299 2694 2821 2772 2399 2386 2630 2507 2641 2531 2697 2647 2641 2237 2669 2514 2570 2767 2524 2313 2695 2625 2588 2552 2520 2567 2736 2650 2562 
2671 2373 3118 2389 2784 2762 2837 2438 2684 2279 2372 2622 2797 2757 2649 2594 2362 2617 2544 2561 2575 2556 2497 2900 2564 2329 2531 2302 2762 2725 2475 2608 
2412 2512 3010 2600 2852 2866 2945 2589 2504 2458 2648 2644 2848 2954 2808 2754 2421 2817 2590 2718 2685 2738 2261 2964 2498 2704 2549 2595 2799 2977 2537 2695 
2587 2280 3021 2308 2653 2850 2774 2397 2582 2472 2286 2733 2786 2871 2634 2585 2409 2626 2417 2676 2565 2510 2289 2922 2609 2443 2553 2324 2913 2485 2489 2535 
2777 2459 3272 2451 2952 3110 2951 2703 2896 2644 2688 2830 2724 2914 3063 2741 2632 2872 2681 2846 2656 2740 2647 3164 2777 2783 2914 2485 2946 2779 2715 2829 
2582 2457 3086 2468 2978 2840 2858 2476 2765 2586 2349 2940 2734 2793 2953 2860 2561 2804 2617 2734 2753 2541 2505 3008 2708 2620 2711 2561 2748 2838 2521 2753 
2447 2252 2808 2210 2720 2636 2564 2298 2511 2258 2310 2572 2550 2941 2630 2276 2528 2619 2261 2481 2578 2512 2376 2755 2534 2454 2326 2202 2657 2649 2372 2564 
2896 2579 3124 2523 2918 3037 2936 2672 2943 2599 2441 2761 2621 2994 2788 2764 2562 2975 2537 2645 2710 2783 2559 2928 2633 2733 2938 2567 2952 2726 2540 2881 
2390 2008 2469 2089 2479 2545 2452 2124 2228 2174 2083 2431 2388 2396 2333 2229 1994 2504 2197 2372 2289 2334 1930 2453 1971 2305 2265 2231 2416 2312 2010 2204 
2443 2225 2793 2198 2782 2720 2825 2318 2582 2627 2364 2503 2575 2512 2489 2516 2349 2541 2511 2525 2353 2390 2112 2700 2530 2538 2576 2270 2639 2459 2313 2505 
2550 2295 2944 2437 2649 2753 2758 2527 2499 2468 2294 2473 2798 2679 2635 2694 2298 2749 2669 2651 2507 2616 2240 2929 2688 2456 2479 2463 2770 2677 2408 2696 
2581 2371 2932 2396 2683 2725 2821 2362 2693 2457 2325 2647 2712 2847 2671 2534 2475 2715 2374 2587 2618 2597 2330 2859 2751 2485 2533 2410 2825 2719 2489 2680 
2567 2608 3169 2552 3016 3073 3104 2648 2857 2446 2582 3046 2961 3089 2887 2620 2577 2936 2622 2832 2888 2874 2473 3138 2791 2750 2599 2590 3102 2787 2763 2802 
2475 2412 2878 2431 2837 3035 2841 2454 2352 2521 2334 2613 2742 2780 2576 2596 2439 2871 2543 2630 2380 2640 2372 2838 2538 2513 2571 2539 2740 2726 2416 2608 
2410 2335 2938 2307 2717 2711 2605 2475 2557 2376 2416 2515 2353 2835 2559 2438 2345 2649 2346 2605 2458 2645 2165 2835 2605 2574 2594 2230 2831 2610 2449 2577 
2340 2232 2484 2133 2385 2388 2517 2208 2362 2197 2102 2500 2428 2542 2557 2368 2286 2360 2235 2383 2216 2378 2153 2675 2326 2375 2325 2072 2391 2555 2214 2476 
2584 2536 3137 2504 2968 2943 2987 2599 2806 2400 2496 2698 2750 2898 2842 2742 2496 2800 2646 2834 2593 2689 2308 2996 2756 2504 2814 2410 2765 2688 2562 2686 
2518 2543 3018 2409 2735 2521 2792 2405 2647 2405 2325 2704 2848 2909 2611 2666 2411 2504 2368 2462 2638 2644 2324 2880 2713 2454 2598 2192 2686 2869 2395 2533 
2312 2032 2554 2278 2639 2463 2736 2166 2453 2376 2090 2385 2655 2596 2520 2575 2325 2414 2252 2363 2064 2401 2130 2541 2346 2424 2339 2339 2461 2515 2278 2318 
2130 2278 2925 2211 2873 2717 2663 2453 2449 2242 2247 2416 2613 2670 2476 2293 2510 2545 2295 2343 2595 2438 2186 2630 2554 2386 2517 2304 2553 2564 2370 2545 
2409 2163 2876 2227 2542 2639 2788 2500 2350 2419 2237 2550 2791 2778 2527 2431 2379 2557 2346 2441 2390 2505 2159 2805 2673 2482 2411 2447 2635 2725 2323 2688 
2410 2347 2815 2352 2781 2901 2864 2281 2485 2433 2449 2443 2635 2805 2728 2621 2300 2678 2398 2756 2564 2529 2172 2840 2626 2417 2527 2477 2827 2644 2458 2582 
2465 2244 2750 2500 2826 2733 2833 2302 2576 2452 2444 2499 2693 2646 2776 2655 2461 2716 2407 2653 2562 2550 2333 2753 2645 2587 2597 2440 2729 2699 2481 2524 
2219 2268 2895 2371 2741 2652 2712 2432 2464 2641 2432 2476 2535 2687 2662 2570 2446 2814 2331 2523 2222 2506 2146 2788 2495 2533 2530 2384 2428 2521 2380 2454 
