3752 4216 4624 3878 4261 4356 4210 3851 3952 3841 3875 4049 4262 4430 4026 4010 3949 3978 3953 4130 4002 4170 3747 4062 3973 3986 4096 3884 4089 3865 4211 3913 
3440 3992 4435 3769 4373 4473 4374 3954 3958 3985 4098 4119 4442 4475 4153 4100 4081 4186 4212 4081 4101 4065 3945 4431 4153 4029 4180 4091 4305 4286 4104 3970 
3327 3699 4098 3514 3718 3910 3834 3623 3704 3688 3640 3505 3798 3965 3831 3702 3533 3959 3458 3536 3725 3729 3382 3910 3869 3685 3744 3378 3730 3746 3923 3522 
3503 4089 4189 3659 4107 3891 4278 3780 3807 3818 3808 4019 4247 4251 4202 3781 3917 4276 3867 3907 3943 3939 3550 4159 3897 4095 3842 3715 4103 4115 4150 3819 
3908 4055 4464 3919 4295 4397 4264 3885 4332 4046 4051 4112 4458 4565 4414 4182 4195 4331 3909 4176 4215 4388 3673 4586 4102 4040 4063 4055 4477 4008 4393 3993 
3379 3502 3984 3309 3886 4048 3826 3405 3576 3562 3352 3532 3916 3898 3940 3694 3638 3812 3608 3644 3486 3790 3387 3996 3738 3527 3659 3569 3811 3719 3951 3542 
3407 3678 3980 3866 4019 4106 4109 3744 3819 3911 3717 3602 4125 4119 3773 3764 3790 3633 3655 3766 3709 4000 3432 3882 3871 3798 3770 3786 3840 3817 3821 3603 
3693 4032 4200 3925 4445 4350 4120 3872 3888 3994 3639 4104 4280 4241 3978 4163 3847 4083 3988 4043 4086 4342 3684 4218 4052 3937 4020 3866 4091 3897 4178 3949 
3436 4087 4208 3788 4144 4350 4225 3784 3673 4024 3855 3994 4181 4163 4100 4011 3841 4115 4024 3920 4191 4047 3817 4230 4087 3952 3846 4059 4078 4194 4403 3836 
3553 3554 4132 3571 3838 4071 3953 3633 3754 3310 3466 3721 3961 3908 3734 3682 3725 3720 3679 3650 3737 3653 3626 4055 3706 3431 3547 3541 3799 3759 3866 3601 
3459 4123 4294 3918 4183 4197 4176 3841 3800 3653 3966 3902 4200 4375 4330 4008 3805 4203 3891 3887 4112 4138 3539 4339 3837 3910 3719 3941 4125 4250 4032 3790 
3519 3689 4151 3505 3823 4030 3859 3599 3677 3606 3417 3735 4132 4284 3841 3854 3577 3846 3624 3739 3826 3784 3399 4116 3764 3668 3804 3480 4072 3649 3900 3421 
3668 3647 4308 3558 3921 4258 3954 3822 3795 3710 3684 3714 3909 4084 4248 3767 3748 4044 3773 3754 3689 3829 3789 4334 3870 3795 3879 3492 4037 3714 3979 3782 
3577 4040 4280 3870 4214 4224 4149 3691 3933 3826 3590 4064 4066 4068 4149 4052 3990 4031 3758 3923 3971 3811 3694 4220 3910 3768 3797 3874 3916 3991 4004 3841 
3377 3627 3880 3406 3917 3869 3695 3508 3681 3489 3429 3648 3749 4106 3744 3211 3934 3882 3307 3633 3730 3731 3531 3924 3649 3554 3348 3439 3706 3798 3799 3631 
3882 4132 4445 3910 4198 4353 4384 3853 4258 3899 3834 4041 4079 4288 4094 3990 3950 4261 3753 3980 4001 4094 3776 4209 3987 3883 4263 3859 4210 3940 4168 3943 
3500 3779 3965 3491 3976 4138 3951 3427 3571 3530 3598 3934 3868 3888 3793 3441 3472 3895 3622 3789 3683 3807 3332 3842 3455 3559 3624 3816 3772 3649 3734 3393 
3253 3510 3870 3291 3802 3605 3897 3285 3511 3533 3394 3522 3746 3535 3525 3352 3455 3597 3497 3592 3405 3505 3116 3771 3572 3534 3580 3325 3615 3531 3531 3386 
3694 3966 4322 3872 3926 4205 4109 3913 3811 3864 3722 3841 4379 4112 4029 3969 3794 4004 3997 3927 3905 4085 3555 4279 4142 3754 3836 3876 4025 3986 3947 3816 
3495 3639 4104 3486 3754 3968 3935 3398 3701 3406 3512 3775 3912 4054 3734 3648 3595 3849 3450 3777 3729 3705 3440 4074 3757 3472 3597 3604 3925 3680 3878 3758 
3574 4099 4455 4056 4308 4499 4398 4124 4167 3788 3868 4296 4384 4498 4213 3926 4024 4283 3977 4049 4289 4220 3743 4471 4171 4022 3887 3944 4419 4130 4385 3902 
3582 4016 4268 3946 4227 4549 4291 3785 3812 4036 3777 4025 4381 4405 4102 4015 3951 4349 3953 4004 3718 4156 3682 4308 3913 3822 3923 4013 4073 4138 4108 3750 
3578 4042 4336 3674 4150 4015 3787 3901 3860 3621 3649 3673 3778 4319 3946 3671 3986 3955 3699 3838 3827 4161 3445 4235 3943 3866 3863 3669 4168 4059 3947 3673 
3310 3585 3622 3404 3513 3653 3684 3350 3598 3340 3242 3726 3661 3784 3745 3536 3537 3420 3492 3464 3334 3619 3253 3764 3554 3570 3404 3373 3525 3689 3632 3278 
3480 3851 4266 3735 4083 4162 4076 3831 3898 3521 3627 3793 3923 4104 3934 3844 3795 3763 3767 3894 3673 3919 3369 4129 3843 3605 3882 3663 3828 3815 3876 3678 
3751 4250 4387 3871 4156 4098 4137 3784 3882 3907 3769 4075 4415 4374 4075 3956 3936 3864 3788 3903 3999 4165 3699 4268 4126 3787 3972 3731 4059 4285 4190 3749 
3521 3564 4051 3560 3959 3794 4072 3484 3810 3686 3297 3567 4119 4026 3963 3947 3940 3635 3485 3551 3473 3895 3409 3877 3662 3840 3602 3626 3864 3847 3796 3390 
3054 3604 4075 3717 4077 3946 3897 3683 3616 3412 3554 3602 3980 3900 3702 3586 3798 3692 3652 3508 3914 3751 3210 3907 3788 3548 3807 3619 3631 3754 3873 3521 
3306 3538 4069 3516 3763 3927 3993 3694 3474 3615 3333 3696 4233 4013 3749 3562 3673 3808 3658 3414 3634 3636 3323 4071 3842 3626 3446 3713 3698 3814 3658 3816 
3514 3817 4069 3659 4078 4271 4059 3556 3567 3628 3789 3657 3882 4076 3981 3822 3609 3857 3622 4108 3957 3962 3356 4082 3787 3693 3654 3783 3986 3901 3841 3743 
3352 3689 3934 3674 3994 3922 3981 3306 3678 3573 3579 3638 3866 3879 4012 3690 3669 3896 3615 3809 3735 3826 3328 3933 3802 3733 3751 3673 3822 3819 3859 3548 
3260 3805 4153 3730 4147 4160 3993 3739 3703 4049 3676 3749 3911 4002 4033 3936 3798 4115 3615 3714 3558 3857 3350 4093 3816 3843 3736 3870 3669 3797 3902 3526 
