4855 5366 5785 5269 5611 5664 5355 4890 5445 5054 5337 5377 5362 5686 5233 5347 5305 5280 5279 5417 5236 5668 5090 5287 5389 5303 5452 4990 5286 5170 5555 5083 
4583 5045 5528 5127 5642 5680 5609 5094 5338 5158 5471 5366 5461 5687 5276 5219 5426 5450 5420 5313 5296 5481 5172 5508 5481 5260 5390 5062 5396 5458 5348 5059 
4419 4942 5399 4987 5097 5249 4980 4568 5216 5064 5241 4849 4919 5299 5087 4920 5003 5274 4960 4935 5080 5261 4694 5134 5368 4904 5062 4549 4999 5085 5227 4718 
4796 5253 5450 5060 5516 5243 5582 4919 5288 5079 5394 5255 5374 5589 5337 4986 5468 5563 5212 5243 5321 5512 4889 5377 5312 5310 5222 4813 5482 5566 5515 5238 
4748 5029 5468 5028 5525 5466 5254 4807 5587 5083 5190 5120 5463 5731 5441 5355 5360 5339 5183 5365 5379 5553 4913 5524 5437 5075 5242 4853 5555 5244 5444 5182 
4674 4836 5274 5011 5435 5433 5246 4549 5165 5029 5132 5076 5083 5380 5376 5229 5132 5381 5270 5170 5050 5448 4931 5345 5398 5051 5159 4733 5215 5210 5350 4874 
4674 4893 5192 5293 5288 5405 5269 4795 5195 5166 5136 5060 5156 5467 4990 4923 5126 4919 5024 5111 4905 5550 4678 5160 5297 5139 4957 4887 5087 5171 5072 4838 
4857 5191 5241 5294 5660 5609 5166 4801 5188 5235 5130 5338 5219 5424 5065 5272 4968 5278 5280 5174 5276 5726 4953 5392 5354 5092 5290 4795 5260 5155 5326 5135 
4665 5450 5428 5219 5601 5757 5480 4683 5128 5308 5467 5306 5184 5597 5329 5447 5210 5465 5401 5421 5473 5723 5058 5458 5553 5304 5215 5163 5346 5561 5704 5077 
4791 4814 5293 4972 5282 5476 5187 4724 5145 4587 4986 5000 5028 5270 4972 4975 5109 4994 5095 5052 5092 5320 4995 5244 5212 4768 4871 4777 5076 5134 5123 4905 
4475 5242 5424 5184 5472 5252 5226 4812 5198 4744 5323 5091 5252 5699 5410 5114 4980 5411 5385 5159 5248 5434 4804 5366 5147 4966 4935 4943 5328 5371 5193 4926 
4833 5003 5429 4948 5330 5429 5197 4734 5202 4938 5065 5104 5268 5810 5075 5181 5035 5321 5144 5188 5116 5444 4857 5352 5366 4947 5244 4594 5380 5020 5159 4747 
4799 4874 5357 4925 5230 5604 4956 4664 5056 4935 5067 4881 4960 5337 5412 4956 4976 5178 5239 5119 4838 5134 5040 5449 5227 4976 5105 4594 5291 4850 5100 4925 
4762 5266 5367 5219 5539 5549 5213 4652 5300 5047 5001 5300 5074 5324 5332 5232 5277 5300 5155 5314 5290 5304 4943 5405 5336 5013 5167 4917 5178 5276 5193 5040 
4587 4841 5085 4732 5196 5114 5033 4582 5092 4744 5080 5005 4869 5455 4811 4534 5350 5198 4674 4933 5031 5316 4808 5165 4997 4808 4592 4477 5092 5146 5019 4860 
4977 5238 5573 5249 5380 5624 5555 4894 5579 5130 5365 5393 5102 5484 5078 5124 5192 5425 5036 5274 5185 5480 5056 5301 5279 5058 5455 4791 5515 5184 5410 5142 
4855 5150 5359 4938 5524 5517 5195 4499 5106 4944 5247 5278 5079 5376 5039 4864 5079 5275 5146 5298 5183 5473 4732 5151 5023 4945 5145 5123 5118 5060 5156 4844 
4487 4772 5140 4648 5332 5003 5094 4409 5046 4909 4915 4878 4762 4942 4791 4602 4811 4901 4896 5033 4771 5147 4376 4900 5092 4762 5081 4497 4922 4988 4891 4701 
4979 5269 5498 5421 5480 5592 5411 4962 5259 5188 5381 5070 5405 5451 5409 5191 5221 5384 5444 5258 5422 5598 4881 5506 5774 5060 5260 4901 5337 5413 5233 5165 
4594 4866 5325 4824 5002 5225 5072 4420 5045 4588 4947 5083 4988 5359 4804 4899 4916 5100 4875 5031 4946 5266 4657 5241 5087 4559 4875 4501 5290 4985 5190 4934 
4751 5323 5569 5481 5641 5865 5520 5082 5478 5087 5456 5573 5370 5849 5321 5019 5382 5445 5359 5395 5487 5616 5086 5562 5466 5261 5048 5112 5526 5466 5533 5174 
4925 5349 5552 5371 5725 5838 5487 4834 5219 5402 5379 5387 5471 5837 5377 5232 5438 5650 5480 5618 5011 5815 4991 5609 5396 5288 5199 5350 5459 5564 5485 5140 
4786 5360 5543 4992 5557 5429 4880 4878 5274 4879 5116 4890 4780 5679 5122 4799 5315 5098 4958 5170 5072 5611 4699 5391 5264 4972 5043 4676 5497 5194 5261 4862 
4470 4892 4821 4807 4932 5027 4914 4373 5054 4602 4651 5135 4688 5287 4851 4859 4982 4843 4810 4861 4586 5222 4548 4978 4922 4879 4635 4416 4746 5026 4907 4477 
4629 4952 5407 5173 5316 5514 5377 4807 5260 4820 5099 5091 4942 5348 5022 5157 5113 5040 5107 5202 5001 5502 4628 5242 5306 4720 5094 4568 5104 5199 5036 4983 
4905 5498 5642 5115 5391 5396 5134 4831 5205 5080 5284 5316 5437 5630 5292 4968 5379 4915 5062 5192 5279 5480 5029 5315 5394 5118 5037 4756 5214 5693 5252 4983 
4701 4672 5259 4779 5214 5078 5246 4414 5132 4850 4777 4688 5079 5188 5077 5157 5214 4726 4856 4958 4743 5247 4563 4972 4971 4993 4753 4764 5187 5064 4918 4668 
4249 4856 5300 5174 5529 5340 5120 4829 5151 4638 5172 4939 5244 5405 4850 4858 5168 4913 5055 5010 5172 5235 4627 5063 5120 4842 5082 4591 4982 5161 5349 4852 
4483 4687 5153 4843 5070 5196 5015 4676 4742 4732 4702 4907 5189 5228 4911 4629 4971 4903 4841 4682 4751 4966 4400 5224 5021 4771 4496 4691 4772 4915 4813 4960 
4662 5127 5391 5213 5511 5608 5162 4600 5125 5016 5321 5067 5036 5466 5166 5112 5039 5190 5102 5610 5350 5423 4836 5320 5290 5062 5016 4838 5293 5270 5206 5089 
4695 5004 5271 5124 5386 5310 5181 4428 5192 4876 5185 5032 4935 5200 5279 4949 5099 5146 5018 5246 5025 5497 4710 5154 5186 5101 5092 4966 5182 5409 5369 4871 
4439 5109 5292 5007 5605 5432 5148 4625 5126 5256 5102 4892 4917 5362 5296 5158 5175 5367 4895 4998 4934 5348 4563 5264 5274 5228 5031 4859 4906 5124 5165 4668 
