1457 1424 1631 1378 1371 1563 1466 1371 1291 1250 1319 1476 1468 1505 1315 1273 1371 1594 1553 1403 1473 1285 1228 1585 1259 1281 1324 1469 1377 1315 1404 1476 
1066 1190 1401 1133 1263 1307 1380 1249 1005 1269 1223 1223 1489 1351 1198 1020 1194 1367 1399 1168 1177 1010 1138 1369 1303 1136 1242 1326 1275 1310 1059 1350 
1332 1183 1477 1097 1092 1342 1245 1329 1015 1181 1144 1267 1304 1291 1214 1117 1180 1467 1303 1079 1377 1106 1064 1443 1324 1074 1123 1241 1113 1338 1123 1353 
1332 1289 1437 1311 1305 1219 1484 1310 1173 1249 1299 1416 1468 1351 1308 1094 1212 1516 1370 1299 1390 1169 1003 1384 1237 1254 1272 1318 1172 1332 1204 1414 
1510 1267 1589 1361 1313 1324 1459 1328 1243 1397 1268 1369 1411 1469 1421 1198 1279 1529 1386 1244 1469 1348 1073 1722 1376 1242 1246 1426 1391 1347 1351 1574 
1227 938 1269 912 1059 1172 1146 1024 881 1059 973 1086 1154 1061 1004 996 997 1219 1040 966 1119 1011 901 1338 1128 856 1009 970 1052 1065 1034 1091 
1147 958 1162 1139 1007 1093 1236 1217 1014 1117 1042 1175 1255 1202 1031 916 993 1223 1155 993 1140 978 898 1203 1125 1038 1089 1231 1070 1182 938 1201 
1300 1222 1429 1059 1198 1219 1251 1167 1064 1162 1050 1362 1307 1194 1035 1053 1098 1337 1233 1072 1266 1229 995 1364 1286 1068 1119 1218 1168 1243 1051 1276 
1179 1226 1324 1123 1155 1312 1330 1286 993 1188 1246 1366 1338 1228 1186 1065 1012 1344 1184 1213 1381 1128 1048 1345 1299 1123 1169 1324 1104 1322 1303 1262 
1485 1262 1665 1199 1224 1296 1391 1287 1165 1200 1212 1416 1446 1359 1297 1137 1236 1479 1451 1168 1392 1180 1204 1566 1359 1044 1236 1292 1252 1449 1242 1398 
1424 1346 1673 1463 1327 1351 1567 1464 1203 1313 1434 1505 1544 1557 1320 1266 1268 1563 1435 1321 1484 1404 1070 1604 1215 1253 1236 1506 1320 1527 1244 1519 
1279 1128 1469 1119 1071 1366 1360 1215 1113 1166 1102 1355 1380 1355 1226 1096 1119 1408 1257 1130 1252 1099 991 1439 1228 1006 1091 1228 1300 1226 1209 1307 
1432 1283 1625 1264 1297 1427 1460 1441 1266 1285 1276 1507 1353 1322 1355 1140 1291 1509 1303 1315 1389 1176 1281 1616 1401 1186 1286 1319 1278 1334 1248 1387 
1488 1369 1606 1286 1380 1394 1456 1359 1321 1341 1252 1577 1474 1369 1502 1332 1252 1595 1526 1224 1403 1235 1173 1601 1374 1174 1324 1478 1326 1466 1290 1494 
1236 1119 1288 1037 1138 1110 1129 1060 994 1038 978 1179 1265 1302 1045 802 1168 1250 1119 1050 1277 1020 962 1322 1226 938 991 1086 1036 1242 1013 1280 
1544 1358 1575 1332 1339 1501 1445 1411 1399 1271 1208 1566 1443 1479 1410 1228 1291 1588 1465 1261 1559 1258 1267 1596 1412 1306 1358 1481 1391 1379 1294 1576 
1329 1074 1324 1164 1134 1275 1377 1131 1115 1070 1127 1320 1371 1224 1182 1086 1000 1399 1226 1205 1268 1189 934 1326 1040 1087 1113 1387 1149 1150 979 1236 
1375 1225 1383 1095 1252 1268 1479 1328 1169 1314 1188 1371 1404 1237 1218 1179 1173 1420 1379 1206 1229 1065 1004 1451 1252 1203 1211 1223 1318 1312 1147 1380 
1457 1213 1645 1358 1213 1405 1503 1437 1213 1355 1282 1404 1522 1326 1324 1327 1287 1614 1611 1227 1416 1345 1241 1669 1462 1174 1302 1524 1458 1485 1242 1528 
1447 1215 1514 1194 1186 1296 1398 1179 1195 1249 1141 1393 1356 1354 1250 1059 1185 1457 1313 1194 1385 1159 1018 1610 1363 1085 1182 1311 1238 1357 1178 1436 
1484 1437 1679 1322 1437 1597 1610 1465 1268 1351 1375 1630 1559 1586 1440 1221 1285 1657 1521 1318 1561 1467 1209 1812 1463 1299 1313 1413 1469 1444 1394 1562 
1401 1285 1622 1365 1355 1485 1487 1347 1061 1385 1265 1389 1579 1523 1293 1163 1245 1687 1536 1300 1371 1342 1180 1580 1390 1243 1337 1450 1427 1451 1186 1406 
1140 1042 1257 1001 1118 1017 1077 1198 991 1121 1119 1273 1061 1251 1055 907 1035 1234 1101 1041 1177 1082 900 1317 1141 1070 1040 1038 1059 1163 979 1201 
1326 1241 1505 1166 1162 1251 1352 1298 1199 1233 1196 1437 1267 1296 1411 1062 1221 1393 1349 1226 1323 1170 1079 1483 1289 1222 1228 1243 1282 1374 1162 1368 
1390 1349 1548 1301 1248 1327 1530 1401 1117 1212 1236 1443 1366 1355 1255 1102 1220 1512 1422 1244 1243 1191 1017 1598 1339 1016 1299 1262 1242 1266 1198 1364 
1328 1304 1584 1227 1103 1254 1384 1248 1135 1120 1199 1448 1412 1435 1254 1076 1119 1371 1327 1128 1298 1171 1032 1496 1295 1050 1223 1179 1294 1452 1121 1335 
1265 1018 1320 1101 1209 1154 1287 1175 1031 1290 982 1178 1382 1162 1205 1034 1170 1291 1195 1026 1107 1029 895 1352 1176 1039 1097 1313 1064 1260 1049 1129 
1158 1139 1441 1100 1266 1234 1265 1207 1093 1067 1032 1271 1365 1233 1175 996 1213 1353 1313 1020 1384 1115 922 1366 1278 1103 1173 1339 1161 1183 1129 1388 
1562 1320 1718 1344 1371 1507 1673 1552 1220 1477 1363 1546 1697 1557 1414 1346 1490 1650 1513 1308 1477 1331 1197 1724 1492 1363 1378 1597 1465 1581 1299 1599 
1362 1220 1329 1133 1269 1338 1391 1250 1114 1287 1165 1315 1313 1272 1295 1109 1059 1409 1229 1251 1331 1196 1068 1428 1267 1023 1104 1324 1304 1330 1063 1309 
1300 1096 1322 1268 1290 1224 1386 1168 1184 1201 1252 1291 1354 1300 1300 1151 1130 1412 1293 1178 1337 1149 1062 1386 1251 1138 1144 1338 1204 1336 1190 1249 
1186 1212 1469 1317 1277 1267 1337 1266 1117 1317 1238 1296 1408 1280 1302 1131 1177 1519 1272 1198 1088 1115 976 1451 1292 1160 1222 1329 1104 1207 1167 1274 
