3320 3584 3942 3168 3626 3647 3484 3272 3315 3150 3292 3424 3527 3758 3369 3360 3264 3510 3375 3609 3404 3645 3150 3507 3442 3477 3548 3305 3470 3332 3426 3456 
2980 3315 3751 2971 3622 3679 3487 3277 3115 3288 3408 3343 3516 3631 3334 3327 3270 3447 3355 3431 3314 3477 3273 3723 3490 3322 3570 3319 3592 3681 3181 3427 
3039 3125 3633 2977 3140 3298 3205 3177 3175 3060 3134 3047 3185 3395 3209 3111 3010 3333 2920 3070 3170 3330 2859 3355 3373 3145 3321 2837 3145 3319 3190 3140 
3097 3454 3583 3060 3530 3201 3547 3270 3195 3222 3283 3402 3414 3546 3380 3126 3250 3611 3154 3361 3314 3431 2960 3531 3282 3470 3308 3083 3482 3612 3389 3316 
3447 3397 3926 3252 3596 3638 3568 3260 3641 3398 3431 3478 3589 3846 3595 3436 3438 3636 3286 3654 3541 3858 3096 3972 3508 3426 3587 3379 3847 3499 3626 3527 
2869 2851 3287 2578 3178 3247 3087 2783 2865 2927 2814 2895 3092 3096 3098 3045 2842 3193 2892 3060 2827 3215 2725 3320 3103 2882 3086 2891 3213 3089 3074 2997 
2944 3022 3301 3012 3317 3269 3266 2983 3050 3149 3062 2937 3295 3351 2954 2951 2956 3024 2939 3101 2957 3427 2723 3223 3270 3108 3194 3055 3068 3281 2969 3074 
3249 3332 3512 3123 3657 3487 3326 3170 3131 3346 3047 3473 3382 3521 3198 3373 3116 3416 3188 3410 3312 3836 2981 3491 3440 3267 3436 3170 3391 3404 3313 3349 
2994 3184 3499 2939 3290 3475 3339 3120 2879 3204 3155 3251 3208 3349 3162 3144 3000 3283 3242 3231 3393 3421 2998 3411 3403 3237 3161 3311 3237 3531 3386 3221 
3131 3082 3650 2860 3256 3292 3256 3021 3080 2710 2936 3139 3268 3267 2971 3007 2969 3143 3017 3118 3073 3173 3010 3457 3149 2827 3081 2902 3187 3306 3089 3122 
3020 3411 3673 3226 3484 3471 3478 3278 3114 3086 3436 3288 3402 3601 3472 3292 3084 3471 3211 3340 3360 3632 2852 3617 3248 3365 3244 3251 3445 3686 3280 3279 
3094 3030 3575 2847 3083 3287 3207 3012 3037 2992 2890 3184 3341 3549 3103 3152 2942 3148 2915 3231 3110 3261 2754 3428 3173 3057 3240 2844 3448 3146 3143 2967 
3322 3116 3791 2981 3363 3611 3363 3296 3267 3118 3278 3326 3328 3511 3601 3176 3107 3469 3285 3332 3150 3441 3245 3781 3416 3278 3481 2983 3503 3322 3366 3379 
3102 3343 3621 3185 3514 3417 3388 3090 3285 3166 3064 3506 3249 3382 3436 3290 3227 3405 3123 3395 3343 3353 3038 3546 3346 3202 3287 3257 3333 3536 3238 3362 
3017 3106 3414 2831 3313 3206 3107 2947 3084 2865 3029 3181 3109 3566 3177 2718 3237 3318 2833 3209 3219 3395 2978 3357 3206 3085 2914 2919 3237 3369 3132 3236 
3467 3412 3764 3174 3529 3566 3554 3246 3558 3183 3235 3447 3234 3588 3298 3218 3193 3600 3099 3433 3376 3626 3108 3492 3375 3323 3671 3227 3578 3418 3296 3413 
2993 2998 3213 2732 3211 3256 3088 2795 2868 2884 2897 3190 2999 3051 2951 2710 2777 3206 2873 3076 2983 3241 2576 3107 2779 2934 3004 3040 3086 3063 2799 2851 
2972 2984 3361 2768 3321 3068 3336 2833 3022 3073 3043 3071 3128 2997 2983 2879 2931 3063 3030 3138 2970 3197 2603 3253 3165 3065 3174 2846 3163 3096 2927 3031 
3235 3343 3750 3188 3321 3508 3412 3292 3168 3231 3211 3267 3592 3434 3298 3325 3074 3501 3377 3406 3262 3561 2950 3683 3574 3181 3351 3294 3512 3498 3279 3377 
3114 3072 3470 2881 3134 3261 3294 2903 3115 2921 2950 3209 3241 3415 3129 3046 3038 3266 2858 3196 3152 3294 2859 3456 3279 3001 3090 3019 3329 3232 3090 3311 
3166 3542 3840 3307 3625 3780 3698 3454 3470 3112 3322 3767 3585 3819 3486 3184 3327 3631 3326 3557 3564 3766 3130 3807 3646 3422 3326 3365 3776 3587 3618 3418 
3030 3131 3520 3118 3358 3694 3386 3029 2938 3195 3092 3285 3366 3506 3227 3187 3031 3582 3170 3425 2980 3542 2949 3554 3206 3089 3292 3243 3348 3447 3202 3223 
3099 3280 3685 2988 3384 3269 3140 3255 3103 2981 3147 3163 3010 3578 3155 2997 3159 3242 3023 3298 3156 3649 2836 3536 3345 3303 3352 3008 3515 3457 3226 3214 
2909 2922 3043 2758 2899 2980 3014 2820 2986 2772 2759 3123 2934 3103 3094 2872 2909 2900 2848 2976 2730 3076 2631 3208 3050 2980 2875 2795 2920 3214 2974 2920 
3177 3312 3770 3097 3525 3617 3509 3298 3316 2981 3163 3346 3295 3596 3377 3307 3214 3333 3248 3454 3182 3536 2902 3638 3463 3132 3463 3164 3349 3374 3256 3273 
3182 3446 3751 3146 3336 3117 3313 3103 3149 3112 3086 3348 3536 3590 3211 3236 3090 3154 3012 3228 3322 3568 2929 3542 3416 3115 3305 2955 3337 3675 3203 3223 
2972 2864 3263 2794 3254 2951 3221 2780 3048 2944 2734 2988 3268 3272 3161 3134 2995 2986 2777 2938 2689 3301 2695 3154 2995 3180 3056 2962 3117 3253 2969 2854 
2681 3084 3531 2872 3442 3234 3193 3041 2920 2789 3002 3025 3228 3265 3022 2853 3084 3141 2875 2959 3249 3302 2639 3286 3291 2893 3249 2958 3048 3273 3086 3064 
2840 2835 3392 2728 3017 3138 3177 3067 2707 2888 2735 3049 3331 3226 2959 2808 2961 3064 2904 2898 2880 3174 2721 3362 3225 2935 2931 2998 3067 3297 2852 3239 
3006 3281 3489 3000 3440 3557 3441 2986 2989 3123 3222 3116 3178 3416 3280 3169 3005 3373 2941 3533 3285 3487 2785 3478 3306 3137 3188 3157 3423 3455 3182 3343 
2969 2985 3360 3060 3355 3243 3336 2850 3075 3034 3079 3119 3191 3202 3295 3092 3076 3249 2949 3295 3136 3328 2716 3280 3228 3141 3226 3088 3198 3329 3121 3062 
2806 3077 3538 3013 3384 3370 3297 3108 3100 3356 3149 3182 3046 3276 3216 3174 3145 3436 2879 3184 2831 3327 2653 3404 3259 3182 3159 3136 2993 3271 3123 3022 
