2037 2007 2387 1912 2177 2363 2158 1893 1954 1858 1836 2057 2083 2188 2036 2005 2091 2280 2093 2179 2047 1975 1878 2268 1982 1889 1976 2098 2137 1970 1957 2113 
1674 1773 2257 1673 2069 2182 2074 1843 1698 1991 1830 1876 2109 1982 2002 1846 1991 2086 1938 1977 1864 1748 1829 2215 2060 1670 1975 1984 2001 2015 1653 2034 
1837 1672 2285 1692 1845 2143 1974 1867 1799 1797 1733 1782 1896 1969 1928 1825 1932 2111 1769 1835 1958 1812 1644 2152 2041 1652 1821 1784 1880 1990 1739 1969 
1988 1989 2204 1889 2187 1947 2314 1957 1911 2054 1894 2074 2110 2150 2181 1945 2015 2364 1987 2098 1985 1986 1723 2199 1970 1962 1980 1975 1982 2174 1893 2090 
2138 1875 2418 1977 2151 2218 2166 1968 2076 2103 1948 2021 2040 2212 2315 1976 2121 2350 1943 2124 2092 2150 1792 2526 2136 1894 2042 2060 2240 2104 2134 2274 
1764 1453 1906 1481 1785 1911 1918 1501 1480 1703 1467 1602 1712 1696 1751 1764 1703 1933 1656 1736 1652 1625 1438 2017 1830 1482 1663 1574 1719 1749 1622 1743 
1643 1593 1894 1654 1819 1909 1948 1734 1667 1731 1585 1658 1835 1827 1663 1595 1735 1865 1679 1699 1643 1701 1465 1868 1845 1594 1726 1782 1729 1858 1444 1752 
1935 1819 2042 1634 2003 2039 1960 1726 1686 1859 1553 1959 1902 1864 1783 1802 1881 2110 1789 1860 1880 1958 1667 2087 2026 1670 1772 1859 1799 1892 1649 1989 
1700 1710 1993 1691 1823 2054 2041 1728 1558 1931 1725 1874 1827 1767 1826 1810 1675 1956 1759 1885 2009 1786 1590 2049 1946 1691 1844 1944 1746 1986 1816 1856 
1936 1747 2336 1706 1941 2005 2037 1786 1811 1666 1794 1899 1963 1910 1977 1752 1847 2080 1888 1783 1927 1783 1813 2161 1950 1515 1812 1769 1954 2037 1785 1912 
1984 1945 2366 2046 1979 2082 2274 2005 1789 1895 1962 2035 2112 2208 2098 1996 1945 2271 1933 2054 2025 2056 1653 2244 1913 1797 1859 2090 2033 2282 1904 2126 
1888 1734 2302 1681 1786 2126 2059 1748 1824 1836 1657 1922 1999 2061 1937 1831 1854 2075 1761 1977 1897 1740 1622 2162 1998 1681 1825 1795 2075 1920 1766 1914 
2096 1829 2423 1806 1990 2288 2167 2013 2045 1951 1908 2109 1921 1992 2222 1868 2055 2260 1922 2126 1931 1921 1944 2425 2066 1839 2081 1926 2096 2025 1919 2095 
2044 1896 2393 1864 2157 2192 2161 1868 1981 2001 1737 2224 2040 2025 2298 2137 2031 2298 2022 2079 2050 1893 1842 2342 2120 1806 2017 2106 2057 2171 1908 2155 
1808 1736 2008 1605 1844 1871 1804 1688 1726 1616 1558 1771 1851 2039 1858 1456 1916 2000 1644 1775 1873 1686 1647 2039 1882 1514 1569 1668 1864 1939 1615 1871 
2268 2087 2563 2018 2242 2468 2323 2131 2336 2120 1972 2219 2119 2377 2316 2085 2178 2556 2107 2175 2287 2184 2052 2428 2219 2134 2249 2133 2351 2229 2082 2329 
1721 1543 1791 1544 1661 1741 1898 1497 1538 1537 1512 1674 1761 1683 1661 1569 1502 1946 1596 1728 1660 1646 1333 1775 1485 1540 1523 1776 1660 1669 1381 1613 
1968 1765 2164 1715 2095 2127 2232 1907 1940 2119 1795 2013 1990 1864 1917 1931 1972 2095 1957 1996 1818 1859 1696 2235 2025 1866 1992 1844 2055 2012 1724 2029 
1988 1720 2273 1846 1817 1984 2034 1900 1775 1840 1711 1856 2047 1884 1989 1943 1888 2296 2026 1898 1882 1882 1739 2274 2079 1672 1789 1988 2132 2048 1735 2008 
2071 1910 2327 1838 2012 2105 2172 1788 1968 1851 1750 1991 2079 2106 2136 1845 1991 2239 1828 1981 1956 1917 1738 2363 2206 1688 1899 1947 2166 2098 1911 2082 
2047 2021 2466 1949 2162 2301 2356 2050 2015 1930 1998 2259 2126 2250 2209 1869 2044 2343 2016 2096 2177 2119 1881 2491 2166 1913 1953 2006 2263 2146 2034 2107 
1912 1886 2324 1854 2129 2306 2193 1920 1719 1961 1867 1986 2120 2176 2080 1845 2016 2411 2012 2072 1873 2059 1821 2231 2035 1794 1987 2005 2053 2156 1876 2049 
1932 1839 2244 1791 1955 2006 2003 1903 1854 1930 1832 1901 1749 2102 1963 1699 1939 2191 1797 1957 1849 1975 1663 2167 2016 1856 1906 1740 2023 1972 1731 1981 
1822 1751 1975 1594 1804 1841 1895 1742 1771 1678 1615 1959 1794 1957 2047 1703 1858 1992 1796 1809 1767 1714 1701 2101 1850 1704 1727 1744 1863 1977 1694 1937 
2031 1947 2445 1953 2135 2279 2366 2008 1985 1859 1882 2132 2076 2137 2210 1984 2084 2339 2019 2160 1901 2044 1755 2407 2181 1747 2120 1958 2072 2061 1941 2129 
1866 1887 2331 1760 1980 1940 2046 1761 1840 1798 1709 2037 2036 2158 1947 1881 1883 2015 1751 1840 1966 1888 1713 2226 2085 1642 1912 1752 1997 2168 1737 1900 
1749 1529 1909 1671 1885 1784 1952 1656 1692 1817 1477 1717 1920 1778 1850 1673 1819 1853 1678 1674 1489 1619 1480 1981 1801 1586 1636 1830 1718 1876 1592 1681 
1616 1768 2262 1675 2086 2025 2080 1865 1817 1746 1688 1793 1978 1998 1847 1608 2020 2038 1805 1731 2008 1804 1566 1976 2052 1650 1885 1882 1839 1882 1763 1977 
1990 1833 2349 1817 1963 2119 2289 2024 1806 1982 1790 2042 2247 2191 2010 1924 2045 2222 1889 1906 1939 1908 1776 2295 2140 1876 1913 2064 2057 2180 1786 2113 
1973 1855 2158 1719 1999 2248 2200 1808 1813 1878 1824 1833 1996 2038 2192 1870 1836 2190 1835 2123 1934 1910 1601 2194 2000 1661 1836 1937 2067 2114 1811 2046 
1930 1704 2144 1898 2032 2063 2202 1753 1899 1891 1859 1833 1995 2001 2113 1887 1939 2188 1886 2037 1950 1895 1702 2135 2086 1805 1983 1954 1933 2032 1829 1969 
1675 1737 2208 1788 2004 1916 2025 1816 1774 1998 1768 1803 1927 1897 1983 1827 1890 2184 1709 1922 1587 1812 1487 2127 1945 1729 1857 1825 1690 1882 1708 1794 
