853 819 937 714 751 813 685 680 739 679 639 771 737 930 747 664 727 958 834 809 827 700 623 944 679 786 680 773 723 769 722 807 
551 587 793 596 687 633 627 617 471 651 603 542 734 768 690 542 611 713 798 611 585 555 514 809 693 666 661 674 758 757 512 744 
673 583 806 531 570 661 583 646 496 544 575 598 609 765 598 600 592 849 633 589 769 544 529 813 733 571 553 604 546 767 520 709 
677 641 747 681 666 599 676 605 569 652 649 651 716 774 717 554 583 882 718 674 779 583 409 789 663 724 588 590 627 720 668 747 
675 504 703 567 631 551 584 545 531 644 502 612 549 711 582 500 530 706 600 551 688 570 370 909 655 676 529 567 563 582 603 728 
685 495 697 478 566 631 588 514 520 564 516 610 584 626 571 520 485 711 579 542 652 536 462 743 602 481 517 457 581 602 508 584 
458 337 484 472 431 431 466 487 400 445 461 426 470 587 450 408 381 527 520 420 558 438 306 547 459 532 395 491 477 584 356 530 
597 613 673 434 556 536 483 463 515 467 434 568 541 566 501 493 435 626 614 525 591 563 345 649 534 560 481 581 487 612 442 597 
494 505 615 528 529 533 497 505 411 503 627 661 533 640 572 505 455 707 507 583 690 524 430 699 593 573 486 522 487 660 564 589 
796 591 860 549 636 663 600 581 568 549 548 680 640 735 589 536 614 816 732 584 725 550 550 833 744 549 635 591 574 746 552 651 
728 678 817 676 680 703 698 689 623 700 747 786 785 917 732 673 613 895 776 693 878 713 446 878 686 741 590 736 718 879 631 813 
601 489 696 514 569 672 534 537 522 537 536 659 551 773 563 523 500 747 631 511 599 455 417 745 589 575 555 513 624 591 489 637 
642 470 688 474 582 600 490 492 529 479 500 583 413 589 586 436 520 752 549 579 569 423 511 706 623 585 560 458 495 527 481 594 
764 768 909 641 783 789 639 681 667 714 714 845 692 823 835 745 607 945 851 672 766 661 585 956 755 759 721 775 673 789 596 844 
720 632 743 632 631 613 591 538 590 504 545 569 633 818 621 459 637 759 663 664 793 555 492 760 658 581 515 617 578 730 551 739 
767 639 770 611 666 711 594 601 676 554 512 701 549 780 693 600 601 882 681 630 767 557 575 831 674 699 637 670 642 646 572 772 
629 476 627 550 557 633 527 500 491 498 530 617 520 632 508 527 366 685 599 575 628 574 419 763 549 551 484 549 598 604 482 593 
716 713 833 626 714 759 705 698 649 710 641 717 744 822 764 650 597 869 830 645 732 597 514 844 726 803 683 679 739 762 586 828 
704 582 858 577 595 686 659 680 575 612 544 670 733 697 637 628 624 851 776 606 705 633 592 888 748 596 634 690 685 769 545 673 
673 564 739 602 627 590 609 465 541 506 494 610 547 760 584 522 554 730 686 588 713 563 403 800 650 599 519 597 575 661 499 705 
797 779 906 777 836 826 761 716 661 734 750 882 804 901 851 684 636 968 868 762 842 793 619 1035 831 801 742 736 815 806 737 828 
821 693 961 792 801 817 785 775 634 738 715 750 862 922 758 723 628 959 976 767 817 756 608 962 765 801 737 815 835 900 669 761 
592 567 691 532 584 502 562 596 549 581 615 699 552 750 599 523 513 784 602 617 641 584 414 744 630 695 563 605 529 678 499 658 
681 665 847 654 643 683 735 658 622 661 709 831 640 800 834 605 704 896 791 745 746 629 593 939 720 791 708 648 714 787 598 767 
696 658 832 651 603 688 651 624 595 609 603 698 628 738 651 527 621 821 768 608 628 587 497 835 684 631 677 554 627 653 544 602 
753 770 877 686 636 728 713 663 579 658 706 797 785 886 691 630 620 816 781 662 792 694 551 813 714 675 717 650 732 895 605 678 
516 418 663 472 565 467 513 492 465 559 462 489 594 560 516 499 453 574 672 460 513 451 351 614 517 541 450 522 500 610 435 518 
587 597 760 578 651 550 561 530 538 509 446 588 638 687 678 460 597 716 730 518 724 554 424 770 587 641 598 660 578 676 569 784 
744 664 884 666 666 730 750 791 629 744 683 762 817 922 753 706 693 875 823 651 824 647 572 934 810 804 731 793 802 936 601 849 
679 586 689 521 696 694 569 575 548 554 564 635 586 703 672 571 453 696 676 613 679 556 537 703 621 608 521 624 654 650 470 657 
588 470 654 596 641 576 563 531 527 488 578 566 527 679 559 513 465 678 643 577 631 517 466 745 644 634 512 570 534 636 496 615 
591 664 796 682 773 672 612 706 646 695 666 691 702 790 715 613 563 845 804 606 634 645 504 783 743 787 685 687 614 666 584 694 
