4326 4874 5208 4594 5044 5041 4839 4389 4755 4473 4695 4698 4867 5179 4760 4749 4660 4746 4669 4969 4629 5053 4489 4724 4782 4731 4847 4638 4736 4591 5012 4569 
4002 4573 4969 4512 5031 5041 4985 4538 4693 4551 4798 4700 5001 5065 4805 4736 4750 4871 4912 4825 4713 4888 4530 5013 4888 4672 4858 4712 4907 4871 4828 4504 
3810 4254 4672 4213 4314 4456 4371 4081 4347 4364 4397 4079 4341 4541 4460 4215 4228 4544 4161 4271 4376 4521 3945 4535 4605 4312 4342 4091 4330 4379 4528 4101 
4057 4624 4781 4248 4778 4442 4869 4324 4481 4418 4507 4559 4721 4885 4768 4351 4577 4890 4522 4608 4486 4795 4132 4790 4622 4606 4486 4427 4781 4731 4827 4488 
4272 4549 4891 4415 4889 4859 4716 4337 4859 4516 4608 4508 4916 5177 4935 4722 4712 4825 4508 4797 4701 5096 4216 5114 4692 4520 4645 4548 5005 4610 4979 4554 
3883 4044 4498 4063 4541 4527 4417 3873 4229 4260 4141 4122 4399 4475 4673 4378 4270 4537 4325 4439 4119 4543 4016 4662 4519 4203 4372 4267 4380 4314 4687 4138 
4023 4295 4534 4559 4656 4706 4710 4255 4445 4582 4419 4234 4692 4804 4435 4419 4425 4283 4388 4456 4263 4931 3982 4575 4644 4477 4410 4510 4477 4489 4505 4207 
4087 4515 4594 4397 4928 4761 4479 4220 4351 4536 4198 4545 4612 4669 4412 4592 4223 4508 4527 4531 4473 4976 4155 4709 4592 4310 4543 4376 4579 4399 4676 4435 
3914 4717 4812 4482 4897 4973 4859 4218 4421 4747 4590 4550 4659 4797 4748 4802 4538 4810 4664 4772 4829 4958 4427 4919 4929 4641 4548 4734 4735 4911 5124 4530 
4140 4258 4739 4289 4615 4779 4526 4214 4388 4051 4231 4400 4504 4659 4448 4344 4458 4404 4526 4502 4348 4657 4315 4789 4551 4131 4226 4427 4578 4508 4576 4380 
4040 4727 4886 4554 4902 4732 4718 4426 4504 4261 4703 4523 4761 5073 4960 4617 4429 4894 4668 4719 4680 5009 4181 4948 4565 4461 4449 4615 4757 4849 4751 4388 
4115 4346 4735 4116 4574 4595 4428 4153 4331 4255 4195 4311 4611 4945 4466 4463 4228 4520 4354 4625 4345 4665 4060 4717 4528 4239 4448 4192 4707 4290 4555 4103 
4307 4325 4853 4241 4625 4934 4517 4334 4455 4401 4383 4355 4455 4698 4906 4415 4398 4715 4526 4553 4247 4658 4366 4994 4664 4475 4549 4185 4726 4301 4632 4370 
4106 4660 4803 4529 4884 4787 4678 4196 4615 4471 4341 4674 4549 4682 4831 4638 4566 4667 4526 4781 4587 4637 4365 4841 4670 4411 4511 4611 4602 4658 4664 4487 
3921 4163 4424 3982 4538 4366 4264 4003 4279 4034 4123 4216 4298 4706 4301 3827 4555 4473 3900 4358 4310 4540 4052 4549 4306 4129 3944 4096 4335 4336 4377 4260 
4350 4643 4993 4484 4720 4877 4883 4325 4799 4446 4527 4658 4528 4744 4554 4546 4474 4797 4372 4725 4528 4816 4370 4768 4590 4454 4827 4444 4863 4473 4747 4566 
4120 4471 4624 4188 4791 4764 4505 3959 4245 4307 4352 4590 4369 4616 4523 4188 4216 4592 4358 4706 4359 4755 3997 4549 4280 4226 4409 4670 4465 4344 4498 4151 
3784 4149 4444 3891 4488 4176 4413 3791 4225 4192 4055 4109 4183 4176 4143 3977 4091 4214 4186 4418 3992 4436 3657 4384 4295 4106 4335 4132 4265 4225 4245 4027 
4251 4596 4847 4556 4692 4765 4734 4430 4455 4558 4500 4317 4822 4729 4767 4562 4476 4648 4686 4705 4586 4888 4158 4851 4977 4330 4562 4541 4628 4660 4659 4443 
3878 4096 4612 3982 4329 4440 4490 3870 4185 3920 4068 4245 4309 4641 4239 4217 4114 4396 4066 4386 4205 4497 3961 4577 4355 3903 4181 4121 4493 4282 4419 4327 
4047 4647 4945 4686 4884 5062 4853 4555 4746 4407 4541 4824 4832 5075 4757 4406 4616 4798 4609 4699 4780 4938 4362 5026 4844 4575 4418 4628 4935 4765 4967 4499 
4349 4847 5025 4839 5176 5287 5018 4459 4663 4933 4810 4834 5068 5281 4937 4776 4863 5169 4930 5113 4497 5307 4512 5186 4919 4743 4718 4975 5015 5041 5066 4660 
4081 4604 4882 4241 4798 4606 4276 4366 4474 4159 4268 4148 4223 4860 4550 4256 4609 4482 4265 4506 4433 4914 3973 4849 4596 4401 4465 4274 4827 4569 4574 4264 
3848 4220 4107 4090 4201 4325 4270 3782 4268 4010 3857 4308 4182 4503 4371 4305 4192 4084 4146 4190 3860 4511 3863 4427 4344 4216 3995 4035 4126 4387 4285 3947 
4006 4412 4891 4447 4710 4792 4670 4276 4544 4213 4353 4384 4464 4732 4481 4539 4500 4388 4489 4710 4311 4814 3962 4780 4588 4149 4486 4305 4475 4445 4484 4397 
4263 4871 4951 4497 4738 4706 4559 4281 4491 4458 4479 4593 4913 4939 4736 4390 4629 4370 4402 4562 4585 4942 4309 4718 4780 4412 4537 4371 4605 4966 4794 4301 
4132 4127 4648 4186 4660 4419 4729 3983 4495 4271 4059 4087 4587 4623 4648 4613 4644 4311 4114 4354 4149 4762 3955 4556 4462 4452 4262 4322 4573 4417 4478 4075 
3536 4162 4638 4434 4805 4571 4478 4242 4352 3965 4279 4215 4570 4582 4292 4247 4469 4348 4374 4299 4528 4624 3874 4580 4477 4220 4473 4198 4347 4425 4689 4171 
3912 4141 4609 4137 4406 4453 4474 4205 4124 4195 3940 4231 4728 4600 4339 4165 4300 4373 4302 4136 4152 4417 3786 4685 4454 4245 3995 4316 4267 4337 4303 4395 
4050 4463 4721 4401 4825 4847 4626 4055 4316 4378 4584 4310 4397 4738 4597 4493 4317 4539 4387 5015 4585 4805 4087 4705 4540 4397 4379 4473 4646 4643 4616 4412 
3992 4407 4570 4381 4748 4579 4510 3877 4438 4252 4319 4241 4396 4568 4700 4348 4345 4507 4330 4541 4314 4790 4007 4610 4579 4453 4479 4464 4512 4585 4681 4227 
3822 4496 4728 4408 4886 4842 4570 4159 4425 4752 4442 4263 4457 4710 4810 4618 4509 4746 4343 4522 4295 4705 4019 4799 4675 4597 4446 4600 4348 4558 4605 4183 
