2212 1794 1836 2084 1912 1986 2112 2061 1924 1952 1991 1990 2324 2149 1996 1977 2068 1786 1732 2026 2035 2101 1756 1814 2060 2008 1846 1995 2006 2203 1757 1928 
2331 1933 1910 2119 1928 1975 2132 2131 2115 1951 1882 2032 2261 2003 2050 1932 2174 1977 1834 1967 2166 2231 1846 2032 2010 2137 1895 1962 1950 2355 1851 2050 
2058 1643 1552 1889 1816 1766 2232 1857 1891 1983 1784 1809 2246 2104 1907 1758 1904 1673 1590 1810 1926 1866 1720 1741 1891 1842 1775 1881 1871 2220 1625 1779 
2187 1995 1752 2177 2162 2065 2251 2313 1913 2041 2023 2202 2206 2145 2155 1957 2161 1814 1902 2111 2187 2235 1987 2098 2006 2103 1975 2032 1844 2416 1688 1938 
2569 2160 1912 2356 2403 2391 2574 2321 2088 2273 2112 2212 2691 2473 2248 2280 2168 2136 2164 2310 2216 2303 2124 2230 2285 2358 1994 2286 2248 2578 2031 2071 
1755 1569 1444 1698 1730 1657 1807 1849 1569 1608 1620 1778 1862 1852 1771 1755 1655 1620 1470 1740 1826 1731 1649 1704 1798 1693 1630 1706 1644 1988 1440 1696 
2265 1841 1774 2082 1898 1769 2280 2132 1903 1751 1853 1952 2225 2128 1962 1905 1779 1784 1642 1950 2094 1927 1724 1847 1897 2012 1871 1972 1872 2099 1579 1883 
2119 2036 1751 2137 2072 2125 2342 2222 1966 2036 2058 2023 2315 2156 2093 2099 2113 1873 1915 2055 2124 2169 1844 2018 2127 2171 1939 2138 1950 2300 1751 1923 
2044 1846 1738 2169 1900 1993 2167 2128 2009 1908 1974 1976 2109 2182 2092 1895 1990 1834 1922 1950 1950 2160 1863 2021 1980 2069 1871 2018 1929 2353 1589 2036 
2267 1733 1612 2016 1947 2024 2166 2075 1848 1926 1831 1872 2334 2094 1933 1994 1954 1983 1783 1928 2012 2133 1803 1804 1992 2052 1724 2061 1938 2110 1779 1830 
2221 1837 1684 1948 2064 1774 2152 2198 1881 1906 1805 1880 2093 2094 1949 1879 1942 1761 1809 1961 1990 1996 1793 1820 1993 2025 1821 2051 1882 2191 1786 1836 
2229 1908 1726 2024 2150 1893 2363 2324 2029 1964 2009 2024 2229 2059 1962 2000 2030 1964 1860 1911 2010 2199 1920 1890 1975 2134 1959 2170 1816 2464 1856 1930 
2488 2244 1863 2304 2324 2144 2510 2336 2179 2245 2208 2124 2478 2381 2193 2262 2180 2111 2004 2273 2172 2387 2030 2177 2142 2333 2018 2209 2133 2553 1878 2134 
2235 1757 1766 1970 1993 1895 2233 2091 2125 2069 1973 1940 2284 2191 2008 1928 2085 1809 1676 1955 2073 2113 1828 1811 2070 2135 1905 1974 1942 2354 1791 1793 
1976 1844 1574 1920 1859 1861 1931 1953 1789 1804 1827 1940 2103 1973 1810 1795 1727 1625 1721 1890 1804 1941 1665 1758 1835 1975 1736 1791 1793 2188 1624 1592 
2370 1921 1844 2170 2244 2191 2483 2261 2076 2021 1937 2075 2451 2354 2209 2002 2184 2051 1942 2082 2097 2293 1978 1862 2047 2185 1930 2140 2081 2476 1892 1924 
1915 1603 1464 1766 1831 1594 2074 1943 1631 1615 1585 1746 1949 1670 1753 1702 1802 1549 1648 1778 1890 1894 1720 1653 1742 1712 1618 1815 1487 1860 1557 1585 
1916 1623 1570 1867 1732 1699 2068 1930 1794 1748 1757 1763 2048 1891 1837 1748 1857 1720 1646 1789 1931 1841 1508 1673 1844 1833 1612 1822 1956 2105 1606 1771 
2199 1786 1788 2028 1858 1981 2193 2165 1949 1817 1791 2010 2081 2119 2086 1864 1970 1763 1746 2011 1946 2014 1748 1701 1833 1917 1744 2010 1960 2075 1833 1857 
2181 1810 1629 2073 2004 1912 2343 2135 2034 1849 1746 1934 2288 2301 2090 1768 1856 1796 1789 1989 1924 2102 1909 1906 1904 2044 1820 2104 2004 2362 1795 1792 
2212 2040 1771 2041 2085 2068 2307 2096 2044 1969 1896 1926 2212 2145 2162 2006 1857 1952 1995 1973 2159 2135 1913 1917 2018 2066 1905 2156 2061 2288 1835 1783 
1975 1823 1661 1891 1861 1913 2098 1983 1683 1786 1781 1677 2045 1934 1848 1879 1799 1691 1635 1855 2032 1953 1725 1895 1837 1929 1773 1854 1667 1984 1558 1796 
2132 1863 1650 2023 1804 1919 1960 2166 1803 1814 1780 2097 2086 1974 1810 2000 1800 1704 1674 1968 1997 2080 1714 1769 1844 1911 1862 1974 2037 2150 1666 1792 
1731 1508 1405 1617 1682 1633 1791 1622 1612 1679 1592 1584 1831 1899 1708 1467 1470 1482 1450 1649 1580 1646 1488 1616 1607 1690 1534 1759 1544 1867 1379 1429 
2238 1981 1988 2151 2029 2190 2283 2157 1998 2003 2015 1972 2359 2275 2086 1905 2118 1933 1780 1936 2199 2052 1778 1927 2127 2109 1914 2135 2083 2367 1887 2004 
2133 1701 1596 1955 1871 1818 2095 1917 1935 2001 1889 1841 2140 2111 2066 1718 1678 1888 1719 1724 2043 1945 1763 1755 1809 1958 1758 1916 1820 2229 1646 1680 
2098 1826 1491 1668 1934 1780 2160 1870 1778 1905 1929 1779 2166 2017 1834 1931 1874 1688 1673 1944 1979 1990 1641 1706 1842 1915 1814 1882 1995 1907 1606 1786 
2094 1756 1435 1957 1895 1654 2121 2063 1714 1848 1823 1863 2162 1925 1814 1853 1668 1780 1827 1882 1935 1939 1823 1734 1825 1944 1670 2062 1859 2216 1660 1542 
1795 1649 1493 1782 1653 1552 1938 2025 1693 1652 1464 1795 1863 1843 1652 1613 1683 1568 1597 1692 1843 1899 1654 1551 1615 1719 1657 1823 1805 1831 1682 1664 
2098 1888 1712 1976 1904 1877 2300 2204 1877 1858 1798 1939 2153 2096 1869 2069 1749 1734 1738 1924 1924 1949 1768 1876 1872 2009 1843 1969 1929 2206 1655 1891 
2078 1729 1434 2036 1929 1884 2255 2223 1870 1862 1901 1946 2406 2078 1899 2074 1996 1801 1824 1912 1990 1992 1845 1832 1844 2037 1842 1939 1926 2351 1610 1930 
1989 1625 1431 1755 1841 1708 2076 2053 1736 1763 1729 1895 1931 1863 1889 1754 1911 1800 1688 1915 1927 1919 1653 1814 1762 1961 1744 1821 1619 2007 1656 1802 
