2929 2567 2377 2718 2702 2846 2765 2904 2659 2601 2735 2797 3070 3006 2831 2584 2691 2304 2546 2687 2666 2790 2461 2508 3021 2744 2605 2767 2602 2986 2486 2698 
3056 2708 2652 2806 2763 2807 2819 2883 2767 2634 2610 2811 2960 2869 2780 2675 2825 2451 2714 2694 2815 3017 2499 2755 2963 2861 2784 2694 2641 3172 2579 2912 
2771 2334 2120 2501 2562 2608 2838 2555 2530 2610 2435 2487 2860 2950 2655 2431 2532 2153 2398 2463 2667 2536 2456 2451 2712 2583 2604 2589 2475 2973 2358 2571 
2775 2509 2272 2764 2777 2798 2795 2843 2488 2640 2623 2744 2835 2740 2756 2563 2734 2261 2574 2702 2715 2816 2570 2616 2816 2733 2731 2683 2340 2978 2304 2568 
3190 2821 2450 2944 3120 3125 3109 3007 2626 2920 2736 2876 3402 3180 2952 2961 2765 2580 2903 2999 2841 2955 2761 2870 3115 3081 2855 2911 2724 3291 2712 2883 
2414 2340 2092 2300 2525 2468 2486 2708 2261 2347 2381 2582 2657 2816 2578 2502 2345 2173 2357 2565 2605 2434 2321 2406 2722 2454 2496 2446 2281 2812 2187 2574 
2920 2491 2444 2665 2594 2545 2937 2743 2484 2431 2546 2594 2859 2943 2583 2628 2449 2339 2427 2683 2813 2610 2349 2422 2759 2763 2744 2625 2481 2839 2277 2677 
2923 2749 2342 2834 2914 2996 3123 2978 2733 2719 2920 2815 3081 3127 2850 2891 2873 2387 2802 2771 2843 2911 2604 2693 3122 2969 2772 2935 2565 3101 2561 2813 
2669 2445 2361 2821 2604 2689 2818 2805 2642 2582 2663 2739 2789 2996 2787 2504 2608 2301 2716 2568 2607 2818 2433 2619 2914 2740 2647 2661 2547 3062 2254 2816 
2780 2246 2122 2486 2513 2568 2632 2635 2298 2378 2420 2377 2828 2711 2476 2479 2375 2361 2375 2388 2532 2637 2301 2340 2575 2589 2296 2567 2429 2722 2313 2458 
2856 2556 2236 2560 2800 2542 2841 2850 2558 2548 2477 2578 2795 2832 2655 2591 2570 2226 2605 2686 2689 2666 2482 2473 2876 2812 2551 2758 2455 2878 2556 2604 
2876 2471 2135 2431 2830 2561 2778 2847 2562 2416 2575 2645 2802 2710 2523 2573 2491 2368 2536 2551 2511 2659 2501 2354 2654 2725 2607 2748 2260 3046 2425 2529 
2984 2769 2302 2809 2848 2707 3083 2851 2756 2834 2733 2734 3003 2995 2757 2848 2679 2570 2729 2946 2829 2859 2607 2716 2923 2977 2634 2757 2614 3122 2461 2746 
2852 2365 2354 2577 2665 2698 2788 2689 2657 2610 2569 2500 2773 2850 2598 2496 2677 2241 2321 2402 2654 2751 2390 2450 2791 2777 2606 2598 2514 2901 2436 2430 
2607 2467 2084 2535 2558 2617 2582 2596 2417 2356 2502 2576 2698 2718 2500 2448 2395 2076 2447 2419 2492 2580 2310 2376 2640 2687 2444 2445 2327 2857 2365 2320 
3029 2598 2400 2825 2911 2993 3126 2979 2622 2624 2636 2658 3082 3130 2823 2656 2792 2559 2663 2724 2667 2929 2610 2481 2868 2841 2718 2840 2605 3148 2585 2783 
2634 2435 2137 2392 2581 2384 2800 2688 2235 2257 2348 2507 2657 2484 2527 2368 2450 2043 2408 2446 2623 2667 2345 2372 2684 2576 2435 2566 2080 2649 2386 2409 
2558 2232 1988 2460 2350 2414 2645 2501 2386 2278 2404 2386 2645 2497 2428 2199 2392 2213 2246 2328 2439 2399 2096 2191 2677 2423 2241 2441 2407 2639 2206 2422 
3010 2657 2526 2725 2677 2851 2919 3004 2688 2588 2607 2830 2878 3009 2928 2591 2593 2299 2612 2790 2672 2766 2539 2543 2890 2816 2652 2842 2630 2917 2677 2704 
2689 2365 2147 2507 2626 2531 2759 2671 2550 2379 2305 2501 2820 2856 2674 2308 2356 2178 2446 2541 2467 2652 2527 2476 2616 2535 2481 2539 2498 2967 2335 2353 
2926 2733 2389 2726 2819 2867 3019 2832 2690 2605 2625 2641 2857 3027 2857 2754 2533 2470 2830 2629 2882 2818 2564 2632 2899 2893 2719 2898 2681 3048 2618 2679 
2654 2490 2272 2421 2574 2646 2701 2599 2260 2441 2380 2376 2648 2701 2509 2601 2464 2184 2418 2547 2780 2593 2435 2536 2576 2632 2609 2433 2253 2660 2235 2583 
2873 2552 2195 2648 2617 2762 2649 2882 2527 2434 2549 2899 2784 2835 2550 2605 2428 2253 2500 2621 2610 2763 2352 2360 2743 2652 2586 2721 2656 2928 2370 2608 
2395 2091 1876 2141 2315 2328 2299 2162 2108 2193 2203 2137 2414 2559 2313 2052 2020 1896 2116 2185 2201 2184 2095 2137 2388 2363 2260 2314 2005 2465 2108 2139 
2826 2629 2573 2681 2710 2873 2912 2844 2585 2585 2647 2685 2923 3018 2784 2503 2655 2395 2522 2531 2805 2682 2337 2563 2912 2785 2615 2671 2663 3105 2517 2755 
2917 2432 2145 2591 2608 2621 2710 2642 2614 2684 2642 2603 2797 2849 2758 2349 2264 2441 2504 2395 2684 2602 2509 2471 2703 2700 2549 2622 2420 2933 2375 2460 
2803 2501 2040 2160 2655 2503 2668 2488 2406 2523 2505 2497 2842 2793 2503 2468 2461 2168 2403 2623 2533 2649 2275 2251 2664 2568 2529 2565 2582 2629 2169 2551 
2775 2403 2003 2533 2561 2341 2698 2687 2354 2419 2472 2492 2800 2579 2442 2426 2239 2340 2494 2538 2544 2482 2487 2373 2619 2609 2356 2692 2417 2740 2288 2282 
2307 2081 1936 2258 2148 2092 2470 2550 2289 2175 2079 2374 2391 2518 2212 2036 2106 1944 2206 2163 2343 2375 2163 1989 2350 2201 2202 2402 2294 2350 2184 2176 
2825 2641 2356 2645 2651 2675 2965 2935 2527 2533 2536 2685 2854 2862 2600 2729 2351 2225 2493 2607 2605 2706 2479 2560 2735 2668 2660 2634 2625 2869 2413 2669 
2712 2379 1874 2558 2520 2541 2770 2793 2364 2413 2524 2584 2965 2648 2512 2591 2522 2263 2413 2442 2584 2578 2437 2360 2570 2709 2515 2448 2382 2955 2252 2634 
2696 2289 2098 2318 2506 2418 2688 2703 2325 2339 2355 2561 2593 2580 2610 2350 2508 2244 2347 2502 2570 2596 2287 2499 2560 2641 2536 2412 2253 2624 2385 2589 
