745 555 698 736 683 586 749 759 736 620 502 608 823 675 598 751 765 616 568 612 554 714 748 534 744 755 527 608 726 705 544 613 
672 583 672 673 634 508 704 709 703 527 452 581 726 537 568 678 588 635 596 547 556 625 714 579 560 769 587 477 617 661 515 587 
678 550 633 623 629 612 771 725 710 570 446 511 710 714 669 680 743 584 539 567 497 588 678 529 627 634 576 617 600 683 510 603 
631 595 637 724 791 562 724 726 673 552 490 584 771 661 602 646 717 616 672 539 649 644 699 537 632 714 589 587 703 665 541 620 
883 689 814 873 882 711 929 855 822 713 513 651 1004 871 728 881 751 743 741 775 581 728 878 696 769 816 707 736 877 833 709 748 
537 415 561 517 533 421 558 527 543 414 307 458 577 559 498 547 507 488 445 491 420 506 579 354 557 487 443 511 587 557 441 528 
786 634 682 659 734 585 811 703 778 567 543 500 754 705 614 653 637 665 634 588 594 550 721 531 634 713 639 604 717 652 455 669 
690 678 662 719 760 599 862 861 711 579 466 569 815 664 636 752 704 663 694 613 580 618 680 548 656 790 628 606 739 756 512 608 
714 660 765 742 764 667 880 774 790 576 516 522 720 800 713 639 709 672 745 621 558 685 784 677 659 773 634 694 749 792 575 784 
768 521 707 700 740 625 794 797 820 633 545 547 845 760 698 790 739 707 685 608 562 692 700 574 650 731 573 603 695 744 599 664 
801 595 682 722 830 533 771 753 711 642 471 628 815 717 578 687 730 681 645 625 595 640 760 559 767 790 618 708 740 652 557 695 
688 610 706 702 732 569 868 807 773 629 516 522 698 703 638 716 708 676 668 568 478 673 708 627 574 763 579 637 636 753 615 617 
924 794 761 797 943 654 983 921 883 807 660 652 942 801 741 929 783 849 836 791 680 783 797 723 718 952 711 706 785 821 658 781 
748 515 711 696 708 586 834 783 840 620 583 627 788 745 666 778 795 608 551 609 552 695 723 504 624 705 604 608 678 674 592 644 
492 488 530 543 568 463 577 556 500 467 435 399 592 499 453 493 469 473 471 402 462 410 561 457 426 602 510 417 535 622 376 494 
832 707 765 767 836 719 965 905 849 670 600 548 893 859 750 830 819 746 777 677 609 686 796 653 697 832 673 701 823 839 593 703 
707 640 659 679 803 515 869 790 699 463 434 522 725 655 589 681 736 614 689 535 651 668 738 485 591 659 576 643 633 624 607 616 
617 474 632 615 624 519 709 651 661 477 396 465 703 554 533 603 613 620 560 540 585 568 550 396 632 630 507 538 685 605 520 594 
841 595 815 795 741 687 894 890 884 693 534 673 837 849 783 791 798 653 612 725 558 676 796 544 732 724 605 741 823 753 611 735 
695 599 673 741 806 638 885 810 871 599 493 537 794 834 706 681 675 674 640 633 500 683 791 651 639 717 648 631 715 838 618 678 
772 682 773 791 783 661 881 754 740 631 453 515 770 732 653 753 595 732 703 630 578 705 773 612 703 769 671 661 764 821 619 630 
671 617 707 693 664 570 770 698 650 529 412 520 768 583 557 669 586 548 635 491 632 575 687 533 618 699 583 507 611 628 435 617 
622 425 511 545 535 469 519 532 460 485 409 452 662 530 412 615 479 486 382 524 459 447 545 404 564 547 540 457 608 486 345 471 
622 478 577 610 679 546 720 704 590 535 415 470 650 706 598 575 572 535 485 579 441 537 616 553 563 594 596 559 588 594 476 573 
735 606 798 724 759 633 777 778 730 601 565 574 750 722 634 674 708 704 642 568 669 596 710 574 742 735 630 657 679 728 569 723 
597 526 572 645 650 508 648 644 702 579 465 478 645 655 585 633 501 633 561 508 443 519 597 511 522 600 491 464 552 634 491 511 
738 634 647 529 721 535 823 675 662 518 505 531 740 638 561 720 679 603 622 617 677 569 688 467 576 643 638 592 743 556 482 664 
718 632 599 731 715 477 716 728 675 556 521 529 639 617 592 664 551 638 590 617 524 560 682 456 573 701 603 660 696 744 504 538 
757 679 767 760 823 621 898 872 735 636 493 653 810 685 680 745 822 715 661 690 690 737 801 586 726 782 675 741 822 738 667 692 
698 637 698 683 719 587 855 747 693 596 450 524 766 675 604 728 598 624 686 627 601 551 670 576 599 726 627 604 666 674 536 704 
767 543 615 647 721 589 869 822 756 562 492 542 909 709 622 832 762 680 695 674 567 628 711 529 632 781 596 604 773 745 587 675 
616 459 532 508 599 436 624 674 634 536 428 529 660 533 499 619 627 599 527 540 526 490 582 502 560 639 514 536 583 558 474 538 
