5787 5189 4987 5146 4834 5410 5666 5570 5390 5382 5676 5310 5840 5486 5243 5554 5190 4715 5160 5625 5463 5389 5329 5360 5720 5444 5609 5566 5487 5656 5266 5578 
6014 5393 5396 5311 4915 5326 5577 5383 5434 5401 5570 5328 5632 5311 4996 5346 5489 4971 5438 5566 5492 5730 5180 5527 5556 5512 5698 5554 5071 5741 5156 5723 
5309 4805 4621 4724 4479 4893 5579 4993 5162 5122 5267 5087 5282 5471 4824 5008 4951 4534 4997 5213 5402 5167 4890 5066 5236 5031 5422 5337 4807 5278 4759 5104 
5623 5315 5026 5168 5028 5274 5537 5316 5315 5333 5505 5370 5547 5420 5184 5437 5385 4837 5124 5665 5529 5309 5283 5404 5252 5266 5604 5384 4817 5595 4932 5423 
5770 5227 4939 4988 5148 5437 5468 5428 4923 5178 5175 5211 5839 5613 5056 5535 5165 4930 5238 5488 5283 5317 5338 5276 5419 5375 5561 5405 5123 5629 5162 5579 
5214 5096 4919 4676 4906 5182 5466 5295 5105 5418 5203 5350 5353 5697 5094 5296 4761 4767 5058 5481 5434 5047 5210 5391 5434 5177 5569 5227 5005 5511 4993 5398 
5672 5086 5045 5147 4649 4907 5570 5340 5139 4911 5276 5072 5470 5313 4864 5336 4759 4505 4998 5444 5401 5074 4963 5081 5176 5056 5684 5295 5011 5241 4744 5226 
5617 5015 4824 4998 4877 5310 5526 5375 5261 5203 5401 5369 5651 5430 5072 5572 5135 4773 5261 5195 5472 5225 5073 5449 5289 5247 5499 5278 5215 5436 4887 5496 
5619 5278 5088 5021 4736 5116 5714 5563 5426 5238 5345 5495 5634 5771 5177 5430 5125 5034 5331 5356 5424 5400 5071 5565 5574 5446 5621 5353 5243 5663 4974 5786 
5711 4902 4813 4771 4727 5036 5349 5199 4885 5120 5332 5013 5490 5238 4776 5266 4817 4998 5004 5180 5255 5201 4848 5054 4932 5109 5296 5108 5032 5449 4980 5130 
5839 5111 4951 4843 5016 4863 5551 5387 5398 5325 5257 5053 5477 5386 4891 5382 5115 4702 5055 5497 5401 5188 5125 5208 5486 5265 5449 5542 5051 5508 5165 5433 
5852 5042 4756 4746 4975 4982 5639 5114 5167 5084 5402 5169 5371 5465 4777 5355 4958 4911 5154 5243 5111 5228 5073 5188 5380 5188 5410 5326 4955 5844 5053 5362 
5437 5035 4617 4710 4913 4774 5604 5154 5158 5143 5246 5122 5230 5273 4827 5393 4895 4803 4962 5465 5229 5212 5051 5147 5245 5102 5167 5184 5017 5386 4875 4961 
5579 4896 4881 4975 4865 5037 5703 5309 5458 5366 5330 4864 5526 5456 4897 5409 5165 4817 4827 5305 5459 5271 5071 5272 5272 5244 5555 5215 5158 5533 5028 5366 
5114 4997 4554 4817 4565 4955 5171 5077 4775 4964 5283 4951 5193 5392 4737 5063 4756 4498 4832 5157 5225 5087 4840 5035 5157 5142 5170 4948 4793 5365 4861 4985 
5775 5127 5006 5206 5137 5325 5653 5727 5019 5359 5479 5030 5580 5770 5079 5559 5298 4988 5282 5534 5493 5458 5226 5375 5424 5242 5569 5429 5102 5691 5204 5582 
5635 5280 4807 4880 4768 5001 5666 5311 5213 5015 5369 5142 5498 5226 4939 5238 4986 4641 5211 5412 5402 5185 5003 5260 5461 5144 5348 5322 4859 5321 5139 5210 
5270 4811 4658 4678 4285 4718 5552 4956 5127 4882 5027 4928 5189 5097 4662 4683 4818 4708 4745 5040 5154 4871 4536 4966 5121 4964 5127 4971 4795 5102 4946 5011 
5817 5313 5294 5049 4823 5270 5661 5561 5361 5136 5257 5439 5478 5452 5019 5224 5177 4729 5252 5617 5439 5328 5258 5296 5286 5408 5541 5472 5157 5543 5417 5454 
5191 4802 4590 4695 4678 4796 5416 4994 5056 4803 4802 4833 5151 5340 4830 5002 4789 4461 4896 5202 4971 4981 4876 5033 4926 4795 5273 5011 4832 5543 4916 4979 
5895 5325 5204 5155 5063 5578 5856 5510 5512 5297 5518 5462 5679 5610 5301 5608 5158 4950 5439 5375 5712 5430 5215 5456 5671 5554 5650 5670 5411 5796 5364 5414 
5900 5426 5245 5055 5008 5358 5815 5441 5254 5558 5527 5165 5690 5590 5169 5641 5311 4889 5352 5541 5877 5597 5577 5624 5605 5655 5992 5531 5133 5687 5299 5659 
5476 5075 4913 4848 4919 5004 5355 5394 5152 5156 5181 5433 5285 5378 4684 5238 4836 4614 4892 5605 5299 5354 4952 4947 5195 5055 5159 5241 5041 5481 4881 5377 
5198 4832 4670 4594 4488 4713 5258 4693 4808 5100 5030 4601 5243 5216 4456 4759 4406 4367 4621 5131 4936 4829 4733 4841 5001 4893 5257 5058 4681 5229 4793 4839 
5173 5245 5141 4805 4770 5173 5633 5129 5006 5265 5236 4828 5436 5490 4855 4991 4976 4801 4856 5066 5408 5072 4745 4916 5239 5219 5373 5114 4881 5573 4928 5229 
5878 5200 4940 4945 4833 5167 5618 5224 5497 5636 5544 5211 5459 5667 5130 5258 4851 5069 5140 5078 5463 5082 5319 5333 5453 5494 5554 5303 5148 5829 4979 5258 
5374 4961 4692 4282 4617 4872 5265 4842 4996 4965 4955 4884 5312 5263 4810 4986 4755 4444 4627 5292 5142 5052 4805 4878 5045 4849 5181 5021 5025 5057 4765 5174 
5679 5042 4703 4874 4737 4777 5493 5342 5017 5056 5197 5158 5408 4934 4706 5150 4784 4881 5106 5135 5293 5027 5013 4982 5208 5142 5117 5403 4939 5330 4872 5189 
5307 4916 4838 4817 4387 4485 5131 5159 5013 5059 4977 5071 5002 5004 4530 4701 4638 4385 4720 4910 5127 5194 4772 4782 5009 4752 5210 5177 4849 4890 4871 4951 
5513 5130 4853 4959 4691 4959 5682 5364 5270 5270 5148 5114 5472 5403 4742 5460 4831 4580 4888 5257 5177 5131 4963 5133 5291 5115 5519 5287 5280 5241 4940 5379 
5444 5061 4476 4901 4500 4926 5485 5204 5057 5036 5398 5240 5718 5141 4877 5393 4918 4446 4985 5167 5237 5177 5149 5070 5090 5162 5283 5212 5016 5450 4816 5212 
5438 4917 4739 4629 4567 4791 5631 5328 5015 5096 5119 5000 5259 5154 5029 5226 4920 4608 4833 5392 5387 5186 4879 5333 5148 5164 5426 5099 4823 5179 5206 5207 
