4939 4406 4208 4461 4196 4596 4854 4740 4584 4605 4808 4685 4986 4804 4532 4725 4386 4021 4535 4849 4568 4631 4562 4597 4945 4477 4701 4874 4786 4888 4506 4738 
5272 4673 4718 4619 4443 4589 4794 4743 4685 4682 4850 4843 4879 4820 4431 4798 4732 4377 4816 4856 4749 5079 4614 4926 4874 4678 4922 4908 4607 5066 4524 5044 
4628 4196 3957 4115 3935 4217 4851 4357 4529 4479 4499 4535 4667 4893 4289 4456 4247 3964 4401 4560 4644 4553 4305 4486 4567 4369 4656 4700 4297 4623 4141 4407 
4847 4647 4300 4530 4412 4563 4778 4678 4550 4620 4715 4732 4772 4891 4559 4796 4629 4167 4538 4925 4674 4689 4596 4697 4605 4530 4833 4771 4216 4802 4289 4628 
5056 4603 4235 4414 4543 4768 4836 4804 4315 4622 4537 4606 5164 5044 4567 4904 4461 4360 4618 4842 4538 4739 4724 4692 4787 4728 4781 4823 4570 5024 4553 4842 
4631 4493 4332 4145 4311 4472 4857 4732 4556 4769 4558 4880 4787 5109 4648 4768 4162 4198 4566 4905 4797 4600 4605 4885 4873 4594 4822 4724 4495 4983 4441 4823 
5095 4488 4507 4571 4308 4426 5033 4844 4631 4380 4739 4587 4904 4962 4353 4914 4252 4209 4548 4989 4854 4559 4523 4614 4663 4574 5124 4769 4630 4744 4294 4722 
4984 4457 4209 4473 4469 4766 4993 4781 4655 4570 4863 4810 5084 5015 4555 5005 4616 4291 4775 4717 4811 4746 4541 4896 4816 4630 4822 4819 4619 4905 4302 4841 
5029 4687 4567 4459 4290 4555 5124 5007 4807 4635 4767 4963 4968 5283 4694 4907 4505 4469 4861 4757 4736 4839 4561 5031 5039 4893 4970 4719 4756 5063 4491 5072 
5002 4230 4064 4233 4136 4335 4671 4538 4232 4426 4613 4384 4847 4722 4267 4608 4046 4355 4335 4586 4445 4635 4255 4465 4363 4350 4469 4609 4448 4790 4304 4449 
4970 4290 4158 4086 4399 4079 4729 4632 4587 4476 4428 4353 4645 4776 4159 4697 4330 4033 4431 4749 4490 4459 4392 4542 4740 4490 4594 4839 4426 4751 4492 4572 
5189 4409 4117 4100 4422 4291 4918 4583 4603 4536 4695 4685 4853 4903 4299 4824 4311 4397 4612 4691 4462 4651 4559 4726 4702 4488 4765 4841 4461 5227 4435 4741 
4906 4482 4102 4267 4407 4213 4980 4626 4568 4626 4627 4577 4650 4779 4349 4819 4213 4287 4416 4889 4660 4620 4509 4623 4668 4481 4463 4633 4464 4852 4355 4435 
4778 4134 4149 4275 4221 4259 4773 4540 4623 4517 4515 4198 4712 4767 4162 4676 4415 4129 4195 4555 4563 4585 4332 4533 4532 4404 4711 4592 4544 4767 4301 4522 
4478 4330 3917 4170 4044 4313 4534 4444 4196 4339 4518 4431 4525 4838 4202 4372 4131 3963 4305 4527 4441 4524 4175 4469 4485 4500 4370 4428 4223 4766 4220 4331 
5071 4407 4309 4485 4565 4662 4936 5002 4366 4643 4722 4397 4892 5180 4438 4882 4575 4443 4728 4857 4734 4796 4543 4657 4754 4479 4758 4810 4483 5039 4479 4901 
5024 4642 4260 4243 4305 4345 5015 4713 4560 4451 4709 4656 4861 4681 4409 4732 4432 4205 4664 4905 4749 4716 4462 4792 4825 4548 4665 4831 4390 4758 4558 4590 
4426 4075 3875 3987 3730 4016 4686 4274 4330 4165 4229 4209 4480 4511 3969 4049 4000 4091 4139 4347 4389 4213 3895 4156 4356 4142 4277 4281 4110 4344 4191 4279 
5086 4571 4577 4347 4301 4535 4991 4862 4699 4450 4528 4762 4802 4911 4498 4650 4432 4139 4637 4980 4678 4707 4641 4678 4638 4623 4703 4783 4614 4834 4661 4705 
4518 4129 3977 4027 4180 4128 4727 4388 4426 4179 4127 4270 4575 4826 4247 4395 4149 3995 4363 4566 4225 4415 4279 4498 4277 4127 4525 4468 4270 4931 4280 4365 
5073 4494 4447 4416 4425 4671 4975 4730 4678 4495 4631 4718 4762 4870 4650 4800 4289 4252 4714 4587 4805 4740 4477 4742 4830 4688 4686 4921 4728 4917 4525 4529 
4996 4553 4476 4294 4436 4446 4885 4631 4333 4706 4612 4501 4810 4939 4428 4926 4384 4208 4650 4766 5007 4842 4892 4887 4831 4699 5021 4778 4465 4864 4480 4841 
4757 4364 4206 4271 4358 4382 4695 4753 4456 4422 4545 4847 4541 4916 4053 4661 4143 3996 4321 4922 4569 4733 4331 4359 4640 4421 4476 4649 4512 4803 4311 4617 
4415 4008 3903 3854 3847 3916 4467 4031 4044 4313 4289 3948 4433 4612 3853 4110 3694 3737 3973 4351 4136 4113 4051 4241 4223 4066 4430 4327 4081 4406 4137 4031 
4512 4518 4495 4196 4142 4394 4869 4537 4360 4549 4447 4347 4777 4887 4308 4348 4282 4171 4293 4393 4692 4508 4121 4403 4575 4414 4600 4571 4366 4869 4313 4570 
5135 4395 4188 4227 4204 4367 4759 4519 4689 4834 4746 4584 4670 5023 4552 4609 4116 4376 4513 4411 4627 4491 4625 4696 4712 4685 4694 4691 4594 5066 4285 4511 
4762 4398 4136 3773 4238 4314 4655 4295 4371 4439 4421 4409 4731 4875 4334 4552 4224 4004 4170 4810 4518 4544 4339 4348 4550 4229 4584 4540 4598 4502 4229 4637 
4939 4409 4039 4221 4277 4161 4795 4650 4359 4410 4529 4578 4772 4520 4201 4594 4156 4319 4528 4515 4514 4362 4445 4450 4562 4436 4421 4876 4404 4665 4265 4459 
4417 4020 3950 3937 3777 3719 4310 4400 4254 4242 4146 4294 4222 4372 3901 4045 3796 3733 4033 4172 4287 4429 4059 4006 4233 3918 4272 4380 4208 4142 4067 4084 
4924 4479 4263 4418 4205 4332 4990 4788 4624 4604 4449 4552 4798 4771 4199 4832 4127 4098 4385 4702 4587 4589 4425 4558 4597 4481 4685 4680 4663 4767 4334 4738 
4812 4343 3926 4276 4065 4325 4808 4604 4406 4478 4698 4657 5061 4667 4308 4780 4248 4037 4417 4585 4517 4539 4579 4516 4419 4530 4629 4580 4492 4829 4234 4533 
4697 4149 4077 3941 4058 4070 4818 4630 4312 4348 4355 4358 4456 4593 4317 4489 4143 4018 4277 4681 4613 4471 4242 4564 4497 4365 4684 4358 4229 4357 4466 4421 
