4403 3909 3800 3934 3809 3982 4247 4235 3913 4044 4178 4080 4551 4269 4063 4067 3900 3433 3855 4262 3975 4080 3954 4039 4399 3938 4159 4247 4122 4321 3862 4026 
4652 4127 4161 4113 3979 3958 4232 4214 3962 4017 4231 4300 4336 4154 4039 4225 4176 3812 4157 4259 4159 4526 4015 4363 4311 4144 4339 4335 4056 4523 3993 4357 
4003 3527 3282 3513 3415 3493 4009 3709 3643 3713 3755 3779 4037 4093 3727 3725 3566 3241 3665 3777 3894 3896 3593 3629 3882 3626 3887 3863 3597 4023 3445 3628 
4200 3864 3638 3933 3877 3797 3959 4000 3686 3843 3958 3973 4150 4166 3983 4019 3850 3426 3791 4160 3959 4093 3838 3999 3929 3834 4152 4022 3497 4100 3568 3850 
4565 4004 3743 3950 4172 4062 4257 4245 3617 4056 3950 4031 4662 4471 4052 4373 3894 3727 4041 4242 3959 4193 4078 4122 4243 4200 4208 4103 3982 4494 4035 4175 
3818 3652 3533 3455 3640 3570 3935 3994 3531 3767 3760 4019 3985 4144 3835 3972 3410 3326 3735 4050 3943 3818 3718 3936 4062 3676 3888 3851 3681 4141 3659 3875 
4461 3824 3907 3989 3772 3695 4379 4240 3872 3707 4076 4008 4384 4338 3799 4217 3619 3605 3839 4322 4197 3919 3769 3906 4026 3948 4359 4158 4027 4162 3742 4021 
4241 3817 3567 3850 3902 3976 4173 4078 3811 3795 4129 4053 4396 4340 3985 4286 3842 3471 3917 3970 4040 4047 3710 4123 4170 3905 4070 4077 3796 4224 3661 3986 
4312 4056 3879 3990 3760 3844 4261 4368 4015 3937 4131 4304 4342 4597 4061 4224 3907 3700 4188 4169 4092 4297 3886 4242 4364 4164 4172 4042 4106 4438 3853 4362 
4384 3678 3494 3697 3711 3640 4027 3973 3538 3755 3913 3745 4272 4149 3768 4012 3435 3679 3688 3939 3892 3996 3635 3943 3797 3725 3881 3961 3791 4171 3757 3787 
4449 3830 3592 3717 3964 3486 4148 4145 3901 3876 3912 3832 4186 4211 3768 4173 3808 3506 3895 4185 3937 4035 3807 3983 4186 3999 4108 4159 3876 4227 3892 3937 
4474 3686 3453 3521 3844 3498 4050 4004 3765 3768 3976 3901 4133 4165 3691 4063 3653 3576 3838 3985 3742 4030 3858 3935 3991 3827 4009 4087 3635 4460 3744 3845 
4400 3944 3556 3832 3939 3619 4363 4067 3893 4038 4027 3930 4260 4225 3816 4232 3687 3653 3920 4289 4104 4099 3920 4005 4117 3934 3953 3973 3902 4336 3781 3790 
4259 3613 3673 3794 3798 3639 4095 3961 3937 3911 3944 3629 4207 4183 3655 4038 3856 3437 3553 3942 3946 4069 3782 3953 4030 3847 4080 3953 3880 4152 3700 3809 
3906 3586 3182 3643 3482 3548 3698 3783 3384 3482 3804 3719 3843 3989 3568 3664 3438 3195 3538 3766 3644 3911 3541 3645 3834 3749 3629 3687 3520 4049 3540 3539 
4454 3788 3631 3976 4040 3971 4197 4290 3628 3909 4023 3721 4321 4464 3965 4185 3942 3677 3982 4099 3976 4241 3891 3964 4113 3863 4109 4113 3855 4413 3771 4122 
4357 3959 3610 3712 3777 3528 4195 4029 3711 3744 3939 3986 4188 3981 3825 3966 3721 3443 3883 4234 4090 4098 3731 4073 4096 3904 4044 4040 3626 4037 3867 3825 
3844 3460 3199 3459 3268 3303 3866 3619 3489 3358 3511 3541 3846 3741 3436 3373 3425 3267 3351 3611 3576 3539 3250 3414 3733 3452 3534 3571 3420 3688 3478 3501 
4450 3894 3965 3802 3743 3797 4200 4206 3860 3692 3893 4066 4173 4312 3938 3983 3755 3429 3860 4242 3914 4057 3859 4000 4035 3949 4047 4092 3885 4196 4015 3928 
3923 3506 3275 3448 3616 3396 3867 3712 3569 3386 3414 3541 4044 4112 3688 3597 3457 3265 3569 3740 3473 3799 3626 3747 3648 3429 3729 3704 3583 4154 3579 3551 
4326 3839 3781 3882 3878 3930 4233 4029 3858 3783 3878 3972 4142 4175 3970 4099 3581 3477 4033 3960 4140 4066 3734 3991 4132 3946 4029 4190 3986 4272 3869 3789 
4435 4140 4014 3925 4065 3859 4322 4197 3738 4247 4097 4012 4385 4471 3979 4365 3905 3699 4107 4388 4550 4405 4303 4360 4335 4192 4489 4170 3901 4384 3920 4302 
4140 3762 3506 3748 3744 3700 3940 4112 3598 3666 3837 4204 4100 4199 3564 3965 3562 3345 3602 4109 3845 4118 3743 3709 4004 3736 3826 3978 3979 4204 3654 3865 
3829 3436 3287 3266 3369 3261 3743 3367 3311 3568 3584 3312 3812 3856 3285 3443 3066 3018 3334 3595 3439 3418 3475 3486 3612 3406 3690 3666 3370 3740 3508 3300 
4018 3809 3836 3706 3676 3739 4161 4033 3623 3758 3850 3709 4197 4208 3778 3775 3696 3482 3633 3721 4014 3936 3535 3784 4042 3745 3896 3963 3755 4258 3747 3866 
4540 3825 3587 3769 3727 3588 4068 3885 3864 4119 4105 3998 4180 4328 3957 3913 3487 3710 3800 3808 3936 3930 3911 4017 4122 3987 4010 3996 3901 4436 3708 3840 
4244 3876 3516 3406 3833 3639 4089 3790 3687 3882 3845 3878 4244 4272 3779 3977 3733 3434 3592 4308 3948 4052 3775 3777 4026 3696 4067 3932 4007 3885 3628 3973 
4220 3752 3354 3725 3695 3411 3969 3983 3482 3702 3810 3851 4232 3836 3614 3888 3488 3586 3807 3845 3841 3833 3729 3715 3863 3714 3730 4187 3715 4002 3633 3700 
3794 3447 3313 3409 3265 3115 3692 3789 3485 3574 3541 3663 3778 3780 3463 3390 3255 3149 3435 3465 3693 3867 3455 3457 3679 3361 3627 3837 3690 3598 3547 3394 
4272 3932 3702 3865 3696 3637 4308 4107 3784 3879 3805 3877 4257 4122 3722 4185 3457 3417 3675 3966 3895 3977 3671 3904 3987 3835 4057 3989 3925 4121 3760 3967 
4178 3624 3157 3697 3560 3541 4053 3970 3598 3725 3938 3904 4457 3977 3745 4045 3530 3396 3673 3883 3840 3860 3776 3786 3807 3817 3897 3794 3804 4193 3528 3845 
4203 3636 3564 3479 3621 3479 4096 4053 3629 3702 3810 3909 3959 3957 3913 3923 3646 3399 3647 4037 3989 3979 3743 3971 3927 3779 4013 3740 3767 3859 3884 3818 
