1330 1143 1335 1406 1337 1245 1387 1466 1298 1249 1135 1360 1548 1408 1267 1214 1444 1190 1144 1309 1306 1374 1146 1190 1331 1383 1214 1312 1329 1518 1145 1190 
1269 1208 1315 1335 1276 1139 1391 1410 1332 1208 1121 1325 1450 1352 1242 1191 1342 1290 1246 1241 1358 1335 1193 1316 1201 1544 1209 1267 1294 1584 1104 1198 
1216 1105 1114 1269 1240 1180 1525 1355 1280 1338 1123 1277 1535 1466 1251 1179 1368 1170 1140 1228 1213 1248 1182 1184 1221 1275 1209 1311 1288 1539 1096 1097 
1331 1274 1294 1487 1490 1359 1492 1561 1265 1307 1216 1432 1485 1480 1460 1208 1456 1227 1324 1393 1446 1417 1357 1335 1305 1542 1284 1388 1248 1623 1146 1230 
1542 1339 1425 1647 1604 1501 1734 1583 1409 1485 1252 1459 1815 1763 1477 1468 1459 1341 1440 1551 1426 1440 1473 1497 1383 1652 1314 1501 1589 1780 1346 1318 
1014 942 1062 1225 1176 1069 1220 1246 1040 1039 983 1193 1274 1251 1171 1016 1156 1021 996 1180 1139 1142 1055 1105 1175 1154 1050 1161 1108 1353 921 1079 
1343 1121 1234 1337 1269 1135 1437 1403 1242 1128 1073 1219 1463 1394 1255 1141 1162 1177 1187 1261 1266 1161 1078 1200 1118 1392 1206 1304 1278 1353 1045 1168 
1174 1259 1265 1448 1398 1269 1501 1513 1331 1257 1164 1254 1470 1406 1350 1217 1402 1176 1346 1316 1297 1287 1146 1294 1259 1433 1246 1321 1269 1511 1082 1188 
1147 1102 1257 1378 1260 1195 1430 1430 1320 1179 1082 1272 1334 1470 1356 1100 1243 1221 1299 1218 1225 1273 1235 1311 1176 1431 1176 1320 1246 1602 962 1276 
1252 1028 1166 1301 1289 1148 1357 1406 1256 1145 1083 1185 1517 1419 1242 1253 1297 1214 1227 1229 1197 1270 1116 1179 1171 1349 1098 1275 1275 1430 1120 1086 
1326 1150 1252 1395 1449 1151 1421 1493 1233 1207 1062 1279 1406 1418 1201 1182 1279 1195 1220 1282 1278 1275 1215 1152 1304 1497 1221 1391 1314 1409 1130 1204 
1287 1166 1250 1350 1464 1099 1571 1555 1430 1323 1207 1267 1482 1457 1266 1140 1390 1223 1328 1138 1229 1367 1236 1239 1133 1424 1231 1398 1274 1653 1205 1245 
1485 1467 1362 1516 1618 1370 1655 1598 1455 1469 1326 1414 1699 1607 1406 1480 1492 1412 1400 1482 1389 1489 1387 1450 1294 1717 1308 1449 1417 1772 1167 1320 
1296 1101 1327 1342 1373 1220 1465 1451 1496 1377 1336 1339 1522 1546 1350 1261 1474 1212 1147 1280 1344 1352 1142 1231 1263 1424 1300 1304 1355 1568 1145 1206 
1082 1116 1120 1231 1187 1122 1156 1213 1090 1095 1014 1182 1324 1288 1122 1011 997 974 1124 1122 1094 1061 1025 1076 987 1267 1049 1131 1163 1417 996 934 
1548 1472 1480 1643 1681 1573 1826 1825 1519 1460 1420 1516 1805 1814 1588 1491 1633 1453 1530 1480 1454 1592 1521 1448 1377 1676 1453 1596 1566 1908 1322 1351 
1115 1016 981 1120 1234 926 1346 1300 1072 946 877 1079 1168 1085 1045 1025 1107 941 1156 1013 1138 1110 1078 975 1006 1148 1016 1151 964 1178 950 998 
1192 1078 1170 1278 1287 1131 1471 1380 1254 1275 1102 1265 1472 1354 1175 1142 1312 1233 1221 1235 1375 1301 1037 1173 1255 1373 1160 1298 1351 1502 1045 1182 
1345 1083 1329 1387 1303 1274 1474 1496 1362 1166 1037 1317 1383 1468 1360 1191 1314 1092 1143 1305 1166 1246 1135 1054 1194 1304 1157 1305 1323 1400 1136 1224 
1401 1191 1285 1476 1477 1299 1622 1599 1461 1231 1155 1344 1595 1657 1426 1251 1331 1293 1264 1401 1283 1437 1343 1359 1255 1482 1347 1484 1439 1712 1268 1255 
1343 1289 1359 1431 1478 1236 1579 1442 1355 1316 1137 1188 1486 1440 1314 1265 1233 1272 1355 1326 1335 1365 1287 1259 1299 1457 1288 1426 1423 1595 1189 1217 
1209 1259 1293 1328 1315 1230 1455 1357 1178 1195 1107 1084 1436 1318 1195 1201 1256 1064 1185 1207 1339 1232 1186 1322 1237 1440 1162 1252 1205 1383 1023 1135 
1290 1111 1256 1475 1283 1231 1319 1435 1167 1205 1148 1378 1530 1393 1187 1294 1157 1156 1120 1350 1307 1331 1156 1127 1175 1406 1336 1339 1375 1470 1072 1154 
1038 928 1010 1116 1164 1066 1210 1164 1134 1179 1000 1054 1217 1350 1128 962 1030 940 1027 1128 962 1066 999 1106 1008 1180 1073 1223 1066 1314 904 948 
1345 1311 1527 1527 1521 1431 1548 1582 1373 1285 1342 1386 1592 1639 1436 1246 1476 1368 1263 1392 1492 1345 1213 1378 1411 1557 1410 1460 1412 1688 1280 1353 
1268 987 1143 1275 1239 1081 1344 1337 1275 1329 1183 1234 1368 1432 1310 1086 1143 1240 1174 1111 1241 1185 1142 1158 1057 1312 1135 1246 1210 1487 1026 1041 
1242 1151 1118 1072 1291 1064 1481 1266 1174 1206 1108 1152 1427 1350 1120 1165 1220 1052 1148 1289 1295 1220 1110 1094 1083 1281 1184 1272 1327 1291 1007 1148 
1279 1140 1045 1404 1313 1020 1467 1501 1194 1235 1185 1289 1430 1318 1159 1214 1072 1223 1330 1270 1266 1229 1196 1140 1129 1394 1194 1437 1329 1547 1131 1061 
1200 1082 1173 1310 1322 1048 1465 1481 1210 1167 1001 1231 1424 1352 1176 1130 1242 1162 1185 1205 1294 1301 1179 1079 1173 1361 1209 1342 1350 1397 1275 1146 
1225 1220 1299 1434 1335 1228 1583 1505 1313 1240 1107 1276 1553 1455 1249 1300 1152 1170 1247 1302 1326 1269 1215 1300 1188 1486 1291 1337 1336 1533 1147 1199 
1297 1068 1074 1431 1383 1200 1594 1571 1346 1224 1162 1325 1673 1412 1230 1305 1386 1246 1404 1351 1295 1289 1242 1217 1202 1552 1239 1319 1366 1703 1169 1321 
1177 990 1070 1140 1190 1040 1352 1384 1098 1129 1027 1183 1303 1229 1195 1093 1240 1133 1068 1206 1239 1092 1105 1187 1078 1370 1070 1170 1061 1298 1045 1119 
