3583 3171 3088 3311 3359 3372 3355 3507 3222 3240 3401 3502 3734 3664 3333 3334 3285 2852 3108 3369 3217 3276 3116 3314 3701 3303 3308 3456 3411 3623 3112 3373 
3878 3498 3495 3543 3494 3455 3429 3581 3415 3358 3491 3757 3646 3614 3487 3559 3592 3256 3474 3505 3527 3722 3229 3758 3721 3571 3626 3531 3429 3838 3258 3751 
3424 2900 2671 2952 2976 3068 3264 3066 3024 3115 3086 3245 3396 3550 3195 3129 3102 2696 2995 2985 3216 3159 2944 3087 3319 3058 3180 3185 3058 3435 2848 3110 
3540 3163 2972 3361 3406 3300 3265 3430 3070 3204 3368 3433 3404 3459 3315 3397 3328 2853 3201 3387 3323 3387 3161 3383 3383 3276 3423 3364 3003 3498 2940 3240 
3961 3421 3204 3535 3790 3639 3704 3702 3198 3540 3410 3637 4043 3937 3516 3800 3438 3240 3530 3641 3467 3603 3408 3667 3791 3736 3590 3578 3481 3931 3379 3637 
3160 3025 2860 2933 3238 3007 3179 3335 2846 3070 3129 3431 3338 3622 3237 3288 2957 2764 2978 3244 3225 3080 2989 3316 3478 3016 3202 3163 3062 3584 2932 3275 
3737 3184 3296 3381 3273 3175 3634 3528 3184 3114 3346 3434 3611 3736 3205 3597 3121 3062 3129 3503 3437 3152 3041 3316 3426 3373 3596 3445 3381 3468 3010 3459 
3705 3360 3114 3433 3592 3588 3714 3634 3304 3402 3671 3604 3821 3899 3501 3815 3576 3070 3452 3445 3516 3605 3262 3646 3757 3486 3513 3704 3374 3783 3236 3612 
3566 3224 3197 3485 3345 3329 3470 3628 3334 3288 3470 3739 3577 3926 3429 3527 3399 3073 3510 3345 3365 3565 3200 3622 3721 3490 3474 3457 3513 3816 3040 3739 
3537 2879 2789 3079 3162 3119 3211 3273 2844 3037 3129 3163 3455 3447 3111 3290 2932 3047 2958 2993 3063 3207 2848 3170 3176 3123 2987 3223 3151 3358 2934 3156 
3680 3215 3010 3180 3463 3064 3423 3532 3183 3165 3183 3319 3420 3552 3173 3514 3232 2842 3194 3398 3304 3302 3150 3333 3500 3439 3314 3410 3247 3491 3257 3341 
3672 3064 2837 2951 3397 3059 3304 3409 3133 3072 3283 3400 3380 3446 3088 3427 3078 3034 3164 3169 3079 3298 3082 3218 3322 3266 3239 3388 3002 3742 3096 3205 
3589 3268 2908 3299 3377 3166 3604 3429 3292 3421 3317 3371 3536 3631 3265 3558 3197 3076 3265 3508 3351 3347 3207 3312 3477 3372 3218 3310 3279 3587 2986 3246 
3527 2936 3058 3192 3305 3196 3341 3365 3251 3243 3255 3163 3430 3584 3083 3343 3391 2831 2884 3097 3301 3348 3047 3238 3397 3289 3293 3235 3297 3491 3035 3152 
3213 2980 2683 3027 3103 3059 3043 3141 2887 2901 3061 3266 3168 3371 2974 3068 2940 2619 2892 2991 3031 3143 2830 3089 3279 3196 2938 2985 2970 3425 2908 2950 
3763 3202 3124 3429 3613 3556 3624 3708 3132 3294 3433 3375 3765 3931 3411 3542 3533 3192 3371 3364 3348 3557 3243 3334 3571 3406 3478 3518 3396 3852 3222 3564 
3515 3190 2938 3134 3304 2985 3436 3305 2920 3017 3170 3347 3348 3273 3203 3261 3211 2766 3141 3252 3313 3350 3065 3338 3407 3190 3276 3344 2919 3288 3078 3211 
3099 2689 2543 2924 2814 2805 3089 2979 2823 2714 2894 2986 3067 3078 2843 2756 2929 2623 2746 2812 2909 2878 2569 2740 3192 2815 2745 2945 2934 3037 2747 2910 
3701 3228 3281 3328 3295 3302 3463 3596 3230 3171 3281 3445 3495 3709 3370 3348 3187 2893 3144 3401 3272 3323 3067 3283 3501 3382 3341 3489 3324 3575 3325 3327 
3315 2902 2714 3016 3162 3011 3282 3127 3068 2919 2867 3174 3442 3475 3233 3004 2967 2720 2974 3063 3024 3179 3016 3204 3191 2961 3080 3162 3140 3510 2899 2984 
3681 3269 3119 3316 3499 3456 3577 3465 3282 3240 3252 3438 3428 3701 3450 3519 3128 3101 3446 3215 3478 3476 3157 3389 3616 3461 3346 3590 3391 3716 3351 3334 
3484 3221 3230 3132 3442 3213 3396 3403 2887 3310 3247 3276 3424 3633 3107 3536 3295 2964 3180 3312 3542 3382 3325 3537 3499 3387 3493 3239 3140 3530 3062 3491 
3541 3176 2988 3265 3285 3276 3262 3541 3099 3084 3215 3708 3447 3652 3041 3400 3090 2861 3092 3307 3228 3387 3083 3159 3474 3244 3284 3395 3447 3609 3049 3337 
3038 2680 2592 2709 2991 2731 2906 2706 2672 2887 2811 2780 3012 3265 2711 2780 2604 2529 2697 2793 2747 2682 2753 2855 3051 2870 2943 2953 2726 3066 2723 2757 
3299 3077 3187 3136 3275 3277 3394 3363 2995 3080 3121 3304 3508 3590 3184 3034 3201 2857 3003 2925 3370 3173 2831 3130 3485 3219 3166 3287 3225 3624 3032 3312 
3851 3195 2940 3293 3365 3161 3376 3297 3304 3459 3467 3516 3569 3790 3412 3277 3006 3210 3196 3104 3380 3330 3223 3476 3532 3390 3304 3328 3293 3761 3134 3334 
3558 3115 2856 2864 3399 3130 3357 3160 3064 3200 3253 3327 3549 3564 3079 3347 3128 2855 3017 3457 3198 3294 2981 3075 3403 3136 3372 3311 3459 3293 2900 3266 
3486 3033 2692 3150 3164 2905 3251 3347 2871 2968 3160 3343 3441 3261 2967 3188 2924 3010 3151 3081 3115 3031 3001 3142 3223 3149 2999 3453 3081 3335 2894 3044 
3059 2724 2738 2862 2860 2707 2987 3168 2903 2904 2836 3145 3096 3249 2889 2867 2798 2575 2929 2803 3029 3105 2841 2878 3083 2809 2954 3185 3045 2952 2863 2834 
3506 3216 3012 3251 3224 3106 3567 3442 3109 3108 3140 3313 3481 3493 3089 3487 2933 2823 2948 3165 3170 3228 2990 3250 3245 3139 3310 3298 3245 3450 3043 3321 
3375 2933 2515 3016 3041 2957 3253 3267 2889 3025 3178 3272 3584 3373 3019 3380 3044 2852 3041 2997 3090 3089 2986 3148 3139 3162 3147 3059 3069 3511 2836 3245 
3527 2863 2888 2883 3153 2930 3291 3340 3009 3041 3097 3271 3212 3354 3205 3253 3130 2837 3043 3146 3229 3229 2923 3323 3259 3156 3276 3108 3094 3231 3103 3185 
