2949 2692 2674 2610 2617 3058 2516 2845 2768 2562 2700 2829 2577 2722 2722 2706 2835 2507 2454 2947 2438 2720 2957 2656 2618 2713 2571 2697 2702 2690 2717 2528 
2995 2792 2826 2791 2881 3096 2704 2678 2920 2568 2741 2989 2610 3015 3005 2692 2953 2457 2616 2871 2788 2803 3122 2746 2605 2847 2800 2799 2585 2790 2666 2735 
2862 2769 2501 2687 2641 2850 2438 2716 2743 2351 2512 2925 2399 2846 2758 2574 2631 2240 2444 2880 2564 2526 2808 2344 2744 2748 2515 2677 2482 2718 2515 2616 
2493 2400 2186 2410 2365 2510 2180 2355 2462 2250 2257 2493 2247 2472 2380 2383 2456 2039 2089 2509 2286 2259 2528 2370 2240 2429 2173 2472 2305 2288 2304 2457 
2344 2683 2519 2465 2375 2846 2469 2486 2793 2494 2662 2651 2390 2516 2437 2343 2508 2083 2225 2559 2334 2342 2716 2311 2557 2457 2263 2575 2272 2456 2324 2370 
2335 2521 2425 2396 2310 2604 2256 2462 2608 2177 2264 2401 2317 2549 2401 2156 2382 2021 2211 2655 2065 2304 2598 2266 2369 2312 2290 2408 2376 2364 2085 2253 
2720 2523 2418 2384 2391 2798 2225 2648 2552 2424 2551 2563 2447 2713 2702 2552 2506 2191 2593 2734 2441 2407 2921 2516 2422 2522 2281 2734 2386 2663 2229 2591 
2635 2731 2615 2431 2647 2753 2450 2675 2809 2531 2561 2913 2464 2703 2703 2483 2535 2355 2301 2759 2276 2549 2692 2327 2409 2551 2419 2758 2293 2707 2296 2562 
2876 2937 2628 2785 2756 3113 2451 2854 2835 2631 2717 2869 2643 3083 2924 2685 2846 2387 2654 2971 2624 2572 3145 2666 2562 2856 2690 3013 2791 2730 2589 2714 
2412 2291 2242 2222 2335 2623 2231 2448 2245 2258 2252 2415 2303 2579 2481 2256 2310 2139 2086 2527 2230 2295 2607 2080 2078 2368 2301 2418 2199 2450 2132 2282 
2908 2619 2868 2776 2528 3104 2529 2694 2962 2639 2689 2922 2862 2767 2761 2690 2828 2425 2649 3044 2542 2580 3127 2767 2620 2832 2586 2771 2748 2764 2357 2689 
3159 2938 2980 3133 3063 3355 2825 2871 3053 2927 2922 3206 2749 3266 3190 2933 3038 2727 2806 3219 2779 2878 3345 2838 2908 3030 2914 3159 2965 3035 2690 2937 
2635 2417 2304 2308 2390 2725 2256 2467 2639 2286 2452 2521 2419 2642 2559 2231 2412 2289 2207 2366 2183 2204 2485 2183 2340 2296 2368 2569 2333 2312 2281 2470 
2785 2795 2566 2752 2473 2808 2488 2740 2690 2553 2808 2791 2495 2726 2613 2486 2846 2424 2383 2770 2484 2430 2811 2359 2504 2686 2686 2593 2690 2497 2498 2555 
2963 2854 2838 2835 2825 3123 2741 2811 2899 2808 2769 2891 2853 2956 3000 2753 2538 2466 2549 2936 2703 2581 3023 2527 2958 2697 2614 2832 2676 2847 2602 2813 
2835 2874 2682 2615 2769 2901 2650 2883 2952 2427 2614 2819 2582 2825 2758 2816 2914 2512 2552 3003 2498 2617 2992 2543 2577 2821 2528 2796 2844 2870 2529 2709 
2731 2635 2453 2682 2455 2862 2390 2723 2558 2373 2532 2736 2505 2726 2721 2416 2475 2159 2442 2831 2330 2389 2797 2218 2427 2570 2436 2530 2363 2559 2338 2618 
3101 2893 2835 2738 2658 2988 2699 2987 2986 2790 2859 3022 2759 2889 3206 3089 2952 2656 2725 2952 2648 2727 3208 2548 2762 2892 2762 3071 2934 2998 2584 2801 
2336 2627 2350 2245 2404 2629 2137 2444 2460 2142 2207 2425 2241 2247 2439 2283 2204 1936 2288 2467 1951 2363 2476 2023 2311 2310 2190 2334 2206 2336 1993 2204 
2690 2630 2475 2450 2552 2893 2439 2777 2736 2348 2545 2736 2238 2640 2703 2607 2431 2105 2245 2724 2520 2599 2993 2359 2507 2344 2331 2637 2349 2589 2217 2437 
3036 2646 2700 2718 2584 2869 2555 2623 2737 2399 2635 2790 2496 2763 2736 2544 2772 2228 2469 2866 2400 2491 2826 2328 2648 2743 2661 2854 2726 2583 2407 2555 
2719 2661 2526 2355 2509 2702 2482 2460 2709 2435 2435 2589 2349 2618 2813 2489 2566 2205 2095 2597 2265 2361 2673 2235 2438 2436 2395 2417 2306 2418 2274 2568 
2884 2724 2696 2733 2714 3007 2548 2853 2854 2600 2784 2834 2603 2738 2758 2649 2635 2367 2441 2884 2505 2521 3006 2477 2777 2651 2540 2748 2538 2744 2363 2613 
2541 2511 2336 2426 2434 2663 2270 2264 2531 2183 2327 2432 2189 2368 2492 2345 2408 2099 2231 2584 2168 2237 2591 2332 2342 2214 2336 2351 2238 2588 1979 2514 
2929 2995 2785 2855 2722 2968 2625 2824 3054 2668 2647 3065 2685 3053 3056 2674 2864 2520 2559 3101 2606 2499 3012 2553 2888 2776 2625 2735 2829 2793 2658 2905 
2680 2663 2443 2620 2550 2863 2418 2530 2600 2227 2519 2830 2465 2663 2741 2571 2660 2312 2446 2886 2253 2538 3033 2521 2439 2540 2389 2516 2469 2485 2219 2472 
2802 2729 2781 2531 2618 2841 2603 2767 2765 2610 2596 2783 2686 2765 2900 2743 2687 2349 2379 2722 2459 2556 2854 2426 2489 2690 2516 2668 2747 2844 2495 2809 
2722 2615 2833 2611 2587 3113 2554 2632 2935 2579 2618 2703 2480 2768 2812 2471 2580 2293 2341 2684 2492 2404 2869 2491 2460 2473 2731 2798 2418 2559 2398 2487 
2848 2713 2671 2612 2627 2810 2560 2759 2916 2597 2615 2876 2591 2768 2854 2667 2579 2464 2444 2768 2482 2542 2984 2464 2659 2650 2728 2716 2548 2556 2371 2655 
2848 2710 2582 2602 2787 2752 2603 2651 2751 2335 2367 2756 2506 2774 2736 2469 2620 2471 2535 2876 2430 2480 2835 2669 2515 2753 2427 2599 2675 2531 2387 2772 
2907 2673 2808 2419 2558 2684 2394 2583 2822 2289 2446 2769 2417 2767 2644 2705 2780 2331 2418 2747 2474 2716 2853 2457 2448 2545 2437 2598 2377 2690 2501 2566 
2865 2919 2848 2672 2748 2993 2538 2802 2912 2707 2685 2817 2665 2624 2953 2838 2921 2439 2554 2931 2613 2629 2905 2674 2572 2838 2682 2861 2814 2954 2593 2725 
