2317 1954 1954 1946 1910 2235 1952 2108 2058 2001 2023 1992 1921 2016 1998 2081 2223 1856 1820 2140 1861 2028 2097 1834 2020 1927 1918 2155 1847 2123 1941 1950 
2417 2089 2225 2161 2226 2296 2192 2103 2278 2087 2190 2291 1972 2274 2398 2206 2454 1943 1982 2178 2218 2214 2360 2092 1998 2212 2159 2245 1882 2273 2065 2223 
2195 1973 1852 1942 1917 1977 1854 2017 2018 1746 1790 2080 1708 1966 2050 2070 2068 1648 1714 2044 1959 1896 1975 1738 1932 1947 1786 2059 1701 2112 1801 2012 
2000 1696 1577 1837 1611 1714 1652 1623 1775 1658 1650 1787 1541 1766 1613 1779 1891 1455 1478 1780 1731 1716 1876 1749 1690 1732 1561 1837 1457 1814 1647 1814 
2004 2041 1926 1984 1855 2128 1912 1847 2170 1920 2035 1964 1866 1963 1880 1858 1996 1610 1693 1903 1888 1822 2119 1856 1974 1834 1775 1997 1615 1975 1696 1969 
1721 1688 1645 1745 1557 1658 1535 1657 1752 1508 1558 1480 1550 1755 1623 1579 1752 1417 1474 1774 1440 1648 1690 1599 1599 1565 1603 1775 1501 1773 1375 1627 
2302 2028 1941 1922 1934 2130 1842 2015 2094 1951 2015 1995 1856 2142 2065 2105 2147 1800 2090 2208 1930 1980 2242 2017 1982 2014 1886 2188 1687 2225 1713 2183 
2242 2160 2122 2008 2111 2141 1997 2151 2276 2040 2052 2283 1942 2108 2175 2059 2151 1947 1879 2195 1846 2194 2138 1872 1946 2048 1976 2338 1689 2260 1726 2109 
2218 2104 1900 2011 1933 2100 1896 2033 2060 1954 1901 1955 1810 2237 2073 2021 2195 1740 1876 2127 1907 1913 2280 1863 1928 2069 1943 2182 1800 2075 1728 2104 
1941 1684 1699 1681 1707 1862 1703 1771 1690 1763 1707 1803 1616 1869 1843 1758 1884 1701 1595 1835 1679 1817 1938 1582 1564 1841 1798 1890 1472 1958 1544 1751 
2339 1889 2074 2075 1894 2255 1840 1954 2135 2085 2034 2087 2067 2018 1950 2013 2176 1835 1975 2224 1911 1910 2236 2015 1971 2071 1916 2088 1871 2154 1677 2049 
2586 2102 2195 2367 2377 2499 2211 2097 2302 2263 2241 2365 2012 2450 2385 2311 2394 2112 2062 2350 2130 2120 2450 2135 2168 2240 2223 2509 2071 2404 1966 2288 
2119 1789 1747 1796 1738 2028 1829 1841 2038 1771 1977 1881 1771 1980 1918 1774 1945 1782 1692 1769 1680 1780 1890 1616 1866 1732 1842 2048 1645 1855 1685 1912 
2198 2078 1860 2115 1888 2030 1940 2022 2087 1935 2161 2016 1764 2130 1925 1937 2345 1867 1758 2107 1935 1908 2111 1752 1989 2026 1990 2047 1861 1936 1758 2006 
2282 2025 2087 2041 2007 2121 2051 1994 2098 2095 1951 2014 2014 2027 2171 2087 1866 1835 1801 2002 2034 1943 2090 1787 2188 1939 1842 2119 1730 2108 1753 2106 
2296 2106 1882 1951 2050 2063 1967 2145 2111 1873 1972 1974 1850 2153 2008 2194 2267 1858 1914 2143 1945 1928 2233 1809 1961 2062 1875 2200 1965 2330 1834 2119 
2233 1973 1868 2004 1848 2160 1909 2036 2024 1885 1899 2052 1884 2019 2065 1927 2012 1706 1866 2171 1848 1901 2070 1724 1885 1981 1770 2012 1708 2062 1674 2047 
2528 2177 2108 2115 1915 2224 2146 2298 2335 2098 2235 2237 1943 2164 2373 2445 2361 2130 2044 2195 2062 2164 2428 1919 2153 2088 2109 2437 2053 2459 1900 2214 
1630 1766 1589 1566 1591 1688 1566 1665 1685 1484 1534 1538 1459 1497 1641 1684 1602 1275 1531 1710 1331 1708 1666 1297 1658 1466 1417 1716 1318 1771 1221 1651 
2203 1992 1955 1958 1918 2119 1959 2141 2214 1842 2034 2106 1620 2022 2080 2144 1961 1664 1677 2120 1995 2118 2264 1803 1926 1821 1784 2136 1712 2132 1660 1969 
2430 1919 1996 1976 1913 2027 1860 1886 2027 1797 1897 2013 1708 2051 1943 1903 2174 1693 1810 2043 1839 1900 2052 1723 1967 1977 1911 2158 1836 2008 1728 1947 
2240 2037 1982 1934 1855 2018 1987 1843 2121 1905 2001 1970 1746 2001 2166 2025 2121 1785 1626 2035 1768 1934 2097 1740 1968 1864 1844 1960 1626 1990 1754 2030 
2322 1964 2071 2075 2020 2124 1941 2114 2147 2058 2043 2067 1904 1990 2050 2074 2076 1819 1820 2058 1948 1935 2145 1818 2054 1980 1876 2135 1790 2207 1651 2007 
2070 1921 1793 1961 1882 1940 1776 1756 2051 1718 1926 1831 1643 1800 1974 1821 1954 1651 1714 2017 1621 1727 1955 1728 1899 1696 1800 1936 1613 2074 1426 2010 
2275 2172 2096 2143 2026 2077 1933 1996 2220 1962 1900 2178 1881 2242 2200 2071 2262 1945 1855 2212 1922 1900 2175 1898 2117 2036 1949 2039 1883 2138 1909 2218 
2085 1934 1722 1929 1797 2010 1783 1845 1832 1675 1876 1995 1752 1905 1964 1928 2007 1709 1804 2023 1648 1831 2131 1732 1755 1836 1718 1927 1636 1903 1522 1878 
2185 1975 2054 1869 1948 1970 2008 1931 2097 1946 1900 2011 1935 2025 2141 2137 2103 1736 1699 1941 1863 1943 2114 1812 1897 1912 1821 2045 1802 2262 1712 2169 
2216 1930 2119 1999 1957 2312 1985 1894 2190 1944 2059 1994 1765 2154 2140 2007 2141 1785 1765 2061 1953 1918 2209 1954 1897 1898 2096 2213 1724 2019 1776 2036 
2228 2020 1910 1983 1973 1919 1899 2009 2205 1930 1951 2071 1833 2070 2070 2046 1986 1844 1737 2022 1865 1952 2144 1825 1995 1905 1981 2125 1662 1922 1639 2086 
2179 1820 1799 1891 1947 1893 1924 1760 1961 1729 1711 1881 1736 1936 1924 1789 1914 1814 1832 2012 1806 1739 2010 1961 1787 1893 1708 1928 1767 1954 1599 2027 
2380 1939 2068 1855 1928 1865 1847 1895 2072 1715 1898 2039 1793 2153 2066 2047 2212 1801 1791 2031 1855 2058 2057 1778 1947 1893 1838 2075 1654 2123 1837 2027 
2318 2228 2170 2093 2061 2183 2079 2081 2218 2121 2118 2150 1985 1930 2240 2229 2376 1855 1913 2249 2014 1998 2206 2008 2009 2072 2063 2279 1969 2446 1962 2151 
