739 501 574 699 490 834 581 692 658 666 633 610 572 594 535 660 632 471 687 704 684 643 687 657 610 533 463 718 494 528 597 590 
860 786 830 925 665 1012 807 832 829 713 829 807 713 878 871 822 907 637 832 896 858 813 869 820 726 794 720 891 747 659 776 755 
706 579 567 684 572 807 571 671 623 537 534 628 520 712 625 645 607 470 695 728 589 570 602 676 592 579 424 693 429 489 511 676 
700 576 564 737 426 775 540 554 653 588 570 546 571 607 439 617 651 434 567 703 581 609 652 594 592 532 537 685 464 430 554 557 
837 763 761 917 650 994 711 709 832 781 831 731 734 927 650 724 800 633 736 867 756 788 920 793 819 751 672 882 639 536 715 827 
548 475 526 597 391 672 490 538 589 486 513 446 474 609 514 589 527 473 502 582 504 564 573 573 535 406 462 567 473 398 478 552 
710 626 662 777 539 900 578 712 672 702 719 664 582 712 633 724 633 448 729 765 647 648 703 671 601 713 520 737 496 590 504 697 
694 610 596 826 558 830 586 633 775 711 672 633 577 752 603 607 587 566 663 792 476 632 671 663 571 569 511 717 562 506 470 626 
662 696 531 800 581 869 564 677 646 616 584 606 620 816 568 587 686 553 726 826 608 656 772 653 658 634 500 747 632 493 557 736 
646 411 468 690 490 703 561 574 588 537 587 560 521 678 533 527 515 527 520 629 539 587 574 491 544 581 502 619 415 455 465 488 
903 698 748 976 615 1074 697 742 873 831 796 766 721 837 681 827 836 645 863 911 721 815 892 785 786 718 674 946 668 646 611 743 
846 622 854 966 707 1072 678 697 779 843 728 766 693 903 751 837 764 674 878 876 706 676 858 837 701 776 718 966 692 576 586 814 
745 626 640 813 595 874 611 645 834 698 838 740 628 778 625 622 661 588 705 641 569 672 767 667 672 601 597 812 537 560 545 682 
611 668 645 828 506 778 613 578 709 621 686 641 521 733 610 589 757 551 605 754 548 604 714 627 580 640 567 679 581 451 589 633 
700 595 747 800 592 892 697 623 679 714 617 580 731 743 750 749 567 572 649 738 673 706 637 671 697 663 598 745 581 553 582 690 
706 555 636 691 564 765 571 650 595 583 548 643 528 655 571 732 666 448 678 721 613 580 672 629 585 593 477 675 509 486 542 642 
776 671 652 828 569 917 702 676 765 666 676 679 649 814 670 724 695 523 626 873 601 724 714 635 657 656 592 732 517 537 603 664 
768 605 666 844 553 857 649 707 821 724 792 743 597 694 690 768 685 592 754 710 680 716 778 706 669 631 555 829 579 668 533 666 
552 620 642 705 494 781 606 595 652 620 560 591 608 667 616 666 573 436 617 615 576 633 644 611 676 581 441 662 488 518 479 685 
846 573 578 817 580 902 671 852 819 633 711 726 560 764 629 762 665 564 689 830 648 753 759 666 637 588 504 811 586 621 582 704 
839 511 585 730 529 828 528 573 685 547 584 643 439 706 590 659 663 497 711 757 656 603 705 636 552 618 552 710 538 475 560 540 
768 644 624 797 479 912 652 627 789 670 662 669 531 806 749 694 738 560 625 800 591 721 756 666 591 608 550 717 534 554 562 643 
748 580 701 794 577 945 613 744 806 694 725 621 649 693 623 731 667 505 763 700 622 641 740 720 657 606 573 746 499 543 586 577 
612 521 495 708 522 771 533 528 628 544 510 555 516 682 609 539 536 537 608 701 470 527 578 569 522 515 515 642 460 461 441 611 
800 751 770 874 661 897 657 725 749 647 744 758 631 910 760 738 847 657 775 849 722 680 824 781 721 747 677 775 627 539 738 727 
676 578 570 738 606 790 568 650 600 544 658 714 581 773 619 691 602 480 666 726 488 601 717 669 698 587 495 706 509 478 493 606 
739 629 665 719 568 829 698 760 684 635 671 637 644 779 733 797 680 582 623 779 700 737 695 660 633 629 576 731 507 607 548 762 
889 675 864 949 587 1008 715 622 849 772 789 763 643 920 740 828 820 713 716 900 731 707 831 844 730 657 785 878 658 564 741 753 
782 668 658 820 634 866 652 708 753 695 747 702 646 914 634 683 700 642 645 795 627 714 785 756 727 651 560 801 588 485 636 775 
805 397 511 700 564 677 602 567 643 548 475 592 445 727 524 572 505 523 638 658 611 611 628 645 528 557 471 665 501 374 456 602 
764 553 606 691 542 741 601 639 690 575 609 616 481 742 629 725 691 507 633 706 616 686 700 692 652 613 477 654 478 435 500 672 
641 541 628 745 495 793 592 612 662 624 675 596 499 573 606 722 643 508 609 703 635 548 593 637 535 625 516 763 597 541 566 614 
