4697 4680 4812 4552 4482 4975 4336 4786 4652 4508 4503 4704 4427 4723 4698 4615 4747 4332 4332 4667 4094 4716 4751 4514 4561 4552 4455 4764 4604 4555 4691 4462 
4861 4876 5180 4896 4891 5269 4553 4557 4772 4443 4715 5037 4462 4938 5190 4544 4883 4414 4441 4885 4521 4836 5255 4770 4521 4763 4930 4708 4897 4651 4777 4351 
4826 4890 4893 4836 4795 5188 4422 4699 4868 4246 4464 5041 4504 4969 5041 4620 4611 4203 4368 4919 4350 4657 4992 4525 4666 4691 4701 4861 4714 4770 4699 4492 
4353 4405 4381 4350 4315 4610 4140 4097 4333 4049 4207 4595 4034 4248 4578 4040 4465 3799 3574 4364 3940 4167 4518 4166 4090 4366 4235 4617 4494 3982 4390 4002 
4213 4593 4761 4436 4367 4853 4346 4420 4542 4220 4458 4426 4047 4515 4445 4249 4516 4060 4001 4342 3977 4347 4700 4052 4424 4263 4218 4650 4292 4125 4186 3921 
4358 4578 4928 4511 4435 4992 4420 4425 4825 4268 4458 4664 4426 4775 4592 4268 4568 4092 4194 4737 3918 4506 4935 4272 4375 4484 4341 4668 4747 4373 4227 4118 
4601 4621 4808 4432 4450 5085 4411 4549 4458 4262 4514 4588 4316 4854 4779 4500 4657 4144 4361 4729 4310 4293 5068 4478 4409 4374 4401 4951 4660 4643 4387 4292 
4700 4741 4999 4505 4732 5167 4619 4663 4728 4481 4685 4937 4385 4836 4905 4664 4697 4414 4174 5003 4103 4646 4913 4471 4454 4633 4498 4890 4693 4817 4517 4396 
4704 4920 4958 4716 4755 5430 4546 4577 4812 4709 4771 4734 4589 5076 5019 4580 4980 4473 4475 4993 4357 4557 5323 4545 4582 4781 4799 5198 5127 4676 4555 4298 
3970 4095 4238 4160 4171 4527 3992 4216 3899 3776 3950 4150 3917 4327 4370 4126 4097 3856 3603 4104 3823 4187 4506 3751 3801 4148 4139 4452 4120 4218 3883 3840 
4677 4593 5292 4916 4611 5378 4497 4599 5129 4627 4720 4978 4754 4948 4942 4752 4935 4411 4621 4855 4498 4810 4995 4673 4580 4837 4734 4997 4825 4655 4417 4564 
5029 5126 5095 5158 5159 5512 4694 4614 5012 4811 4974 5109 4687 5217 5275 4798 5108 4655 4717 5145 4626 4907 5374 4892 4993 4993 5132 5269 5078 4985 4846 4804 
4530 4499 4706 4262 4348 5046 4244 4221 4667 4186 4413 4587 4196 4769 4728 4216 4508 4442 4032 4296 4069 4310 4521 3974 4260 4079 4382 4529 4586 4180 4251 4162 
4602 4940 4926 4761 4299 5060 4447 4656 4827 4526 4888 4871 4610 4824 4814 4527 4862 4433 4176 4707 4282 4649 4891 4362 4467 4753 4860 4695 4845 4472 4586 4345 
4794 4702 5007 4648 4677 5362 4683 4641 4961 4712 4646 4856 4772 4816 5047 4608 4560 4291 4249 4938 4385 4629 4880 4449 4873 4633 4619 4971 4858 4509 4618 4522 
4499 4638 4775 4575 4606 4988 4482 4614 4833 4106 4434 4629 4320 4686 4612 4758 4698 4235 4280 4822 4176 4534 4878 4267 4400 4541 4396 4662 4868 4537 4398 4253 
4608 4658 4951 4810 4578 5002 4457 4665 4648 4464 4601 4827 4539 4862 4900 4474 4531 4141 4430 4842 4142 4466 4907 4311 4521 4634 4618 4633 4504 4657 4464 4451 
4899 4718 4921 4585 4559 5033 4628 4714 4750 4492 4698 4812 4554 4580 5230 5055 4809 4431 4090 4687 4309 4515 5197 4261 4542 4586 4712 5068 4906 4781 4404 4477 
4240 4464 4422 4103 4281 4672 3919 4138 4334 3886 3908 4270 3818 4129 4492 4009 4114 3818 4058 4157 3553 4323 4440 3821 4014 4052 4027 4241 4207 4129 3824 3756 
4827 4730 4929 4592 4626 5295 4566 4651 5097 4598 4762 4915 4356 4838 5059 4759 4535 4267 4387 4754 4490 4917 5331 4393 4481 4463 4592 4932 4748 4757 4339 4371 
5011 4717 5132 4818 4775 5096 4510 4450 4711 4324 4554 4763 4269 4710 4927 4553 4890 4324 4346 4720 4137 4660 4838 4182 4670 4754 4810 5009 4939 4428 4546 4280 
4677 4822 4963 4283 4764 5032 4327 4331 4848 4426 4610 4651 4273 4580 4930 4381 4567 4241 4023 4709 4002 4453 4851 4203 4327 4552 4527 4471 4476 4276 4351 4217 
4971 4922 4871 4735 4777 5309 4662 4946 4712 4652 4968 4852 4646 4831 4954 4736 4790 4321 4217 4876 4324 4578 5322 4534 4813 4512 4597 4787 4897 4616 4521 4337 
4547 4815 4831 4593 4509 5011 4437 4256 4733 4165 4402 4534 4332 4459 4820 4404 4562 4095 4160 4582 4152 4409 4809 4522 4436 4364 4513 4550 4475 4642 4244 4363 
4712 4849 4879 4742 4555 5103 4556 4603 4897 4352 4551 5022 4552 4998 5008 4464 4844 4429 4269 4991 4394 4475 5073 4610 4803 4483 4501 4565 4926 4553 4748 4613 
4608 4743 4876 4750 4666 5102 4543 4473 4583 4223 4601 4868 4464 4744 4907 4501 4889 4447 4517 4889 4106 4730 5077 4574 4432 4634 4593 4681 4662 4437 4308 4109 
4800 4798 5284 4599 4731 5235 4699 4762 5001 4823 4872 4812 4709 4891 5154 4785 4700 4332 4317 4773 4322 4638 4936 4514 4444 4733 4828 4668 4971 4822 4626 4630 
4381 4488 4745 4333 4303 5008 4335 4339 4798 4211 4492 4487 4213 4645 4681 4120 4238 3859 4008 4448 3956 4205 4625 4261 4120 4280 4473 4657 4171 4124 4113 4173 
4880 4874 5096 4707 4693 5271 4761 4853 4967 4609 4817 5073 4586 4908 5142 4684 4879 4350 4435 4857 4598 4771 5295 4525 4701 4689 4882 5044 4926 4441 4685 4549 
4804 4820 5080 4901 4833 4982 4736 4638 4834 4270 4429 4721 4620 4757 4939 4705 4783 4484 4520 4782 4438 4634 5047 4816 4613 4944 4587 4936 4931 4604 4610 4538 
4671 4609 5060 4287 4593 4950 4425 4308 4883 4148 4360 4786 4289 4702 4674 4697 4598 4205 4090 4665 4374 4670 4901 4326 4192 4428 4371 4780 4627 4623 4503 4286 
4715 4938 5142 4642 4573 5056 4525 4535 4945 4663 4679 4748 4713 4552 5086 4846 4822 4172 4317 4813 4456 4594 4869 4650 4522 4879 4630 4954 4842 4865 4756 4504 
