1596 1255 1300 1279 1239 1694 1234 1450 1475 1297 1457 1203 1309 1364 1275 1377 1495 1234 1309 1506 1225 1342 1514 1253 1322 1292 1251 1515 1358 1316 1365 1206 
1602 1450 1463 1475 1448 1690 1389 1481 1563 1345 1462 1444 1257 1570 1599 1429 1618 1257 1455 1439 1479 1439 1696 1378 1257 1511 1447 1575 1381 1403 1369 1430 
1398 1217 1078 1215 1223 1367 1056 1255 1261 1043 1176 1237 982 1345 1203 1243 1285 1093 1174 1263 1121 1083 1276 1139 1195 1201 1068 1288 1158 1205 1138 1262 
1308 1111 981 1258 997 1221 1000 1093 1141 1026 1088 1047 967 1162 977 1087 1196 1017 1056 1193 1089 1050 1287 1161 1070 1135 951 1275 1020 1074 1015 1177 
1438 1427 1330 1360 1301 1638 1267 1352 1601 1311 1503 1310 1331 1442 1287 1364 1442 1178 1231 1408 1255 1252 1647 1352 1380 1260 1305 1477 1247 1286 1192 1361 
1244 1157 1113 1171 1089 1254 1066 1154 1265 989 1113 931 1098 1264 1087 1086 1194 1059 1060 1247 953 1115 1279 1120 1115 1076 1094 1315 1184 1185 1000 1113 
1529 1349 1191 1310 1249 1614 1218 1453 1361 1261 1426 1221 1196 1474 1345 1396 1448 1206 1472 1505 1240 1260 1559 1345 1289 1359 1200 1573 1294 1472 1132 1416 
1439 1316 1262 1289 1282 1506 1206 1355 1498 1199 1411 1330 1117 1407 1273 1224 1271 1265 1231 1392 1076 1308 1429 1192 1143 1212 1221 1495 1189 1218 1022 1243 
1542 1438 1219 1366 1350 1624 1262 1457 1426 1288 1362 1313 1227 1610 1333 1314 1522 1242 1382 1461 1241 1322 1670 1249 1374 1437 1248 1592 1323 1375 1221 1383 
1441 1174 1215 1245 1264 1449 1244 1298 1330 1205 1268 1240 1127 1426 1318 1204 1301 1289 1205 1308 1187 1361 1445 1096 1109 1331 1315 1436 1112 1260 1096 1244 
1748 1357 1450 1533 1326 1816 1320 1468 1615 1452 1456 1435 1464 1480 1407 1460 1570 1333 1531 1607 1294 1352 1735 1443 1399 1471 1373 1669 1480 1464 1259 1437 
1723 1364 1396 1594 1550 1871 1348 1397 1633 1483 1515 1418 1306 1670 1522 1502 1590 1386 1511 1613 1322 1322 1687 1463 1381 1539 1453 1820 1458 1442 1258 1457 
1518 1275 1253 1339 1212 1563 1177 1381 1581 1250 1481 1341 1205 1448 1358 1303 1364 1292 1297 1281 1139 1236 1481 1195 1348 1237 1295 1542 1338 1281 1181 1321 
1377 1398 1202 1442 1168 1471 1228 1397 1417 1185 1449 1194 1071 1416 1281 1234 1581 1227 1231 1426 1158 1222 1513 1181 1258 1319 1266 1428 1391 1191 1160 1234 
1487 1284 1373 1346 1296 1582 1305 1352 1428 1357 1324 1187 1362 1348 1477 1426 1277 1188 1199 1407 1305 1244 1477 1275 1433 1279 1255 1450 1310 1308 1177 1300 
1625 1447 1324 1416 1510 1573 1341 1538 1527 1310 1409 1384 1264 1651 1372 1596 1672 1371 1448 1522 1328 1305 1674 1336 1403 1469 1316 1625 1586 1634 1365 1452 
1513 1273 1172 1342 1209 1645 1293 1395 1372 1223 1347 1300 1243 1433 1390 1324 1480 1179 1273 1515 1181 1212 1458 1291 1251 1357 1185 1381 1319 1341 1205 1343 
1642 1431 1417 1424 1319 1609 1390 1595 1673 1363 1626 1402 1226 1497 1545 1613 1553 1427 1449 1454 1352 1465 1701 1347 1487 1365 1384 1679 1495 1565 1248 1403 
1126 1262 1098 1123 1087 1327 1098 1150 1258 1020 1138 1017 1014 1174 1172 1205 1142 960 1090 1185 916 1142 1219 990 1222 980 1029 1269 1054 1169 853 1206 
1465 1252 1211 1216 1224 1509 1245 1483 1506 1127 1401 1267 986 1321 1287 1424 1287 1138 1147 1383 1183 1354 1540 1176 1272 1104 1118 1499 1225 1339 1064 1277 
1681 1222 1238 1262 1243 1531 1190 1311 1395 1088 1318 1207 1039 1372 1272 1259 1401 1158 1275 1465 1150 1273 1423 1111 1238 1270 1266 1514 1293 1173 1175 1167 
1533 1363 1290 1326 1169 1522 1295 1263 1486 1212 1368 1265 1085 1408 1484 1380 1453 1209 1172 1382 1166 1292 1506 1180 1292 1218 1251 1368 1198 1233 1207 1265 
1434 1197 1282 1358 1275 1582 1168 1421 1479 1285 1412 1183 1171 1340 1276 1357 1344 1081 1245 1326 1200 1215 1489 1262 1283 1236 1182 1460 1218 1330 1079 1194 
1326 1268 1038 1280 1190 1460 1122 1160 1389 1081 1305 1115 1046 1263 1319 1199 1246 1115 1141 1371 990 1037 1358 1151 1218 1053 1152 1349 1138 1321 918 1284 
1404 1415 1294 1388 1258 1478 1213 1318 1494 1255 1312 1309 1165 1555 1434 1361 1485 1292 1258 1395 1240 1178 1480 1275 1393 1329 1229 1366 1349 1273 1338 1371 
1332 1279 1168 1359 1259 1480 1156 1257 1269 1089 1357 1329 1148 1344 1324 1300 1340 1161 1269 1350 1103 1190 1519 1264 1218 1225 1190 1343 1254 1181 1015 1227 
1461 1428 1340 1274 1288 1518 1308 1402 1498 1290 1310 1297 1262 1478 1469 1518 1409 1213 1224 1382 1257 1323 1527 1256 1323 1325 1262 1477 1263 1472 1169 1439 
1668 1318 1500 1431 1337 1763 1380 1394 1587 1379 1484 1318 1228 1554 1496 1491 1542 1310 1316 1549 1278 1317 1655 1413 1361 1286 1518 1642 1355 1362 1257 1348 
1519 1397 1296 1364 1364 1461 1261 1354 1527 1290 1366 1315 1214 1569 1379 1332 1340 1257 1274 1346 1230 1295 1598 1282 1290 1263 1329 1465 1231 1227 1147 1411 
1553 1116 1150 1277 1311 1283 1217 1250 1368 1058 1134 1222 1081 1381 1202 1196 1238 1269 1330 1308 1181 1137 1447 1332 1187 1260 1052 1386 1311 1201 1081 1329 
1607 1288 1307 1253 1263 1450 1201 1306 1439 1111 1371 1260 1122 1527 1361 1414 1484 1256 1269 1406 1191 1359 1463 1286 1299 1347 1226 1461 1214 1236 1217 1344 
1573 1433 1353 1406 1329 1570 1319 1406 1544 1326 1438 1409 1272 1309 1406 1497 1516 1284 1325 1469 1337 1194 1521 1303 1371 1357 1314 1663 1476 1478 1290 1378 
