5362 5293 5548 5167 5257 5609 5062 5606 5203 5311 5210 5508 5183 5544 5207 5206 5308 5074 5089 5401 4904 5233 5285 5317 5427 5310 5073 5489 5159 5319 5467 5352 
5536 5493 5753 5388 5546 5807 5166 5297 5277 5070 5345 5756 5160 5727 5619 5115 5264 5088 5145 5526 5265 5231 5648 5539 5294 5376 5469 5394 5498 5239 5459 5156 
5539 5602 5590 5514 5726 5829 5156 5411 5362 5090 5079 5740 5281 5744 5645 5229 5261 4810 5005 5692 5086 5080 5491 5313 5515 5472 5180 5694 5392 5450 5404 5395 
4932 4897 5026 4814 5044 5156 4781 4689 4793 4744 4667 5197 4648 4846 5100 4472 4993 4286 4141 4969 4565 4623 4947 4868 4795 4990 4710 5282 4997 4558 4897 4790 
4633 4994 5271 4886 4986 5361 4908 4919 4823 4903 4863 5027 4542 5148 4907 4756 4916 4601 4514 4881 4490 4733 5114 4665 5054 4794 4619 5255 4802 4665 4739 4500 
5189 5359 5742 5251 5417 5760 5312 5338 5391 5135 5157 5568 5280 5743 5290 4993 5146 4986 5059 5563 4840 5093 5510 5149 5348 5300 5009 5590 5442 5143 5191 5046 
5254 5216 5539 5015 5150 5645 5051 5297 4959 4930 5084 5395 5053 5611 5318 5111 5231 4818 5051 5401 4993 4829 5542 5223 5307 5035 4923 5591 5292 5228 5191 5149 
5451 5538 5713 5207 5611 5902 5329 5550 5237 5319 5324 5754 5350 5732 5601 5358 5349 5171 5004 5796 4942 5215 5434 5255 5425 5374 5155 5727 5364 5538 5384 5378 
5346 5449 5548 5220 5429 6009 5272 5231 5203 5373 5222 5389 5202 5805 5516 5169 5432 5048 5118 5561 4997 5018 5757 5256 5345 5393 5340 5872 5666 5266 5243 4971 
4520 4565 4888 4692 4806 4948 4494 4780 4250 4407 4353 4722 4538 5006 4848 4638 4559 4415 4171 4674 4418 4580 4901 4428 4543 4709 4590 5042 4733 4752 4460 4556 
5372 5114 5924 5447 5345 5988 5144 5347 5682 5273 5265 5756 5490 5691 5369 5331 5435 5000 5393 5526 5260 5287 5484 5385 5391 5580 5298 5687 5430 5406 5102 5399 
5686 5685 5745 5731 5847 6186 5434 5385 5453 5619 5518 5877 5405 6091 5884 5494 5540 5316 5415 5825 5301 5351 5868 5662 5811 5680 5669 6036 5658 5674 5489 5618 
5222 5181 5414 4991 5164 5784 4963 5016 5200 4967 5072 5424 4987 5731 5303 4842 5069 5194 4810 5041 4856 4835 5082 4770 5191 4806 5037 5411 5238 4917 5087 5073 
5114 5449 5496 5222 5006 5684 5127 5278 5179 5171 5399 5452 5232 5512 5342 5063 5293 5033 4791 5268 4793 5089 5315 5072 5173 5285 5360 5369 5344 5053 5182 5021 
5377 5217 5647 5215 5342 5839 5164 5226 5316 5366 5139 5492 5506 5475 5563 5137 5001 4890 4825 5549 5002 5024 5258 5098 5648 5234 5022 5574 5446 5083 5180 5273 
5237 5336 5492 5175 5519 5636 5289 5364 5376 4904 5054 5402 5099 5473 5181 5420 5318 4961 5002 5546 4933 5023 5408 5135 5267 5258 4960 5417 5558 5216 5170 5086 
5295 5294 5668 5452 5458 5750 5215 5479 5188 5345 5264 5599 5268 5780 5539 5061 5091 4831 5144 5576 4911 5034 5426 5196 5429 5395 5261 5518 5155 5398 5222 5354 
5522 5203 5610 5153 5218 5555 5247 5357 5105 5259 5217 5448 5224 5247 5671 5678 5253 5058 4648 5293 4936 4964 5599 4867 5218 5196 5155 5792 5419 5447 4971 5228 
4861 5139 5138 4782 5087 5254 4545 4820 4815 4709 4486 5015 4614 4968 5101 4568 4734 4485 4685 4790 4219 4792 4857 4547 4872 4733 4513 4988 4742 4768 4530 4662 
5355 5176 5419 5030 5209 5761 5114 5160 5416 5131 5247 5459 4869 5485 5483 5229 4851 4723 4926 5265 4934 5255 5666 5033 5164 4955 4979 5494 5174 5284 4866 4996 
5617 5214 5754 5327 5513 5689 5163 5112 5186 5018 4999 5427 4962 5493 5429 5106 5396 4880 4951 5251 4705 5180 5326 4938 5500 5372 5335 5702 5561 4994 5214 5026 
5195 5189 5518 4737 5338 5496 4866 4876 5323 5130 5011 5283 4774 5298 5400 4868 4996 4777 4523 5190 4536 4868 5283 4823 5015 5129 4922 5114 4971 4738 4915 4886 
5699 5596 5643 5425 5581 6027 5409 5830 5223 5525 5563 5662 5398 5762 5585 5413 5395 5068 4957 5597 5086 5173 5760 5330 5701 5228 5242 5650 5499 5314 5352 5281 
5049 5260 5400 5037 5130 5518 5060 4739 5158 4721 4775 5082 4906 5061 5215 4931 5051 4515 4728 5109 4692 4782 5353 5125 5139 4947 4991 5181 4996 5170 4814 5009 
5316 5384 5566 5360 5316 5654 5207 5183 5288 5091 5005 5715 5205 5702 5516 5066 5373 5050 4893 5587 5070 4951 5532 5304 5572 5080 5024 5249 5453 5177 5409 5364 
5301 5317 5644 5438 5508 5732 5278 5140 5018 5019 5123 5627 5161 5580 5451 5213 5403 5200 5247 5556 4873 5231 5629 5389 5292 5244 5216 5496 5289 5162 5067 4983 
5478 5432 6108 5257 5522 5949 5502 5512 5477 5633 5451 5638 5454 5716 5719 5579 5257 5086 5088 5462 5056 5243 5498 5289 5277 5394 5495 5476 5573 5568 5423 5486 
4971 4976 5255 4886 4932 5569 5015 4816 5216 4837 4985 5121 4732 5314 5118 4579 4706 4327 4552 5079 4523 4484 5053 4911 4855 4913 4892 5380 4591 4683 4663 4859 
5578 5423 5798 5329 5418 5846 5419 5597 5460 5351 5394 5760 5253 5708 5734 5315 5439 4989 5050 5483 5272 5258 5700 5241 5501 5315 5375 5768 5513 5100 5400 5375 
5392 5372 5737 5490 5512 5591 5391 5225 5246 4861 4877 5389 5320 5458 5440 5246 5286 5064 5216 5488 5109 4976 5516 5468 5389 5574 5109 5608 5480 5239 5241 5302 
5330 5263 5704 4894 5339 5521 5150 4952 5407 4840 4993 5473 4935 5534 5215 5283 5137 4837 4785 5378 5065 5047 5396 5133 4997 5139 4876 5586 5286 5241 5187 5128 
5389 5618 5959 5293 5392 5743 5268 5350 5545 5421 5282 5568 5563 5452 5658 5584 5432 4908 5143 5552 5236 5087 5497 5424 5421 5668 5268 5734 5520 5667 5561 5433 
