3519 3298 3272 3294 3251 3642 3074 3504 3506 3109 3229 3517 3205 3281 3440 3381 3445 3037 3032 3418 3072 3354 3598 3355 3234 3249 3154 3442 3365 3344 3342 3195 
3617 3434 3539 3464 3513 3729 3267 3132 3562 3151 3354 3700 3227 3516 3715 3279 3533 2960 3202 3425 3351 3436 3773 3438 3261 3375 3509 3472 3319 3429 3293 3240 
3538 3385 3195 3351 3389 3621 3120 3346 3474 2931 3089 3622 3201 3422 3603 3295 3300 2855 2972 3483 3169 3238 3572 3093 3353 3364 3303 3623 3306 3464 3218 3241 
3221 3220 2990 3175 3207 3254 2947 2956 3240 2846 2938 3372 3020 3076 3337 3022 3195 2709 2595 3117 2983 2945 3252 3046 2993 3161 3011 3334 3124 2983 3111 3064 
2998 3262 3177 3153 3050 3455 3118 3083 3447 2975 3241 3315 3062 3025 3246 2935 3130 2733 2752 3121 2882 2983 3349 2895 3111 3007 2898 3401 2933 2994 2964 2925 
2949 3116 3130 3132 3029 3304 2844 3035 3246 2755 2940 3208 3037 3168 3134 2823 3001 2678 2805 3265 2668 2957 3379 2999 2999 2951 2967 3217 3073 2973 2711 2836 
3235 3179 3033 3083 3059 3486 2972 3129 3123 2915 3110 3238 3078 3282 3360 3136 3189 2806 3118 3293 3099 2957 3522 3108 3033 3027 2997 3546 3090 3329 2884 3092 
3361 3269 3237 3072 3344 3483 3061 3279 3463 3093 3165 3641 3040 3211 3442 3105 3135 2927 2877 3373 2842 3250 3372 3003 2970 3149 3061 3497 2975 3310 2895 3059 
3508 3594 3272 3420 3428 3868 3151 3376 3419 3152 3309 3474 3332 3552 3675 3245 3519 3038 3251 3554 3217 3146 3814 3349 3195 3402 3369 3840 3556 3359 3200 3219 
2919 2894 2803 2908 2965 3309 2881 2927 2850 2690 2768 3070 2910 3156 3204 2871 2893 2719 2620 3041 2864 2904 3248 2650 2582 2896 2911 3221 2871 3065 2756 2845 
3549 3253 3499 3637 3292 3836 3225 3304 3723 3160 3304 3669 3531 3379 3561 3418 3548 3056 3278 3595 3301 3280 3760 3423 3258 3357 3299 3675 3463 3447 3082 3326 
3799 3693 3685 3988 3824 4105 3520 3475 3796 3531 3577 4023 3491 3875 3990 3608 3810 3415 3525 3821 3522 3588 4030 3686 3660 3674 3669 4053 3765 3777 3448 3596 
3236 3154 3002 3072 3126 3450 2964 3016 3263 2793 3057 3276 3030 3198 3393 2869 3118 2916 2795 2915 2902 2869 3206 2750 3040 2773 3101 3339 3164 2976 2934 3035 
3379 3434 3285 3515 3110 3442 3170 3401 3441 3127 3437 3571 3304 3337 3388 3214 3557 3099 2932 3274 3138 3084 3535 3032 3119 3339 3330 3447 3373 3166 3205 3172 
3705 3450 3535 3507 3629 3936 3407 3447 3632 3434 3371 3672 3512 3545 3843 3452 3264 3113 3159 3572 3333 3340 3710 3257 3677 3394 3347 3755 3463 3500 3326 3475 
3377 3351 3269 3249 3378 3457 3196 3376 3554 2947 3127 3509 3055 3354 3371 3401 3428 3011 3077 3532 3034 3229 3526 3118 3113 3264 3121 3415 3420 3396 3059 3195 
3383 3258 3157 3397 3120 3472 3035 3361 3208 2926 3192 3491 3168 3244 3441 3018 3130 2824 3033 3450 2903 2985 3468 2925 3048 3124 3097 3256 3044 3138 2922 3172 
3818 3602 3586 3527 3495 3801 3540 3743 3762 3416 3589 3791 3482 3572 4121 3798 3709 3320 3312 3573 3376 3427 4031 3302 3401 3490 3528 3922 3744 3751 3313 3504 
3006 3227 2959 2926 3051 3270 2627 2924 3123 2601 2701 3092 2794 2703 3207 2846 2784 2475 2875 3036 2567 2995 3208 2641 2892 2794 2784 3079 2865 2939 2561 2727 
3538 3281 3319 3294 3310 3812 3208 3429 3638 3063 3280 3620 3042 3338 3678 3454 3167 2849 3013 3454 3244 3421 3879 3152 3214 3052 3124 3614 3274 3385 2940 3173 
3700 3343 3466 3537 3350 3585 3276 3241 3497 2994 3232 3588 3234 3381 3633 3317 3449 2948 3139 3469 3109 3217 3577 2982 3352 3340 3432 3736 3604 3260 3183 3191 
3374 3297 3204 3061 3269 3405 3122 3105 3419 2979 3133 3322 3078 3125 3546 3153 3234 2850 2700 3192 2921 3001 3361 3011 3067 3110 3077 3215 2995 3025 2954 3105 
3590 3468 3359 3421 3467 3740 3230 3472 3544 3237 3443 3584 3263 3355 3530 3328 3324 2996 3014 3487 3170 3178 3778 3171 3453 3169 3243 3505 3268 3428 3073 3085 
3240 3175 3047 3145 3131 3432 2951 2792 3286 2780 2962 3144 2910 2915 3289 2962 3058 2715 2788 3142 2885 2958 3320 3074 3003 2884 2994 3183 2951 3271 2643 3072 
3523 3604 3466 3556 3334 3628 3241 3394 3680 3221 3257 3835 3322 3589 3709 3253 3568 3116 3120 3654 3227 3185 3720 3234 3501 3328 3253 3429 3465 3440 3234 3447 
3276 3338 3188 3366 3298 3547 3163 3101 3307 2783 3171 3562 3197 3196 3494 3170 3358 2995 3023 3441 2966 3229 3665 3213 3081 3086 3088 3282 3164 3146 2887 3040 
3464 3278 3495 3143 3330 3522 3277 3391 3462 3213 3273 3510 3313 3336 3658 3369 3277 2932 2932 3310 3012 3114 3457 3065 3048 3298 3241 3323 3464 3382 3116 3424 
3347 3222 3413 3283 3205 3716 3141 3203 3641 3127 3233 3362 3139 3368 3485 3073 3133 2876 2898 3263 3043 3014 3495 3245 3026 3038 3331 3567 2932 3145 3011 3064 
3614 3499 3475 3512 3497 3760 3450 3502 3740 3262 3407 3726 3338 3523 3794 3447 3465 3170 3189 3486 3354 3397 3853 3270 3423 3347 3550 3702 3425 3378 3214 3459 
3550 3462 3323 3508 3463 3451 3330 3250 3489 2917 3000 3483 3260 3329 3567 3113 3314 3133 3245 3496 3170 3239 3622 3462 3188 3347 3105 3457 3458 3293 3145 3335 
3591 3336 3521 3229 3361 3503 3155 3238 3561 2889 3042 3572 3119 3432 3436 3495 3445 3006 3059 3381 3234 3453 3617 3209 3134 3233 3211 3582 3220 3437 3209 3170 
3518 3546 3509 3388 3372 3635 3168 3333 3687 3183 3314 3561 3305 3137 3771 3482 3515 2985 3075 3491 3274 3280 3565 3291 3167 3519 3263 3657 3491 3560 3268 3278 
