4092 4063 4013 3959 3856 4409 3753 4175 4112 3869 3882 4153 3892 4017 4219 3985 4039 3643 3715 4089 3639 4099 4245 4010 3833 3970 3774 4058 4142 3987 4100 3826 
4296 4269 4408 4270 4323 4685 3978 3916 4218 3868 4076 4516 4051 4253 4608 3978 4275 3721 3872 4326 4027 4220 4693 4274 3996 4221 4329 4094 4335 4215 4190 3884 
4148 4195 3963 4049 4111 4497 3739 3982 4164 3558 3681 4419 3914 4137 4428 3909 3914 3458 3678 4201 3796 3989 4329 3907 3944 4103 3978 4116 4124 4132 4066 3911 
3785 3868 3744 3848 3773 4032 3524 3529 3823 3521 3551 4080 3639 3761 4070 3571 3808 3267 3148 3816 3516 3637 3988 3715 3558 3851 3567 3889 3912 3558 3913 3527 
3487 3846 3822 3704 3658 4156 3675 3632 3910 3498 3756 3804 3509 3639 3847 3500 3748 3291 3268 3670 3421 3588 4025 3428 3697 3599 3461 3927 3678 3532 3540 3354 
3590 3978 4014 3832 3752 4254 3622 3694 4062 3567 3615 3972 3814 3950 3946 3571 3742 3337 3495 4097 3362 3788 4252 3774 3711 3826 3631 3875 4088 3754 3570 3501 
3887 3970 3907 3812 3763 4405 3661 3800 3789 3633 3806 3986 3738 4074 4238 3784 3856 3511 3717 4045 3783 3695 4318 3862 3666 3783 3726 4175 4039 4090 3711 3682 
3959 3986 4063 3719 3978 4396 3813 3851 4107 3750 3870 4275 3670 3968 4222 3814 3847 3655 3366 4178 3490 3962 4180 3732 3619 3935 3705 4066 3937 4138 3761 3636 
4047 4299 4121 4111 4034 4752 3828 3991 4146 3961 4003 4093 4003 4353 4416 3932 4158 3773 3798 4264 3816 3956 4641 4031 3863 4150 4073 4465 4474 4101 3986 3736 
3359 3499 3441 3488 3564 3898 3373 3519 3297 3205 3254 3559 3405 3697 3810 3462 3421 3206 3025 3553 3369 3500 3937 3226 3174 3528 3463 3710 3538 3622 3398 3247 
4045 4035 4414 4297 3981 4711 3842 3984 4484 3891 3985 4387 4310 4151 4375 4164 4141 3672 4050 4248 3981 4086 4493 4195 3946 4174 4078 4305 4268 4123 3886 3989 
4332 4418 4372 4562 4458 4872 4065 4040 4392 4147 4171 4591 4052 4517 4677 4185 4390 4015 4046 4463 4038 4295 4783 4367 4238 4372 4361 4505 4491 4429 4130 4115 
3703 3794 3740 3591 3581 4266 3569 3503 3980 3460 3645 3917 3619 3853 4072 3478 3660 3527 3275 3591 3484 3528 3838 3420 3539 3438 3658 3840 3963 3585 3582 3570 
4037 4308 4202 4228 3770 4507 3902 4101 4316 3968 4234 4360 4107 4190 4282 3920 4298 3864 3638 4116 3819 4036 4421 3914 3873 4230 4221 4037 4337 3979 4086 3861 
4168 4087 4206 4056 4078 4700 4043 4014 4344 4116 3961 4331 4263 4150 4523 4034 3837 3685 3687 4273 3874 4028 4297 3949 4220 4015 3907 4200 4242 4058 4002 4068 
3884 4089 4072 3947 4033 4304 3902 3978 4273 3588 3711 4155 3747 4039 4106 4083 4051 3668 3684 4233 3680 3933 4309 3752 3759 3975 3762 3987 4288 4102 3799 3713 
3980 3986 4076 4091 3862 4386 3716 3983 3938 3687 3827 4198 3893 4026 4287 3721 3768 3428 3690 4157 3579 3753 4316 3742 3713 3969 3844 3854 3912 3947 3867 3807 
4286 4135 4149 4000 3994 4379 4046 4127 4232 3956 3980 4266 4015 4017 4668 4366 4118 3823 3584 4074 3854 3933 4653 3787 3926 4044 4024 4359 4344 4322 3905 3976 
3570 3929 3661 3554 3644 4086 3267 3514 3717 3231 3277 3710 3377 3378 3928 3415 3398 3052 3411 3648 3053 3682 3911 3319 3454 3474 3414 3594 3619 3610 3247 3276 
4098 4118 4149 3957 3955 4736 3846 4000 4424 3916 3989 4354 3828 4072 4500 4149 3777 3591 3701 4195 3936 4253 4650 3911 3848 3841 3884 4203 4178 4133 3771 3813 
4244 4120 4248 4135 4041 4393 3830 3781 4099 3647 3817 4195 3797 4059 4331 3949 4015 3500 3726 4031 3665 3936 4292 3654 3998 4070 4049 4220 4360 3894 3873 3669 
3983 4149 4113 3674 4025 4300 3752 3706 4107 3751 3846 4057 3778 3850 4430 3794 3848 3453 3314 3979 3552 3746 4240 3685 3656 3905 3826 3777 3878 3734 3737 3599 
4296 4220 4097 4095 4131 4658 3979 4169 4197 4067 4219 4277 4060 4101 4358 3975 4038 3741 3598 4315 3795 3991 4594 3963 4089 3928 3831 4068 4272 4142 3957 3695 
3809 4039 3913 3866 3816 4359 3687 3460 4118 3557 3686 3882 3709 3691 4146 3663 3742 3399 3486 3900 3573 3762 4086 3931 3669 3704 3713 3747 3832 4056 3488 3728 
4091 4232 4188 4188 3900 4446 3913 3965 4357 3841 3898 4513 4033 4231 4448 3867 4207 3789 3676 4384 3865 3932 4390 4012 4168 4002 3847 3916 4292 4103 4087 4083 
3879 4176 4042 4052 4005 4474 3808 3795 3994 3581 3889 4285 3884 3933 4343 3848 4094 3687 3761 4204 3610 4030 4475 4003 3719 3957 3862 3878 4078 3852 3669 3609 
4064 4114 4307 3793 3993 4447 3929 4043 4199 4005 3949 4208 4088 4041 4478 4043 3937 3586 3608 4014 3681 3933 4182 3888 3712 4074 4048 3830 4285 4160 3916 4024 
3812 3866 4053 3809 3718 4399 3669 3785 4169 3683 3773 3915 3704 3944 4084 3584 3616 3368 3480 3848 3473 3605 4050 3839 3531 3692 3859 4047 3572 3627 3554 3593 
4131 4174 4201 4087 4080 4492 4029 4033 4322 3911 4055 4399 3960 4148 4510 3958 4024 3707 3769 4173 3969 4130 4631 3908 3985 4004 4150 4205 4194 3954 3997 3900 
4096 4219 4224 4175 4197 4314 4049 3964 4177 3618 3618 4157 4048 4008 4337 4001 4019 3785 3843 4152 3837 3976 4417 4257 3959 4243 3820 4128 4316 4064 3946 4036 
4206 4146 4400 3819 4108 4446 3900 3874 4293 3663 3793 4311 3912 4174 4238 4253 4063 3664 3717 4149 3987 4183 4490 3932 3742 4030 3932 4212 4118 4170 4000 3820 
4102 4294 4323 4007 3969 4452 3838 3913 4374 3979 4024 4239 4105 3838 4573 4111 4047 3602 3698 4165 3971 4026 4248 4120 3764 4300 3919 4236 4307 4313 4154 3945 
