5288 4775 5242 5149 5224 6034 5135 5128 5093 5172 5107 5253 5191 4999 5474 5430 5103 5013 5442 5703 5298 5014 5296 4974 5205 5085 5114 5114 4907 4833 5315 5091 
5267 4894 5450 5018 5269 6153 5321 5305 5070 5337 5358 5119 5442 5046 5848 5370 5443 5191 5439 5743 5438 4781 5533 4970 5495 5343 5273 5186 4778 5185 5350 5330 
5254 5039 5534 5385 5222 5934 5225 5377 5020 5326 5391 5266 5319 5282 5909 5311 5357 5284 5497 5854 5322 4991 5540 4958 5118 5312 5336 5335 5110 5272 5467 5484 
4846 4431 5165 4664 4808 5092 4940 4757 4442 4652 4682 4539 4794 4569 5286 4714 4210 4556 4885 5432 4826 4285 5161 4577 4370 4936 4804 4605 4501 5059 4732 4688 
4661 4533 4898 4738 4504 5244 4726 4793 4794 4827 4736 4615 4828 4467 5513 4701 4878 4893 4976 5518 4970 4509 5193 4437 4892 4466 4703 4731 4627 4722 4582 4851 
5281 4916 5323 5162 5195 5653 5197 5435 4752 5356 5207 4855 4877 4913 5759 5298 5057 5325 5272 5707 5407 4913 5271 4925 5245 5376 5090 5552 5129 5055 5405 5255 
4898 4679 5132 4998 5014 5658 5071 5160 4711 5165 5201 5031 5140 4834 5822 5132 4999 5021 4997 5408 5057 4712 5331 4859 5405 5164 5267 5057 4848 5169 5276 4993 
4892 5046 5470 5435 5236 5611 5402 5078 5060 5358 5466 5271 5347 5326 5938 5151 5436 5339 5612 6040 5343 5089 5612 5040 5498 5365 5160 5527 4768 5056 5051 5499 
5298 4808 5515 5367 5304 5807 5313 5474 5250 5159 5298 5319 5267 5211 5781 5184 5096 5214 5370 6031 5636 5066 5588 5006 5409 5230 5094 5387 4967 5179 5380 5238 
4505 4450 4687 4606 4251 4865 4744 4455 4494 4573 4655 4227 4697 4417 5230 4450 4452 4545 4673 5160 4646 4381 4796 4231 4600 4310 4451 4477 4316 4549 4758 4567 
5077 4957 5365 5278 5477 5985 5206 5390 5008 5195 5279 5402 5413 5107 5792 5362 5142 5465 5411 5901 5656 5145 5519 4696 5548 5150 5286 5218 5161 5231 5500 5329 
5535 5047 5399 5293 5472 5983 5697 5333 5546 5584 5424 5127 5636 5184 6066 5564 5479 5609 5606 6234 5724 5189 5631 5149 5343 5838 5466 5476 5253 5485 5581 5415 
4846 4695 5247 4952 5077 5545 5176 5076 4848 5301 5448 4905 5238 4645 5552 4971 5024 5240 5411 5406 4912 5057 5502 4895 5453 5061 4940 4955 4732 4803 5097 5000 
5121 4853 5399 4987 5266 5720 5198 5045 4922 5097 4990 4817 4925 5166 5652 4922 5263 5354 5281 5681 5140 4775 5415 5259 5235 5162 5242 5215 4938 4886 5142 5255 
5065 4745 5629 5210 5313 5823 5241 5200 4961 5140 5114 5348 5181 5231 5703 5042 5295 5500 5581 5971 5329 4773 5470 5012 5406 5175 5281 5189 4874 5154 5234 5103 
5014 5030 5274 4976 5251 5583 5134 5142 5002 5066 4948 4994 5115 4924 5345 5291 4991 5131 5194 5655 5118 4852 5476 4557 5310 5253 5030 5275 4949 5001 5214 5015 
5064 4793 5365 5234 5400 5747 5224 5265 5061 5516 5242 5075 5125 5055 5937 5232 5273 5078 5114 5963 5262 4995 5386 4850 5344 5253 5175 5281 5004 5033 5139 5261 
5172 5082 5221 5108 4913 5498 5163 5056 4818 5206 5214 5002 5108 5191 5764 5171 5226 5317 5337 5826 5133 5060 5597 4945 5242 5099 5432 5417 4720 5037 5126 5257 
4456 4596 4914 4563 4728 5340 4750 4476 4434 4752 4643 4811 4682 4624 5364 4654 4611 4660 4850 5395 4772 4310 4956 4443 4837 4752 4381 4720 4353 4798 4799 4757 
4943 4869 5061 5252 4807 5447 5092 5039 4959 5023 5107 5128 4875 4871 5446 5146 5032 5157 5302 5569 5159 4831 5069 4553 5273 5250 4988 4978 4683 5016 5415 5273 
4975 4933 5239 5049 5246 5605 5298 5371 5006 5179 5277 4949 5089 5008 5845 5269 5125 5029 5089 5845 5406 4955 5596 4769 5223 5201 5061 5339 5061 5143 5410 5296 
4757 4882 5291 4803 4825 5472 4901 4976 4964 4696 5240 4713 4824 4649 5521 5052 5024 4967 5008 5579 4813 4753 5180 4432 4928 5099 4777 5042 4627 4852 4912 4976 
5265 4875 5170 5380 5444 5747 5599 5152 4850 5405 5369 5185 5485 5182 6068 5314 5583 5323 5559 6072 5577 5011 5736 4986 5435 5376 5288 5319 5256 5471 5182 5634 
4645 4625 5034 4954 4961 5318 5085 4796 4685 5064 5013 4911 5081 4850 5352 4953 4757 4780 5121 5531 5121 4482 5387 4920 5039 5176 4928 4939 4998 4863 4940 5002 
5295 4794 5442 5169 5198 5697 5366 5079 4869 5188 5235 4955 5128 4868 5878 5367 5128 5217 5328 5884 5401 4735 5465 4971 5174 5282 5216 5148 4983 5163 5091 5212 
5170 4843 5492 5077 5039 5714 5102 5224 4877 5419 5093 4993 5197 5035 5615 5274 5131 5207 5326 5611 5148 5110 5354 5021 5262 5191 5248 5234 5064 5152 5165 5406 
5296 5068 5347 5527 5258 5865 5289 5335 5066 5237 5353 5305 5307 5092 5966 5506 5226 5483 5422 6116 5499 5096 5800 5127 5356 5611 5365 5543 5209 5202 5456 5344 
4859 4770 4760 4534 4714 5432 4682 4795 4683 4951 4875 4676 4791 4500 5366 4674 4883 4872 5024 5354 5129 4345 4824 4464 4946 4774 4767 4593 4470 4744 4768 4726 
5470 5165 5487 5447 5198 6085 5354 5262 5126 5208 5346 5107 5198 4995 6232 5512 5280 5648 5593 5916 5663 5003 5695 5120 5432 5527 5450 5338 5002 5118 5371 5552 
4949 5070 5481 5181 5053 5753 5174 5087 5037 5123 5252 5165 5267 5243 5828 4981 5047 5200 5609 6113 5258 4867 5444 4998 5227 5251 5088 5432 5013 5217 5382 5386 
5018 4889 5332 5234 4987 5680 5209 5057 4955 4977 5251 4493 4961 5028 5542 5078 5041 5179 5230 5765 5268 4797 5401 4622 5253 5358 5176 5211 4961 4969 5183 5453 
5190 4925 5474 5363 5489 6001 5362 5294 4924 5278 5395 5429 5352 5289 5676 5178 5243 5466 5581 6019 5518 5057 5624 5081 5600 5520 5326 5384 4990 5535 5680 5487 
