756 656 637 819 734 739 641 766 901 598 681 761 699 638 763 714 779 869 775 816 751 823 729 737 868 670 778 699 648 676 905 642 
743 555 658 641 578 705 608 664 775 616 583 598 651 503 745 629 618 640 655 720 695 575 641 676 689 672 652 596 456 611 735 579 
580 571 589 617 543 589 475 588 725 549 509 562 598 474 611 569 596 639 477 642 486 580 440 525 684 501 623 661 451 550 696 563 
536 493 573 531 589 508 496 585 507 432 481 390 495 367 623 461 429 503 412 494 325 464 432 488 567 494 502 529 397 572 552 451 
552 615 448 602 535 587 487 583 716 502 490 719 559 462 700 648 672 673 619 781 615 498 606 525 700 576 574 547 443 529 629 603 
678 634 589 679 673 628 643 730 734 543 510 521 553 544 642 592 619 736 577 655 595 624 578 578 726 573 537 611 618 578 814 607 
671 616 686 678 648 717 565 767 743 650 593 720 609 563 722 685 638 700 511 689 550 640 609 706 827 681 777 622 591 741 721 589 
676 705 609 687 556 621 566 672 699 544 571 651 646 514 712 741 630 695 610 739 546 602 573 583 709 585 712 586 382 581 752 622 
839 723 605 850 750 812 638 837 838 665 662 702 695 644 711 712 673 757 655 865 690 679 627 716 741 708 719 648 575 678 790 714 
843 644 710 748 739 744 694 726 792 620 731 605 725 574 866 758 696 674 660 780 686 701 722 680 790 678 746 611 516 685 836 578 
717 683 646 717 763 688 623 777 783 609 589 744 632 536 786 686 705 775 556 825 634 733 631 566 886 591 741 638 611 757 771 617 
777 619 719 685 779 775 719 739 812 700 601 663 770 552 754 788 653 773 699 844 676 620 689 787 811 762 715 633 606 709 800 579 
677 627 637 657 628 686 597 686 750 585 651 689 716 514 708 734 742 783 705 793 598 592 666 656 754 601 708 681 578 549 725 540 
754 581 682 671 667 641 592 663 732 554 626 655 606 591 704 578 674 738 652 680 629 641 637 707 721 658 738 703 543 667 713 605 
718 546 612 695 705 759 603 737 769 565 628 653 669 558 747 627 761 692 644 809 617 600 739 665 778 685 741 636 548 706 693 560 
886 829 750 909 885 839 677 853 995 811 693 914 828 698 861 839 834 936 735 957 769 820 740 739 982 690 861 788 706 770 944 737 
609 578 542 619 642 706 555 705 714 581 593 678 575 463 754 558 716 667 464 763 551 676 557 610 826 545 648 617 562 685 656 584 
773 804 697 868 666 786 666 833 920 605 738 771 740 695 801 779 860 858 763 874 681 762 739 765 886 709 808 825 587 631 863 748 
487 537 477 579 473 541 529 473 552 391 438 504 483 384 553 485 563 500 476 651 497 517 511 487 614 435 503 533 431 470 636 469 
539 676 490 668 460 569 498 583 705 454 551 647 540 498 613 650 665 579 515 693 521 585 538 546 695 556 620 609 407 466 647 590 
714 665 655 741 736 638 671 715 768 515 617 559 618 591 661 628 681 751 609 764 614 723 624 622 792 578 650 697 552 600 763 575 
668 614 654 684 662 679 572 644 787 511 631 601 606 555 754 648 708 684 677 810 606 561 598 627 672 597 605 709 468 521 722 557 
631 559 451 712 594 634 574 704 716 532 590 580 595 532 625 549 680 686 583 707 580 648 655 621 729 586 624 571 538 609 679 600 
551 662 566 626 659 604 574 582 723 570 531 712 526 477 708 690 656 710 529 793 535 525 535 618 778 629 640 674 628 586 619 599 
639 527 569 613 595 659 504 620 687 511 543 628 601 507 667 613 629 689 604 735 539 516 596 535 706 522 634 569 546 534 685 493 
653 574 564 592 538 613 549 620 691 547 591 686 577 523 792 641 668 692 678 683 622 622 598 678 718 667 681 589 470 603 755 590 
652 674 584 795 570 765 598 725 821 598 593 672 647 587 703 645 673 703 565 834 686 691 599 606 782 650 621 657 604 661 805 689 
684 641 599 748 661 724 662 725 752 571 631 639 682 511 756 656 744 674 605 796 657 621 708 666 782 607 703 616 506 663 679 506 
701 580 689 661 558 695 629 660 750 599 537 633 623 543 746 696 664 656 651 772 649 525 631 626 708 651 678 589 488 614 760 583 
625 695 663 696 573 678 519 713 751 528 516 694 584 495 757 551 648 751 565 782 573 653 605 587 761 599 663 703 538 686 750 639 
663 658 643 782 622 732 602 738 870 642 637 629 682 579 730 729 688 832 676 806 633 679 607 704 751 676 656 691 618 600 817 674 
855 747 716 798 836 891 709 869 884 721 686 769 782 677 840 791 820 833 705 1008 748 727 755 695 909 785 745 745 644 781 895 769 
