1383 1225 1245 1427 1323 1371 1302 1375 1573 1227 1304 1451 1524 1445 1432 1497 1473 1497 1487 1717 1356 1394 1420 1270 1485 1370 1405 1422 1181 1203 1385 1303 
1395 1255 1411 1385 1205 1429 1358 1365 1459 1332 1337 1331 1574 1361 1485 1467 1404 1395 1441 1704 1362 1168 1480 1319 1379 1455 1418 1300 1156 1222 1305 1402 
1266 1300 1310 1334 1204 1314 1130 1330 1444 1205 1296 1276 1497 1375 1431 1326 1256 1503 1271 1605 1146 1241 1336 1123 1398 1260 1252 1384 1172 1295 1380 1395 
1116 1178 1196 1175 1115 1114 1117 1108 1100 961 1046 1030 1205 1083 1221 1177 968 1181 1094 1327 870 858 1173 1061 1066 1130 1178 1108 1020 1190 1071 1159 
1080 1164 1064 1149 1033 1109 1039 1074 1302 1021 1016 1264 1241 1109 1332 1288 1235 1249 1221 1497 1100 980 1182 959 1242 1186 1169 1132 964 1080 1040 1299 
1128 1055 1088 1171 1087 1109 1164 1156 1179 968 979 998 1097 1143 1178 1165 1052 1172 1103 1298 1038 1052 1130 979 1203 1094 1027 1204 1065 999 1220 1133 
1369 1327 1398 1394 1235 1353 1242 1455 1371 1248 1232 1359 1428 1342 1437 1371 1285 1410 1216 1554 1260 1151 1413 1255 1577 1458 1559 1288 1267 1335 1299 1378 
1408 1471 1387 1476 1229 1388 1389 1390 1465 1264 1433 1523 1575 1414 1594 1680 1465 1488 1501 1813 1243 1309 1417 1265 1515 1479 1447 1399 1088 1315 1359 1443 
1480 1407 1364 1506 1296 1361 1241 1390 1491 1219 1247 1338 1438 1494 1332 1362 1282 1405 1299 1659 1295 1229 1441 1211 1331 1324 1364 1335 1169 1287 1307 1378 
1383 1146 1206 1192 1099 1213 1212 1193 1295 1105 1111 1071 1356 1223 1332 1269 1125 1187 1150 1388 1238 1076 1282 1061 1262 1201 1140 1131 941 1115 1214 1063 
1228 1193 1189 1339 1221 1184 1220 1278 1247 1120 1034 1277 1333 1200 1402 1338 1265 1367 1134 1489 1148 1157 1252 984 1437 1216 1262 1206 1201 1277 1225 1201 
1510 1290 1487 1425 1459 1434 1509 1529 1616 1462 1299 1382 1745 1516 1556 1654 1493 1535 1486 1839 1437 1246 1571 1361 1524 1592 1441 1379 1263 1335 1375 1416 
1125 1141 1141 1071 1103 1206 1126 1170 1239 1070 1155 1225 1419 1132 1268 1280 1322 1284 1343 1438 999 1054 1304 1065 1320 1209 1155 1091 1074 1023 1095 1112 
1362 1316 1326 1383 1293 1290 1260 1229 1312 1228 1224 1380 1424 1357 1438 1338 1420 1532 1398 1553 1159 1240 1390 1297 1464 1344 1448 1410 1256 1307 1236 1299 
1312 1175 1310 1368 1357 1388 1268 1367 1444 1230 1232 1283 1447 1360 1480 1377 1495 1382 1348 1673 1169 1170 1469 1188 1517 1443 1446 1325 1154 1326 1185 1288 
1455 1438 1322 1404 1406 1406 1202 1376 1529 1296 1239 1490 1517 1424 1436 1410 1356 1616 1336 1650 1207 1296 1425 1156 1629 1345 1307 1357 1245 1376 1453 1343 
1134 1170 1186 1278 1239 1246 1187 1274 1280 1156 1122 1261 1285 1225 1441 1175 1318 1284 1074 1509 1028 1237 1293 1091 1511 1251 1273 1251 1169 1264 1209 1287 
1558 1583 1478 1578 1350 1435 1342 1476 1584 1355 1355 1440 1635 1637 1528 1584 1585 1564 1526 1796 1385 1407 1653 1404 1633 1506 1501 1624 1222 1265 1380 1491 
885 988 842 984 819 936 999 857 1018 790 892 903 1001 897 1015 970 952 942 944 1249 883 909 1057 861 1061 965 852 909 843 946 1029 981 
1218 1393 1239 1413 1045 1150 1168 1269 1384 1066 1157 1336 1382 1351 1363 1310 1336 1364 1169 1555 1173 1185 1295 1024 1392 1240 1311 1236 1040 1160 1270 1444 
1366 1296 1345 1436 1362 1210 1363 1364 1363 1152 1229 1249 1432 1351 1436 1496 1352 1385 1349 1595 1349 1305 1462 1234 1428 1366 1381 1400 1181 1246 1273 1252 
1287 1280 1344 1343 1203 1249 1247 1174 1400 1089 1228 1254 1433 1326 1372 1408 1396 1317 1352 1588 1102 1025 1349 1150 1273 1371 1209 1245 1091 1161 1185 1310 
1378 1233 1195 1399 1277 1193 1251 1394 1364 1198 1224 1254 1532 1353 1408 1425 1480 1410 1319 1591 1268 1272 1483 1171 1400 1403 1342 1251 1201 1272 1158 1366 
1132 1279 1145 1259 1245 1155 1201 1234 1350 1174 1179 1295 1326 1194 1419 1425 1265 1339 1220 1602 1219 1086 1382 1170 1397 1371 1325 1320 1295 1195 1172 1338 
1396 1187 1347 1254 1268 1269 1213 1216 1355 1129 1174 1308 1505 1331 1401 1473 1382 1358 1318 1653 1149 1087 1431 1166 1355 1322 1414 1259 1232 1166 1159 1277 
1329 1214 1201 1106 1076 1154 1132 1098 1206 1091 1103 1242 1303 1236 1341 1296 1259 1272 1256 1455 1131 1132 1281 1190 1384 1366 1253 1156 955 1148 1167 1239 
1165 1258 1236 1458 1136 1307 1263 1325 1405 1167 1191 1293 1457 1363 1328 1399 1267 1308 1224 1630 1281 1210 1450 1145 1303 1412 1240 1234 1193 1215 1376 1312 
1209 1293 1173 1310 1146 1239 1253 1245 1380 1125 1203 1274 1366 1188 1457 1237 1381 1311 1291 1498 1126 1142 1266 1071 1453 1215 1233 1135 1068 1286 1127 1188 
1349 1195 1300 1322 1094 1215 1171 1267 1305 1179 1136 1218 1375 1246 1486 1426 1295 1315 1349 1585 1247 1048 1358 1130 1278 1367 1279 1267 1111 1188 1214 1258 
1225 1297 1386 1297 1137 1284 1154 1233 1382 1068 1100 1392 1420 1323 1423 1249 1329 1382 1236 1527 1115 1165 1295 1088 1319 1290 1252 1339 1148 1263 1194 1378 
1328 1316 1360 1381 1210 1335 1258 1353 1469 1188 1280 1170 1434 1288 1392 1478 1354 1505 1297 1658 1219 1166 1433 1219 1416 1403 1325 1323 1208 1165 1306 1365 
1533 1503 1468 1520 1451 1579 1491 1507 1631 1357 1415 1526 1716 1595 1510 1577 1522 1554 1458 1917 1427 1325 1704 1280 1629 1600 1419 1468 1341 1467 1527 1615 
