3286 2990 3292 3320 3486 3592 3245 3358 3348 2952 3157 3334 3121 3470 3529 3562 3320 3389 3465 3757 3373 3085 3341 3344 3283 3322 3330 3293 3131 3178 3483 3350 
3238 2957 3504 3249 3436 3609 3310 3424 3368 3184 3433 3113 3429 3321 3701 3442 3358 3330 3571 3792 3489 2842 3588 3320 3236 3601 3323 3094 2993 3398 3483 3450 
3296 3165 3549 3332 3463 3675 3340 3480 3247 3094 3547 3317 3308 3491 3832 3326 3314 3442 3365 3653 3395 2929 3537 3311 3161 3474 3299 3244 3208 3560 3572 3563 
3052 2872 3486 3131 3301 3204 3207 3229 2963 2724 3121 2861 2942 3043 3515 3113 2692 3086 3124 3549 3113 2711 3462 3148 2888 3276 3222 2947 2921 3353 3173 3050 
2681 2690 2871 2826 2691 2970 2747 2923 2929 2686 2857 2776 2746 2857 3324 2861 2848 2959 3008 3376 3001 2568 3110 2663 2825 2805 2766 2706 2669 2880 2743 3004 
3150 3101 3335 3291 3336 3332 3348 3525 3101 3051 3239 2944 2898 3214 3519 3269 3087 3342 3276 3628 3349 2746 3296 3133 3129 3471 3190 3357 3092 3230 3414 3403 
3043 2799 3263 3089 3293 3388 3108 3465 3006 3084 3300 2985 3053 3218 3608 3120 2961 3184 3077 3326 3166 2782 3298 3062 3397 3288 3403 2977 3028 3223 3258 3324 
2923 3087 3356 3364 3137 3236 3323 3183 3195 2851 3508 3202 3125 3367 3539 3303 3268 3307 3501 3807 3176 2953 3397 3102 3163 3404 3093 3338 2760 3284 3203 3396 
3426 3216 3611 3506 3535 3703 3481 3628 3543 3204 3551 3454 3319 3585 3658 3341 3304 3425 3481 3947 3656 3184 3659 3317 3450 3497 3281 3365 3157 3470 3522 3533 
2869 2751 3038 2976 2774 3014 3034 2930 2988 2611 2984 2559 2864 3028 3341 2837 2767 2844 2882 3334 3109 2738 3160 2749 2869 2884 2672 2752 2644 3021 3029 2736 
3097 3081 3414 3355 3482 3520 3334 3464 3170 2995 3178 3288 3205 3253 3663 3449 3149 3524 3289 3596 3486 3108 3450 2976 3353 3277 3405 3139 3207 3332 3469 3189 
3305 3039 3622 3367 3590 3622 3489 3514 3592 3239 3360 3304 3516 3517 3808 3643 3361 3644 3583 4117 3591 3127 3689 3449 3172 3882 3350 3324 3191 3554 3582 3550 
2823 2617 3210 2890 3216 3136 3049 3115 3046 2794 3166 2925 2966 2880 3212 2979 2946 3099 3258 3399 2879 2733 3352 2988 3074 3117 2957 2759 2707 2954 3185 2932 
3397 3193 3664 3309 3622 3735 3398 3409 3326 3224 3390 3336 3223 3554 3785 3422 3372 3634 3704 3811 3300 3017 3608 3645 3369 3617 3408 3357 3256 3373 3401 3403 
3128 3004 3691 3438 3651 3674 3436 3483 3375 3099 3438 3376 3172 3570 3673 3316 3505 3668 3615 4001 3560 3021 3752 3326 3509 3580 3373 3267 3155 3457 3551 3346 
3169 3235 3440 3196 3566 3433 3170 3463 3424 3018 3147 3233 3246 3357 3314 3344 3109 3534 3342 3625 3243 2965 3584 3114 3381 3417 3059 3246 3095 3298 3432 3204 
3093 2852 3267 3122 3430 3394 3237 3319 3083 3028 3275 2999 2938 3258 3759 3175 3262 3171 3027 3679 3157 2950 3321 3075 3300 3333 3089 3154 3034 3211 3241 3285 
3276 3234 3487 3469 3374 3357 3329 3377 3299 3104 3291 3143 3188 3557 3716 3373 3380 3515 3534 3942 3379 3145 3696 3410 3341 3475 3503 3539 2952 3206 3237 3568 
2641 2721 2886 2747 2955 3159 2967 2770 2746 2556 2913 2694 2714 2959 3271 2790 2745 2777 2932 3330 2890 2495 3016 2900 2880 3085 2622 2771 2640 3080 3022 3048 
3121 3148 3275 3565 3292 3363 3261 3402 3347 3086 3405 3345 3084 3317 3454 3380 3344 3522 3359 3659 3327 2974 3484 3134 3353 3492 3273 3151 2935 3330 3520 3537 
3237 3172 3456 3323 3651 3434 3455 3554 3191 3049 3246 3124 3154 3311 3834 3473 3250 3407 3310 3698 3585 3148 3730 3298 3429 3523 3376 3443 3338 3221 3494 3369 
2927 3129 3451 3202 3265 3239 3076 3171 3133 2727 3414 3000 3084 3245 3547 3235 3226 3208 3238 3623 3107 2782 3345 3071 3083 3427 2949 3321 2858 3066 3138 3273 
3343 3006 3347 3473 3541 3379 3472 3410 3212 3197 3305 3154 3346 3441 3743 3330 3641 3368 3463 3907 3545 3032 3743 3244 3403 3523 3215 3199 3283 3456 3251 3726 
2850 2935 3292 3150 3433 3383 3213 3219 3094 2935 3244 3221 3099 3216 3506 3303 3058 3243 3228 3662 3317 2740 3568 3247 3141 3450 3144 3188 3235 3291 3250 3313 
3349 2891 3451 3309 3443 3477 3370 3365 3203 3090 3429 3198 3220 3280 3714 3509 3280 3412 3509 3822 3349 2812 3586 3344 3236 3527 3359 3126 3136 3299 3264 3514 
3303 3002 3463 3068 3314 3400 3199 3299 3099 3041 3310 3167 3084 3287 3546 3353 3207 3354 3416 3598 3232 2972 3431 3310 3314 3530 3278 3169 2926 3300 3398 3371 
3146 3085 3371 3381 3400 3515 3244 3476 3288 2954 3365 3229 3139 3451 3522 3462 3107 3301 3259 3864 3474 2981 3683 3339 3171 3558 3157 3302 3121 3284 3510 3330 
2868 2892 3028 2892 2943 3201 2863 3066 2912 2833 3043 2980 2886 2974 3387 2931 2924 3166 3107 3403 3090 2460 2975 2873 2950 2995 2913 2690 2617 3038 2845 2940 
3281 3084 3542 3472 3379 3554 3364 3508 3311 3069 3350 3283 3232 3342 3840 3609 3223 3502 3583 3824 3526 2893 3657 3447 3236 3605 3445 3204 3052 3324 3435 3549 
3167 3332 3717 3447 3532 3673 3379 3319 3346 3136 3442 3234 3283 3562 3789 3274 3410 3485 3666 3952 3426 3189 3717 3286 3353 3535 3260 3433 3191 3600 3481 3501 
3152 3114 3612 3527 3519 3692 3487 3432 3377 3069 3504 2902 3257 3498 3691 3363 3273 3569 3371 3898 3593 2985 3755 3224 3469 3571 3409 3353 3315 3501 3367 3706 
3404 3097 3578 3378 3677 3740 3507 3427 3275 3106 3479 3497 3276 3538 3647 3370 3339 3484 3499 4016 3468 3039 3799 3256 3538 3684 3412 3351 3168 3604 3726 3508 
