3833 3566 3967 3982 4072 4272 3759 3937 3841 3720 3748 3934 3678 4022 4146 4093 3844 4005 4071 4392 4033 3770 4022 3812 3821 3838 4007 3895 3753 3633 4006 3908 
3721 3517 4229 3842 3994 4297 3819 4010 3820 3884 3989 3730 3996 3954 4275 3946 3996 3939 4130 4337 4070 3485 4217 3714 3880 4046 3929 3771 3590 3841 3959 4044 
3815 3730 4345 4086 4134 4324 3886 4197 3749 3992 4238 4010 3967 4211 4471 3967 4039 4159 4037 4413 4051 3674 4240 3851 3818 4066 4070 4083 3940 4078 4145 4241 
3572 3218 4024 3585 3788 3725 3817 3698 3330 3407 3626 3457 3429 3580 4116 3593 3205 3567 3657 4118 3673 3201 3991 3481 3301 3798 3764 3546 3426 3861 3637 3496 
3223 3299 3749 3532 3380 3664 3377 3631 3413 3530 3527 3470 3439 3604 4068 3475 3561 3717 3688 4164 3740 3300 3832 3224 3554 3352 3486 3540 3409 3503 3313 3690 
3817 3643 4075 3936 3923 4044 3954 4197 3567 3883 3921 3583 3537 3881 4288 3957 3737 4073 3983 4377 4004 3517 4053 3611 3802 4108 3894 4137 3828 3881 3987 4056 
3626 3337 3968 3726 3894 4052 3695 4075 3490 3796 3859 3689 3706 3950 4295 3758 3625 3846 3716 4056 3899 3427 3951 3560 4014 3886 4057 3821 3707 3837 3868 3820 
3589 3775 4188 4158 3963 4067 3969 3866 3798 3795 4208 3934 3859 4138 4240 3988 4095 4097 4230 4613 4017 3691 4135 3636 3896 4099 3897 4277 3536 3824 3818 4130 
4016 3650 4302 4179 4180 4373 4060 4252 4015 3934 4127 4118 3965 4247 4368 3996 3873 4113 4157 4603 4330 3862 4333 3828 4033 4068 3982 4141 3754 4101 4065 4060 
3393 3254 3672 3540 3301 3604 3598 3483 3461 3390 3522 3155 3465 3601 3994 3422 3406 3440 3500 3980 3723 3370 3821 3131 3406 3414 3353 3444 3357 3492 3579 3342 
3610 3573 4157 3997 4134 4280 3857 4098 3700 3771 3799 3975 3834 3893 4311 3985 3773 4162 3968 4296 4170 3814 4114 3386 4054 3825 4032 3850 3849 3879 3993 3889 
3968 3587 4223 4019 4224 4284 4132 4129 4076 4024 3991 3892 4051 4107 4567 4206 3948 4304 4245 4773 4324 3824 4231 3902 3731 4500 4115 4057 3835 4075 4159 4082 
3459 3238 4039 3629 3916 3885 3696 3797 3574 3629 3925 3608 3682 3571 3969 3570 3629 3832 3992 4138 3570 3601 4110 3571 3874 3763 3684 3592 3389 3549 3698 3611 
3888 3699 4240 3842 4149 4325 3949 3933 3771 3902 3936 3835 3693 4140 4327 3863 3993 4258 4193 4404 3854 3627 4127 4096 3913 4149 4055 4047 3873 3774 3913 4001 
3708 3482 4421 3995 4197 4296 4038 4097 3836 3757 4008 3984 3720 4202 4369 3826 4119 4317 4241 4637 4222 3637 4335 3789 4164 4082 3984 4039 3735 3979 4018 3935 
3684 3710 4076 3732 4048 4022 3706 4031 3790 3692 3743 3777 3732 3898 3892 3938 3666 4104 3909 4257 3834 3604 4123 3455 4000 3968 3706 3953 3718 3811 3878 3735 
3634 3406 4028 3884 4196 4109 3800 4052 3623 3938 3947 3810 3586 3973 4365 3878 3894 3858 3680 4510 3976 3653 3996 3609 3925 3928 3923 4005 3771 3768 3852 3902 
3730 3643 4032 4003 3760 3937 3941 3881 3737 3794 3877 3643 3714 4167 4352 3959 3964 4115 4016 4565 3903 3719 4276 3887 3772 3981 4181 4251 3533 3745 3803 4076 
3164 3232 3635 3311 3577 3784 3530 3396 3243 3291 3503 3356 3311 3615 3938 3320 3305 3374 3503 3996 3582 3117 3639 3315 3499 3581 3242 3526 3183 3597 3473 3573 
3696 3635 3929 4181 3901 3961 3799 4033 3819 3831 3928 4012 3685 3940 4173 3960 3909 4142 4091 4331 4031 3685 4049 3609 3985 4079 3907 3861 3673 3943 4095 4104 
3821 3645 4169 4001 4194 4153 4138 4229 3723 3918 3904 3858 3821 4022 4584 4071 3875 3980 4002 4459 4285 3820 4410 3734 4013 4074 4078 4176 3975 3856 4038 4016 
3502 3649 4172 3784 3865 3944 3643 3851 3602 3474 4044 3669 3600 3834 4259 3862 3878 3898 3918 4319 3746 3468 4024 3479 3725 3943 3657 4050 3501 3648 3645 3910 
3820 3528 4000 4096 4134 4002 4105 3973 3678 3947 3903 3793 3989 4056 4481 3951 4249 3984 4071 4554 4257 3650 4393 3756 3953 4074 3954 3967 3926 4065 3784 4208 
3483 3564 4083 3922 4118 4098 3894 3863 3610 3842 3974 3945 3852 3947 4209 3923 3732 3860 3949 4351 4067 3495 4334 3877 3832 4080 3888 3988 3969 3825 3844 3913 
3892 3349 4168 3845 4104 4068 3966 3920 3547 3800 4016 3795 3772 3908 4334 4040 3837 4011 4132 4440 3978 3381 4114 3773 3798 4065 3984 3808 3646 3889 3720 3955 
3867 3480 4294 3733 3917 4116 3806 4041 3564 3906 3851 3872 3777 4058 4179 3963 3790 4001 4120 4338 3902 3708 4095 3761 3959 4050 3960 3907 3673 3942 3839 4062 
3832 3645 4138 4116 4078 4191 3856 4183 3823 3759 4040 3889 3786 4165 4331 4140 3843 4179 4018 4655 4164 3771 4393 3907 3891 4249 3993 4180 3907 3926 4150 4067 
3401 3326 3593 3438 3605 3812 3404 3606 3278 3564 3664 3555 3398 3517 3955 3434 3539 3710 3756 4033 3713 3019 3463 3286 3544 3593 3511 3393 3215 3527 3378 3497 
4001 3694 4276 4087 4035 4354 4003 4110 3838 3836 3965 3896 3894 4014 4610 4206 3948 4244 4234 4506 4284 3605 4450 3871 3971 4268 4101 4000 3745 3868 3974 4189 
3735 3859 4452 4077 4076 4377 3991 3959 3864 3941 4124 3910 3913 4253 4491 3922 4021 4136 4320 4684 4148 3863 4369 3800 3996 4064 3974 4253 3929 4173 4081 4106 
3644 3514 4135 3968 3958 4127 3921 3896 3694 3673 3964 3341 3674 4019 4171 3817 3812 4081 3838 4395 4046 3557 4201 3516 3921 4088 3867 3907 3816 3868 3885 4183 
3889 3592 4263 4055 4272 4337 3972 4115 3737 3805 4035 4085 3832 4132 4235 3946 3881 4131 4148 4690 4143 3710 4331 3809 4188 4294 4054 4054 3816 4162 4274 4126 
