2534 2346 2594 2724 2606 2842 2713 2568 2869 2293 2463 2750 2546 2682 2819 2868 2641 2897 2851 3105 2730 2654 2749 2712 2609 2658 2786 2721 2501 2542 2805 2709 
2419 2228 2627 2450 2397 2704 2683 2553 2674 2383 2510 2538 2695 2417 2804 2669 2507 2674 2770 3044 2824 2303 2725 2513 2532 2803 2614 2295 2326 2493 2731 2664 
2508 2449 2688 2689 2476 2818 2707 2669 2696 2433 2759 2733 2690 2687 3064 2582 2624 2922 2772 3016 2768 2490 2803 2547 2582 2666 2665 2529 2581 2786 2847 2890 
2288 2352 2687 2436 2422 2450 2629 2468 2421 2184 2412 2347 2339 2330 2765 2427 2038 2631 2593 2915 2492 2270 2799 2446 2325 2613 2636 2339 2352 2674 2549 2387 
2134 2217 2269 2281 2060 2324 2258 2266 2372 2080 2216 2432 2233 2212 2681 2369 2222 2545 2417 2830 2430 2147 2512 2135 2325 2350 2336 2235 2163 2306 2191 2432 
2332 2305 2500 2486 2284 2512 2630 2630 2550 2250 2351 2399 2287 2394 2700 2484 2208 2773 2448 2830 2661 2290 2489 2375 2398 2601 2535 2588 2387 2433 2693 2593 
2225 2222 2443 2436 2259 2554 2518 2600 2454 2315 2406 2423 2435 2368 2832 2438 2241 2656 2370 2651 2591 2279 2570 2332 2672 2548 2735 2278 2308 2482 2495 2655 
2256 2504 2575 2632 2177 2480 2656 2372 2542 2137 2635 2670 2521 2586 2775 2657 2431 2759 2707 3072 2594 2493 2645 2347 2579 2594 2548 2606 2174 2491 2517 2618 
2642 2675 2830 2814 2582 2879 2870 2800 2853 2527 2766 2834 2660 2866 2926 2654 2473 2835 2752 3253 3010 2600 2928 2587 2725 2740 2685 2677 2506 2771 2811 2805 
2312 2252 2470 2373 2144 2421 2595 2390 2434 2156 2419 2251 2376 2410 2662 2383 2145 2428 2377 2726 2631 2264 2579 2229 2374 2323 2252 2265 2152 2348 2493 2144 
2301 2417 2622 2645 2497 2600 2716 2642 2610 2344 2340 2662 2575 2448 2903 2679 2375 2923 2565 2947 2748 2544 2690 2254 2663 2555 2722 2461 2593 2604 2678 2569 
2660 2468 2949 2798 2828 2945 3012 2839 3006 2719 2711 2788 2987 2860 3099 3084 2700 3171 2979 3497 3075 2679 3058 2779 2652 3176 2874 2718 2640 2806 3020 2891 
2176 2198 2445 2314 2295 2466 2512 2388 2554 2135 2412 2401 2461 2184 2617 2399 2248 2569 2635 2775 2394 2350 2692 2299 2480 2471 2450 2180 2226 2390 2488 2327 
2542 2529 2733 2636 2557 2813 2761 2482 2625 2412 2491 2677 2562 2681 2894 2592 2471 2961 2782 2988 2644 2471 2809 2771 2654 2747 2740 2584 2560 2573 2643 2635 
2456 2499 2901 2861 2776 2927 2886 2753 2833 2443 2683 2828 2631 2891 2975 2710 2762 3108 2952 3364 2998 2611 3046 2671 2898 2951 2894 2688 2646 2889 2892 2735 
2505 2583 2684 2528 2595 2654 2477 2645 2752 2353 2376 2697 2619 2608 2692 2662 2333 2988 2646 3033 2565 2482 2748 2373 2726 2635 2540 2574 2474 2614 2692 2499 
2248 2200 2434 2382 2430 2505 2543 2448 2527 2298 2389 2461 2321 2438 2864 2407 2454 2562 2328 2939 2499 2435 2620 2349 2631 2539 2415 2383 2373 2467 2504 2541 
2670 2810 3001 2925 2710 2869 2899 2772 2869 2546 2766 2833 2846 3001 3154 2897 2749 3101 3046 3353 2992 2829 3202 2883 2831 2973 3067 3051 2456 2638 2797 2979 
1973 2136 2156 2269 2114 2422 2473 2055 2292 1918 2192 2218 2116 2154 2553 2211 2146 2292 2324 2707 2320 2112 2423 2275 2303 2404 2100 2142 2044 2409 2458 2443 
2287 2513 2520 2875 2193 2573 2665 2517 2775 2305 2605 2643 2507 2575 2777 2543 2475 2905 2614 2964 2725 2502 2718 2338 2617 2684 2595 2406 2256 2590 2753 2814 
2514 2565 2779 2741 2775 2725 2940 2773 2674 2456 2577 2609 2591 2595 3078 2874 2526 2949 2785 3051 3042 2728 3056 2672 2853 2833 2864 2774 2716 2547 2803 2660 
2169 2459 2687 2480 2278 2510 2507 2325 2535 2068 2619 2431 2527 2407 2780 2550 2439 2612 2609 2956 2566 2313 2605 2359 2405 2592 2395 2593 2242 2267 2422 2495 
2580 2396 2501 2679 2541 2577 2838 2690 2573 2444 2522 2589 2715 2612 2955 2666 2779 2811 2741 3109 2859 2597 2930 2501 2694 2763 2670 2442 2604 2616 2589 2808 
2079 2254 2424 2515 2356 2482 2536 2320 2491 2213 2339 2524 2385 2384 2681 2571 2243 2644 2505 2963 2611 2224 2694 2456 2452 2632 2570 2391 2527 2522 2411 2598 
2636 2326 2643 2593 2473 2692 2780 2580 2668 2411 2670 2642 2678 2608 3004 2797 2487 2899 2782 3105 2684 2438 2839 2540 2613 2851 2762 2474 2575 2608 2570 2763 
2529 2349 2647 2356 2320 2607 2597 2498 2514 2317 2475 2649 2454 2431 2791 2620 2404 2771 2720 2940 2634 2467 2679 2575 2615 2796 2699 2477 2270 2565 2629 2647 
2261 2479 2592 2704 2382 2687 2701 2624 2719 2233 2545 2544 2550 2706 2724 2724 2299 2714 2527 3133 2832 2519 2894 2525 2455 2808 2490 2577 2407 2489 2787 2578 
2311 2369 2390 2409 2208 2570 2423 2477 2513 2359 2453 2529 2365 2263 2792 2430 2419 2772 2593 2884 2547 2131 2402 2324 2455 2448 2487 2196 2162 2475 2279 2406 
2583 2561 2819 2815 2512 2861 2858 2778 2741 2447 2724 2788 2682 2652 3157 2908 2495 2978 2992 3111 2952 2482 3006 2708 2628 2925 2846 2639 2543 2624 2803 2837 
2435 2614 2949 2634 2597 2832 2712 2610 2804 2424 2567 2860 2664 2663 3026 2624 2569 2899 2891 3224 2706 2636 2924 2619 2652 2851 2657 2717 2545 2776 2770 2788 
2394 2456 2820 2811 2490 2814 2860 2656 2758 2302 2610 2419 2663 2614 2989 2719 2461 2987 2632 3137 2897 2470 2906 2489 2693 2791 2740 2655 2602 2623 2695 2865 
2580 2574 2817 2730 2612 2925 2946 2692 2850 2412 2677 2859 2719 2760 2916 2670 2604 2989 2835 3289 2861 2591 3089 2514 2814 2970 2713 2643 2473 2831 2999 2828 
