4527 4149 4690 4653 4644 5059 4516 4589 4483 4631 4476 4652 4440 4496 4893 4756 4481 4487 4738 5091 4716 4447 4661 4493 4582 4597 4566 4573 4490 4104 4635 4543 
4360 3958 4822 4383 4561 5058 4483 4603 4300 4632 4677 4430 4598 4375 4997 4543 4675 4428 4765 4998 4664 4018 4682 4364 4602 4710 4540 4403 4204 4192 4527 4679 
4570 4443 5043 4781 4726 5054 4588 4909 4313 4877 4895 4728 4660 4844 5161 4660 4697 4763 4813 5138 4721 4398 4843 4512 4477 4766 4731 4797 4657 4621 4829 4936 
4165 3808 4626 4203 4256 4295 4332 4307 3833 4061 4140 4001 4031 4073 4705 4181 3659 4023 4208 4790 4213 3742 4527 4042 3760 4418 4200 4116 4002 4365 4211 4045 
3719 3733 4239 4098 3855 4172 3906 4214 3921 4128 4006 3970 3991 3915 4632 4023 4122 4145 4170 4649 4177 3845 4313 3703 3981 3825 3938 4072 4040 3871 3776 4129 
4642 4318 4908 4766 4682 5009 4696 4952 4271 4857 4753 4427 4356 4450 5194 4738 4609 4861 4740 5210 4852 4404 4753 4503 4664 4902 4580 5044 4688 4472 4878 4848 
4232 3995 4594 4427 4488 4774 4356 4658 4025 4568 4578 4435 4392 4395 5100 4431 4251 4433 4352 4748 4479 4073 4557 4328 4664 4580 4654 4526 4384 4352 4564 4465 
4287 4430 4942 4947 4666 4862 4736 4553 4380 4760 4941 4726 4700 4774 5150 4610 4779 4776 4954 5390 4747 4494 4921 4459 4745 4805 4552 5110 4319 4401 4415 4896 
4587 4119 4888 4793 4740 4971 4645 4881 4530 4576 4767 4748 4586 4683 5037 4537 4479 4615 4727 5284 4915 4460 4871 4399 4655 4627 4510 4761 4454 4544 4694 4676 
3947 3801 4226 4129 3761 4155 4110 4027 3898 4073 4226 3719 4068 4074 4614 3941 3957 4005 4097 4572 4182 3902 4281 3749 3988 3848 3889 3979 3975 3960 4185 4030 
4256 4088 4738 4654 4736 5023 4508 4661 4165 4419 4541 4720 4517 4439 4987 4646 4346 4698 4655 5089 4900 4387 4567 4030 4741 4539 4562 4555 4592 4343 4717 4617 
4723 4192 4922 4731 4773 5071 4860 4714 4701 4826 4720 4550 4761 4562 5216 4855 4644 4920 4886 5389 5004 4509 4769 4539 4441 5204 4718 4743 4606 4626 4802 4693 
4123 3956 4747 4382 4497 4707 4408 4506 4192 4600 4782 4325 4481 4134 4751 4352 4350 4489 4714 4789 4272 4399 4687 4324 4693 4493 4256 4411 4228 3993 4359 4396 
4477 4185 4852 4473 4739 4961 4499 4514 4264 4565 4515 4382 4328 4634 4911 4418 4672 4783 4754 5012 4465 4161 4684 4677 4491 4721 4587 4689 4448 4232 4514 4620 
4343 4075 5053 4575 4671 4923 4571 4631 4332 4508 4599 4657 4357 4668 5022 4345 4673 4857 4815 5265 4772 4203 4833 4450 4767 4609 4502 4592 4381 4413 4596 4519 
4374 4323 4746 4429 4743 4806 4472 4761 4378 4516 4402 4499 4463 4429 4640 4675 4365 4611 4560 5008 4537 4332 4774 4157 4672 4771 4401 4665 4477 4336 4608 4401 
4310 4075 4759 4660 4798 4865 4472 4838 4309 4863 4712 4490 4359 4539 5128 4621 4597 4463 4381 5225 4656 4403 4640 4275 4591 4666 4458 4742 4518 4318 4482 4578 
4446 4259 4646 4539 4289 4644 4497 4421 4189 4533 4499 4322 4352 4658 5000 4488 4514 4640 4600 5241 4499 4350 4767 4443 4451 4515 4764 4827 4281 4177 4354 4704 
3849 3956 4364 3967 4166 4609 4164 4025 3838 4156 4198 4173 3976 4127 4681 3987 4034 4028 4168 4758 4233 3763 4257 3960 4170 4234 3720 4183 3917 4145 4186 4244 
4252 4136 4504 4693 4243 4542 4354 4466 4274 4430 4487 4514 4173 4319 4616 4468 4399 4555 4604 4828 4542 4137 4361 4053 4547 4630 4331 4386 4175 4265 4615 4595 
4346 4216 4786 4644 4718 4793 4717 4871 4300 4605 4601 4451 4451 4534 5176 4738 4497 4476 4547 5155 4860 4416 4916 4325 4584 4668 4572 4743 4662 4400 4718 4700 
4015 4181 4759 4325 4296 4631 4220 4379 4242 4123 4639 4158 4117 4123 4780 4429 4404 4354 4379 4861 4221 4066 4461 3937 4161 4470 4161 4520 4080 4116 4216 4404 
4513 4239 4737 4871 4881 4856 4835 4649 4241 4802 4762 4585 4768 4636 5373 4649 4975 4723 4814 5364 4958 4422 5093 4432 4733 4757 4622 4798 4717 4660 4506 4997 
4024 4065 4607 4502 4477 4592 4408 4357 4094 4488 4524 4406 4437 4423 4691 4416 4183 4300 4503 4926 4567 4006 4757 4452 4324 4606 4343 4491 4549 4257 4377 4523 
4516 3947 4798 4505 4616 4744 4538 4514 4113 4558 4620 4438 4417 4330 5015 4678 4431 4556 4649 5105 4586 4064 4653 4385 4375 4691 4446 4420 4411 4348 4346 4536 
4577 4078 4963 4436 4509 4955 4453 4740 4220 4829 4628 4542 4544 4569 4914 4676 4567 4666 4779 5025 4583 4482 4711 4534 4636 4700 4572 4621 4516 4471 4547 4843 
4560 4311 4788 4845 4737 4994 4554 4826 4397 4618 4786 4683 4574 4645 5163 4784 4559 4848 4703 5415 4867 4482 5014 4637 4632 4959 4618 4954 4731 4414 4800 4808 
4053 3918 4191 3967 4007 4463 3965 4175 3849 4223 4221 4153 4009 3910 4500 4053 4086 4161 4344 4580 4289 3641 3889 3814 4080 4255 3968 3964 3885 3873 3987 4029 
4711 4413 4847 4782 4617 5155 4610 4694 4299 4632 4773 4580 4484 4470 5321 4865 4619 4945 4837 5135 4930 4292 4960 4484 4674 4931 4720 4724 4434 4405 4643 4883 
4387 4446 5045 4734 4567 4979 4630 4579 4350 4636 4715 4590 4639 4756 5144 4499 4537 4687 4988 5346 4760 4417 4870 4489 4629 4686 4524 4955 4607 4579 4725 4779 
4331 4171 4822 4648 4500 4872 4613 4541 4256 4501 4679 3968 4349 4545 4820 4480 4468 4626 4601 5015 4716 4200 4697 4151 4602 4809 4550 4621 4457 4277 4557 4838 
4637 4255 4970 4839 4930 5207 4754 4715 4336 4738 4882 4881 4683 4775 4967 4581 4597 4836 4994 5486 4936 4374 4954 4625 4958 5053 4720 4825 4580 4782 5062 4957 
