1915 1817 1989 2068 1994 2149 2067 2112 2317 1768 1857 2156 2042 2204 2096 2265 2139 2240 2243 2524 2091 2091 2155 2002 2121 2033 2077 2142 1886 1985 2236 2078 
1911 1807 2024 1882 1789 2063 2057 2057 2140 1897 1908 2022 2095 1946 2059 2085 2076 2083 2111 2396 2094 1688 2058 1860 1947 2117 1975 1817 1742 1946 2148 2023 
1930 1946 1976 1947 1858 2071 1975 2106 2117 1888 2001 2086 2101 2112 2201 1976 2036 2188 2012 2404 1936 1857 2078 1781 2009 2013 1885 2003 1843 2112 2269 2207 
1650 1782 1900 1776 1699 1693 1823 1859 1717 1620 1690 1746 1698 1761 1909 1833 1504 1866 1832 2163 1671 1521 1920 1707 1695 1864 1788 1830 1636 1971 1813 1705 
1545 1699 1589 1654 1455 1608 1640 1767 1782 1614 1541 1836 1737 1707 2018 1863 1754 1857 1755 2191 1715 1502 1821 1429 1698 1731 1707 1708 1462 1663 1578 1891 
1742 1764 1808 1842 1678 1819 1940 2077 1884 1703 1633 1769 1684 1862 1942 1859 1758 2051 1861 2145 1813 1740 1844 1666 1834 1871 1776 1934 1711 1828 2133 1908 
1739 1773 1845 1851 1641 1907 1837 2042 1883 1813 1702 1867 1773 1887 2048 1887 1785 1992 1743 2147 1851 1634 1876 1755 2035 1946 2021 1757 1727 1941 1896 1960 
1740 1984 1924 1970 1581 1836 1948 1932 1930 1724 1928 2031 1981 1986 2153 2127 1927 2032 2049 2454 1790 1873 1952 1728 1995 1949 1949 1958 1498 1838 1957 1946 
2133 2139 2127 2178 1981 2224 2188 2269 2318 2030 2033 2199 2069 2345 2196 2173 1991 2188 2113 2611 2222 1937 2255 1943 2143 2131 2019 2109 1882 2207 2185 2158 
1804 1777 1850 1730 1552 1746 1921 1882 1875 1663 1763 1696 1827 1864 1946 1823 1684 1769 1819 2128 1893 1701 1915 1577 1796 1749 1622 1664 1482 1760 1918 1550 
1754 1868 1948 1920 1853 1865 2031 2117 1962 1750 1653 2010 1921 1919 2138 2042 1939 2125 1890 2320 1935 1871 2009 1575 2077 1901 1963 1853 1914 1981 2058 1889 
2060 1885 2206 2109 2137 2169 2303 2272 2342 2122 1975 2154 2329 2277 2298 2392 2270 2381 2312 2722 2238 1962 2326 1960 2032 2381 2118 2075 1936 2147 2277 2185 
1577 1714 1766 1644 1609 1797 1755 1799 1852 1593 1741 1814 1860 1712 1798 1797 1786 1873 2010 2170 1625 1634 1912 1631 1864 1772 1651 1629 1567 1706 1789 1616 
1863 1963 1983 2012 1917 2060 2004 1914 1983 1826 1752 2037 1916 2120 2047 2023 1993 2211 2097 2345 1873 1821 2111 1971 2057 2017 1982 2029 1857 1969 1974 1980 
1910 1871 2104 2082 2085 2177 2202 2265 2217 1995 1964 2176 2041 2233 2275 2103 2255 2260 2225 2672 2145 1966 2371 1898 2296 2230 2173 2110 1864 2217 2201 2082 
2027 2109 2110 2026 2036 2100 1912 2201 2225 1886 1862 2231 2079 2132 2101 2130 1960 2348 2129 2498 1919 1979 2225 1809 2247 2053 2012 2060 1916 2120 2217 1960 
1588 1726 1790 1816 1793 1874 1919 1907 1917 1770 1708 1891 1762 1992 2088 1845 1999 1874 1702 2272 1799 1824 1970 1714 2033 1871 1773 1847 1769 1881 1943 1929 
1993 2218 2226 2195 1954 2092 2091 2191 2209 1957 1972 2104 2222 2384 2277 2244 2208 2351 2301 2633 2135 2095 2368 2044 2207 2200 2157 2334 1807 1941 2143 2221 
1531 1713 1585 1660 1489 1831 1807 1634 1792 1436 1643 1647 1620 1665 1850 1717 1626 1671 1666 2114 1665 1563 1787 1608 1762 1801 1481 1656 1422 1827 1870 1825 
1638 1927 1750 2016 1502 1770 1774 1880 2013 1646 1731 1909 1818 1904 1941 1856 1879 2029 1799 2241 1811 1743 1860 1531 1885 1849 1771 1754 1529 1825 1987 2028 
1847 1976 2021 1979 2034 1906 2168 2198 1974 1843 1870 1976 1992 2055 2233 2251 2015 2181 2069 2360 2196 2003 2234 1908 2133 2065 2072 2131 1947 1857 2090 1983 
1586 1914 2006 1793 1625 1751 1864 1863 1958 1609 1832 1784 1933 1869 1987 1951 1928 1943 1956 2234 1726 1715 1935 1635 1792 1856 1684 1863 1583 1702 1843 1770 
1944 1892 1842 2093 1830 1900 2090 2196 2006 1890 1865 1970 2047 2088 2130 2103 2138 2120 2041 2387 2103 1960 2217 1822 2079 2103 1971 1897 1911 2026 2005 2061 
1553 1726 1687 1814 1717 1713 1798 1803 1965 1663 1650 1840 1790 1741 1912 2001 1736 1900 1797 2238 1804 1625 1953 1678 1878 1936 1825 1786 1836 1875 1816 1922 
2006 1899 2027 2027 1884 2067 2047 2003 2027 1916 1920 2045 2064 2083 2250 2198 2041 2180 2130 2538 1952 1841 2184 1845 2013 2122 2114 1969 1958 1967 2004 2066 
1888 1816 1947 1733 1699 1848 1888 1872 1924 1710 1713 2022 1851 1924 2010 2012 1923 2075 2050 2276 1867 1821 1996 1831 1987 2089 1963 1866 1642 1965 2066 1948 
1664 1973 1956 2088 1794 2056 2080 2125 2091 1778 1842 2027 2011 2163 2061 2151 1902 2055 1955 2473 2045 1927 2231 1900 1936 2125 1822 1971 1848 1929 2223 2028 
1734 1857 1775 1902 1638 1891 1852 1992 1995 1788 1791 1914 1813 1756 2104 1835 1938 2110 1948 2230 1855 1624 1838 1663 1943 1840 1888 1660 1592 1963 1829 1834 
1846 1912 2003 1952 1711 1996 1986 2105 1990 1849 1757 1954 1945 1933 2239 2132 1920 2098 2140 2383 1965 1739 2178 1840 1875 2038 1903 1894 1775 1845 2039 2021 
1772 2050 2210 1976 1917 2060 1919 2013 2214 1743 1832 2115 2068 2118 2183 2066 2068 2197 2083 2500 1921 1952 2132 1877 1956 2089 1896 2122 1872 2100 2117 2143 
1856 1869 2042 1999 1770 2008 2085 2116 2109 1753 1877 1754 1977 1946 2095 2105 1914 2182 1935 2456 1983 1806 2120 1746 2032 2086 1937 1908 1790 1950 2036 2099 
2005 2075 2157 2080 2030 2246 2236 2215 2243 1875 2037 2248 2210 2240 2205 2155 2112 2263 2158 2678 2186 1986 2379 1871 2221 2315 1999 2135 1880 2220 2343 2244 
