3677 4101 4007 4085 3569 3755 3787 3903 3945 3588 3567 3811 3756 4107 3852 3420 4363 4009 3589 3640 4120 3853 3487 3957 3759 4230 3683 3678 4037 3689 3642 4031 
3761 3781 4114 3721 3615 3811 3959 4088 4174 3645 3783 3959 3586 4119 3909 3409 4422 3926 3696 3454 3857 4216 3628 3980 3961 4079 3805 3699 4135 3826 3614 3676 
3962 4134 4317 4177 3850 3909 3937 4143 4250 4000 4078 3824 3881 4295 4256 3584 4801 4236 4018 3968 4339 4030 3859 4004 4195 4410 3786 4018 4366 3904 3991 4094 
3610 3829 3944 3589 3583 3578 3374 3769 3963 3663 3548 3553 3651 3718 3631 3358 4046 3795 3457 3490 3814 3599 3154 3396 3723 3849 3328 3657 3585 3389 3488 3539 
3247 3687 3621 3228 3067 3399 2967 3419 3551 3205 3304 3225 3313 3675 3481 3176 3693 3207 3166 3195 3697 3426 3098 3286 3345 3615 3226 3317 3439 3115 3471 3354 
3807 4093 4363 4053 3681 3714 3827 4211 4028 3876 3994 4228 3956 4339 4027 3687 4594 4478 4100 3704 4286 3997 3805 4177 4160 4292 3920 4045 4174 3977 4227 4271 
3794 3596 4124 3885 3645 3676 3618 3717 3999 3699 3677 3597 3492 4061 4019 3314 4126 4078 3657 3738 3949 3876 3483 3641 3977 3880 3495 3713 3901 3466 3644 3637 
4243 3839 4196 4083 3614 3806 3798 4245 3923 3862 4154 4029 3762 4313 4285 3670 4650 4070 3862 3682 4223 4150 3625 4077 4254 4221 3751 4032 4303 3968 3866 4002 
3665 3910 4307 3882 3705 3721 3759 3847 4049 3669 3803 3870 3715 4123 4061 3522 4391 4066 3559 3861 4219 3927 3591 3840 4102 4167 3704 3723 4149 3815 4030 3834 
3169 3272 3597 3342 3218 3190 3274 3404 3451 3250 3230 3228 3022 3519 3173 3036 3593 3539 3058 3154 3416 3643 3001 3222 3223 3477 3314 3330 3262 3295 3205 3198 
3702 3906 3933 3660 3680 3834 3672 4135 4049 3838 3839 3702 3732 3965 3901 3296 4386 4148 3562 3699 3976 3941 3458 3937 3668 4052 3756 3801 3783 3521 3971 3806 
3974 4138 4209 4114 3719 3891 4093 4153 4265 3731 4180 4039 3816 4219 4128 3520 4464 4123 3970 3725 4149 4046 3627 4002 3925 4409 3886 3849 4358 4037 3854 4160 
3607 3657 4161 3725 3573 3465 3456 3777 3877 3771 3923 3783 3604 4022 3815 3435 4104 4009 3650 3808 3993 3658 3462 3727 3598 3973 3553 3734 3890 3551 3487 3639 
3772 3868 3804 3781 3579 3616 3449 4013 4081 3734 3660 3659 3595 4088 4000 3343 4505 4012 3899 3436 3968 3946 3461 3799 3989 4036 3680 3722 3795 3566 3595 3901 
3674 3886 4225 3689 3516 3599 3700 3862 3844 3681 3957 3938 3553 3922 4201 3395 4151 3892 3877 3644 3933 3834 3539 3773 3819 4086 3640 3700 4071 3870 3800 3889 
3714 3719 4055 3715 3469 3472 3565 3729 3602 3831 3711 3623 3531 4072 3878 3554 4269 3786 3605 3344 3992 3704 3473 3707 3847 3978 3530 3718 3866 3604 3491 3676 
3762 3901 4061 3991 3574 3605 3560 4057 3999 3942 3971 4033 3892 4219 4036 3686 4486 4068 3994 3579 4146 4105 3675 3759 3780 4242 3688 3849 4071 3665 3639 3952 
3616 3571 4152 3814 3577 3648 3643 3993 3923 3682 3843 3770 3446 3970 3688 3379 4132 3931 3546 3700 3848 3852 3532 3691 3521 4032 3525 3662 3916 3648 3773 3721 
3460 3622 3555 3500 3478 3410 3391 3671 3708 3581 3677 3475 3598 3614 3930 3248 4131 3673 3396 3281 3871 3552 3206 3487 3520 3832 3433 3644 3927 3413 3494 3485 
3676 3725 4191 3816 3592 3683 3526 3680 3854 3732 3759 3792 3514 3976 3885 3240 4448 4006 3718 3545 4214 3636 3377 3803 3945 4031 3570 3699 4033 3785 3646 3914 
3964 3939 4219 3912 3781 3650 3683 4367 3965 3973 3746 3781 3564 4158 4109 3392 4131 4014 3818 3727 4022 3852 3382 3838 3803 4012 3833 3791 4107 3673 3688 4052 
3623 3820 4065 3467 3339 3548 3502 3577 3555 3517 3697 3843 3633 3941 3771 3260 4260 3877 3646 3328 3862 3949 3252 3666 3545 3860 3467 3807 3848 3652 3400 3858 
3908 3998 4587 4221 3866 3960 3993 4217 4000 4029 3930 4038 3973 4260 4271 3644 4541 4065 3960 3782 4087 4051 3642 4151 4183 4319 4008 4027 4416 4024 3850 3987 
3799 3971 3943 3731 3545 3654 3705 3742 3893 3613 3781 3297 3416 3811 3898 3232 4362 3908 3609 3617 4113 3701 3397 3803 3843 4056 3462 3499 3813 3725 3641 3809 
3797 3896 4299 3951 3586 3697 3487 3889 3957 3623 3963 3741 3762 3904 4110 3118 4404 3898 3753 3510 4011 3844 3399 3779 3841 4053 3610 3609 3942 3868 3760 3726 
3881 4032 4396 3963 3606 3882 3845 4112 4001 3844 3729 3855 3952 4112 3886 3325 4448 4120 3865 3670 4037 3866 3553 3939 3963 4349 3804 3583 3875 3986 3951 3844 
3847 4071 4245 4033 3741 3777 3829 3996 4292 3973 4026 3928 3682 4286 4013 3650 4630 4352 3858 3869 4380 3920 3607 4054 4118 4223 3875 3861 4170 3645 3853 4121 
3390 3614 3593 3467 3187 3125 3321 3326 3408 3287 3276 3353 3290 3582 3549 3067 3910 3557 3203 3149 3437 3404 3153 3318 3364 3585 3249 3458 3318 3142 3295 3514 
3966 4026 4507 4196 3720 3914 3890 4178 3861 3931 4075 3916 4053 4191 4178 3495 4422 4004 3824 3997 4257 3998 3670 3848 4031 4250 3979 3832 4268 3980 4108 4138 
3863 3986 4348 4023 3874 3677 3778 4168 4183 4103 4152 3880 3739 4377 4033 3669 4565 4274 3815 3733 4199 4183 3595 3854 4075 4259 3913 3961 4118 3984 3852 4055 
3475 3800 3979 3909 3522 3583 3680 3955 3947 3727 3881 3958 3697 3876 3807 3529 4222 3944 3927 3532 3894 4044 3583 3921 3852 3927 3719 3827 3936 3739 3522 3747 
3840 3940 3999 4095 3884 3911 4000 3969 4119 3850 3886 3949 3830 4189 4069 3324 4585 4193 3849 3875 4028 4046 3428 3955 4004 4379 3770 3974 4231 3774 3677 4119 
