624 733 683 582 531 601 590 536 563 521 580 612 466 678 595 582 768 598 614 609 628 621 535 713 655 677 496 667 704 724 529 659 
781 808 760 627 662 671 641 561 706 645 799 667 560 721 598 651 850 627 735 632 563 757 568 707 706 767 585 736 736 696 621 671 
738 813 815 719 679 682 617 603 680 713 697 754 588 838 742 761 996 557 770 666 759 584 542 655 703 736 626 830 835 772 697 711 
671 722 704 513 591 515 507 451 627 604 684 586 545 657 480 554 763 397 596 555 605 549 389 442 670 623 555 719 596 635 499 600 
530 683 633 456 460 541 343 412 482 559 552 506 405 644 520 475 648 413 565 510 623 490 389 457 549 514 457 618 608 613 437 538 
429 547 462 418 448 405 357 412 467 421 415 457 362 534 434 409 618 451 489 459 517 428 436 435 489 509 385 497 480 562 514 518 
716 700 744 612 563 680 594 553 637 637 733 532 488 651 647 619 753 666 769 529 562 712 522 599 666 654 508 685 638 655 631 624 
863 846 784 732 727 661 646 683 582 659 820 779 658 703 813 742 942 656 819 771 787 734 577 770 764 776 631 800 806 876 707 786 
583 737 703 595 589 477 603 494 566 581 663 606 494 702 590 548 823 502 646 568 615 621 492 478 651 638 533 726 702 781 582 617 
469 564 522 367 488 480 434 409 407 355 407 439 331 543 455 386 519 432 424 473 449 516 358 440 510 507 398 514 451 584 316 440 
584 685 553 421 525 582 407 457 520 546 473 527 436 564 536 443 660 508 536 496 460 502 413 528 592 573 494 515 494 597 548 470 
700 909 797 702 593 763 725 658 734 645 769 688 568 840 657 689 912 647 738 677 635 772 614 796 710 765 577 829 843 786 579 717 
505 559 601 497 449 470 447 412 518 472 588 498 399 532 499 572 677 412 525 568 508 559 400 497 419 584 346 580 561 497 409 425 
793 806 716 622 608 592 551 526 568 682 653 645 529 694 632 647 844 636 735 580 607 632 478 647 717 655 582 715 659 723 652 529 
738 761 773 586 505 584 544 560 512 625 702 616 471 708 636 632 736 562 744 583 646 715 536 656 618 636 548 656 730 745 539 594 
621 610 661 557 507 522 506 475 420 518 532 564 443 624 644 553 738 415 603 528 602 591 438 539 560 584 506 602 630 691 533 475 
660 708 675 573 504 538 460 510 507 630 670 616 454 679 617 623 788 526 723 483 638 599 488 557 550 578 505 652 695 663 600 567 
742 770 824 708 645 615 692 709 600 599 725 708 577 714 622 639 871 636 757 616 738 773 588 668 743 721 588 731 753 835 601 598 
442 549 384 404 428 408 359 406 375 443 470 477 451 442 479 494 596 332 480 456 532 403 304 386 403 465 393 523 501 517 480 404 
645 795 753 662 620 707 555 511 655 702 680 659 541 798 697 648 939 541 707 557 671 558 488 583 634 667 536 838 717 676 617 712 
702 809 761 657 579 602 529 639 626 624 669 576 547 653 655 575 816 593 709 639 718 572 528 662 720 679 572 654 628 772 582 677 
724 676 756 521 551 596 554 479 545 621 743 593 531 573 658 499 783 454 591 588 607 605 436 605 634 668 560 664 652 663 527 551 
723 845 809 724 649 691 609 651 566 686 731 716 631 685 747 648 853 590 717 702 757 638 519 748 736 752 604 716 795 826 586 588 
642 786 640 613 565 639 553 593 613 640 684 533 520 688 652 655 775 624 723 585 650 611 542 606 682 653 538 714 713 701 647 582 
696 879 817 673 658 657 577 606 654 673 764 764 614 702 613 609 884 567 799 632 726 664 531 712 723 738 594 704 793 815 651 613 
590 612 638 579 520 547 509 538 503 517 562 621 531 518 535 508 752 495 649 489 635 618 441 586 563 605 467 562 587 665 562 469 
633 797 666 555 540 493 530 520 656 607 706 619 528 638 565 597 798 498 600 548 620 614 469 602 614 665 555 624 716 676 514 595 
584 681 583 550 439 549 476 465 446 556 602 479 430 612 610 578 718 491 631 498 566 543 404 491 555 468 420 728 568 597 526 524 
732 696 687 635 588 538 554 554 414 538 708 566 549 605 657 585 728 466 615 607 661 579 501 542 655 674 530 640 621 737 580 574 
625 766 726 518 552 652 476 466 520 561 666 553 442 687 608 500 789 441 612 591 583 664 409 563 657 628 507 652 715 712 456 595 
616 679 682 614 567 548 539 574 656 587 678 645 540 629 561 568 738 578 696 519 594 571 497 647 578 600 519 646 728 668 543 495 
668 806 737 583 707 724 628 615 702 659 744 673 546 783 741 656 928 625 713 735 673 769 540 637 726 745 590 851 848 773 610 672 
