4268 4735 4571 4696 4102 4413 4410 4517 4547 4298 4164 4529 4417 4523 4457 4046 5025 4746 4169 4213 4594 4340 4049 4568 4353 4705 4394 4378 4678 4198 4320 4674 
4521 4604 4921 4543 4291 4599 4790 4999 4938 4477 4513 4895 4422 4671 4714 4237 5284 4804 4493 4203 4506 4914 4386 4714 4655 4784 4811 4555 4902 4516 4420 4352 
4518 4766 4923 4759 4332 4642 4583 4748 4896 4721 4595 4526 4462 4746 4867 4182 5478 4974 4573 4573 4833 4513 4421 4602 4779 4924 4458 4676 4997 4389 4635 4657 
4217 4455 4618 4205 4046 4143 3894 4434 4462 4249 4066 4184 4358 4185 4259 3861 4573 4450 3996 4029 4322 4177 3654 4061 4202 4306 3938 4286 4184 3819 4049 4218 
3964 4558 4342 3995 3610 4246 3694 4284 4287 3980 4019 4089 4155 4289 4151 3918 4524 4126 3936 3853 4243 4217 3695 4000 4079 4161 3973 4254 4193 3619 4307 4118 
4276 4586 4927 4613 4121 4219 4413 4806 4532 4383 4510 4849 4584 4731 4553 4160 5156 5070 4548 4118 4763 4489 4212 4655 4572 4771 4553 4634 4658 4421 4708 4821 
4410 4263 4736 4525 4182 4351 4241 4376 4543 4366 4291 4279 4179 4576 4607 3984 4851 4864 4299 4369 4499 4477 4113 4225 4529 4394 4150 4464 4611 3988 4306 4293 
4874 4496 4838 4726 4112 4464 4376 4905 4544 4572 4745 4697 4411 4727 4960 4252 5265 4782 4375 4247 4674 4703 4165 4712 4893 4755 4397 4671 4800 4525 4545 4616 
4193 4541 4996 4557 4269 4487 4437 4617 4686 4395 4489 4560 4366 4584 4743 4128 5103 4752 4097 4495 4715 4482 4180 4405 4692 4741 4306 4464 4777 4303 4616 4475 
3686 3782 4165 3847 3674 3731 3832 3928 3992 3840 3695 3834 3538 3912 3752 3548 4139 4163 3512 3661 3812 4133 3464 3787 3725 3897 3840 4021 3826 3770 3760 3763 
4432 4693 4700 4483 4240 4676 4408 4952 4822 4693 4627 4566 4623 4569 4708 4001 5184 5016 4312 4368 4569 4627 4165 4800 4352 4667 4606 4656 4505 4189 4821 4565 
4627 4959 4991 4904 4340 4682 4795 4928 4954 4498 4892 4785 4717 4764 4934 4254 5301 4997 4617 4396 4819 4750 4346 4796 4561 5098 4645 4663 5052 4707 4586 4912 
4265 4382 4694 4387 4065 4168 4118 4428 4580 4432 4605 4567 4312 4507 4432 4057 4819 4823 4324 4347 4474 4296 4044 4395 4281 4505 4291 4479 4465 4090 4276 4210 
4381 4561 4466 4372 4032 4231 4100 4799 4736 4379 4235 4307 4239 4521 4676 3999 5184 4671 4533 3942 4448 4551 3977 4453 4578 4589 4356 4400 4326 4079 4276 4398 
4322 4533 4928 4410 4088 4262 4399 4541 4493 4378 4584 4684 4286 4395 4896 4049 4894 4602 4436 4108 4504 4373 4181 4450 4339 4672 4342 4491 4778 4531 4562 4641 
4259 4383 4688 4296 3992 4093 4122 4406 4172 4437 4276 4193 4165 4537 4520 4133 4934 4511 4139 3955 4528 4259 4034 4296 4357 4543 4150 4357 4520 4144 4106 4390 
4410 4681 4806 4681 4135 4308 4164 4779 4607 4694 4528 4776 4578 4715 4715 4376 5152 4871 4618 4205 4692 4755 4285 4435 4407 4786 4350 4647 4759 4208 4379 4735 
4255 4269 4773 4474 4164 4298 4328 4699 4672 4335 4555 4601 4239 4475 4387 3989 4885 4787 4226 4318 4383 4456 4132 4379 4146 4595 4396 4422 4580 4291 4540 4404 
4024 4209 4162 4121 3992 4022 4035 4340 4282 4137 4269 4162 4166 4118 4551 3863 4815 4334 3927 3799 4425 4061 3774 4098 4002 4380 4045 4403 4578 3931 4091 4151 
4195 4448 4907 4468 4174 4393 4232 4441 4536 4447 4451 4581 4214 4494 4546 3944 5200 4842 4381 4204 4753 4222 3938 4408 4547 4656 4361 4420 4631 4346 4406 4570 
4503 4614 4839 4507 4315 4266 4269 4994 4567 4625 4306 4494 4283 4667 4668 3960 4778 4752 4400 4306 4476 4419 3979 4434 4328 4497 4589 4395 4757 4129 4297 4653 
4150 4519 4769 4203 3904 4194 4220 4283 4170 4251 4411 4717 4375 4411 4413 3900 4996 4658 4298 3839 4415 4560 3851 4263 4147 4422 4292 4528 4402 4179 4108 4442 
4574 4604 5219 4913 4366 4614 4719 4884 4570 4680 4506 4752 4676 4730 4938 4249 5193 4828 4587 4291 4645 4748 4132 4801 4745 4845 4730 4756 4988 4594 4561 4609 
4301 4581 4537 4318 4112 4236 4226 4277 4425 4241 4268 3916 4021 4140 4465 3731 4946 4579 4033 4134 4603 4125 3977 4348 4374 4520 4047 4091 4314 4177 4169 4376 
4538 4662 5046 4625 4159 4451 4322 4734 4702 4381 4607 4504 4521 4454 4861 3820 5244 4712 4397 4130 4588 4544 4036 4495 4508 4717 4448 4389 4685 4467 4462 4415 
4408 4627 5005 4618 4075 4523 4427 4769 4570 4450 4355 4543 4605 4625 4523 3921 5096 4809 4371 4226 4551 4413 4015 4513 4413 4899 4424 4245 4460 4529 4626 4463 
4458 4803 4909 4694 4293 4486 4532 4713 4920 4682 4671 4658 4303 4793 4626 4285 5471 5207 4485 4465 4923 4483 4191 4634 4713 4782 4622 4678 4861 4257 4530 4860 
4187 4483 4318 4228 3713 3920 4020 4128 4170 4056 3892 4197 4205 4195 4256 3812 4755 4378 3956 3721 4043 4121 3810 4177 4069 4284 4159 4245 3997 3726 4098 4232 
4628 4753 5183 4883 4190 4707 4599 4942 4613 4690 4767 4716 4754 4743 4868 4150 5218 4813 4433 4589 4743 4676 4184 4503 4725 4855 4687 4622 4892 4524 4881 4815 
4393 4548 4947 4543 4395 4273 4344 4749 4840 4721 4726 4562 4353 4852 4590 4092 5218 4951 4315 4251 4576 4654 4073 4439 4573 4767 4531 4578 4687 4445 4442 4588 
4018 4405 4622 4546 3977 4222 4356 4681 4585 4372 4541 4701 4390 4429 4420 4047 4920 4716 4546 4064 4369 4654 4031 4525 4358 4394 4423 4542 4580 4267 4212 4340 
4449 4550 4593 4699 4361 4470 4512 4637 4752 4439 4428 4616 4476 4627 4706 3929 5246 4826 4433 4426 4543 4577 4002 4598 4528 4919 4510 4560 4782 4355 4346 4662 
