1752 2025 2147 2058 1815 1825 1882 2096 2008 1787 1809 1711 1801 2071 2145 1770 2127 2098 1952 1768 2031 1847 1739 1910 1898 2178 1932 1829 1982 2063 1671 2071 
1862 1830 2113 1930 1824 1828 1932 2001 2080 1752 1942 1814 1767 1954 2086 1706 2229 2066 1836 1745 1831 1880 1702 1936 1980 2134 1936 1758 2121 2044 1799 1950 
1942 2047 2280 2228 1901 1966 1911 2222 2243 1913 1949 1903 1978 2093 2398 1957 2502 2128 2137 2034 2173 1851 1846 1888 2056 2301 1946 2030 2258 2123 2080 2026 
1854 2120 2138 1871 2021 1826 1860 2055 2249 1899 2012 1822 2066 2007 2018 1785 2299 2028 1941 1823 1952 1776 1619 1734 2063 2120 1971 1982 2002 2010 1802 1973 
1588 1831 1772 1621 1461 1709 1367 1723 1875 1482 1551 1469 1630 1694 1950 1569 1836 1628 1663 1573 1765 1657 1371 1569 1658 1890 1598 1689 1822 1707 1675 1619 
1631 1992 1903 1845 1702 1650 1731 2032 1865 1760 1732 1773 1794 1917 2090 1656 2098 2112 1939 1616 1829 1731 1658 1712 1888 1950 1712 1741 1937 2027 1862 1847 
1792 1724 2001 1806 1678 1728 1655 1853 1934 1628 1799 1597 1527 1827 1918 1474 1912 1986 1900 1662 1748 1797 1498 1611 1932 1847 1672 1640 1855 1817 1693 1722 
1917 1972 1937 1867 1670 1735 1716 2022 1779 1575 1993 1863 1791 1788 2180 1777 2178 1925 1959 1768 1917 1833 1562 1837 1899 2073 1730 1871 2034 2058 1803 1894 
1807 2084 2130 1994 1918 1779 1838 2060 2245 1860 1978 1914 1877 2078 2184 1727 2264 2173 1994 1995 2058 1999 1765 1809 2194 2176 1859 1854 2266 2263 1988 2041 
1525 1672 1791 1665 1570 1560 1545 1685 1758 1508 1635 1493 1498 1712 1787 1392 1787 1881 1658 1549 1604 1719 1428 1514 1747 1811 1657 1637 1639 1878 1453 1575 
1869 1958 2022 1871 1805 1857 1789 2056 2046 1891 1815 1701 1902 1907 2261 1565 2198 2027 1861 1728 1873 1806 1627 1804 1891 2099 1836 1861 1859 1933 1886 1892 
1991 2276 2211 2324 2037 2120 2110 2341 2427 1874 2225 1988 2100 2197 2407 1970 2464 2352 2130 2021 2096 2202 1954 2078 2094 2393 2093 2096 2446 2310 1997 2180 
1549 1695 1889 1730 1639 1593 1529 1769 1917 1781 1882 1596 1591 1820 1918 1607 1974 1901 1747 1805 1762 1684 1518 1647 1702 1903 1516 1686 1802 1848 1637 1606 
2013 2058 1990 2104 1909 1783 1662 2124 2091 1970 1839 1764 1903 2021 2202 1716 2278 2064 2085 1760 1985 2007 1701 1843 2003 2104 1932 1921 1941 2024 1821 1910 
2040 2187 2309 2137 1927 1959 1965 2238 2232 2016 2162 2103 1912 2069 2469 1888 2244 2194 2284 1996 2072 2126 1950 2078 2138 2235 1975 1942 2292 2270 1972 2136 
1723 1835 1920 1860 1698 1676 1725 1876 1801 1764 1672 1643 1713 1899 2138 1798 2060 1838 1777 1580 1795 1730 1497 1627 1829 1936 1746 1780 1958 1909 1700 1692 
1728 1817 1867 1958 1681 1542 1519 1997 1943 1822 1784 1857 1833 1937 2097 1734 2087 2023 1989 1565 1876 1863 1524 1659 1779 1934 1841 1768 1933 1854 1741 1880 
2042 2076 2303 2266 2039 1978 1993 2294 2188 1945 2143 2025 1974 2120 2204 1842 2390 2209 2111 2066 2160 2163 1818 2004 2090 2323 1930 1982 2240 2231 2072 2032 
1619 1820 1670 1761 1726 1684 1589 1908 1892 1688 1820 1575 1871 1757 2062 1673 2120 1849 1759 1685 1895 1649 1421 1481 1750 1962 1632 1752 1924 1844 1700 1661 
1852 2036 2253 2024 1925 1937 1745 1913 2054 1928 1965 1862 1925 2108 2252 1673 2337 2114 1982 1759 2107 1761 1694 1839 2066 2194 1818 1964 2084 2152 1860 2078 
2039 2116 2227 2237 1924 1815 1899 2383 2146 1972 1945 1840 1936 2078 2269 1753 2252 2167 2105 1923 2072 1951 1777 2019 2059 2150 2092 2015 2223 2193 1897 2171 
1785 1913 2122 1817 1625 1634 1774 1873 1814 1737 2015 1766 1899 1813 2007 1557 2170 1946 1832 1555 1822 1854 1479 1755 1795 1925 1806 1866 1972 1928 1596 1857 
1883 2120 2399 2144 1798 1909 1906 2226 1945 1880 2005 1950 2003 2072 2376 1825 2303 2161 2089 1871 1985 1938 1742 2058 2135 2255 2079 1943 2242 2209 1904 1881 
1763 1939 2010 1866 1718 1750 1908 1975 2004 1831 1837 1473 1765 1742 2074 1569 2186 1988 1851 1767 1996 1710 1748 1828 1970 2036 1770 1763 1925 2027 1763 1816 
1929 2253 2302 2044 1944 1912 1793 2159 2067 1771 2097 1898 2018 1893 2327 1680 2409 2090 2181 1800 2043 2056 1654 1957 2126 2270 1933 1747 2187 2257 1863 1939 
1820 1982 2196 1959 1737 1793 1964 2122 1959 1844 1789 1765 1947 1835 2150 1628 2310 2067 1959 1706 1992 1844 1720 1857 1914 2105 1774 1691 1870 2165 1917 1818 
1750 2103 1964 1924 1826 1652 1703 1988 2115 1847 1908 1882 1822 1944 2084 1779 2237 2014 1949 1801 2024 1924 1683 1813 1985 2067 1917 1808 2083 1963 1739 2018 
1754 1933 1986 1886 1643 1633 1701 1874 1737 1680 1675 1636 1736 1796 2106 1659 2098 1860 1797 1562 1703 1691 1521 1574 1805 1887 1662 1825 1876 1773 1663 1697 
2065 2090 2392 2317 2016 1947 2097 2297 1962 2054 2158 1958 2033 2087 2498 1749 2344 2166 2061 2014 2221 2004 1792 1934 2190 2380 2058 1945 2188 2272 2098 2160 
1959 2187 2268 2175 1916 1902 1899 2176 2232 1965 1976 1831 2032 2105 2299 1795 2513 2255 2039 1909 2068 2189 1632 1859 2246 2300 1998 2025 2263 2312 1816 2056 
1825 1910 2090 2174 1734 1885 1919 2121 2192 1782 2066 1864 1974 1915 2151 1819 2088 2179 2178 1738 1940 1974 1719 2020 1956 2059 1951 1917 2200 2086 1759 1818 
1881 1989 2069 1985 2009 1919 2020 2118 2149 1756 1997 1811 1921 2050 2255 1716 2355 2089 2022 1895 1995 1996 1635 1826 2006 2205 1911 2071 2130 2082 1749 1958 
