4932 5490 5264 5248 4954 5166 5200 5387 5193 5062 4803 5296 5047 5289 5183 4727 5791 5437 4913 4854 5212 5016 4797 5066 5030 5312 5096 4949 5338 4993 4951 5147 
5086 5373 5501 5047 5100 5329 5558 5648 5486 5010 5104 5499 5052 5381 5350 4824 5866 5495 5157 4687 4989 5503 5013 5137 5225 5414 5421 5116 5566 5282 5126 4742 
5028 5430 5397 5190 4947 5217 5306 5440 5399 5164 5099 5130 5033 5346 5488 4748 6008 5574 5256 5105 5319 5023 4933 4921 5284 5372 5026 5139 5586 5032 5191 4949 
4599 5135 5068 4641 4546 4667 4500 5020 4926 4742 4443 4756 4866 4673 4696 4326 5153 5000 4562 4502 4731 4556 4094 4370 4585 4814 4389 4745 4800 4345 4643 4443 
4445 5173 4880 4430 4344 4960 4363 4923 4781 4564 4486 4583 4681 4895 4788 4516 5054 4686 4529 4290 4694 4756 4418 4456 4633 4708 4508 4722 4815 4252 4917 4477 
4866 5255 5483 5094 4737 4831 5154 5549 4981 5021 5031 5528 5150 5336 5191 4771 5806 5628 5148 4670 5239 5030 4885 5015 5112 5292 5076 5161 5291 5209 5348 5197 
4986 5098 5355 5047 4810 5157 5041 5111 5146 5047 4861 5047 4827 5266 5206 4633 5493 5546 5025 4932 5023 5058 4835 4701 5088 4998 4699 5032 5381 4791 4878 4721 
5526 5197 5409 5175 4953 5149 5076 5611 5210 5108 5338 5224 4949 5311 5731 4850 5920 5400 5049 4811 5214 5239 4866 5216 5499 5399 5027 5165 5407 5219 5160 4973 
4874 5271 5715 5129 5121 5288 5361 5387 5352 5026 5166 5183 5012 5322 5534 4820 5779 5470 4837 5098 5271 5087 4928 4821 5316 5370 5020 5125 5430 5186 5306 4885 
4464 4590 4797 4379 4606 4445 4642 4723 4691 4486 4277 4532 4186 4662 4546 4166 4899 4871 4276 4284 4348 4785 4191 4313 4438 4632 4469 4574 4560 4608 4493 4172 
5049 5419 5283 5006 5002 5405 5197 5734 5428 5375 5128 5339 5281 5275 5401 4587 5850 5614 5038 4921 5120 5261 4991 5304 4985 5263 5217 5147 5228 4967 5425 4993 
5178 5793 5670 5386 5086 5375 5634 5734 5586 5175 5586 5409 5408 5533 5664 4981 6052 5735 5337 5030 5442 5377 5038 5236 5073 5801 5315 5232 5701 5538 5345 5286 
4879 5127 5268 4934 4716 4869 4926 5163 5072 5091 5090 5186 4846 5273 5079 4712 5422 5500 4973 4963 5053 4849 4746 4948 4852 5053 4901 4942 5188 4851 4957 4576 
4974 5331 5021 4873 4713 4914 4773 5632 5310 4991 4800 5024 4843 5220 5323 4675 5879 5257 5185 4523 5026 5068 4684 4845 5146 5106 4960 4938 4958 4831 4765 4837 
4900 5290 5520 4975 4859 5056 5174 5288 5066 5019 5122 5287 4905 5222 5527 4714 5574 5206 5123 4700 5109 4940 4931 4835 4862 5249 4944 4975 5450 5311 5204 5009 
4949 5325 5424 4947 4813 4919 5064 5393 4852 5306 4903 5009 4998 5356 5419 4943 5711 5359 5075 4701 5205 5081 4900 4842 5097 5232 4906 5053 5426 5134 4851 4920 
4948 5417 5324 5183 4734 4993 4897 5531 5195 5313 5036 5526 5197 5430 5248 4948 5840 5466 5267 4774 5152 5357 4994 4851 4994 5264 4913 5155 5393 4854 4961 5079 
4985 5142 5409 5156 4988 5217 5292 5536 5272 5041 5167 5348 4931 5334 5136 4775 5571 5544 5076 5043 5045 5087 4926 4882 4800 5249 5096 5073 5402 5143 5313 4879 
4538 4778 4525 4504 4553 4624 4633 4904 4658 4584 4662 4658 4658 4635 5147 4464 5264 4843 4514 4335 4788 4528 4315 4406 4490 4885 4443 4873 5181 4560 4630 4550 
4767 5109 5328 4897 4903 5153 4948 5082 5073 4965 4921 5039 4745 5104 5190 4549 5725 5403 5017 4779 5251 4800 4535 4789 5064 5245 4950 4934 5216 4983 4977 4949 
5087 5360 5354 5049 5018 4994 5011 5798 5117 5230 4791 5134 4874 5353 5350 4622 5435 5372 5092 4918 5031 5008 4705 4817 4842 5051 5149 4932 5374 4903 4884 5129 
4729 5222 5275 4762 4585 4937 4991 4945 4703 4799 4848 5256 5017 5161 5065 4491 5592 5308 4970 4443 4971 5114 4576 4632 4678 4977 4890 5009 5085 4857 4776 4873 
5060 5323 5792 5450 5070 5342 5447 5615 5063 5341 5032 5291 5192 5381 5509 4940 5790 5410 5193 4864 5158 5346 4734 5166 5233 5439 5295 5348 5568 5299 5209 4954 
4795 5311 5006 4735 4713 5005 4983 5013 4961 4843 4711 4508 4605 4760 5112 4428 5516 5207 4646 4680 5077 4735 4686 4768 4923 5144 4596 4637 4997 4894 4744 4805 
5032 5422 5586 5186 4754 5114 5077 5421 5163 4992 5047 5094 5094 5102 5395 4394 5762 5355 5122 4712 5038 5064 4663 4887 5009 5206 5047 4825 5348 5235 5077 4770 
5003 5314 5580 5034 4814 5153 5130 5481 5166 5037 4966 5211 5161 5247 5113 4531 5754 5377 4985 4798 5106 4961 4700 4974 5045 5552 5029 4688 5101 5166 5231 4778 
5041 5571 5563 5239 5082 5263 5426 5411 5435 5298 5215 5301 4922 5438 5296 4988 6015 5848 5277 5051 5382 5133 4896 5028 5309 5394 5281 5312 5581 5083 5242 5308 
4827 5296 4834 4763 4507 4725 4825 4841 4716 4705 4442 4801 4788 4997 4885 4488 5402 5015 4692 4314 4628 4691 4502 4566 4592 4927 4712 4818 4651 4544 4824 4634 
5248 5498 5762 5379 4968 5451 5382 5512 5134 5204 5284 5316 5433 5463 5551 4791 5755 5420 5124 5131 5252 5195 4932 4944 5307 5465 5249 5111 5620 5321 5563 5264 
4900 5323 5500 5120 5040 5025 5074 5439 5315 5355 5205 5278 4996 5447 5200 4671 5805 5565 5051 4804 5080 5272 4822 4856 5138 5376 5119 5136 5503 5144 5059 5043 
4624 5131 5338 5091 4719 4937 5171 5389 5160 5031 5093 5355 4965 5114 5140 4709 5587 5419 5215 4628 4895 5300 4722 5044 5001 5012 5053 5152 5286 4979 4907 4769 
5141 5337 5331 5320 5190 5319 5471 5526 5397 5142 5044 5306 5189 5448 5571 4731 5962 5557 5244 5093 5161 5288 4961 5124 5204 5594 5196 5127 5633 5292 5105 5105 
