2355 2701 2834 2705 2464 2550 2491 2661 2745 2281 2304 2340 2537 2755 2826 2202 3045 2707 2519 2335 2714 2504 2368 2676 2706 2812 2420 2440 2621 2533 2372 2751 
2590 2537 2953 2630 2510 2766 2592 2768 2994 2488 2619 2694 2526 2856 2921 2357 3230 2837 2625 2304 2617 2891 2480 2766 2849 2900 2546 2574 2840 2730 2577 2653 
2562 2716 3011 2856 2560 2724 2479 2853 3011 2507 2645 2560 2699 2898 3180 2450 3369 2854 2772 2601 2820 2609 2463 2602 2909 3015 2424 2707 2975 2662 2648 2731 
2448 2730 2881 2503 2609 2599 2339 2604 2919 2502 2569 2519 2767 2715 2713 2302 3053 2676 2521 2326 2611 2519 2222 2361 2791 2804 2407 2699 2548 2498 2404 2506 
2025 2422 2343 2064 1999 2287 1831 2249 2502 1961 2059 2115 2193 2298 2533 2104 2576 2125 2219 1962 2354 2350 1962 2156 2263 2402 2043 2296 2340 2069 2322 2085 
2315 2679 2780 2589 2390 2510 2314 2788 2772 2357 2509 2656 2579 2819 2904 2280 3163 2871 2774 2208 2636 2574 2437 2505 2815 2769 2349 2565 2705 2669 2658 2717 
2547 2418 2798 2524 2394 2518 2264 2533 2774 2237 2350 2388 2308 2616 2798 2028 2786 2755 2558 2310 2493 2597 2193 2416 2768 2571 2158 2441 2562 2329 2342 2422 
2602 2500 2753 2539 2333 2474 2228 2747 2530 2223 2679 2719 2499 2658 3002 2408 3097 2640 2677 2273 2601 2663 2203 2543 2785 2729 2246 2595 2688 2625 2412 2575 
2443 2716 2949 2671 2623 2571 2417 2698 3012 2472 2548 2673 2579 2819 2958 2370 3205 2848 2611 2545 2865 2773 2446 2621 3006 2878 2408 2662 2870 2752 2725 2637 
2019 2192 2387 2190 2119 2203 2084 2216 2393 2057 2078 2070 2067 2353 2291 1932 2491 2362 2109 1946 2145 2416 2011 2093 2315 2306 2147 2216 2143 2250 2081 2070 
2452 2609 2797 2477 2485 2675 2378 2704 2856 2551 2516 2472 2649 2736 3020 2137 3171 2761 2490 2373 2672 2649 2369 2594 2684 2737 2381 2608 2503 2477 2636 2627 
2528 2796 2866 2857 2636 2826 2677 2882 3109 2455 2757 2592 2658 2904 3075 2474 3256 2950 2637 2461 2651 2825 2454 2748 2826 3003 2572 2684 3014 2758 2574 2741 
2143 2183 2643 2319 2243 2178 1950 2323 2557 2260 2450 2269 2208 2536 2689 2087 2726 2541 2319 2338 2338 2300 2070 2245 2411 2476 1946 2296 2430 2279 2175 2228 
2635 2729 2776 2749 2650 2652 2318 2861 2956 2667 2547 2612 2630 2867 3124 2362 3351 2844 2827 2353 2731 2835 2458 2696 2872 2887 2591 2722 2692 2656 2544 2698 
2528 2753 2974 2624 2501 2596 2489 2708 2807 2493 2742 2772 2500 2685 3197 2376 3059 2774 2854 2479 2698 2763 2534 2726 2814 2835 2509 2559 2923 2818 2606 2740 
2325 2469 2680 2472 2338 2369 2252 2518 2527 2332 2378 2383 2406 2679 2873 2399 2988 2503 2447 2141 2617 2553 2230 2401 2653 2575 2282 2525 2619 2476 2372 2356 
2286 2486 2658 2595 2394 2368 2107 2748 2726 2495 2549 2614 2561 2794 2904 2375 3031 2742 2739 2156 2575 2692 2262 2415 2594 2713 2366 2536 2599 2411 2388 2608 
2509 2514 2862 2754 2525 2566 2420 2839 2782 2434 2570 2571 2406 2713 2731 2324 3019 2654 2532 2514 2669 2719 2413 2529 2570 2791 2346 2622 2804 2651 2630 2497 
2162 2450 2252 2279 2361 2302 2112 2490 2561 2206 2377 2173 2466 2417 2839 2176 2902 2422 2325 2120 2439 2313 2002 2178 2461 2580 2067 2381 2475 2290 2230 2288 
2564 2650 3067 2742 2589 2780 2289 2601 2891 2549 2569 2606 2600 2893 3036 2193 3355 2877 2711 2410 2900 2486 2328 2635 2934 2932 2324 2662 2861 2730 2558 2818 
2619 2735 2908 2805 2564 2504 2451 2955 2854 2632 2464 2455 2520 2859 2996 2231 3057 2751 2671 2444 2666 2658 2372 2657 2760 2722 2532 2655 2892 2609 2540 2823 
2443 2516 2900 2417 2298 2482 2313 2535 2533 2385 2601 2551 2539 2735 2713 2184 3112 2661 2539 2165 2564 2694 2198 2535 2594 2642 2336 2598 2646 2562 2320 2609 
2467 2703 3154 2812 2612 2684 2507 2890 2696 2538 2562 2793 2697 2905 3068 2410 3239 2825 2754 2350 2676 2737 2352 2771 2999 3016 2620 2710 2885 2845 2596 2578 
2436 2679 2793 2531 2399 2512 2564 2565 2711 2483 2560 2194 2513 2500 2957 2100 3162 2754 2582 2383 2739 2452 2337 2603 2893 2753 2275 2373 2712 2613 2416 2588 
2516 2747 3054 2703 2559 2579 2339 2791 2843 2356 2746 2663 2674 2678 3110 2141 3274 2752 2801 2340 2696 2782 2275 2594 2883 2875 2419 2462 2865 2792 2458 2563 
2453 2682 2952 2566 2472 2580 2572 2809 2764 2491 2393 2495 2674 2667 2911 2191 3220 2790 2712 2291 2676 2589 2353 2612 2777 2883 2316 2337 2583 2729 2598 2520 
2411 2740 2769 2591 2501 2473 2371 2613 2932 2583 2501 2536 2459 2741 2970 2226 3186 2737 2599 2420 2739 2601 2294 2591 2750 2784 2432 2519 2799 2486 2426 2670 
2204 2418 2560 2337 2221 2195 2188 2325 2357 2156 2156 2218 2313 2452 2723 2024 2761 2377 2215 1984 2182 2287 2023 2158 2461 2370 2067 2345 2336 2190 2192 2282 
2580 2615 3069 2906 2555 2657 2513 2892 2645 2603 2735 2650 2654 2800 3078 2286 3231 2732 2708 2528 2876 2730 2410 2531 2875 3016 2529 2582 2821 2821 2724 2795 
2544 2851 3002 2751 2685 2634 2519 2959 3058 2681 2732 2659 2746 3026 3039 2502 3414 2945 2714 2496 2792 3072 2457 2611 2992 2939 2616 2850 2922 2907 2592 2789 
2376 2569 2810 2745 2566 2644 2407 2827 2975 2494 2797 2750 2697 2768 2897 2470 3082 2778 2846 2341 2678 2797 2427 2762 2798 2809 2487 2748 2889 2795 2463 2618 
2517 2532 2830 2695 2702 2666 2576 2723 2902 2410 2583 2550 2649 2777 3013 2170 3225 2828 2612 2551 2655 2630 2177 2517 2811 2922 2328 2749 2803 2624 2310 2719 
