1257 1507 1430 1335 1212 1247 1182 1340 1389 1195 1150 1260 1110 1441 1436 1243 1529 1340 1317 1275 1414 1324 1079 1245 1380 1409 1180 1250 1387 1513 1141 1505 
1286 1373 1435 1292 1211 1259 1231 1231 1425 1266 1356 1305 1186 1328 1420 1236 1537 1315 1320 1229 1208 1327 1064 1235 1301 1421 1263 1225 1377 1406 1243 1341 
1391 1482 1532 1480 1290 1331 1273 1398 1489 1308 1344 1388 1271 1470 1686 1404 1785 1333 1435 1401 1468 1241 1082 1206 1378 1495 1332 1420 1545 1482 1426 1414 
1228 1454 1393 1128 1309 1152 1063 1128 1446 1236 1355 1220 1231 1342 1240 1237 1447 1182 1242 1192 1217 1232 805 989 1312 1296 1256 1260 1297 1332 1136 1309 
1047 1302 1192 948 900 1154 813 972 1107 926 1036 898 941 1156 1203 1055 1157 913 1009 990 1160 1060 774 956 1072 1072 1037 1054 1188 1141 1058 1068 
1045 1407 1359 1108 1097 1044 1058 1227 1258 1127 1116 1200 1046 1240 1412 1108 1392 1257 1197 1089 1172 1099 958 1020 1267 1243 1125 1084 1225 1376 1254 1285 
1215 1298 1337 1059 1068 1118 993 1089 1284 1104 1238 1040 942 1189 1243 1049 1266 1248 1299 1077 1075 1251 890 950 1236 1171 992 1058 1125 1197 1082 1164 
1358 1431 1316 1226 1135 1140 1061 1261 1143 1070 1359 1227 1120 1194 1447 1269 1470 1145 1342 1224 1286 1268 931 1180 1251 1309 1127 1257 1318 1462 1211 1373 
1295 1545 1497 1301 1340 1266 1212 1294 1508 1269 1426 1343 1280 1487 1513 1286 1619 1381 1381 1315 1389 1448 1063 1146 1448 1426 1292 1306 1485 1586 1308 1469 
984 1199 1157 940 995 962 909 965 1135 986 1010 1009 893 1120 1150 940 1159 1161 1041 1029 975 1127 793 911 1177 1049 1021 1001 958 1291 815 1079 
1266 1412 1312 1130 1153 1173 1057 1198 1370 1265 1135 1169 1110 1254 1440 1064 1456 1259 1199 1179 1104 1201 935 1066 1350 1333 1158 1081 1228 1344 1240 1301 
1355 1712 1534 1444 1270 1486 1323 1443 1628 1249 1475 1370 1322 1542 1569 1426 1664 1446 1437 1359 1378 1516 1165 1352 1374 1542 1283 1376 1554 1610 1337 1491 
1031 1194 1240 1012 1015 965 860 945 1216 1091 1199 1052 929 1101 1187 1093 1338 1089 1083 1170 1065 1150 858 927 1052 1176 858 1045 1099 1150 921 1061 
1397 1507 1331 1263 1245 1189 1015 1303 1342 1365 1245 1293 1122 1387 1445 1228 1552 1263 1338 1207 1325 1329 993 1128 1354 1261 1237 1272 1295 1380 1250 1278 
1453 1645 1610 1384 1259 1307 1245 1396 1415 1361 1453 1446 1214 1435 1655 1344 1597 1371 1612 1392 1353 1534 1202 1343 1431 1398 1357 1307 1447 1662 1298 1458 
1223 1384 1408 1261 1191 1155 1129 1197 1255 1265 1135 1159 1145 1314 1482 1285 1491 1208 1219 1133 1252 1227 913 1069 1293 1302 1199 1174 1325 1458 1211 1266 
1217 1296 1287 1262 1079 1019 913 1234 1250 1225 1266 1302 1126 1362 1367 1227 1390 1246 1342 985 1273 1249 896 1001 1157 1158 1178 1172 1296 1285 1168 1294 
1446 1481 1473 1390 1310 1266 1223 1427 1430 1236 1409 1382 1211 1351 1401 1220 1677 1301 1343 1324 1377 1561 1076 1205 1402 1422 1191 1320 1453 1564 1288 1382 
1085 1313 1112 1152 1159 1132 937 1143 1238 1145 1165 1087 1145 1139 1377 1174 1458 1082 1140 1191 1332 1143 805 903 1175 1246 1001 1105 1254 1211 1138 1158 
1110 1474 1469 1170 1167 1223 947 1008 1272 1285 1252 1213 1104 1329 1381 1130 1559 1167 1240 1070 1214 1084 926 1016 1214 1245 1049 1248 1247 1313 1099 1285 
1352 1542 1513 1415 1279 1134 1157 1469 1340 1256 1268 1260 1208 1325 1490 1139 1572 1268 1377 1261 1343 1280 1049 1273 1404 1306 1366 1262 1429 1439 1208 1553 
1190 1320 1409 1087 1036 1043 1000 1034 1176 1196 1350 1200 1091 1191 1288 1058 1384 1090 1132 1032 1175 1208 751 1044 1197 1162 1092 1198 1268 1273 985 1265 
1310 1561 1602 1400 1229 1289 1158 1391 1284 1303 1401 1395 1289 1383 1641 1263 1545 1330 1441 1296 1385 1291 1029 1328 1415 1434 1372 1265 1500 1556 1227 1346 
1143 1360 1264 1140 1053 1145 1072 1107 1285 1223 1133 946 1032 1197 1338 1120 1377 1190 1212 1201 1308 1113 1012 1094 1305 1258 1076 1131 1213 1319 1088 1198 
1379 1812 1675 1350 1356 1329 1144 1405 1447 1244 1523 1381 1337 1332 1588 1275 1698 1338 1570 1313 1411 1442 1074 1292 1443 1551 1268 1241 1539 1609 1292 1376 
1235 1390 1453 1270 1177 1191 1180 1277 1306 1200 1226 1278 1203 1226 1409 1150 1528 1304 1328 1121 1285 1268 1009 1163 1276 1359 1135 1050 1233 1505 1247 1283 
1245 1579 1346 1251 1225 1095 1096 1319 1500 1281 1334 1310 1136 1364 1421 1248 1587 1242 1331 1235 1366 1401 1013 1145 1379 1294 1303 1243 1414 1415 1105 1412 
1198 1390 1372 1194 1065 1080 1009 1115 1141 1179 1182 1070 1032 1253 1403 1164 1363 1135 1157 1071 1140 1124 868 973 1218 1101 1028 1205 1238 1241 1120 1158 
1396 1503 1468 1340 1240 1125 1186 1325 1184 1294 1335 1224 1190 1249 1556 1172 1549 1174 1247 1326 1338 1287 1048 1032 1340 1377 1219 1231 1287 1490 1180 1398 
1305 1545 1548 1295 1287 1274 1092 1219 1481 1306 1376 1265 1244 1407 1491 1244 1665 1350 1332 1244 1386 1476 963 1145 1472 1420 1244 1286 1499 1564 1138 1420 
1200 1329 1371 1287 1076 1191 1179 1244 1435 1155 1279 1260 1236 1200 1399 1212 1355 1269 1370 1142 1218 1278 949 1260 1284 1268 1184 1173 1374 1405 1097 1164 
1268 1442 1365 1257 1352 1336 1237 1290 1538 1229 1381 1308 1161 1425 1507 1306 1643 1360 1390 1418 1302 1440 976 1156 1381 1407 1208 1416 1568 1461 1198 1357 
