2978 3345 3378 3203 3014 3109 3074 3301 3328 2825 2991 2986 3011 3397 3287 2749 3619 3322 3030 2949 3379 3171 2912 3242 3070 3453 3004 3050 3247 3081 3009 3306 
3197 3163 3425 3070 3012 3297 3161 3375 3575 2982 3277 3249 3014 3485 3352 2840 3818 3355 3103 2874 3211 3511 3113 3357 3327 3421 3180 3236 3448 3237 3157 3124 
3280 3353 3568 3431 3183 3334 3155 3508 3702 3147 3427 3227 3205 3674 3641 3074 4094 3622 3417 3282 3560 3355 3249 3300 3453 3701 3114 3485 3655 3254 3306 3401 
3003 3212 3409 2934 3017 3067 2793 3192 3444 3062 3048 3050 3135 3220 3116 2861 3455 3239 3027 2925 3178 3068 2725 2833 3142 3280 2900 3164 3051 2912 2952 3027 
2718 3123 2973 2678 2601 2966 2491 2983 3170 2679 2785 2795 2772 3123 3034 2715 3251 2796 2702 2704 3084 3108 2740 2889 2835 3070 2798 2987 3051 2685 3024 2781 
3025 3319 3488 3148 2929 3100 2951 3483 3416 2990 3248 3419 3115 3550 3306 2965 3780 3711 3376 2988 3368 3265 3198 3300 3278 3520 3121 3309 3357 3218 3415 3370 
3169 2998 3439 3074 3011 3130 2939 3108 3431 2953 3096 2981 2897 3386 3344 2589 3513 3453 3066 3037 3158 3257 3052 3077 3287 3301 2889 3135 3206 2893 3063 3067 
3413 3207 3373 3249 3002 3166 2977 3481 3307 2984 3512 3404 3103 3578 3526 3049 3893 3441 3265 3019 3444 3459 3077 3317 3419 3465 3051 3341 3498 3318 3186 3305 
3036 3304 3620 3220 3165 3192 3150 3294 3577 3090 3217 3297 3154 3476 3462 2971 3863 3514 3126 3279 3584 3454 3239 3286 3473 3560 3111 3243 3577 3332 3465 3221 
2644 2738 2974 2738 2641 2735 2639 2883 2997 2681 2697 2704 2505 3033 2668 2573 3076 3031 2538 2556 2848 3133 2633 2727 2729 2959 2743 2821 2748 2777 2669 2652 
3049 3190 3314 2970 2991 3237 2992 3424 3398 3134 3239 3115 3156 3350 3390 2695 3748 3430 2996 3020 3357 3263 2993 3224 3147 3406 3082 3296 3114 2954 3336 3169 
3260 3353 3470 3396 3167 3310 3363 3488 3715 3031 3498 3370 3140 3549 3513 3034 3909 3585 3351 3122 3394 3444 3139 3368 3299 3675 3210 3341 3716 3381 3187 3447 
2895 2898 3312 2880 2900 2841 2638 3068 3260 2946 3237 3021 2771 3289 3137 2710 3454 3361 2947 3058 3227 3027 2846 3015 2891 3242 2769 3020 3190 2904 2905 2896 
3175 3266 3210 3190 3077 3136 2831 3412 3580 3129 3134 3190 3073 3540 3509 2908 3929 3500 3369 2943 3353 3438 3019 3252 3369 3471 3118 3295 3263 3101 3067 3261 
3165 3361 3542 3068 2964 3140 3072 3327 3380 3025 3400 3387 3054 3385 3635 2950 3611 3394 3396 3123 3299 3288 3144 3303 3306 3498 3111 3180 3518 3329 3260 3369 
2979 2985 3263 2921 2836 2845 2778 3049 3069 2984 3093 2973 2841 3326 3170 2922 3585 3145 3036 2695 3262 3085 2915 3045 3082 3235 2851 3150 3186 2982 2863 3009 
2991 3062 3282 3181 2934 2947 2796 3342 3378 3187 3360 3286 3050 3507 3422 3046 3786 3457 3371 2858 3373 3452 3077 3070 3044 3495 3043 3234 3352 3064 3067 3237 
3014 2944 3443 3189 3053 3073 2996 3455 3384 3071 3179 3173 2893 3411 3164 2926 3536 3340 3067 3149 3279 3311 3076 3146 3025 3412 2904 3108 3339 3079 3190 3112 
2847 2985 2887 2754 2795 2853 2691 3121 3114 2841 3068 2813 2948 3060 3279 2700 3467 3012 2819 2688 3140 2883 2698 2806 2830 3207 2770 2998 3168 2827 2888 2793 
3222 3168 3674 3305 3113 3303 2942 3186 3417 3185 3255 3341 3043 3515 3448 2813 3985 3550 3270 3074 3621 3152 3029 3333 3451 3568 3060 3316 3554 3296 3203 3396 
3321 3295 3563 3305 3195 3090 3077 3760 3450 3398 3173 3218 3005 3530 3484 2849 3641 3455 3300 3165 3385 3329 3015 3276 3233 3400 3275 3224 3567 3161 3161 3492 
3070 3196 3502 2898 2906 3056 2994 3168 3127 3038 3256 3254 3080 3429 3238 2755 3818 3408 3119 2911 3245 3438 2891 3171 3085 3286 3018 3263 3302 3145 2951 3250 
3102 3244 3781 3375 3219 3278 3173 3501 3319 3260 3266 3366 3223 3613 3551 3001 3834 3385 3282 3054 3359 3348 3106 3440 3441 3651 3255 3347 3569 3391 3218 3235 
3261 3389 3456 3137 3043 3166 3233 3266 3437 3099 3321 2856 3038 3294 3462 2775 3826 3404 3173 3104 3502 3187 3037 3261 3336 3479 2978 3078 3385 3252 3089 3278 
3165 3307 3568 3239 3019 3139 2907 3387 3456 2986 3394 3203 3188 3332 3524 2567 3823 3327 3288 2925 3359 3338 3006 3213 3245 3427 3055 3099 3411 3299 3188 3130 
3149 3316 3535 3158 2997 3217 3150 3496 3347 3151 3147 3151 3252 3422 3309 2713 3836 3482 3266 2981 3348 3252 3038 3291 3335 3577 3069 3016 3281 3323 3331 3130 
3103 3398 3438 3192 3070 3128 3111 3349 3660 3224 3323 3287 3028 3551 3390 2982 3911 3646 3273 3178 3594 3306 3115 3386 3381 3554 3191 3281 3527 3044 3188 3408 
2851 2915 2987 2840 2623 2650 2751 2870 2930 2627 2734 2804 2723 3042 3023 2540 3345 2992 2709 2607 2782 2872 2652 2747 2833 2973 2654 3006 2803 2636 2782 2861 
3279 3335 3752 3470 3123 3317 3125 3580 3305 3214 3434 3275 3305 3615 3587 2876 3862 3414 3238 3306 3608 3389 3150 3219 3379 3736 3244 3278 3520 3387 3529 3478 
3265 3386 3665 3262 3258 3181 3150 3627 3661 3355 3546 3352 3261 3800 3443 3165 4020 3660 3337 3110 3509 3678 3144 3312 3498 3649 3294 3521 3574 3473 3237 3467 
2915 3039 3293 3134 2897 3064 2879 3312 3422 2929 3302 3287 3032 3275 3200 2909 3543 3355 3232 2825 3147 3348 2987 3281 3183 3259 3017 3301 3255 3138 2959 3052 
3116 3126 3357 3176 3207 3231 3246 3283 3435 3006 3278 3190 3146 3490 3496 2744 3838 3449 3165 3151 3261 3253 2846 3179 3330 3609 2943 3334 3428 3111 2895 3333 
