5517 4978 5329 4886 5537 5144 5356 4688 5358 5366 4972 4570 5329 5247 5121 5815 5195 5219 5391 5135 4827 5136 5008 5347 4925 5433 4975 5564 4963 5239 5139 5089 
5609 5457 5460 5087 5567 4910 5437 5038 5586 5631 4898 5174 5095 5443 5366 5751 5124 5135 5101 5106 4910 5418 5357 5440 5140 5799 5210 5618 5396 5320 5190 5011 
5360 5132 5596 5126 5584 5101 5327 5085 5664 5730 4991 5012 5365 5381 5230 5676 5257 5366 5159 5113 5114 5196 5264 5143 5123 5611 4896 5250 5238 5311 5653 5467 
5117 4477 4995 4512 4910 4525 4391 4549 4879 5346 4279 4384 4761 4612 4809 5200 4575 5139 4428 4603 4590 4956 4563 4670 4664 4883 4588 4824 4587 5041 4597 4589 
5189 4696 4832 4355 4980 4548 4716 4702 4914 5083 4759 4518 4773 4877 4821 5411 4658 4643 4771 4700 4563 4713 4830 4597 4759 4952 4518 4695 4477 4984 4896 4912 
5401 4891 5281 5040 5309 4804 5155 5072 5049 5368 5044 4854 5036 5035 5401 5852 5283 5172 5291 5033 4872 5342 4951 5002 5024 5445 5342 5435 5127 5165 5299 5110 
5165 5169 5251 5027 5264 4850 5264 4516 5179 5303 4733 4417 5085 4904 5315 5517 5206 5188 5243 5146 4539 4789 5057 5158 4866 5111 4995 5247 5066 5068 5263 4958 
5696 5378 5582 4921 5331 5058 5073 5253 5326 5638 4953 4900 5539 5225 5466 6054 5046 5489 5482 5293 4842 5350 5403 5266 5061 5489 5404 5310 5285 5325 5530 5226 
5528 5110 5134 5130 5180 5007 5036 4834 5529 5585 5118 5006 5132 5251 5320 5566 5163 5581 5351 5100 5068 5318 5285 5262 5162 5480 5324 5491 5336 5507 5358 5247 
4949 4709 4636 4234 4563 4311 4677 4266 4652 4927 4522 4141 4410 4468 4541 5007 4738 4773 4597 4276 4228 4413 4467 4559 4295 4892 4337 4532 4493 4751 4436 4485 
5480 4903 5478 5084 5462 5025 5214 4781 5616 5744 5044 4894 5381 5155 5567 5730 5075 5299 4904 5176 5107 5277 5030 5397 4950 5932 5135 5260 5426 5405 5474 5431 
5818 5522 5647 5290 5810 5232 5746 5081 5819 5674 5355 5166 5410 5515 5575 5820 5217 5447 5720 5486 5219 5526 5418 5455 5477 5899 5522 5615 5433 5563 5581 5503 
5320 5025 5297 4892 5147 4886 5081 4669 5294 5349 4613 4473 5007 4837 5200 5621 5220 5136 5189 4916 4801 5225 4895 4866 4696 5006 4843 5132 4830 5117 5330 4985 
5232 5092 5223 4888 5341 4944 4934 4958 5224 5198 5070 4907 5325 5159 5280 5645 4925 5416 5123 5259 4829 4914 5108 4990 4862 5362 5135 5063 5014 5225 5133 5205 
5488 5187 5236 4983 5415 4793 4836 4736 5329 5328 4992 4704 5188 4857 4976 5520 5246 5334 5109 4974 5032 5169 4975 5094 5188 5552 5176 5082 4927 5440 5183 5128 
5127 4916 5301 5019 5329 4817 4872 4852 5378 5187 4935 4671 5098 5128 5267 5591 4971 5173 5094 5008 4713 5181 4978 4980 4890 5299 4927 5121 5100 5439 5334 5084 
5430 5193 5355 4962 5398 5107 5026 4879 5348 5513 5022 4826 5252 5058 5305 5830 5122 5462 5209 5309 4805 5280 5173 4964 4989 5322 5019 5265 5163 5481 5524 5298 
5305 4957 5482 5122 5011 4881 5120 4718 5368 5699 5030 4742 5112 5284 5496 5624 5326 5340 5338 4996 4816 4938 5032 5121 4865 5368 4993 5088 5050 5294 5318 5148 
4720 4642 4944 4515 4859 4558 4757 4383 4677 5142 4415 4319 4706 4591 4818 5303 4563 4663 4763 4821 4609 4833 4506 4792 4517 5029 4293 4980 4511 5053 5185 4969 
5389 5057 5320 4850 5406 4914 5228 4714 5247 5537 4840 4525 5033 5066 5081 5495 5279 5099 5041 5090 4956 5151 5061 4802 4892 5465 4998 5065 4990 5316 5259 5207 
5487 4940 5309 4882 5197 5142 5176 4730 5271 5591 4908 4638 5222 5135 5417 5691 5230 5135 5335 5115 4867 5151 5272 5234 5139 5390 5038 5285 5326 5479 5143 5269 
5207 5207 5242 4734 4953 4836 4813 4586 5082 5243 4809 4691 5113 4825 4800 5465 5102 4772 4815 4878 4578 5157 5122 5113 4967 5196 5082 5082 5006 4964 4830 4981 
5626 5376 5347 5266 5368 5174 5226 5258 5249 5565 5330 5051 5318 5129 5352 5884 5323 5595 5422 5151 5083 5480 5274 5298 4917 5465 5293 5556 5273 5418 5426 5380 
5334 4904 4986 4678 5089 4629 4874 4650 5074 5199 4670 4998 5059 4501 5128 5364 4667 5068 4794 4855 4500 5012 4821 4853 4974 5127 4810 5085 4823 5036 4933 4884 
5616 5084 5278 5187 5583 4744 5060 4933 5250 5446 4904 4901 5124 4774 5148 5597 5399 5302 5214 5031 5084 5250 5158 5128 5036 5417 4994 5280 5152 5365 5512 5388 
5609 5014 5252 5142 5505 5048 5293 4998 5222 5343 4837 4921 5208 4962 5528 5820 5060 5388 5245 4837 5015 5188 5060 4878 4896 5555 4989 5434 5271 5223 5177 5254 
5660 5172 5432 5260 5619 5143 5284 5072 5637 5772 4902 4999 5026 5046 5600 5706 5218 5587 5342 5203 5437 5332 4997 5374 5204 5624 5377 5508 5235 5748 5433 5416 
5055 4678 4997 4706 5265 4562 4482 4324 5055 4990 4723 4534 4886 4703 4835 5393 4766 4653 4463 4770 4645 4875 4622 4779 4572 5089 4784 4889 4592 4801 4807 4757 
5342 5275 5499 5375 5570 5014 5269 5130 5291 5539 5264 5037 5463 5227 5611 5786 5429 5628 5292 5165 5061 5437 5052 5305 5069 5736 5279 5239 5349 5359 5623 5465 
5579 5093 5306 5025 5265 5083 4891 4762 5421 5804 4879 4856 5335 5279 5728 5818 4905 5502 5067 5238 4833 5306 4996 5126 4835 5388 5142 5261 5106 5498 5604 5275 
5400 4833 5419 4868 5338 4981 5246 4819 5246 5224 4892 4749 5001 4992 5298 5679 5102 5112 4976 5054 4821 5258 4934 5124 4936 5325 4673 5018 5157 5110 5257 5102 
5686 5195 5316 5014 5490 5127 5370 4696 5346 5779 4941 4965 5517 5162 5674 5955 5199 5667 5179 5187 4834 5310 5037 5722 5145 5899 5370 5392 5434 5680 5598 5555 
