4792 4260 4667 4281 4781 4619 4715 3992 4660 4647 4244 3880 4668 4548 4447 5023 4478 4615 4700 4439 4215 4417 4427 4572 4268 4721 4262 4909 4363 4456 4600 4613 
4782 4676 4691 4396 4766 4318 4654 4278 4822 4835 4072 4429 4411 4677 4603 4859 4410 4439 4411 4253 4165 4619 4590 4618 4383 5052 4411 4807 4639 4515 4590 4572 
4608 4348 4764 4448 4725 4453 4579 4268 4863 4883 4170 4152 4554 4605 4441 4793 4505 4726 4408 4331 4346 4384 4547 4362 4370 4832 4129 4503 4516 4422 5017 4891 
4448 3928 4359 3941 4195 3986 3766 3845 4315 4599 3686 3786 4149 3911 4214 4484 3911 4475 3861 3938 3832 4225 3976 4025 4024 4252 3998 4283 3922 4333 4210 4159 
4505 4141 4255 3856 4329 4139 4213 4085 4396 4456 4145 4007 4110 4223 4325 4744 4107 4097 4231 4090 3991 4114 4337 4034 4100 4394 3966 4169 3976 4405 4456 4447 
4811 4455 4835 4563 4791 4392 4640 4559 4581 4813 4524 4400 4508 4540 4857 5211 4725 4696 4787 4489 4391 4793 4572 4442 4480 4908 4847 4901 4627 4622 4894 4726 
4372 4412 4549 4433 4494 4338 4586 3824 4518 4557 3955 3760 4523 4170 4591 4765 4557 4524 4558 4341 3905 4085 4358 4424 4073 4463 4222 4470 4428 4314 4700 4501 
4794 4458 4694 4192 4486 4432 4376 4362 4487 4778 4129 4130 4757 4388 4624 5003 4263 4768 4650 4472 4127 4530 4648 4369 4258 4665 4501 4445 4542 4498 4786 4620 
4807 4486 4533 4438 4418 4461 4386 4217 4940 4844 4430 4344 4486 4608 4581 4851 4475 4892 4655 4500 4431 4593 4648 4550 4468 4829 4641 4888 4598 4713 4884 4820 
4473 4251 4155 3803 4039 3932 4171 3726 4105 4386 4003 3713 3917 3866 4054 4452 4122 4233 4086 3779 3721 3877 4082 3961 3726 4366 3836 4114 4060 4153 4037 4170 
4859 4351 4964 4563 4873 4563 4594 4184 5063 5136 4438 4365 4825 4560 4932 5103 4431 4757 4456 4499 4519 4655 4602 4713 4316 5302 4564 4621 4859 4748 4965 5017 
4916 4637 4857 4570 4883 4601 4924 4294 5010 4821 4463 4384 4687 4734 4757 4943 4356 4725 4915 4626 4427 4645 4622 4602 4635 5094 4750 4854 4680 4657 4938 4992 
4731 4391 4747 4449 4502 4381 4629 4100 4789 4793 4048 3895 4469 4300 4630 4978 4734 4626 4655 4331 4216 4613 4279 4301 4150 4503 4259 4622 4203 4532 4821 4593 
4555 4358 4549 4214 4568 4434 4249 4246 4607 4440 4275 4160 4570 4410 4495 4805 4209 4767 4569 4444 4057 4107 4432 4235 4129 4695 4393 4383 4285 4462 4492 4679 
4707 4429 4474 4360 4648 4292 4238 4079 4639 4599 4178 4085 4449 4120 4301 4752 4610 4711 4439 4179 4400 4444 4296 4418 4431 4956 4418 4425 4300 4689 4581 4610 
4595 4315 4662 4463 4645 4361 4379 4269 4755 4583 4345 4064 4452 4503 4575 4952 4460 4658 4492 4406 4107 4547 4422 4330 4292 4755 4270 4524 4491 4663 4756 4602 
4715 4495 4658 4424 4738 4612 4428 4270 4783 4782 4245 4208 4605 4400 4613 5089 4490 4887 4673 4517 4191 4552 4571 4374 4261 4743 4359 4631 4522 4866 4903 4761 
4530 4208 4695 4372 4164 4303 4385 3958 4605 4928 4177 4047 4374 4521 4740 4747 4531 4618 4540 4229 4074 4132 4241 4338 4109 4639 4230 4370 4280 4411 4613 4621 
4222 4113 4488 4141 4348 4112 4327 3875 4292 4606 3933 3820 4317 4143 4262 4768 4092 4198 4383 4322 4101 4331 4127 4251 4010 4551 3847 4517 4049 4577 4693 4526 
4578 4282 4655 4266 4538 4371 4533 3944 4665 4687 4062 3848 4355 4290 4337 4664 4494 4454 4392 4319 4175 4339 4411 4139 4052 4752 4322 4396 4300 4516 4677 4646 
4647 4278 4577 4247 4441 4552 4505 3907 4569 4806 4151 3971 4526 4455 4720 4873 4459 4491 4625 4363 4198 4432 4658 4484 4396 4707 4355 4580 4685 4724 4641 4761 
4483 4524 4544 4147 4206 4319 4248 3909 4525 4494 4159 4061 4526 4118 4127 4720 4453 4194 4245 4168 3920 4421 4479 4372 4319 4537 4378 4451 4268 4215 4291 4494 
4836 4556 4565 4638 4482 4558 4573 4384 4551 4747 4532 4250 4608 4432 4578 5049 4584 4958 4709 4397 4326 4714 4553 4518 4137 4715 4542 4845 4622 4578 4766 4800 
4580 4191 4330 4096 4380 4044 4178 3954 4441 4458 3859 4207 4470 3879 4344 4672 4004 4434 4165 4063 3888 4321 4228 4062 4260 4485 4119 4340 4218 4347 4361 4383 
4776 4368 4512 4463 4692 4128 4354 4093 4508 4583 4123 4124 4472 4147 4392 4770 4702 4618 4549 4318 4302 4462 4414 4289 4221 4693 4289 4541 4426 4561 4928 4864 
4963 4392 4645 4554 4743 4592 4746 4347 4656 4713 4225 4386 4674 4352 4889 5088 4499 4823 4658 4239 4341 4541 4431 4219 4220 4969 4395 4798 4635 4489 4548 4750 
4922 4503 4724 4701 4938 4533 4599 4371 4969 5058 4223 4242 4462 4425 4892 5012 4597 4970 4764 4480 4757 4635 4362 4692 4584 4956 4791 4833 4533 5041 4944 4951 
4349 3956 4460 4117 4538 4206 3990 3749 4551 4347 4060 3981 4299 4073 4169 4680 4192 4074 3870 4146 4045 4198 4032 4137 3897 4553 4152 4275 3968 4179 4232 4283 
4676 4611 4790 4845 4915 4439 4743 4401 4676 4876 4572 4350 4814 4639 4892 5052 4778 5054 4626 4513 4431 4823 4428 4681 4459 5087 4563 4582 4748 4586 5063 4985 
4836 4423 4642 4452 4582 4597 4337 4100 4794 5051 4229 4208 4631 4625 5119 5099 4276 4863 4447 4558 4274 4601 4382 4381 4122 4742 4429 4642 4454 4821 5084 4870 
4709 4160 4679 4244 4559 4485 4539 4106 4552 4514 4214 4082 4444 4321 4606 4873 4512 4587 4338 4375 4145 4544 4221 4439 4236 4693 4101 4362 4540 4457 4724 4602 
4859 4370 4593 4326 4674 4506 4599 3947 4618 4957 4172 4202 4813 4327 4839 5107 4420 4947 4419 4358 4153 4474 4337 4781 4358 5120 4566 4621 4666 4890 4927 5022 
