2682 2540 2517 2395 2581 2320 2608 2125 2628 2647 2230 2139 2546 2485 2546 2806 2382 2639 2585 2514 2457 2397 2482 2471 2437 2529 2497 2720 2472 2555 2318 2599 
2603 2627 2631 2529 2581 2244 2591 2421 2703 2687 2189 2472 2360 2468 2606 2915 2589 2662 2455 2453 2329 2566 2598 2577 2518 2661 2550 2665 2684 2558 2446 2516 
2732 2747 2822 2613 2748 2547 2845 2456 2955 3079 2380 2492 2467 2555 2605 2939 2603 2889 2674 2750 2627 2523 2770 2604 2605 2884 2702 2709 2734 2697 2782 2776 
2633 2653 2660 2430 2424 2312 2288 2230 2563 2802 2215 2245 2367 2083 2548 2648 2509 2839 2411 2372 2472 2386 2577 2423 2424 2500 2469 2478 2366 2612 2301 2487 
2656 2453 2491 2240 2354 2150 2465 2423 2495 2618 2310 2282 2139 2268 2463 2646 2392 2405 2447 2482 2268 2220 2559 2447 2272 2365 2392 2406 2331 2624 2385 2530 
2694 2717 2774 2802 2712 2459 2710 2638 2849 2900 2550 2607 2530 2495 2810 3158 2902 2943 2816 2640 2615 2910 2788 2590 2702 2785 2924 2870 2805 2745 2784 2717 
2557 2539 2605 2416 2433 2164 2524 2155 2595 2625 2211 2095 2291 2118 2632 2734 2663 2628 2557 2522 2328 2134 2495 2394 2305 2494 2453 2535 2576 2416 2517 2651 
2784 2683 2724 2393 2439 2352 2344 2523 2562 2708 2211 2410 2527 2163 2607 2811 2390 2724 2614 2573 2304 2521 2708 2399 2412 2551 2615 2479 2614 2617 2534 2527 
2791 2901 2718 2656 2531 2423 2504 2389 2978 2986 2472 2509 2502 2541 2647 2881 2779 2975 2694 2812 2667 2623 2721 2619 2659 2783 2787 2808 2692 2845 2713 2822 
2439 2472 2419 2188 2094 2134 2288 2136 2354 2588 2201 2078 1987 2066 2307 2483 2309 2530 2254 2165 2164 2066 2291 2162 2169 2249 2154 2229 2312 2378 2103 2313 
2659 2589 2805 2470 2607 2352 2672 2344 2960 2937 2432 2433 2525 2394 2820 2860 2616 2812 2477 2670 2745 2516 2543 2765 2388 2967 2595 2565 2720 2795 2582 2897 
2720 2644 2699 2608 2626 2420 2701 2320 2890 2730 2464 2413 2524 2412 2683 2709 2523 2831 2815 2692 2630 2475 2603 2561 2597 2753 2787 2669 2722 2699 2585 2792 
2462 2549 2754 2374 2416 2219 2436 2294 2660 2674 2048 2033 2311 2206 2598 2733 2590 2616 2604 2530 2420 2432 2325 2303 2470 2472 2499 2578 2387 2570 2524 2599 
2617 2686 2695 2513 2677 2538 2539 2602 2852 2647 2421 2484 2469 2375 2661 2845 2573 2974 2730 2780 2535 2374 2538 2533 2556 2695 2700 2608 2635 2690 2350 2667 
2705 2670 2563 2508 2615 2331 2468 2500 2905 2722 2275 2238 2472 2390 2553 2757 2718 2889 2634 2499 2648 2548 2494 2544 2588 2770 2686 2532 2544 2764 2534 2610 
2306 2420 2454 2505 2309 2104 2381 2222 2649 2562 2177 2146 2166 2309 2569 2740 2409 2727 2402 2527 2154 2496 2354 2267 2268 2600 2450 2522 2387 2549 2419 2374 
2556 2740 2674 2520 2525 2445 2389 2497 2731 2812 2384 2405 2434 2396 2610 2919 2494 2801 2760 2773 2440 2544 2641 2505 2404 2719 2667 2549 2659 2791 2594 2663 
2323 2385 2625 2327 2152 2226 2327 2116 2597 2733 2197 2279 2305 2402 2662 2516 2497 2610 2507 2348 2200 2172 2327 2305 2348 2426 2360 2317 2372 2435 2320 2578 
2374 2586 2594 2433 2519 2261 2479 2367 2514 2723 2201 2277 2286 2337 2493 2891 2423 2508 2595 2562 2469 2510 2401 2548 2354 2539 2438 2725 2441 2732 2644 2685 
2740 2610 2857 2584 2696 2468 2630 2371 2828 2901 2350 2320 2478 2519 2621 2807 2795 2921 2790 2713 2554 2557 2577 2464 2458 2789 2813 2728 2709 2835 2746 2757 
2632 2671 2714 2487 2532 2554 2617 2316 2762 2891 2306 2328 2412 2470 2896 2839 2732 2789 2794 2676 2579 2467 2578 2571 2715 2773 2642 2819 2888 2844 2558 2894 
2508 2805 2710 2426 2355 2379 2464 2306 2603 2745 2389 2417 2569 2175 2477 2723 2678 2628 2510 2426 2405 2486 2549 2585 2519 2557 2739 2694 2591 2596 2365 2688 
2788 2856 2677 2726 2517 2417 2560 2526 2720 2701 2529 2536 2628 2503 2573 2953 2735 3138 2762 2514 2543 2664 2619 2578 2444 2620 2642 2734 2640 2673 2579 2700 
2777 2651 2569 2543 2654 2388 2560 2421 2658 2725 2196 2497 2639 2196 2686 2881 2491 2839 2514 2579 2308 2533 2632 2459 2609 2619 2489 2739 2620 2666 2416 2676 
2697 2666 2628 2615 2559 2158 2584 2326 2687 2748 2310 2292 2349 2167 2604 2762 2674 2847 2706 2665 2556 2465 2579 2496 2432 2702 2555 2549 2565 2657 2690 2784 
2914 2728 2673 2664 2710 2422 2833 2468 2785 2841 2408 2544 2680 2463 2891 2975 2651 2859 2747 2552 2526 2690 2730 2522 2552 2784 2746 2912 2699 2639 2552 2731 
2750 2701 2742 2668 2809 2453 2594 2535 2990 2975 2438 2523 2400 2362 2839 2906 2753 3100 2762 2631 2637 2620 2513 2587 2640 2792 2805 2784 2549 2955 2672 2834 
2236 2085 2381 2203 2320 2171 2209 2095 2481 2403 1984 2001 2238 1910 2307 2463 2298 2333 2089 2399 2286 2151 2020 2414 2108 2418 2366 2217 2192 2337 2060 2262 
2748 2811 2794 2749 2787 2337 2764 2513 2724 2993 2632 2568 2761 2490 2841 2911 2883 3051 2728 2764 2627 2725 2613 2758 2760 2925 2787 2586 2834 2849 2843 2975 
2833 2691 2838 2663 2724 2536 2765 2478 2954 3123 2562 2617 2670 2734 3120 3028 2655 3059 2798 2918 2622 2691 2819 2594 2464 2851 2776 2912 2682 3005 2842 3081 
2562 2442 2608 2513 2479 2261 2664 2205 2571 2614 2362 2416 2366 2262 2693 2645 2686 2666 2483 2635 2424 2531 2427 2518 2366 2708 2512 2561 2744 2642 2466 2559 
2593 2465 2521 2298 2536 2412 2549 2158 2581 2815 2203 2229 2474 2128 2794 2727 2497 2874 2391 2547 2409 2410 2416 2534 2317 2727 2599 2584 2648 2740 2474 2825 
