751 589 610 681 705 557 744 615 845 708 610 614 672 785 725 680 551 748 673 774 552 604 700 651 693 556 598 882 684 646 656 681 
609 533 494 567 590 486 634 513 710 627 557 525 449 705 609 595 599 627 524 599 552 561 591 614 643 545 528 679 660 637 566 579 
653 655 576 718 644 519 833 600 826 737 615 653 463 750 603 660 617 773 646 757 661 674 642 718 698 656 594 657 724 734 777 740 
622 698 604 649 607 557 704 513 801 703 569 539 504 526 568 586 587 700 545 752 604 668 613 746 572 591 537 723 627 664 631 648 
518 505 500 582 533 364 738 485 627 528 522 584 507 585 535 410 458 499 491 591 452 540 578 679 559 546 411 503 572 522 638 652 
687 706 654 784 711 506 870 620 863 710 621 639 549 763 699 690 644 712 624 738 620 624 685 756 718 633 599 811 772 658 723 765 
504 499 476 492 496 344 550 420 620 540 439 439 417 465 445 502 498 564 454 557 457 374 457 600 496 459 355 480 498 456 533 512 
563 476 512 454 466 401 539 457 600 534 446 409 441 519 494 335 387 505 393 564 380 459 533 559 482 401 460 499 495 502 479 581 
736 754 662 740 777 619 859 653 895 831 633 709 655 835 663 686 711 858 668 916 724 713 684 830 716 720 603 775 765 828 779 733 
541 636 453 471 517 435 639 491 677 660 493 465 456 561 476 444 577 693 440 572 480 541 519 584 615 492 452 513 544 585 560 648 
625 680 548 660 581 465 819 540 898 651 666 648 602 779 758 566 708 706 603 680 597 580 660 814 699 715 561 728 753 639 672 711 
719 647 644 724 679 447 876 603 916 780 652 689 625 808 738 619 623 675 649 738 648 661 743 734 644 679 639 754 753 653 732 798 
537 557 517 516 561 428 608 480 697 584 458 424 425 535 446 479 548 657 456 648 515 482 461 572 506 492 448 590 510 568 508 540 
637 590 598 599 669 520 660 610 814 599 587 601 551 685 570 581 587 674 509 782 567 533 550 699 653 566 538 648 645 660 620 652 
768 773 624 722 767 629 879 690 913 780 668 650 597 793 704 698 725 908 660 810 756 675 695 814 774 711 680 792 781 780 738 812 
624 666 565 662 617 515 829 548 850 719 575 622 598 736 693 600 617 691 588 753 571 696 679 698 651 626 561 795 675 652 675 730 
602 626 540 610 575 516 622 519 788 572 512 572 511 618 486 499 493 634 503 699 542 593 563 623 552 522 589 560 580 619 635 615 
622 630 606 566 591 435 758 546 823 720 643 572 528 671 692 503 567 641 596 723 542 560 568 725 640 679 605 629 643 555 637 771 
627 690 602 719 695 529 822 632 832 823 634 667 567 806 661 699 593 786 662 892 654 663 581 758 694 646 606 747 700 765 807 740 
493 525 494 580 563 359 690 561 632 573 442 458 489 632 447 485 525 599 501 571 496 486 485 491 516 507 417 563 539 512 558 562 
557 665 552 633 626 552 702 583 776 694 606 639 577 707 732 592 625 683 628 743 612 639 569 804 733 652 613 712 803 706 643 772 
451 578 460 518 457 484 503 440 596 614 502 419 492 465 518 460 426 556 443 556 477 470 537 626 562 435 573 590 610 572 481 646 
663 659 582 716 656 551 780 672 802 630 568 590 574 726 551 539 634 804 608 703 613 661 619 706 652 585 537 739 724 658 639 668 
561 439 468 507 576 395 638 440 642 479 489 476 456 591 516 476 582 559 484 550 380 434 542 564 616 491 333 556 495 557 549 510 
706 680 714 793 687 509 861 634 897 792 606 623 632 771 713 589 678 774 695 832 654 639 690 783 723 652 589 774 811 745 725 777 
692 613 596 708 692 464 845 602 859 698 554 598 607 838 728 604 630 686 640 685 525 616 669 660 638 638 578 825 731 609 671 651 
669 695 560 622 707 516 698 600 791 740 651 649 602 683 678 665 590 768 587 761 613 578 570 733 734 555 591 732 708 729 685 802 
507 519 670 626 594 466 661 505 784 552 477 465 479 610 564 533 620 533 500 739 507 571 560 745 613 622 547 600 608 570 578 597 
556 635 585 690 704 396 780 645 763 673 644 658 617 764 716 577 647 684 634 722 561 551 508 722 724 666 579 664 709 668 709 786 
740 690 627 743 787 507 849 635 926 825 669 678 625 816 708 688 625 788 720 846 609 717 685 712 688 583 637 818 701 716 812 814 
611 574 531 646 662 460 744 524 750 647 634 606 558 724 631 497 612 695 584 730 523 576 583 721 646 571 502 693 570 588 618 648 
572 613 521 573 569 481 664 513 748 738 596 524 498 609 620 613 558 709 542 711 591 612 578 730 564 578 572 691 617 618 613 705 
