3975 3696 3891 3717 4019 3781 3910 3369 3921 4013 3335 3217 3814 3803 3749 4104 3674 3851 3864 3745 3663 3682 3715 3795 3609 3947 3664 4143 3659 3791 3863 3805 
4090 3978 4090 3859 4062 3667 4031 3713 4049 4253 3355 3751 3787 3989 3985 4201 3796 3746 3794 3641 3706 3978 4035 3977 3838 4317 3801 4100 4073 3866 4082 3932 
3998 3873 4202 3853 4132 3915 4057 3710 4236 4382 3499 3576 3925 3963 3874 4186 3905 4035 3862 3868 3861 3822 4036 3771 3864 4236 3688 3882 3990 3907 4395 4151 
3850 3472 3892 3479 3726 3563 3339 3443 3720 4066 3102 3202 3584 3367 3671 3926 3497 3880 3381 3490 3478 3675 3563 3484 3576 3690 3466 3613 3418 3764 3577 3622 
3926 3577 3701 3431 3721 3469 3648 3623 3727 3902 3435 3347 3483 3675 3768 3946 3550 3436 3606 3589 3506 3496 3793 3467 3483 3664 3402 3629 3483 3797 3894 3817 
4157 3932 4193 4042 4200 3856 4003 3983 3956 4284 3758 3830 3851 3908 4242 4508 4142 4034 4029 3929 3877 4135 4070 3791 3886 4266 4297 4230 4032 4008 4300 4057 
3711 3726 3902 3845 3789 3615 3928 3334 3828 3960 3159 3038 3791 3444 3896 3996 3872 3732 3863 3718 3564 3468 3796 3750 3520 3774 3650 3761 3814 3602 3943 3806 
4134 3957 4062 3720 3843 3710 3735 3830 3776 4145 3375 3490 3975 3675 4009 4164 3637 3946 3997 3866 3669 3803 4039 3706 3635 3906 3959 3765 3945 3868 4080 3891 
4030 3906 3884 3866 3741 3741 3679 3606 4144 4173 3545 3646 3736 3887 3933 4019 3809 4056 3899 3832 3835 3798 3956 3702 3747 4082 4000 4147 3916 3983 4199 3992 
3642 3597 3433 3246 3258 3244 3438 3106 3284 3724 3120 2988 3087 3073 3376 3589 3373 3501 3298 3070 3192 3121 3403 3235 3111 3521 3142 3324 3325 3436 3346 3492 
4112 3737 4256 3978 4120 3840 3974 3672 4311 4506 3606 3677 4001 3870 4230 4255 3758 4033 3743 3899 3991 3933 3986 4016 3691 4534 3912 3937 4102 4071 4273 4278 
4129 3979 4088 3964 4225 3961 4229 3712 4238 4179 3629 3569 3996 3983 4100 4175 3709 3873 4168 4036 3945 3872 4004 3896 3998 4363 4128 4080 4101 3906 4261 4244 
3966 3801 4125 3812 3958 3711 3962 3564 4030 4177 3241 3155 3772 3652 3992 4158 4007 3884 3970 3761 3736 3946 3696 3590 3622 3883 3728 3992 3684 3865 4176 3978 
3882 3844 3898 3646 3964 3662 3693 3685 3975 3830 3431 3501 3791 3705 3859 4057 3542 3961 3861 3878 3599 3458 3805 3573 3575 4024 3827 3746 3719 3757 3765 3992 
4043 3783 3823 3747 4000 3589 3708 3620 3917 3989 3374 3312 3744 3489 3729 3936 3900 3958 3748 3623 3898 3798 3644 3756 3805 4227 3750 3792 3694 4043 3931 3966 
3685 3559 3813 3685 3761 3547 3576 3476 3950 3864 3266 3212 3531 3700 3842 4045 3628 3799 3640 3703 3512 3716 3674 3487 3563 3899 3568 3691 3690 3816 3862 3670 
4020 3885 4056 3818 4091 3939 3856 3823 4127 4196 3538 3586 3876 3799 3954 4438 3857 4106 4054 4017 3807 4002 4002 3746 3721 4089 3834 3980 3896 4201 4221 4084 
3736 3491 3970 3621 3433 3536 3595 3274 3748 4214 3199 3218 3544 3726 3946 3772 3683 3708 3787 3479 3435 3382 3492 3525 3485 3830 3611 3595 3588 3666 3779 3824 
3705 3626 3946 3712 3860 3646 3743 3440 3724 4048 3245 3304 3708 3550 3718 4068 3583 3620 3763 3783 3672 3769 3606 3732 3552 3952 3405 3997 3657 3999 4123 3986 
3990 3698 4050 3724 3966 3786 3921 3466 3985 4157 3289 3212 3765 3737 3804 3936 3890 3770 3836 3726 3657 3780 3793 3607 3522 4120 3873 3806 3791 3938 4109 4035 
3890 3741 3846 3687 3767 3900 3866 3377 3889 4193 3271 3342 3673 3706 4103 4015 3745 3792 3931 3722 3690 3712 3949 3747 3823 3969 3768 3902 4073 4059 3928 4080 
3750 3866 3913 3546 3559 3697 3629 3387 3761 3881 3378 3348 3799 3458 3506 3892 3730 3482 3609 3558 3400 3762 3891 3677 3733 3845 3803 3855 3748 3602 3674 3927 
4216 4025 3978 4118 3914 3956 4021 3857 3936 4164 3733 3595 3998 3910 4056 4328 4022 4288 4075 3806 3776 4108 3917 3907 3566 4046 3942 4182 4009 3907 4145 4124 
3903 3601 3661 3601 3820 3423 3595 3459 3757 3867 3027 3481 3804 3316 3741 3911 3464 3702 3461 3514 3346 3679 3653 3513 3653 3825 3542 3731 3734 3631 3756 3742 
4123 3816 3915 3862 4074 3543 3786 3564 3872 4032 3426 3416 3762 3625 3850 4066 4050 3991 3947 3821 3845 3825 3850 3687 3688 4039 3721 3948 3800 3944 4239 4179 
4344 3860 4020 3997 4152 3879 4121 3758 3974 4163 3512 3695 4014 3776 4191 4348 3848 4009 3985 3643 3800 3960 3940 3711 3682 4231 3870 4138 3964 3886 3859 4058 
4259 3901 4109 4080 4265 3911 3915 3825 4205 4440 3426 3572 3800 3778 4235 4184 4005 4244 4087 3823 4153 3962 3800 3956 3937 4242 4174 4188 3862 4313 4221 4134 
3637 3203 3764 3484 3852 3604 3381 3260 3773 3723 3252 3177 3629 3407 3602 3886 3520 3367 3180 3534 3552 3528 3311 3504 3347 3810 3482 3580 3414 3524 3679 3643 
4121 3921 4177 4236 4234 3821 4142 3839 3933 4276 3816 3590 4197 3967 4232 4283 4169 4310 3984 3902 3921 4151 3920 4070 3901 4328 3911 3977 4158 3947 4494 4365 
4167 3778 4031 3881 3931 3907 3727 3609 4047 4381 3489 3589 3874 3955 4387 4296 3670 4088 3823 3903 3801 3956 3907 3702 3546 4048 3871 3991 3806 4130 4271 4163 
3953 3606 4045 3727 3915 3787 3786 3515 3806 3888 3387 3465 3739 3597 3903 4014 3859 3787 3601 3699 3621 3867 3712 3632 3607 4024 3535 3664 3951 3775 4018 3903 
4060 3718 3864 3647 3932 3712 3897 3354 3788 4249 3222 3411 3916 3507 4076 4081 3609 4031 3590 3696 3544 3668 3691 3893 3578 4256 3875 3938 3933 4060 4044 4193 
