1433 1107 1364 1248 1382 1165 1319 971 1390 1342 1140 1149 1390 1415 1266 1304 1206 1385 1384 1451 1266 1177 1193 1325 1257 1254 1214 1505 1382 1325 1157 1378 
1250 1100 1210 1194 1169 1020 1232 955 1405 1256 1005 1121 1042 1298 1232 1257 1288 1347 1153 1206 1097 1156 1234 1192 1294 1247 1139 1350 1380 1203 1068 1219 
1454 1264 1437 1297 1325 1191 1507 1086 1573 1581 1220 1225 1154 1403 1192 1325 1332 1486 1316 1467 1418 1257 1353 1375 1325 1379 1234 1312 1519 1407 1368 1443 
1461 1365 1517 1257 1359 1185 1301 1154 1526 1557 1180 1201 1268 1150 1349 1281 1364 1605 1288 1485 1325 1354 1358 1423 1255 1321 1205 1480 1366 1467 1207 1357 
1261 1093 1230 1032 1093 963 1270 1055 1277 1277 1098 1128 1094 1152 1213 1050 1101 1184 1210 1328 1125 1106 1177 1227 1123 1194 1039 1139 1266 1231 1190 1284 
1324 1299 1423 1439 1362 1114 1385 1234 1494 1402 1262 1240 1076 1306 1368 1425 1422 1450 1324 1377 1314 1335 1437 1312 1234 1293 1268 1482 1495 1366 1255 1405 
1174 1062 1253 1013 1107 921 1154 809 1286 1175 980 959 1008 995 1137 1057 1213 1344 1125 1246 1090 878 1046 1126 1048 1194 990 1159 1266 943 1063 1249 
1239 1068 1239 1036 1048 922 1008 1050 1239 1226 1023 1074 1001 1032 1066 1031 1154 1197 1051 1179 946 1186 1156 1110 972 1098 1103 1151 1191 1253 1037 1184 
1455 1389 1409 1349 1320 1156 1380 1176 1622 1568 1163 1336 1261 1385 1348 1289 1407 1564 1331 1566 1400 1306 1412 1406 1361 1432 1270 1503 1494 1386 1293 1425 
1269 1216 1213 1033 1029 1049 1207 930 1280 1314 1060 1031 1030 1063 1121 1106 1203 1355 1071 1202 1116 1115 1073 1148 1084 1144 1019 1107 1313 1160 1057 1313 
1349 1252 1448 1247 1276 1122 1467 1058 1571 1376 1239 1272 1262 1315 1407 1283 1417 1456 1319 1378 1353 1203 1257 1436 1155 1459 1171 1349 1509 1311 1240 1466 
1530 1306 1489 1430 1340 1084 1486 1161 1655 1497 1295 1361 1293 1421 1482 1312 1386 1455 1476 1535 1441 1340 1441 1452 1324 1450 1402 1501 1583 1325 1292 1610 
1181 1129 1395 1160 1198 998 1207 973 1401 1322 1060 926 1017 1151 1179 1160 1299 1366 1187 1302 1192 1126 1154 1127 1102 1246 1048 1267 1272 1228 1130 1322 
1378 1220 1374 1113 1314 1188 1302 1170 1454 1283 1221 1170 1189 1272 1299 1293 1346 1520 1285 1549 1327 1092 1241 1264 1275 1289 1221 1414 1451 1330 1113 1456 
1540 1438 1409 1387 1442 1217 1405 1326 1629 1571 1226 1246 1276 1453 1324 1371 1506 1639 1472 1549 1494 1419 1362 1483 1456 1415 1382 1479 1606 1509 1348 1481 
1118 1172 1197 1216 1070 934 1258 1053 1382 1236 1035 1065 1021 1249 1228 1254 1267 1335 1250 1332 1058 1328 1190 1132 1074 1215 1067 1326 1282 1176 1146 1261 
1280 1262 1276 1158 1204 1053 1186 1090 1443 1273 1119 1135 1066 1154 1150 1159 1239 1355 1228 1424 1240 1185 1216 1200 1064 1241 1222 1227 1231 1337 1179 1263 
1360 1257 1544 1230 1281 1106 1433 1062 1599 1516 1298 1204 1321 1411 1470 1232 1459 1460 1324 1471 1315 1267 1266 1379 1311 1498 1286 1371 1449 1322 1280 1654 
1252 1302 1450 1327 1268 1045 1300 1143 1427 1527 1155 1223 1154 1409 1301 1381 1264 1364 1308 1495 1301 1260 1275 1404 1205 1273 1146 1392 1366 1457 1401 1407 
1348 1176 1481 1292 1401 1149 1392 1113 1490 1473 1096 1191 1198 1342 1252 1309 1466 1479 1304 1404 1281 1232 1264 1234 1202 1339 1235 1356 1469 1355 1303 1398 
1298 1276 1427 1244 1306 1284 1365 1125 1497 1472 1245 1220 1230 1431 1497 1354 1406 1491 1449 1532 1302 1342 1261 1425 1394 1456 1341 1473 1647 1450 1313 1568 
1161 1227 1248 1183 1136 1149 1098 983 1209 1305 1075 1225 1174 979 1151 1136 1181 1295 1143 1179 1154 1199 1217 1300 1164 1159 1265 1337 1328 1276 998 1347 
1391 1349 1359 1358 1270 1064 1381 1234 1519 1330 1149 1191 1318 1379 1179 1294 1413 1604 1315 1343 1276 1330 1336 1262 1218 1338 1164 1480 1437 1283 1178 1373 
1386 1085 1211 1161 1203 1018 1226 1009 1326 1232 1028 1267 1227 1154 1234 1202 1312 1347 1106 1209 1048 1089 1227 1207 1230 1183 960 1286 1314 1244 1044 1274 
1393 1323 1417 1353 1324 1085 1433 1127 1519 1481 1227 1208 1192 1289 1347 1240 1443 1500 1392 1490 1326 1216 1362 1306 1252 1354 1198 1456 1535 1403 1256 1489 
1446 1259 1348 1328 1331 1118 1449 1092 1506 1454 1134 1311 1309 1413 1426 1276 1329 1485 1332 1346 1196 1271 1355 1238 1235 1346 1166 1537 1417 1214 1199 1383 
1280 1230 1310 1202 1340 1104 1187 1166 1460 1439 1177 1244 1168 1200 1334 1268 1326 1494 1267 1416 1252 1277 1129 1331 1271 1167 1228 1319 1357 1441 1232 1371 
1210 1114 1357 1163 1175 1028 1191 1031 1373 1225 1021 1074 1117 1141 1193 1200 1285 1249 1113 1440 1189 1136 1146 1319 1049 1227 1166 1214 1224 1205 1001 1214 
1414 1395 1601 1467 1555 1168 1506 1206 1553 1611 1355 1383 1476 1520 1606 1327 1590 1577 1464 1572 1473 1359 1278 1468 1477 1595 1351 1495 1659 1490 1419 1759 
1554 1377 1476 1316 1445 1112 1484 1188 1588 1629 1337 1356 1351 1506 1549 1404 1397 1632 1370 1652 1322 1352 1478 1329 1352 1476 1314 1646 1422 1474 1377 1680 
1380 1234 1426 1284 1322 1098 1401 1109 1434 1361 1280 1273 1246 1372 1342 1252 1460 1507 1359 1500 1220 1326 1259 1412 1251 1396 1199 1429 1467 1328 1253 1418 
1319 1142 1310 1134 1290 1103 1258 976 1289 1423 1135 1184 1179 1116 1319 1277 1257 1504 1144 1371 1226 1208 1157 1332 1113 1282 1193 1359 1349 1357 1092 1459 
