2077 1922 1857 1959 2055 1671 2032 1509 2079 1982 1746 1722 1942 1951 1909 2046 1876 2064 1997 2029 1995 1832 1842 2057 1746 2008 1976 2221 1942 2029 1750 2078 
2001 1955 1978 2104 1933 1648 2048 1715 2157 1996 1776 1933 1817 2012 1996 2225 2091 2280 1929 1933 1909 2031 1986 2076 1933 2116 2019 2169 2194 2020 1876 1960 
2044 2048 2066 2040 2066 1762 2208 1743 2262 2279 1862 1884 1819 1883 1823 2122 1959 2246 1968 2179 2099 1938 2042 2096 1858 2232 2025 2034 2155 2100 2109 2201 
2035 2100 2092 1961 1957 1652 1931 1719 2131 2229 1768 1810 1858 1676 2008 2099 2012 2314 1847 1984 1962 2002 2059 2056 1804 1977 1907 2065 1925 2142 1807 2031 
1862 1718 1711 1717 1675 1394 1890 1626 1866 1798 1729 1669 1522 1700 1770 1763 1705 1803 1779 1887 1717 1657 1784 1832 1572 1702 1711 1747 1822 1954 1721 1876 
2062 2175 2100 2261 2080 1705 2153 1926 2197 2153 1965 2072 1859 1960 2081 2345 2233 2290 2109 2109 2047 2223 2227 2098 1876 2154 2217 2248 2258 2046 2056 2126 
1848 1922 1925 1827 1819 1455 1915 1561 1977 1901 1570 1598 1674 1575 1934 1947 1992 2068 1871 1916 1800 1579 1776 1861 1686 1914 1818 1874 1988 1751 1782 2042 
1926 1879 1922 1799 1685 1503 1713 1685 1877 1852 1655 1761 1745 1589 1825 1890 1811 2018 1866 1908 1707 1925 1890 1778 1558 1777 1943 1849 1957 1940 1827 1946 
2133 2255 2070 2141 1945 1738 2015 1786 2361 2261 1855 2002 1864 2016 2055 2135 2095 2392 2033 2237 2109 2050 2150 2087 2009 2148 2101 2181 2148 2227 1942 2149 
1744 1862 1716 1659 1542 1511 1809 1384 1826 1847 1641 1566 1451 1529 1649 1775 1788 1965 1612 1708 1723 1621 1666 1738 1519 1696 1635 1716 1854 1806 1603 1842 
2030 2086 2139 2032 1972 1678 2115 1719 2355 2170 1975 1937 1914 1894 2137 2027 2107 2258 1950 2209 2143 1931 1998 2241 1651 2294 1957 2015 2158 2174 1958 2316 
2130 2042 2046 2060 1974 1635 2171 1715 2249 2098 1934 1960 1878 1871 2021 2012 1924 2192 2087 2129 2113 1975 2051 2097 1870 2130 2137 2186 2193 1979 1890 2267 
1775 1813 2026 1793 1715 1457 1754 1583 1980 1863 1542 1440 1658 1571 1835 1850 1902 1986 1855 1884 1784 1718 1732 1698 1618 1854 1780 1831 1814 1870 1767 1974 
2109 2123 2066 1984 2100 1839 2081 2019 2298 2011 1997 1980 1951 1879 2057 2173 2138 2446 2180 2294 2127 1943 2013 2119 1927 2176 2164 2132 2172 2160 1879 2289 
2112 2120 1974 2057 2012 1661 1903 1964 2308 2070 1784 1802 1881 1918 1934 2026 2135 2309 2080 2050 2076 2029 1887 2117 1949 2188 2060 2027 2090 2157 1876 2038 
1709 1914 1877 2032 1701 1465 1841 1604 2091 1913 1715 1719 1624 1784 1880 2063 1914 2162 1801 2052 1718 2059 1858 1804 1594 2014 1864 2038 1917 1853 1817 1915 
1919 2127 1897 1982 1881 1616 1864 1798 2130 2011 1806 1921 1753 1752 1888 2046 1948 2143 2062 2193 1946 1950 2028 1977 1679 2008 2045 1866 1945 2148 1908 2062 
1755 1835 2003 1771 1671 1520 1930 1532 2055 2044 1691 1722 1745 1872 2023 1845 1972 2039 1887 1886 1765 1730 1813 1879 1741 1936 1807 1833 1930 1853 1761 2122 
1822 2000 1959 2013 1953 1572 1996 1750 2029 2056 1728 1847 1714 1885 1874 2140 1851 2033 1997 2073 1920 1913 1905 2079 1686 1962 1896 2088 1929 2107 2015 2091 
2070 2042 2173 2060 2093 1758 2110 1749 2193 2229 1759 1875 1906 1948 1963 2124 2121 2365 2065 2186 2009 2047 1985 1956 1815 2131 2124 2090 2185 2152 2058 2171 
1904 2030 2004 1971 1938 1773 2073 1684 2134 2151 1835 1769 1768 1903 2115 2118 2087 2198 2101 2202 1952 1930 1937 2056 1915 2095 2042 2181 2248 2188 1939 2304 
1793 2157 1950 1914 1777 1675 1829 1634 1851 2018 1808 1899 1956 1519 1856 1988 1952 2091 1843 1872 1864 1977 1897 2085 1803 1870 2126 2056 2084 1975 1699 2056 
2104 2176 2008 2173 1959 1707 2144 1816 2231 1987 1893 1956 2003 1950 1955 2206 2179 2505 2060 1923 2072 2156 1982 2038 1816 2127 2033 2196 2212 2045 1917 2101 
2112 1900 1890 1980 1997 1608 1946 1680 2081 1945 1715 1936 1931 1666 1918 2073 1941 2183 1797 1986 1782 1873 1905 1951 1835 2096 1834 2130 1983 2047 1753 2062 
2049 2037 2018 2145 1953 1539 2056 1730 2208 2138 1775 1840 1797 1776 2024 1979 2081 2350 2054 2129 2014 1913 2044 1988 1777 2135 1908 2057 2176 2074 2001 2211 
2149 2057 1990 2166 2042 1761 2235 1777 2176 2133 1863 2027 2043 1966 2157 2137 2041 2270 2076 2057 1950 2077 2055 1997 1813 2087 2070 2287 2138 2003 1884 2122 
2037 2065 1957 2042 2050 1634 1946 1851 2224 2160 1821 1927 1782 1683 2027 2049 1998 2391 1983 2082 2026 2006 1856 2058 1871 2050 1994 2088 2012 2236 1904 2218 
1759 1687 1854 1740 1731 1485 1786 1494 1918 1782 1546 1561 1657 1529 1749 1797 1858 1817 1547 1927 1834 1688 1618 1963 1415 1866 1778 1788 1694 1758 1506 1823 
2010 2150 2105 2219 2144 1620 2163 1774 2159 2221 2038 2029 2054 2042 2189 2081 2281 2366 2099 2175 2075 2092 1905 2183 2013 2299 2131 2085 2309 2136 2135 2378 
2177 2120 2159 2138 2097 1789 2182 1829 2305 2344 2042 2136 2024 2105 2342 2213 2068 2431 2096 2456 2090 2095 2231 2104 1797 2209 2109 2353 2138 2284 2142 2464 
2122 2055 2094 2116 1991 1712 2193 1755 2090 2069 2057 2032 1933 1940 2144 2132 2218 2321 2074 2292 1961 2174 1936 2227 1792 2205 2030 2126 2318 2128 2013 2187 
1985 1929 1893 1877 1980 1670 1970 1597 1919 2178 1706 1837 1841 1610 2106 2042 1903 2264 1845 2050 1943 1957 1786 2063 1662 2061 1973 1970 2056 2115 1815 2288 
