3419 3144 3309 3046 3444 3122 3259 2771 3330 3347 2662 2768 3152 3094 3159 3595 3056 3406 3277 3160 3059 3067 3180 3204 3069 3190 3171 3499 3079 3319 3188 3256 
3250 3185 3411 3104 3325 2938 3199 2972 3300 3386 2607 3057 2865 3017 3211 3518 3070 3264 3120 3010 2944 3144 3282 3264 3034 3359 3096 3220 3302 3244 3245 3171 
3580 3354 3639 3157 3587 3279 3420 3093 3614 3743 2895 3169 3210 3231 3295 3733 3273 3530 3296 3413 3280 3188 3458 3260 3245 3584 3261 3319 3390 3461 3639 3538 
3265 3041 3315 2939 3198 2917 2758 2814 3133 3358 2466 2729 2932 2611 3024 3315 2997 3420 2917 2969 2997 3051 3094 3050 2949 2989 3012 3013 2875 3217 2933 3060 
3246 2926 2976 2584 2954 2701 2891 2873 2953 3052 2698 2774 2604 2740 2959 3243 2869 2865 2990 2925 2783 2688 3099 2876 2770 2876 2816 2868 2768 3255 2956 3018 
3595 3494 3735 3563 3706 3326 3496 3426 3504 3730 3231 3373 3350 3285 3661 4014 3648 3701 3614 3471 3365 3585 3654 3332 3385 3632 3778 3684 3512 3634 3678 3509 
3161 3124 3327 3114 3177 2953 3158 2765 3193 3255 2657 2659 2992 2725 3246 3483 3270 3268 3210 3162 2931 2898 3186 3171 2873 3087 3104 3146 3233 3073 3256 3206 
3577 3379 3475 3087 3264 3138 3094 3294 3156 3440 2744 3027 3288 2919 3368 3596 3099 3523 3454 3309 3066 3233 3430 3205 3002 3232 3389 3138 3321 3469 3373 3240 
3422 3336 3262 3237 3181 3042 3060 2939 3446 3566 2905 3080 3004 3065 3256 3453 3242 3583 3338 3306 3228 3137 3391 3226 3078 3340 3444 3455 3266 3512 3376 3377 
3055 3008 2975 2745 2761 2685 2844 2669 2787 3149 2584 2606 2512 2495 2851 3063 2829 3159 2843 2594 2696 2604 2889 2784 2549 2840 2682 2740 2919 3019 2737 2964 
3376 3062 3567 3201 3442 2971 3241 2979 3523 3620 2812 3084 3165 2964 3418 3511 3178 3470 3066 3198 3328 3182 3237 3462 2909 3640 3231 3166 3358 3499 3466 3558 
3440 3217 3418 3217 3466 3136 3416 2930 3496 3382 2896 3002 3139 3084 3275 3467 3069 3456 3503 3336 3199 3113 3259 3220 3200 3532 3390 3329 3276 3450 3460 3439 
3339 3183 3561 3091 3326 3062 3237 3017 3335 3372 2621 2706 3031 2924 3269 3558 3457 3442 3391 3140 3127 3261 3056 3013 3037 3134 3142 3333 3049 3436 3431 3292 
3315 3232 3318 3041 3338 3108 3090 3138 3350 3231 2811 3019 3055 2911 3293 3471 2954 3520 3301 3357 3116 2849 3145 3115 2985 3372 3294 3104 3123 3329 3078 3257 
3369 3202 3197 3080 3301 2905 3044 3036 3392 3319 2661 2763 3055 2879 3051 3363 3301 3508 3206 3069 3229 3129 3054 3160 3054 3347 3199 3032 3081 3461 3201 3301 
3128 3033 3232 3074 3126 2822 2962 2873 3334 3242 2693 2784 2840 2996 3242 3484 3022 3387 3107 3217 2831 3112 3148 2966 2922 3281 3083 3150 3017 3352 3203 3067 
3407 3297 3442 3127 3419 3271 3120 3210 3412 3475 2862 3089 3101 3039 3265 3785 3220 3618 3531 3445 3103 3334 3361 3212 3004 3341 3312 3313 3286 3632 3446 3387 
3030 2857 3366 2919 2843 2815 2907 2709 3108 3378 2613 2756 2823 2968 3227 3118 3088 3224 3108 2868 2800 2713 2890 2910 2826 3038 2957 2946 2935 3144 3044 3205 
3149 3127 3347 3035 3317 3063 3118 2948 3118 3405 2694 2863 3023 2953 3101 3563 3002 3127 3188 3285 3078 3191 3091 3234 2932 3243 3028 3363 3066 3459 3425 3433 
3307 3007 3420 3014 3388 3021 3157 2812 3307 3427 2679 2771 2992 2991 3083 3327 3235 3363 3227 3132 3036 3075 3123 2954 2861 3337 3248 3215 3166 3413 3417 3272 
3281 3129 3296 3079 3250 3142 3266 2858 3276 3533 2726 2913 2997 3021 3411 3405 3253 3383 3427 3214 3102 3106 3331 3213 3179 3340 3251 3354 3531 3531 3246 3521 
3093 3225 3302 2856 3001 3033 2958 2761 3139 3233 2803 2923 3058 2713 2848 3319 3168 3076 2981 2959 2814 3107 3160 3090 3049 3062 3195 3214 3163 3096 2961 3215 
3599 3442 3456 3466 3302 3298 3276 3257 3344 3388 3072 3145 3360 3215 3335 3789 3362 3921 3539 3201 3237 3436 3349 3358 2994 3311 3409 3545 3329 3428 3452 3377 
3399 3068 3134 3029 3313 2883 2983 2931 3128 3266 2494 3061 3149 2665 3143 3419 2959 3322 2964 3037 2760 3086 3150 3022 3045 3142 3003 3205 3174 3216 3071 3186 
3443 3119 3257 3167 3322 2789 3103 2917 3214 3342 2724 2833 2955 2725 3150 3421 3288 3465 3293 3261 3168 3080 3172 3089 2960 3262 3121 3193 3091 3387 3331 3393 
3783 3273 3430 3341 3562 3146 3475 3123 3392 3562 2888 3217 3303 3090 3559 3779 3342 3589 3443 3170 3233 3378 3401 3251 3063 3529 3379 3625 3362 3452 3328 3434 
3599 3271 3525 3348 3613 3224 3233 3201 3576 3696 2907 3103 3089 3065 3588 3623 3368 3794 3489 3280 3365 3321 3169 3355 3211 3493 3565 3523 3212 3760 3467 3439 
2972 2474 3111 2694 3073 2864 2664 2611 3070 2927 2420 2586 2812 2445 2798 3134 2858 2814 2535 2932 2826 2737 2544 2939 2616 3006 2771 2823 2664 2962 2799 2810 
3505 3304 3517 3474 3534 3112 3468 3143 3293 3576 3105 3082 3438 3101 3526 3670 3517 3791 3402 3322 3236 3470 3273 3490 3218 3590 3368 3263 3498 3496 3631 3575 
3566 3187 3445 3273 3442 3144 3236 3035 3479 3746 2917 3184 3299 3288 3707 3688 3202 3702 3364 3424 3227 3338 3350 3248 2917 3434 3356 3489 3238 3704 3597 3628 
3358 3064 3414 3036 3331 3011 3230 2855 3248 3196 2843 3081 3032 2896 3300 3437 3318 3322 3053 3182 3049 3241 3078 3173 2943 3395 3028 3164 3360 3335 3370 3251 
3454 3132 3348 3032 3388 3166 3198 2859 3237 3566 2666 2972 3223 2803 3473 3534 3116 3622 3044 3235 2987 3133 3128 3338 2919 3549 3346 3287 3355 3510 3466 3566 
