1184 1409 1009 1080 1352 1222 1288 1170 1091 1425 1347 1131 1263 1171 1203 993 1093 1296 1443 1416 1159 1358 1317 1185 1309 1257 1194 1328 1271 1251 1137 1074 
1392 1543 1163 1259 1561 1486 1500 1349 1345 1595 1358 1282 1347 1394 1464 1276 1350 1548 1668 1449 1243 1523 1454 1442 1450 1484 1309 1467 1452 1433 1073 1287 
1378 1474 1087 1140 1457 1498 1351 1428 1186 1486 1317 1128 1231 1278 1299 1294 1110 1419 1603 1571 1227 1504 1384 1354 1505 1521 1132 1412 1318 1426 1117 1146 
1415 1518 1171 1115 1362 1403 1432 1347 1253 1441 1373 1085 1347 1252 1442 1268 1245 1404 1483 1481 1325 1486 1288 1570 1375 1393 1073 1462 1389 1332 1074 1276 
1136 1301 966 959 1091 1263 1222 1193 1112 1209 1085 1233 1163 1137 1252 1060 1177 1123 1299 1322 1076 1299 1073 1306 1185 1234 938 1274 1241 1172 970 1007 
1291 1417 1093 1216 1589 1560 1477 1562 1341 1579 1445 1280 1398 1401 1339 1245 1346 1396 1567 1412 1337 1482 1391 1518 1534 1584 1087 1440 1323 1354 1247 1236 
1276 1493 999 1213 1379 1412 1311 1354 1290 1490 1314 1260 1402 1284 1327 1146 1152 1361 1623 1528 1269 1400 1418 1296 1437 1467 1118 1407 1314 1453 1053 1179 
1125 1441 908 1111 1262 1405 1264 1430 1282 1421 1256 1230 1459 1334 1373 1367 1263 1228 1517 1396 1256 1377 1351 1560 1470 1513 1078 1319 1313 1339 1067 1230 
1411 1467 1009 1056 1303 1386 1318 1402 1320 1490 1201 1310 1420 1274 1409 1180 1258 1285 1503 1466 1276 1408 1324 1475 1475 1465 925 1452 1427 1357 1053 1216 
1179 1297 930 964 1165 1160 1107 1134 1115 1217 1226 1067 1131 1219 1200 1034 1111 1122 1221 1213 1051 1239 991 1168 1064 1261 938 1191 1192 1223 1031 1055 
1318 1584 1217 1135 1508 1348 1304 1305 1321 1441 1500 1203 1407 1283 1411 1226 1264 1319 1667 1634 1258 1511 1404 1365 1454 1535 1168 1447 1402 1460 1241 1248 
1262 1403 1057 1086 1442 1300 1345 1354 1321 1395 1367 1274 1248 1301 1359 1302 1249 1325 1589 1541 1152 1427 1268 1297 1431 1467 1031 1424 1311 1398 1113 1171 
1239 1354 1005 1136 1354 1314 1085 1431 1141 1321 1189 1162 1270 1333 1254 1136 1151 1276 1411 1266 1171 1375 1290 1280 1451 1260 1028 1382 1195 1449 1101 1204 
1334 1510 1268 1285 1512 1494 1461 1592 1491 1493 1387 1361 1475 1358 1399 1350 1233 1402 1793 1623 1296 1633 1417 1460 1543 1619 1130 1670 1532 1427 1369 1284 
1326 1449 1038 1042 1446 1370 1223 1472 1168 1368 1237 1216 1345 1312 1251 1252 1192 1419 1433 1382 1152 1435 1179 1367 1380 1285 1139 1498 1437 1350 1232 1090 
1131 1473 896 1107 1363 1259 1186 1287 1062 1238 1223 1104 1201 1306 1322 1126 1083 1304 1441 1360 1130 1384 1300 1260 1265 1388 1030 1376 1252 1252 1044 1012 
1194 1406 1003 1286 1380 1455 1393 1334 1422 1450 1404 1273 1387 1230 1453 1348 1169 1258 1485 1593 1276 1427 1406 1454 1465 1604 1028 1337 1431 1277 1126 1253 
1280 1417 956 1047 1292 1328 1224 1273 1184 1358 1149 1108 1180 1188 1191 1197 1176 1153 1493 1263 1113 1430 1195 1242 1284 1274 1054 1258 1204 1303 1112 1142 
1216 1289 1028 1070 1307 1256 1199 1279 1104 1371 1137 1064 1170 1070 1185 1017 1018 1159 1405 1332 1063 1353 1212 1189 1167 1348 1065 1380 1234 1207 914 1071 
1529 1554 1141 1169 1621 1638 1395 1523 1382 1683 1471 1462 1409 1451 1406 1363 1312 1506 1768 1673 1451 1575 1620 1614 1711 1539 1134 1522 1347 1597 1268 1471 
1327 1440 1114 1220 1412 1444 1327 1348 1269 1504 1306 1292 1302 1310 1425 1239 1175 1436 1529 1468 1196 1481 1379 1309 1351 1484 963 1449 1195 1306 1184 1136 
1148 1414 1066 1209 1391 1506 1408 1255 1379 1483 1370 1302 1453 1438 1360 1267 1461 1373 1726 1422 1273 1509 1352 1433 1489 1597 1077 1376 1372 1352 1187 1284 
1468 1558 1042 1211 1545 1449 1398 1489 1199 1368 1235 1285 1443 1419 1442 1235 1258 1438 1516 1485 1217 1505 1279 1532 1439 1507 1026 1496 1427 1553 1198 1278 
1471 1499 1188 1093 1588 1418 1412 1429 1302 1522 1341 1270 1309 1393 1339 1352 1268 1509 1695 1572 1262 1589 1345 1415 1439 1525 1176 1619 1449 1388 1213 1197 
1181 1356 889 1133 1350 1394 1223 1331 1241 1350 1248 1211 1333 1229 1282 1284 1072 1242 1453 1427 1162 1312 1209 1374 1461 1417 944 1316 1241 1277 1149 1158 
1315 1415 1074 1154 1462 1381 1313 1341 1309 1548 1287 1322 1344 1354 1419 1144 1335 1503 1623 1585 1303 1514 1382 1384 1488 1516 1119 1351 1356 1410 1163 1253 
1284 1325 973 1126 1462 1436 1272 1326 1195 1444 1344 1240 1290 1269 1398 1277 1142 1294 1524 1593 1329 1425 1314 1313 1393 1433 986 1299 1222 1243 1106 1203 
1144 1192 931 939 1273 1072 1159 1119 992 1172 1145 1045 1017 1055 1123 1012 1049 1123 1322 1414 1043 1135 1147 1138 1129 1257 938 1144 1198 1154 966 946 
1373 1556 1217 1210 1505 1554 1334 1528 1390 1557 1488 1417 1437 1477 1328 1274 1445 1386 1630 1596 1382 1590 1356 1509 1491 1469 1169 1444 1294 1550 1266 1382 
1460 1539 1155 1186 1627 1523 1514 1504 1456 1651 1460 1326 1335 1301 1513 1374 1271 1394 1655 1605 1190 1525 1405 1543 1384 1666 1159 1514 1520 1508 1190 1235 
1475 1628 1181 1251 1591 1566 1494 1580 1371 1499 1418 1286 1523 1584 1424 1311 1347 1460 1764 1595 1239 1651 1508 1502 1451 1672 1173 1607 1412 1566 1316 1243 
1351 1378 1158 1023 1550 1337 1250 1354 1214 1427 1347 1111 1259 1205 1266 1208 999 1351 1525 1483 1184 1327 1339 1417 1382 1389 997 1325 1235 1417 1110 1318 
