5164 5322 5259 4512 5395 5318 5333 5364 5257 5293 5609 5091 5215 5243 5012 4684 5507 5474 5508 5533 4692 5438 5047 5015 5436 5420 5487 5639 5601 5082 5316 5098 
5596 5459 5550 4781 5486 5748 5575 5631 5430 5513 5636 5270 5334 5304 5224 5136 5803 5648 5813 5479 4771 5573 5612 5303 5580 5640 5450 5726 5596 4996 5137 5109 
5238 5442 5472 4556 5480 5745 5464 5671 5074 5295 5346 5233 5182 5456 5172 5192 5543 5659 5715 5745 4611 5680 5565 5226 5793 5496 5681 5749 5385 5145 5370 4984 
4877 4958 4882 4278 4990 5232 4948 4729 4783 4894 4833 4620 4769 4760 4883 4586 5047 4958 5261 5234 4396 4844 4977 4860 4680 5021 4950 5020 5023 4790 4758 4898 
5053 4962 4721 4234 4821 5056 4946 4925 5017 4823 4710 4901 4902 4924 4788 4336 5001 5009 5167 5023 4210 5013 4593 4796 5109 4999 5057 4971 4984 4644 4744 4670 
5062 5159 5059 4592 5368 5473 5439 5536 5160 5421 5318 5148 5091 5402 5035 4770 5593 5476 5780 5385 4778 5177 5373 5040 5373 5695 5536 5702 5299 4982 5420 4899 
5196 5132 5068 4737 5049 5381 4974 5162 5064 5422 5346 5203 4908 5188 5114 4720 5207 5180 5819 5439 4598 5138 5348 4936 5403 5366 5314 5314 5371 5061 4960 4979 
5122 5547 5300 4559 5229 5767 5151 5555 5442 5146 5417 5383 5299 5526 5128 5076 5647 5210 5656 5347 4787 5733 5586 5587 5761 5712 5386 5373 5411 5176 5271 5256 
5508 5365 5495 4774 5224 5886 5412 5409 5268 5272 5235 5527 5254 5483 5517 4815 5493 5141 5775 5603 4814 5436 5382 5101 5585 5562 5470 5751 5529 5092 5237 5172 
4921 4589 4724 4092 4689 4837 4561 4457 4765 4672 5107 4600 4397 4780 4617 4288 4784 4870 4788 4601 4022 4828 4774 4605 4546 4914 4709 4798 4757 4473 4553 4353 
5607 5403 5458 4643 5638 5616 5312 5229 5403 5449 5670 5309 5356 5075 5369 4990 5538 5562 5921 5782 4642 5506 5381 5118 5464 5642 5341 5546 5619 5295 5593 5144 
5846 5571 5761 4767 5552 5729 5601 5728 5783 5778 5914 5634 5486 5595 5454 5190 5839 5696 5949 5883 4802 5792 5755 5313 6003 5943 5857 5953 5871 5510 5615 5321 
5301 5013 4926 4615 5248 5215 5035 5246 5101 5088 5179 5081 5040 5142 4883 4585 5244 5378 5516 5195 4725 5286 5136 5185 5416 5231 5151 5284 5244 5008 4872 4958 
5160 5233 5144 4603 5504 5561 5238 5282 5511 5407 5061 5141 5190 5024 5013 4918 5300 5045 5572 5363 4552 5386 5309 4892 5258 5337 5127 5362 5309 5017 5181 4768 
5383 5410 5294 4531 5556 5523 5198 5391 5263 5126 5332 5206 5173 5158 5091 4999 5441 5368 5626 5404 4836 5502 5302 5342 5401 5369 5262 5736 5738 4899 5184 4961 
5180 5377 4980 4615 5435 5539 5122 5171 5059 5264 5305 4893 5336 5492 5203 4687 5484 5396 5540 5330 4395 5410 5353 5065 5452 5502 5548 5419 5303 4926 5222 4872 
5289 5282 5087 4714 5471 5840 5366 5343 5473 5272 5298 5289 4981 5242 5323 4945 5362 5367 5814 5845 4783 5471 5484 5189 5598 5827 5345 5326 5761 4859 5306 5074 
5423 5439 5009 4862 5242 5462 5117 5163 5476 5220 5478 5089 5299 5306 5123 4913 5580 5268 5744 5406 4585 5530 5347 5112 5370 5608 5398 5631 5474 5107 5176 5020 
4848 4814 4628 4228 5119 5022 4969 4824 4713 4845 4679 4606 4742 4630 4562 4339 4874 5000 5531 4992 4270 4931 4846 4808 4840 5005 4937 5086 4945 4551 4337 4491 
5273 5152 5015 4378 5280 5612 5000 5200 5125 5393 5263 5122 5033 5078 4985 4672 5154 5376 5539 5354 4546 5175 5297 5044 5534 5238 5003 5328 5052 5051 4797 5185 
5221 5300 5413 4789 5459 5633 5194 4988 5238 5336 5544 5377 5141 5327 5185 4830 5352 5516 5639 5479 4548 5495 5311 5058 5250 5570 5244 5487 5419 4855 5355 4998 
5117 5043 4741 4664 5197 5389 5130 5063 5129 5110 5194 4851 5040 5002 4945 4475 5485 5269 5527 5161 4547 5242 5088 5035 5273 5541 4927 5254 5177 4704 4639 4932 
5327 5707 5249 4693 5502 5638 5334 5591 5482 5416 5131 5348 5317 5444 5364 5122 5747 5366 5769 5455 4789 5538 5399 5378 5623 5870 5717 5966 5786 5484 5418 5181 
5185 5132 5071 4154 5050 5181 5003 5167 5162 4869 5104 4911 4691 5238 4960 4589 5170 5303 5589 5252 4336 5441 4913 4882 5187 5176 5057 5133 5192 5021 4964 4710 
5071 5291 4973 4645 5176 5645 5340 5319 5245 5348 5362 5273 5181 5404 4985 5133 5359 5223 5673 5466 4769 5271 5115 5140 5492 5558 5241 5409 5192 5285 5300 5019 
5346 5162 5118 4619 5249 5502 5153 5314 5140 5471 5200 5322 5116 5541 5082 4757 5294 5298 5709 5270 4661 5450 5226 5100 5663 5709 5422 5318 5399 4976 5333 5132 
5382 5427 5359 4715 5567 5715 5304 5370 5392 5545 5587 5136 5491 5614 5413 5219 5669 5398 5922 5871 5088 5529 5497 5260 5625 5560 5348 5613 5520 5159 5199 5089 
5110 4825 4822 4202 4891 4975 4755 4788 4717 4883 4713 4801 4635 4657 4767 4464 5136 5117 5173 5295 4403 4947 5202 4842 5130 5066 4999 5007 5044 4868 4808 4511 
5399 5532 5211 4853 5449 5534 5274 5683 5449 5510 5685 5564 5256 5594 5263 5006 5605 5567 5844 5471 4929 5659 5453 5360 5405 5632 5591 5512 5393 5370 5353 5281 
5547 5018 4986 4716 5560 5516 5646 5440 5428 5561 5345 5411 5166 5137 5207 4999 5537 5301 5635 5733 4578 5601 5392 5032 5331 5533 5275 5445 5432 5404 4983 5269 
5144 5311 4983 4511 5337 5384 5434 5358 5052 5381 5232 5122 5072 5502 5297 4632 5107 5403 5748 5317 4459 5413 5265 4974 5383 5413 5306 5280 5213 5270 5116 4694 
5518 5477 5384 4698 5580 5752 5027 5703 5490 5524 5589 5156 5397 5268 5331 5125 5299 5460 5993 5655 4765 5535 5543 5472 5807 5720 5472 5326 5429 5212 5207 5212 
