596 613 554 529 683 653 615 629 525 658 666 565 648 620 449 581 628 620 636 732 542 739 593 650 628 540 621 719 658 651 660 497 
702 566 581 571 735 690 689 645 621 730 576 575 557 615 575 613 565 768 686 698 520 706 627 742 638 520 521 737 717 657 630 545 
778 643 610 556 702 835 718 773 609 719 664 583 651 667 519 697 599 671 723 773 636 798 604 793 767 652 572 779 757 750 709 564 
807 672 723 557 787 781 779 746 670 750 741 573 702 737 717 814 691 785 709 828 659 823 589 908 674 666 531 879 814 721 707 670 
669 639 535 486 616 657 602 677 593 589 549 672 546 642 583 746 601 596 646 742 589 717 509 763 625 607 411 725 683 651 562 516 
695 511 541 532 687 698 676 718 626 694 664 633 644 727 587 708 599 686 667 700 610 645 597 753 627 647 411 667 677 620 687 550 
655 645 533 540 637 689 655 674 670 640 681 636 623 669 560 622 574 649 686 794 554 671 591 675 603 622 432 690 647 727 618 540 
613 615 422 417 596 684 570 677 596 689 570 601 671 662 574 770 580 636 619 724 575 673 575 840 657 599 420 614 676 690 614 539 
715 574 516 493 642 699 652 721 687 783 522 690 626 635 568 695 640 661 671 778 555 651 563 771 658 650 408 710 707 654 538 519 
663 637 537 495 657 612 545 682 599 604 603 582 548 675 505 614 613 606 675 670 575 698 494 710 604 598 477 732 632 676 613 522 
687 731 649 557 733 684 606 655 649 647 730 630 694 674 584 665 673 633 750 821 635 773 600 758 658 666 589 774 706 752 653 592 
716 704 635 622 836 743 770 781 795 780 734 740 665 720 633 806 738 785 849 851 630 807 613 812 763 697 587 894 834 813 687 560 
693 667 609 566 676 690 609 743 620 699 675 624 607 749 619 659 623 707 641 712 581 758 652 714 677 601 539 764 638 779 644 653 
711 603 594 622 712 701 774 707 704 688 668 684 619 685 563 739 571 680 768 805 583 791 546 746 644 672 480 865 771 678 726 526 
774 686 579 512 781 701 671 793 627 801 657 640 713 707 584 759 640 764 710 792 586 802 593 785 764 659 564 817 739 737 733 573 
553 577 419 538 637 526 502 618 490 570 555 526 542 626 556 593 448 621 563 670 506 625 550 630 545 502 432 587 581 592 581 427 
595 547 444 593 670 697 645 607 600 630 656 675 605 712 609 736 567 604 608 818 600 660 605 742 626 631 397 644 715 642 599 560 
817 719 615 605 782 769 753 785 647 783 693 677 643 748 601 773 758 726 847 867 686 905 678 746 692 659 647 817 719 832 713 665 
661 569 532 502 688 666 589 661 516 666 595 540 574 629 516 628 589 560 638 681 509 713 484 703 547 576 503 740 658 659 498 530 
879 691 655 601 763 917 781 831 755 903 810 809 709 733 639 780 739 794 795 965 741 801 805 953 773 712 636 840 798 807 743 754 
783 705 685 643 781 762 702 790 673 774 737 737 680 776 674 742 642 811 744 805 645 825 699 808 701 658 538 872 706 767 688 596 
619 554 586 521 665 753 703 597 695 744 630 615 730 726 601 685 692 709 773 771 623 719 558 802 674 663 447 714 784 655 663 560 
707 659 542 593 771 711 678 732 604 674 591 605 706 713 603 725 615 673 668 802 570 786 553 784 706 617 465 765 730 759 727 513 
791 619 673 477 771 653 690 722 666 785 606 610 612 662 532 712 720 727 783 750 584 811 527 819 672 666 554 836 782 696 693 531 
598 563 427 534 608 670 621 634 653 662 636 656 609 671 527 694 552 629 628 754 576 690 563 723 693 629 437 655 672 671 679 560 
683 624 594 563 672 663 608 648 670 745 617 686 665 692 598 649 700 728 703 847 653 740 588 780 695 640 487 685 732 639 661 530 
626 526 479 539 615 679 617 653 568 683 651 582 576 659 594 687 624 632 641 788 654 689 609 754 591 557 477 648 687 598 592 588 
629 555 522 504 685 638 610 609 556 569 621 636 552 601 515 647 606 562 612 813 592 631 522 744 575 587 453 632 702 617 588 473 
877 803 673 617 847 846 750 905 767 902 873 799 748 857 656 791 835 785 881 1009 770 924 738 882 838 775 710 889 788 928 818 784 
788 663 600 575 810 779 748 782 723 793 730 763 628 702 646 841 660 696 784 916 640 749 629 898 662 709 497 823 751 781 586 537 
758 718 610 597 747 786 751 814 696 770 758 616 769 859 604 775 636 757 811 799 644 829 683 805 690 729 553 845 748 820 757 551 
677 601 642 457 716 709 656 644 586 671 711 539 566 624 577 642 580 659 663 748 535 673 551 816 572 589 489 725 697 667 653 625 
