1639 1940 1587 1605 2019 1698 1953 1838 1710 1995 1919 1708 1913 1885 1705 1646 1677 1960 2086 2120 1635 1951 1870 1756 1812 1865 1867 1976 1778 1697 1718 1610 
1868 2023 1721 1859 2180 2015 2081 1937 1952 2172 1917 1889 2002 2058 1869 1976 1905 2172 2262 2089 1691 2053 2039 2103 2059 2068 1877 2126 1988 1827 1598 1819 
1923 2076 1777 1779 2214 2065 2066 2094 1836 2195 1997 1849 2058 2054 1889 2065 1803 2135 2346 2351 1802 2187 2150 2145 2215 2182 1864 2184 1931 1910 1761 1695 
1818 1960 1705 1576 1931 1897 1912 1736 1735 1856 1879 1650 2001 1860 2052 1837 1791 2009 2086 2115 1815 1987 1906 2116 1802 1948 1730 1989 1874 1751 1593 1771 
1719 1958 1608 1621 1831 1873 1950 1855 1872 1972 1710 1960 1952 1933 1796 1865 1847 1804 2092 2028 1658 1934 1629 2111 1861 1934 1683 2016 1837 1679 1634 1620 
1841 2019 1692 1767 2302 2155 2243 2195 1907 2188 2115 2058 2205 2244 1971 1954 2047 2219 2360 2154 1966 2107 2153 2176 2146 2323 1829 2156 1935 1873 1886 1815 
1705 2097 1556 1835 2066 1993 1995 2017 1848 2121 1932 1941 2099 2059 1945 1885 1851 1999 2395 2321 1810 2070 2066 2010 2032 2116 1853 2033 1838 1861 1630 1826 
1698 2209 1724 1772 1999 2021 1963 2177 1959 2136 1976 1976 2297 2249 1948 2245 1992 1924 2306 2239 1878 2167 2175 2446 2165 2238 1956 2073 1931 1872 1798 1978 
1921 1972 1605 1587 1983 2050 2045 2016 1818 2056 1783 2020 2105 1987 2028 1906 1831 1986 2199 2210 1798 2068 2012 2112 2028 2150 1672 2113 1984 1836 1619 1901 
1674 1788 1540 1477 1835 1655 1728 1662 1715 1796 1848 1703 1841 1954 1796 1738 1724 1887 1852 1916 1557 1765 1674 1852 1589 1856 1673 1846 1739 1659 1648 1637 
1910 2089 1812 1720 2168 1975 1982 1857 1918 2125 2043 1852 2103 2029 1992 1928 1818 2091 2360 2326 1848 2044 1998 1945 2064 2145 1779 2107 1967 1851 1842 1843 
1773 1985 1676 1659 2182 1850 1993 1943 1899 1985 1998 1943 2020 1982 2009 1949 1968 1936 2219 2315 1587 2084 2042 1857 2025 2135 1766 2119 1870 1896 1682 1778 
1862 2012 1698 1797 2120 2002 1970 2103 1739 2001 1886 1913 2109 2106 1825 1924 1816 2028 2128 2050 1759 2024 1968 1993 2098 2004 1765 2193 1737 2020 1702 1863 
1741 2006 1851 1840 2125 1942 1974 2055 2104 2075 1905 1896 2126 1921 1924 2001 1865 1962 2352 2292 1774 2126 2044 1992 2050 2145 1774 2294 1983 1827 1865 1703 
1841 1959 1620 1626 2094 1914 1833 2001 1693 2000 1815 1883 2089 1952 1848 1922 1824 1991 2100 2061 1648 2041 1794 1984 1969 1842 1740 2144 1951 1771 1688 1671 
1665 2023 1430 1617 1937 1773 1766 1770 1548 1820 1821 1689 1970 1975 1856 1688 1719 1851 2056 1980 1587 1956 2000 1848 1868 2083 1632 1932 1705 1645 1621 1515 
1747 1975 1668 1887 2197 2136 2152 1976 2161 2087 2017 1982 2138 1974 2077 2119 1812 2063 2305 2406 1932 2110 2161 2135 2111 2295 1786 2038 2024 1741 1745 1827 
1715 1924 1518 1542 1876 1743 1801 1724 1715 1898 1750 1710 1899 1794 1752 1820 1882 1778 2037 1924 1523 1936 1939 1740 1801 1931 1736 1887 1758 1754 1663 1667 
1707 1846 1579 1622 2034 1934 1920 1794 1674 1900 1717 1765 1871 1691 1624 1670 1557 1805 2124 1976 1625 1902 1806 1786 1730 1941 1676 1986 1785 1644 1381 1695 
2045 2082 1712 1735 2371 2271 2050 2111 1957 2288 2032 2168 2117 2212 2060 2049 1936 2210 2487 2411 1991 2147 2220 2287 2293 2196 1859 2165 1891 2027 1859 2077 
1916 1992 1808 1879 2173 2086 2051 1901 1864 2063 1935 1990 2139 2139 2040 1905 1849 2199 2194 2210 1728 2079 2070 1906 1962 2228 1720 2166 1819 1763 1807 1820 
1706 1965 1672 1868 2150 2151 2187 1878 2031 2148 1994 1947 2269 2141 1906 2016 2075 2059 2383 2170 1822 2067 2001 2167 2139 2269 1797 2164 1888 1766 1746 1838 
1933 2150 1562 1733 2163 1922 2011 2092 1829 1996 1836 1977 2151 2142 2043 1941 1978 2055 2222 2244 1703 2137 1976 2240 2026 2228 1769 2134 1991 2098 1840 1880 
2013 2131 1881 1726 2276 1925 2121 2177 1950 2089 1972 2048 2048 2256 1975 2110 1980 2273 2459 2361 1787 2311 2072 2127 2023 2232 1958 2371 2047 1978 1830 1825 
1623 2021 1486 1598 1911 1971 1815 1847 1724 1937 1857 1856 2015 1860 1769 1949 1681 1733 2163 2030 1666 1909 1813 2022 2016 1977 1571 1929 1714 1780 1669 1795 
1884 1963 1762 1703 2130 2004 1992 1956 1846 2264 1855 2051 2120 2222 1984 1818 2005 2160 2394 2224 1946 2184 2000 2075 2084 2168 1862 1954 1917 1852 1792 1906 
1897 1941 1703 1789 2268 2090 1973 1918 1814 2187 2093 1980 2173 2062 2090 2144 1911 2066 2290 2421 1916 2106 2142 2079 2126 2159 1764 2134 1865 1758 1791 1852 
1635 1735 1516 1407 1811 1596 1705 1583 1515 1690 1623 1696 1647 1711 1717 1634 1612 1800 1974 2066 1573 1633 1812 1665 1656 1765 1527 1796 1671 1574 1455 1419 
1862 2228 1784 1809 2180 2113 1974 2234 2013 2191 2185 2104 2165 2278 1958 2060 2129 2051 2398 2408 1932 2291 2052 2233 2047 2174 1934 2081 1840 2052 1926 2076 
2070 2105 1818 1804 2389 2078 2201 2060 2064 2306 2102 2090 2181 2049 2118 2106 2013 2130 2347 2303 1701 2146 2168 2181 2033 2334 1820 2274 2186 1961 1781 1857 
1832 2043 1619 1706 2073 2006 1984 2025 1758 1954 1872 1767 2052 2179 1877 1759 1816 1982 2303 2116 1630 2055 2053 1915 1905 2162 1703 2050 1808 1865 1768 1635 
1871 1980 1708 1552 2184 1934 1786 1995 1799 2027 1877 1700 1933 1898 1824 1827 1549 1920 2224 2198 1653 1974 1875 2010 1993 2105 1656 1885 1711 1771 1688 1888 
