3129 3198 3038 2883 3269 3098 3340 3468 3013 3310 3304 2881 3229 3116 2882 2903 3114 3441 3539 3666 2839 3220 3063 2993 3105 3295 3327 3533 3266 2979 3076 2863 
3555 3455 3212 3213 3664 3558 3584 3689 3344 3671 3451 3150 3394 3312 3176 3443 3456 3769 3897 3717 2942 3511 3474 3407 3448 3607 3352 3770 3578 3122 2979 3170 
3222 3302 3157 2992 3589 3501 3408 3669 3019 3522 3131 3050 3303 3308 3107 3462 3157 3559 3722 3708 2848 3669 3476 3412 3580 3579 3377 3692 3361 3173 3089 2862 
3052 3131 2898 2766 3151 3202 2988 3091 2867 3122 2979 2747 3064 2928 3078 3019 2977 3248 3485 3402 2834 3133 3052 3244 2916 3136 3075 3260 3157 2900 2819 2940 
3301 3086 2901 2796 3187 3263 3287 3282 3196 3206 2958 3235 3171 3145 2999 2946 3073 3184 3491 3425 2721 3255 2819 3230 3294 3304 3117 3381 3258 2867 2995 2817 
3358 3290 3141 3072 3534 3601 3537 3720 3242 3533 3347 3339 3467 3492 3058 3262 3517 3646 3886 3544 3157 3335 3491 3305 3424 3732 3366 3808 3491 3113 3366 3033 
3140 3273 3047 3173 3331 3336 3292 3485 3135 3475 3291 3158 3269 3282 3094 3176 3169 3420 3860 3706 2940 3353 3382 3244 3298 3422 3216 3494 3394 3122 2851 3116 
3105 3538 3191 3044 3351 3546 3229 3722 3448 3371 3335 3258 3473 3562 3183 3536 3414 3165 3796 3661 3112 3646 3615 3674 3573 3694 3379 3634 3448 3132 3225 3303 
3370 3117 3015 2839 3196 3506 3319 3437 3032 3312 2958 3325 3244 3215 3115 3016 3003 3203 3556 3587 2912 3328 3208 3113 3323 3389 3114 3476 3307 3026 2936 3077 
2976 2772 2787 2517 3007 2892 2890 2863 2878 2915 3014 2766 2824 2968 2775 2848 2762 3040 2989 2995 2547 2933 2839 2858 2716 3034 2758 3095 2897 2616 2772 2623 
3521 3431 3376 3193 3636 3576 3525 3430 3291 3602 3418 3412 3460 3195 3258 3342 3315 3577 3907 3927 3045 3502 3419 3202 3466 3571 3295 3685 3485 3308 3396 3189 
3584 3457 3281 3016 3580 3466 3444 3640 3403 3510 3466 3364 3345 3265 3195 3238 3430 3471 3800 3844 2796 3565 3465 3126 3559 3712 3342 3655 3551 3326 3176 3089 
3534 3400 3144 3227 3578 3554 3487 3591 3254 3403 3401 3352 3382 3447 3133 3166 3217 3614 3696 3527 3082 3423 3416 3374 3538 3472 3188 3739 3354 3319 3144 3256 
3127 3298 3069 2943 3379 3353 3181 3412 3406 3326 3017 3164 3304 3073 3007 3240 3020 3108 3550 3551 2722 3353 3307 2956 3215 3377 3094 3506 3116 2972 3055 2755 
3341 3194 2964 2828 3493 3264 3067 3424 3039 3134 3129 2923 3288 3036 3006 3185 3105 3292 3508 3365 2880 3266 3148 3237 3199 3250 2893 3645 3380 2899 2864 2790 
3048 3296 2877 2802 3257 3237 3090 3288 2880 3263 2999 2934 3214 3319 2979 3030 3079 3283 3409 3304 2668 3320 3223 3033 3125 3383 3134 3443 3118 2821 2959 2687 
3319 3460 3185 3243 3643 3719 3501 3572 3613 3470 3466 3303 3350 3339 3445 3371 3198 3496 3864 3898 3153 3602 3554 3406 3630 3764 3285 3484 3708 3030 3194 3233 
3253 3240 2847 2848 3161 3209 3057 3165 3076 3189 3073 2861 3228 3007 2794 3145 3253 3225 3471 3327 2633 3218 3298 2973 3076 3337 2953 3549 3106 2954 2946 2800 
3029 3091 2928 2907 3401 3234 3110 3234 2914 3119 2854 2897 3160 2860 2730 2859 2846 3243 3686 3293 2828 3117 3257 3049 2995 3283 3026 3457 3299 2776 2578 2904 
3428 3343 3001 2878 3594 3597 3209 3421 3257 3559 3340 3272 3279 3267 3077 3067 3098 3469 3705 3709 2961 3368 3348 3417 3513 3368 3065 3403 3158 3215 2978 3269 
3269 3183 3161 3127 3441 3551 3233 3176 2984 3327 3239 3286 3225 3183 3075 3080 3102 3549 3456 3489 2756 3435 3222 3011 3100 3379 3055 3571 3211 2966 3052 3010 
3186 3180 2890 3038 3355 3471 3338 3200 3170 3403 3261 3084 3290 3223 3023 2979 3319 3368 3687 3434 2857 3338 3213 3220 3389 3539 3009 3553 3226 2945 2922 3090 
3415 3528 3052 3137 3531 3497 3307 3706 3269 3400 3013 3283 3395 3382 3219 3323 3480 3359 3758 3644 3008 3508 3377 3532 3427 3744 3475 3875 3545 3538 3241 3164 
3210 3209 3093 2760 3317 3217 3276 3415 3006 3139 3141 3066 2960 3395 2911 3126 3152 3341 3655 3582 2670 3572 3148 2992 3093 3362 3071 3466 3273 3075 2955 2812 
3056 3298 2854 2934 3254 3455 3199 3326 3085 3287 3126 3179 3323 3158 2945 3319 3034 3148 3674 3514 2904 3179 3209 3239 3409 3330 3039 3449 3156 3113 2996 2963 
3358 3288 3199 3019 3419 3416 3307 3400 3131 3625 3046 3260 3296 3511 3090 3015 3232 3433 3803 3522 3104 3498 3378 3236 3468 3568 3248 3456 3347 3088 3204 2997 
3457 3268 3190 3056 3541 3560 3384 3537 3274 3564 3481 3210 3537 3486 3263 3488 3320 3469 3950 3887 3190 3395 3556 3278 3543 3508 3118 3691 3418 3123 3180 3139 
3167 3029 2770 2691 3052 3073 3013 3073 2821 3100 2846 2977 2896 2890 2902 3008 2969 3214 3307 3501 2732 3053 3178 2926 3119 3232 3021 3249 3144 2942 2881 2643 
3361 3521 3179 3197 3611 3534 3319 3793 3396 3628 3445 3529 3345 3502 3207 3367 3419 3542 3825 3758 3147 3638 3417 3509 3480 3532 3455 3652 3424 3385 3343 3406 
3417 3147 2971 3036 3482 3338 3464 3471 3194 3542 3286 3226 3142 3105 3037 3313 3099 3371 3612 3648 2722 3431 3327 3275 3148 3377 3008 3488 3415 3211 2892 3010 
3245 3281 2941 2954 3379 3411 3395 3500 2999 3436 3094 3102 3204 3376 3087 3019 3031 3384 3741 3353 2677 3453 3304 3100 3188 3395 3094 3427 3122 3164 3053 2822 
3342 3284 3173 2924 3477 3442 3113 3613 3145 3437 3315 3038 3294 3071 2924 3302 2857 3369 3702 3597 2814 3277 3331 3242 3447 3529 3051 3333 3166 3067 3000 3067 
