4575 4652 4534 3966 4613 4677 4588 4707 4572 4658 4886 4245 4466 4447 4238 3913 4664 4850 4899 4733 4089 4599 4563 4361 4762 4695 4814 4885 4953 4322 4524 4373 
5124 4842 4786 4254 4927 5153 4875 4948 4802 5000 5002 4517 4659 4658 4500 4486 5110 5103 5208 4811 4252 4847 5078 4674 4997 5043 4744 5091 5022 4431 4406 4496 
4657 4760 4675 3994 4872 5165 4605 4878 4408 4651 4601 4373 4502 4621 4352 4463 4687 4979 5056 4961 4032 4851 4993 4555 5112 4865 4851 5031 4832 4459 4465 4313 
4329 4357 4219 3623 4242 4551 4230 4095 4109 4272 4201 3885 4062 4097 4102 3924 4370 4322 4604 4499 3873 4070 4457 4244 4092 4339 4197 4386 4381 4112 4007 4213 
4574 4426 4119 3707 4324 4560 4342 4385 4455 4313 4134 4318 4247 4244 4090 3822 4408 4381 4713 4399 3767 4380 4119 4396 4600 4423 4343 4441 4572 4059 4046 4121 
4468 4479 4297 3936 4718 4872 4639 4750 4522 4687 4569 4314 4306 4597 4183 4022 4814 4756 5111 4536 4146 4365 4825 4393 4684 4912 4668 4970 4711 4159 4562 4139 
4698 4586 4497 4245 4589 4893 4505 4650 4571 4910 4770 4589 4441 4579 4399 4133 4653 4705 5293 4925 4234 4581 4896 4496 4989 4862 4744 4748 4868 4493 4395 4504 
4687 5055 4770 4069 4697 5261 4597 5026 4999 4718 4880 4823 4756 4994 4563 4598 5076 4619 5215 4775 4363 5123 5260 5128 5255 5215 4856 4910 4977 4580 4720 4757 
4808 4582 4591 4103 4452 5081 4568 4659 4485 4560 4419 4597 4490 4643 4533 3994 4557 4376 4958 4756 4209 4495 4744 4394 4869 4825 4595 4902 4807 4332 4364 4476 
4408 4032 4123 3469 4161 4276 4002 3829 4238 4086 4423 3964 3855 4162 3884 3808 4126 4219 4160 3975 3568 4114 4276 4068 4041 4319 4025 4259 4223 3865 3891 3766 
5004 4728 4696 3969 5033 5004 4664 4481 4694 4798 4780 4522 4531 4261 4504 4262 4797 4853 5208 4968 4050 4708 4826 4435 4784 4949 4522 4849 4943 4621 4762 4496 
5240 4953 4991 4109 4863 5072 4788 4968 5060 5051 5170 4806 4687 4718 4597 4429 5071 5002 5255 5077 4185 4937 5152 4608 5364 5219 5035 5167 5240 4744 4715 4568 
4804 4542 4388 4153 4628 4659 4414 4707 4548 4544 4590 4459 4495 4561 4225 4066 4590 4765 4934 4592 4254 4564 4697 4598 4894 4722 4567 4787 4746 4396 4306 4414 
4660 4680 4463 4060 4824 4911 4487 4683 4935 4734 4448 4421 4538 4249 4331 4254 4631 4396 4935 4648 3969 4588 4754 4238 4726 4712 4468 4728 4633 4340 4482 4162 
4790 4681 4347 3818 4832 4719 4324 4610 4520 4391 4473 4317 4411 4239 4221 4156 4580 4590 4871 4481 4181 4582 4651 4598 4661 4667 4409 4886 4949 4188 4255 4247 
4585 4762 4308 3963 4735 4928 4416 4492 4370 4566 4564 4145 4512 4734 4413 4045 4751 4712 4852 4529 3812 4612 4852 4402 4769 4766 4755 4774 4715 4198 4392 4149 
4769 4723 4420 4153 4892 5222 4601 4655 4962 4663 4740 4567 4445 4524 4650 4300 4614 4761 5219 5111 4251 4766 4965 4626 5056 5153 4684 4622 5162 4224 4590 4483 
4867 4859 4417 4185 4497 4902 4403 4511 4830 4602 4723 4326 4560 4497 4311 4253 4879 4614 5064 4668 4061 4686 4877 4429 4776 4960 4662 5023 4871 4370 4458 4274 
4140 4171 3915 3667 4323 4419 4107 4075 4047 4108 3906 3755 4001 3831 3650 3568 3981 4289 4813 4193 3651 4033 4347 4061 4169 4372 4165 4369 4338 3759 3553 3782 
4812 4706 4440 3904 4762 5084 4369 4638 4653 4848 4707 4513 4502 4518 4306 4106 4535 4799 4962 4791 4097 4587 4810 4554 5026 4700 4425 4752 4571 4431 4227 4619 
4714 4636 4614 4109 4834 5016 4522 4314 4617 4695 4708 4571 4395 4522 4396 4073 4597 4829 4930 4632 3963 4767 4782 4449 4600 4853 4436 4812 4723 4247 4459 4352 
4640 4514 4234 4071 4553 4864 4580 4443 4615 4625 4596 4299 4441 4486 4289 3910 4771 4629 5029 4502 4084 4565 4706 4526 4763 4955 4329 4694 4681 4123 4136 4404 
4788 5048 4472 4126 4882 5017 4584 4896 4904 4760 4447 4590 4660 4737 4612 4409 4972 4647 5123 4670 4215 4841 4814 4838 4965 5134 4952 5216 5131 4782 4600 4522 
4710 4645 4503 3725 4539 4661 4393 4641 4624 4471 4490 4256 4108 4634 4301 4096 4581 4764 5087 4732 3853 4767 4428 4316 4690 4632 4482 4686 4706 4471 4394 4138 
4413 4670 4161 4006 4490 4985 4556 4613 4628 4637 4537 4466 4434 4596 4143 4345 4514 4390 4939 4635 4087 4492 4604 4492 4799 4885 4461 4673 4561 4426 4408 4347 
4768 4550 4413 3986 4587 4889 4435 4560 4497 4853 4422 4483 4358 4773 4275 4031 4555 4670 5040 4489 4073 4673 4739 4417 4912 4951 4667 4586 4788 4232 4487 4349 
4832 4780 4654 4075 4840 5075 4590 4703 4730 4790 4805 4320 4806 4781 4587 4526 4862 4691 5255 5051 4457 4617 4937 4600 5070 4893 4576 4939 4859 4447 4396 4411 
4554 4318 4177 3687 4350 4412 4089 4147 4199 4273 4104 4188 4005 3958 4009 3853 4520 4467 4606 4629 3860 4306 4648 4224 4535 4418 4326 4501 4533 4160 4055 3930 
4894 4922 4547 4182 4807 4954 4551 4952 4837 4847 4836 4807 4510 4726 4456 4313 4907 4861 5166 4713 4349 4946 4897 4696 4764 4960 4890 4908 4789 4614 4596 4596 
4912 4439 4299 4086 4753 4875 4725 4642 4700 4822 4559 4511 4349 4296 4274 4346 4630 4529 4911 4832 3936 4622 4830 4328 4623 4795 4382 4757 4876 4561 4134 4429 
4578 4690 4293 4038 4693 4854 4664 4713 4454 4776 4523 4415 4343 4746 4479 4039 4405 4726 5153 4564 3922 4644 4724 4396 4840 4720 4580 4665 4684 4537 4409 4063 
4988 4865 4761 4144 4889 5203 4376 5018 4826 4866 4870 4428 4715 4574 4477 4476 4611 4863 5376 4936 4262 4715 5001 4821 5234 5143 4726 4707 4859 4578 4445 4585 
