3936 4001 3898 3531 4005 3859 3907 4011 3762 4080 4131 3562 3834 3832 3645 3435 3933 4160 4261 4322 3483 3937 3862 3771 4020 4037 4148 4188 4276 3737 3787 3648 
4379 4077 4022 3794 4286 4263 4125 4209 4007 4387 4195 3790 3940 3933 3802 3951 4231 4323 4469 4276 3533 4179 4246 4025 4184 4284 4063 4353 4320 3778 3554 3763 
3934 3908 3872 3495 4144 4206 3796 4142 3569 4145 3792 3649 3733 3867 3698 3932 3835 4105 4300 4328 3383 4230 4161 3957 4296 4188 4128 4221 4050 3817 3679 3532 
3717 3638 3567 3181 3683 3739 3507 3519 3486 3767 3491 3321 3392 3490 3631 3407 3655 3702 3969 3984 3307 3510 3710 3725 3478 3707 3669 3793 3802 3570 3344 3538 
4047 3797 3585 3350 3725 3929 3736 3778 3811 3868 3519 3728 3700 3696 3647 3412 3773 3768 4087 3918 3256 3862 3411 3900 3985 3860 3746 3828 3995 3568 3498 3455 
4016 3972 3848 3638 4237 4260 4130 4240 3951 4292 4025 3822 3847 4101 3737 3712 4219 4215 4604 4179 3734 3911 4246 3927 4162 4370 4149 4424 4288 3701 3976 3592 
4053 3918 3839 3780 4036 4058 3872 4058 3851 4321 4055 3802 3874 3889 3800 3657 3938 3975 4501 4414 3577 4001 4091 3854 4130 4126 3989 4030 4263 3886 3528 3803 
3919 4239 4021 3615 3924 4258 3747 4241 4066 4099 4035 3887 4010 4209 3859 4059 4172 3723 4396 4198 3613 4323 4354 4410 4359 4404 4045 4126 4185 3882 3813 3967 
4217 3932 3959 3522 3927 4279 3887 4004 3768 4091 3783 4001 3809 3930 3920 3570 3846 3786 4264 4275 3639 3986 4048 3906 4187 4128 3928 4162 4190 3771 3663 3812 
3877 3500 3652 3125 3753 3611 3513 3436 3652 3699 3809 3456 3381 3714 3496 3435 3623 3708 3647 3581 3121 3654 3734 3651 3472 3850 3494 3753 3747 3398 3399 3314 
4386 4144 4119 3708 4447 4324 4045 3944 4034 4314 4157 4017 4000 3793 3988 3919 4104 4208 4620 4599 3581 4207 4243 3913 4185 4358 3998 4298 4397 4086 4126 3913 
4459 4174 4210 3624 4261 4189 4034 4235 4164 4367 4290 4033 3926 3957 3884 3791 4203 4190 4489 4559 3441 4249 4311 3941 4442 4398 4264 4272 4453 4066 3888 3822 
4321 4067 3834 3777 4171 4136 3942 4203 4070 4162 4060 3995 3897 4026 3748 3638 3918 4235 4392 4193 3765 4107 4104 4053 4267 4219 3968 4212 4247 4013 3785 3921 
3952 3983 3812 3535 4057 4107 3686 3968 4149 4110 3760 3803 3835 3695 3735 3811 3774 3652 4180 4144 3354 3967 4069 3588 3998 4084 3837 4049 3904 3720 3730 3455 
4132 3933 3739 3407 4179 3975 3574 3937 3760 3853 3785 3584 3818 3598 3641 3694 3836 3864 4128 3980 3554 3976 3866 3975 3879 3960 3649 4160 4248 3647 3489 3540 
3997 4139 3791 3556 4149 4203 3781 3944 3756 4190 3943 3584 3927 4176 3894 3735 4052 4064 4200 4065 3372 4107 4189 3843 4138 4235 4119 4184 4109 3737 3776 3531 
4180 4038 3904 3768 4286 4522 3901 4070 4281 4173 4147 3892 3925 3894 4113 3852 3940 4030 4520 4608 3685 4249 4280 4035 4322 4430 3995 3954 4525 3717 3874 3902 
4167 4074 3721 3618 3897 3998 3677 3830 3961 4091 3892 3584 3868 3710 3601 3710 4119 3884 4252 4091 3396 4000 4132 3719 3963 4178 3852 4225 4107 3791 3622 3602 
3712 3680 3548 3394 3882 3829 3620 3684 3549 3801 3381 3288 3561 3390 3269 3233 3498 3743 4291 3831 3289 3626 3852 3596 3626 3827 3679 3878 3887 3362 3017 3404 
4134 4007 3729 3444 4129 4242 3656 3938 3885 4247 3968 3794 3818 3788 3696 3537 3731 3973 4222 4239 3443 4053 3944 4033 4222 3934 3758 3915 3854 3855 3488 3881 
4005 3861 3931 3698 4188 4251 3805 3685 3741 4073 3997 3874 3696 3811 3824 3551 3857 4109 4191 4133 3317 4149 4058 3764 3831 4091 3764 4153 4063 3667 3703 3636 
3972 3806 3612 3681 3976 4139 3890 3774 3943 4097 3909 3661 3751 3814 3687 3425 4025 3959 4372 4053 3481 3998 3957 3927 4054 4249 3727 4074 4064 3654 3464 3753 
4039 4281 3802 3676 4213 4208 3804 4183 3999 4102 3646 3848 3924 3986 3911 3822 4200 3869 4324 4197 3572 4144 4088 4156 4179 4297 4174 4435 4339 4207 3808 3815 
4050 3914 3872 3272 3967 3900 3790 4037 3820 3930 3799 3601 3447 3987 3677 3643 3851 3996 4311 4245 3266 4203 3789 3628 3883 3913 3807 3974 4082 3846 3614 3510 
3730 3907 3554 3454 3796 4105 3696 3853 3789 3963 3748 3733 3833 3810 3530 3779 3773 3699 4200 4106 3521 3790 3866 3827 4072 4023 3762 3945 3881 3808 3532 3582 
4228 4001 3943 3551 4004 4139 3805 3972 3846 4389 3719 3865 3858 4126 3733 3616 3951 4081 4364 4020 3611 4098 4066 3793 4262 4252 4002 3982 4193 3789 3733 3743 
4239 4065 4023 3676 4258 4324 3898 4114 3992 4308 4135 3792 4128 4123 4021 4048 4151 4052 4612 4595 3861 4065 4321 3937 4373 4171 3991 4374 4222 3881 3752 3814 
4009 3766 3582 3238 3761 3754 3563 3547 3558 3814 3566 3567 3438 3455 3530 3503 3738 3819 3954 4148 3331 3812 3956 3679 3802 3931 3759 3808 3955 3623 3500 3327 
4219 4183 3939 3799 4281 4183 3898 4345 4130 4377 4112 4068 3857 4099 3858 3882 4170 4130 4459 4329 3765 4327 4147 4113 4156 4266 4184 4194 4147 4090 3842 3981 
4245 3807 3686 3637 4168 4157 4081 3998 3935 4320 3924 3837 3722 3668 3751 3904 3893 3894 4253 4321 3315 4008 4105 3825 3935 4125 3768 4091 4253 4044 3520 3716 
4019 4009 3758 3609 4099 4081 3936 4093 3761 4189 3787 3775 3740 4028 3883 3516 3780 4036 4478 4044 3371 4080 4058 3785 4072 4049 3889 4039 4069 3939 3679 3504 
4289 4143 4023 3646 4290 4326 3705 4314 3974 4340 4068 3722 3906 3780 3739 3921 3733 4032 4569 4343 3559 4072 4223 4126 4322 4378 4008 3921 4178 3936 3699 3857 
