2316 2517 2363 2387 2557 2418 2749 2734 2373 2719 2598 2412 2546 2584 2219 2416 2355 2791 2886 2854 2252 2629 2535 2351 2507 2632 2653 2763 2633 2342 2349 2270 
2485 2588 2391 2518 2822 2653 2790 2744 2524 2908 2417 2478 2573 2645 2394 2763 2604 2875 2919 2689 2228 2772 2636 2606 2603 2697 2597 2899 2675 2354 2207 2427 
2500 2702 2499 2509 2870 2848 2765 2898 2484 2936 2503 2549 2706 2782 2452 2907 2514 2935 3019 2918 2335 2988 2919 2853 2920 2988 2680 3022 2652 2510 2442 2277 
2298 2521 2251 2249 2412 2490 2491 2371 2254 2464 2365 2216 2452 2423 2476 2493 2351 2617 2771 2730 2304 2584 2495 2638 2285 2467 2323 2599 2468 2300 2132 2364 
2319 2373 2155 2150 2309 2426 2488 2399 2404 2483 2183 2444 2442 2474 2160 2304 2270 2329 2567 2552 2079 2482 2127 2455 2476 2436 2277 2578 2360 2077 2125 2038 
2646 2753 2641 2575 3036 2995 3074 3103 2650 3050 2749 2914 2964 3055 2614 2853 2919 3058 3191 2917 2657 2863 2975 2839 2878 3151 2833 3146 2900 2579 2750 2559 
2318 2612 2333 2621 2637 2618 2687 2744 2487 2873 2550 2587 2611 2692 2454 2617 2459 2740 3063 2966 2436 2734 2717 2577 2592 2676 2567 2848 2643 2472 2217 2499 
2295 2823 2578 2510 2708 2798 2682 3036 2716 2868 2580 2641 2939 3022 2546 3087 2775 2627 3199 2905 2621 2941 3046 3169 2894 3009 2785 3015 2787 2534 2524 2673 
2506 2514 2347 2204 2478 2784 2631 2680 2360 2690 2263 2665 2632 2676 2451 2562 2361 2500 2742 2791 2333 2710 2568 2508 2621 2676 2440 2837 2621 2334 2186 2461 
2200 2234 2148 2112 2482 2299 2311 2257 2264 2381 2367 2283 2342 2476 2235 2384 2208 2426 2398 2386 2068 2386 2298 2307 2155 2427 2255 2554 2339 2143 2173 2054 
2499 2632 2573 2509 2789 2635 2735 2643 2501 2845 2570 2633 2707 2567 2447 2761 2560 2799 3026 3013 2332 2698 2639 2466 2636 2701 2547 2859 2717 2525 2457 2448 
2562 2692 2455 2380 2815 2504 2686 2796 2574 2760 2569 2644 2692 2647 2483 2594 2609 2645 2908 2972 2115 2815 2713 2383 2794 2875 2532 2882 2642 2529 2284 2401 
2637 2669 2527 2666 2853 2786 2736 2913 2515 2786 2616 2674 2761 2835 2440 2662 2529 2851 2960 2690 2499 2717 2747 2724 2845 2694 2572 3041 2625 2743 2420 2574 
2333 2608 2471 2410 2693 2586 2556 2730 2696 2707 2314 2508 2696 2493 2324 2667 2459 2492 2924 2836 2195 2720 2662 2406 2529 2707 2497 2935 2562 2354 2420 2141 
2413 2422 2225 2303 2748 2486 2394 2646 2295 2586 2337 2411 2651 2466 2326 2602 2372 2613 2726 2621 2180 2603 2458 2545 2549 2404 2233 2879 2612 2267 2178 2173 
2335 2605 2210 2299 2576 2563 2527 2607 2225 2583 2339 2421 2594 2799 2379 2519 2412 2637 2716 2613 2123 2729 2705 2446 2516 2813 2479 2778 2410 2188 2281 2152 
2466 2679 2426 2745 2866 2956 2859 2797 2889 2829 2682 2713 2731 2710 2688 2825 2510 2835 3121 3148 2608 2826 2906 2761 2884 2995 2607 2835 2869 2393 2433 2536 
2332 2467 2164 2209 2469 2395 2399 2455 2314 2515 2241 2270 2537 2399 2187 2603 2484 2436 2646 2483 2020 2577 2577 2321 2417 2635 2348 2716 2396 2324 2248 2165 
2221 2447 2273 2405 2729 2587 2552 2552 2275 2585 2244 2410 2529 2253 2170 2386 2267 2612 2886 2582 2280 2509 2594 2438 2412 2641 2423 2824 2607 2213 2011 2320 
2529 2587 2296 2318 2879 2822 2569 2604 2506 2864 2490 2707 2600 2678 2427 2551 2413 2759 2995 2883 2390 2686 2702 2742 2769 2668 2422 2703 2435 2545 2284 2552 
2509 2558 2571 2572 2823 2828 2606 2518 2462 2687 2478 2681 2660 2747 2475 2543 2456 2851 2774 2763 2250 2755 2632 2391 2515 2749 2404 2943 2492 2312 2388 2404 
2277 2437 2250 2489 2690 2691 2646 2431 2499 2812 2436 2475 2696 2633 2316 2479 2669 2706 2894 2633 2339 2645 2494 2593 2760 2808 2423 2871 2519 2246 2267 2381 
2587 2862 2359 2582 2847 2715 2717 2949 2529 2815 2369 2716 2762 2883 2611 2763 2728 2741 2983 2896 2455 2875 2800 2870 2774 2976 2729 3094 2828 2778 2531 2557 
2439 2587 2496 2281 2739 2545 2688 2727 2430 2668 2454 2597 2510 2827 2332 2737 2494 2786 3026 2863 2180 2942 2610 2552 2521 2731 2504 2913 2556 2553 2368 2250 
2156 2524 2142 2269 2494 2618 2440 2499 2322 2535 2361 2446 2571 2543 2211 2572 2233 2338 2823 2668 2232 2487 2485 2535 2667 2554 2200 2629 2383 2325 2225 2333 
2588 2570 2457 2466 2808 2749 2684 2816 2512 3039 2388 2719 2772 2987 2510 2590 2674 2871 3080 2881 2567 2900 2749 2633 2818 2883 2609 2805 2674 2491 2492 2463 
2566 2571 2486 2573 2877 2847 2732 2711 2530 2942 2701 2639 2864 2848 2600 2946 2602 2766 3068 3161 2579 2789 2917 2644 2812 2811 2555 2974 2590 2441 2500 2532 
2211 2266 2094 2066 2293 2153 2285 2266 2013 2396 2035 2245 2178 2294 2181 2258 2194 2420 2512 2603 1996 2230 2420 2200 2276 2362 2179 2403 2312 2143 1996 1927 
2473 2831 2506 2610 2850 2796 2597 3000 2622 2972 2696 2808 2713 2927 2465 2757 2760 2803 3028 2961 2536 2931 2784 2838 2712 2816 2713 2896 2669 2679 2507 2711 
2663 2617 2435 2541 2881 2720 2848 2768 2619 2957 2625 2680 2746 2717 2524 2836 2555 2702 2997 2935 2199 2807 2834 2742 2598 2851 2419 2917 2780 2579 2304 2407 
2483 2656 2311 2431 2713 2739 2746 2784 2412 2793 2453 2505 2641 2843 2434 2517 2458 2737 2965 2677 2162 2816 2742 2540 2545 2817 2515 2748 2493 2481 2390 2203 
2533 2628 2533 2398 2831 2692 2617 2937 2463 2858 2502 2536 2665 2581 2358 2727 2326 2757 3022 2898 2239 2712 2694 2640 2730 2874 2500 2709 2532 2519 2394 2502 
