2593 2537 2641 2412 2440 2546 2253 2369 2864 2530 2557 2598 2658 2533 2532 2534 2455 2517 2309 2602 2567 2560 2355 2724 2313 2550 2450 2741 2775 2630 2465 2509 
3064 2932 2832 2708 2683 2827 2425 2633 3049 2819 2762 2881 2826 2699 2714 2790 2801 2799 2761 2747 2665 2925 2600 2890 2639 2670 2719 2848 2800 2821 2747 2740 
2802 2693 2580 2642 2561 2644 2287 2645 2953 2626 2724 2908 2743 2740 2771 2780 2679 2760 2652 2634 2533 2557 2563 2925 2453 2729 2645 2741 2755 2729 2698 2696 
2392 2227 2409 2290 1927 2148 1982 2202 2503 2264 2366 2371 2447 2083 2363 2468 2462 2340 2455 2249 2102 2309 2040 2460 2010 2228 2185 2367 2447 2377 2348 2299 
2743 2529 2520 2357 2323 2579 2150 2452 2814 2607 2565 2672 2761 2523 2482 2528 2582 2566 2528 2438 2396 2234 2349 2688 2481 2569 2443 2773 2706 2585 2429 2580 
2913 2888 2913 2537 2671 2858 2387 2687 3253 2766 2802 2746 2802 2788 2610 2680 2795 2651 2682 2772 2762 2633 2540 2960 2605 2852 2759 2802 2881 2677 2750 2701 
2914 2613 2878 2578 2513 2562 2272 2672 3106 2648 2730 2769 2823 2516 2709 2564 2719 2753 2596 2519 2647 2748 2414 2643 2535 2653 2536 2878 2828 2821 2450 2694 
3106 2797 2951 2840 2664 2964 2470 2727 3171 2801 2727 2852 2823 2602 2820 2599 2953 2685 2849 2800 2789 2712 2479 3000 2679 2728 2908 2879 2788 2853 2693 2753 
2692 2596 2615 2474 2343 2781 2135 2578 2899 2559 2515 2538 2847 2454 2549 2592 2563 2559 2708 2500 2464 2503 2262 2719 2319 2461 2612 2810 2670 2717 2373 2563 
2425 2276 2075 2253 2203 2244 2028 2243 2515 2290 2177 2346 2258 2155 2371 2155 2266 2207 2474 2352 2212 2248 2123 2155 2091 2242 2213 2390 2386 2413 2263 2161 
2725 2679 2689 2754 2629 2771 2385 2617 3060 2880 2668 2909 2680 2864 2924 2761 2853 2855 2729 2827 2469 2693 2353 2689 2504 2766 2733 2898 2884 2857 2786 2673 
2723 2796 2648 2569 2460 2637 2352 2639 2979 2704 2459 2750 2843 2755 2558 2868 2567 2539 2938 2511 2637 2504 2528 2874 2594 2773 2703 2672 2713 2722 2644 2558 
2893 2571 2868 2858 2595 2645 2309 2523 3261 2679 2716 2714 2671 2610 2789 2513 2630 2688 2820 2807 2678 2595 2465 2921 2489 2705 2638 2899 2852 2844 2706 2667 
2647 2647 2728 2449 2506 2733 2201 2435 2921 2500 2431 2697 2566 2714 2594 2449 2560 2479 2536 2334 2454 2403 2299 2690 2227 2447 2696 2397 2495 2617 2517 2396 
2472 2452 2455 2367 2340 2423 2112 2334 2886 2285 2254 2559 2375 2301 2496 2376 2448 2610 2435 2544 2573 2221 2291 2494 2144 2642 2425 2443 2495 2609 2313 2274 
2822 2591 2642 2487 2270 2510 2227 2553 2804 2531 2495 2622 2638 2503 2403 2721 2487 2639 2666 2379 2488 2344 2437 2692 2280 2586 2576 2527 2658 2660 2472 2375 
3128 2856 2800 2671 2535 2986 2428 2673 3180 2817 2739 2934 2804 2811 2914 2788 2787 2739 2964 2748 2751 2771 2520 2890 2438 2887 2774 2958 3067 2995 2738 2723 
2301 2461 2582 2343 2351 2275 2236 2121 2641 2451 2427 2300 2408 2361 2513 2335 2283 2171 2234 2361 2362 2473 2286 2228 2124 2374 2299 2380 2336 2610 2333 2266 
2470 2365 2528 2386 2355 2613 2163 2299 2928 2330 2439 2460 2504 2452 2507 2460 2501 2435 2558 2401 2408 2378 2238 2635 2264 2612 2384 2414 2594 2462 2231 2442 
2762 2499 2515 2439 2210 2558 2103 2472 2758 2720 2460 2633 2577 2599 2586 2499 2500 2587 2634 2566 2383 2504 2296 2609 2258 2585 2616 2541 2663 2673 2610 2487 
2652 2447 2437 2559 2342 2554 2219 2236 2834 2654 2554 2390 2662 2374 2591 2579 2539 2514 2590 2454 2350 2362 2402 2600 2421 2536 2349 2489 2670 2466 2430 2335 
2718 2416 2468 2386 2224 2637 2043 2233 2905 2582 2618 2558 2697 2387 2487 2425 2598 2557 2485 2595 2388 2426 2325 2567 2402 2572 2338 2556 2801 2802 2516 2358 
2907 2670 2768 2665 2600 2717 2356 2648 3030 2740 2719 2777 2812 2515 2778 2651 2995 2540 2709 2589 2604 2861 2433 2817 2562 2730 2866 2817 2801 2967 2650 2763 
2577 2512 2479 2529 2272 2524 2187 2410 2712 2582 2428 2508 2552 2440 2559 2573 2583 2446 2477 2479 2498 2305 2367 2853 2266 2611 2484 2616 2539 2431 2412 2318 
2863 2741 2595 2466 2369 2593 2320 2474 2862 2470 2576 2717 2776 2386 2624 2647 2645 2540 2625 2441 2466 2328 2433 2717 2259 2680 2543 2673 2623 2738 2404 2589 
2794 2671 2617 2679 2403 2682 2430 2632 2996 2709 2625 2867 2727 2542 2696 2785 2787 2637 2677 2540 2546 2527 2483 2745 2531 2860 2733 2688 2785 2679 2759 2624 
3077 2878 2852 2717 2765 2819 2454 2673 3173 2894 2721 2772 2852 2842 2869 2883 2677 2726 2857 2877 2754 2657 2631 2890 2662 2805 2784 2856 2907 2811 2678 2821 
2505 2380 2403 2171 2250 2405 2224 2394 2561 2457 2462 2605 2548 2384 2547 2434 2359 2363 2443 2295 2161 2352 2266 2559 2362 2496 2280 2456 2502 2464 2374 2384 
2887 2657 2675 2603 2435 2467 2251 2664 2984 2445 2648 2785 2617 2539 2689 2774 2675 2612 2791 2665 2495 2572 2303 2605 2434 2773 2565 2795 2699 2855 2677 2593 
2646 2689 2487 2538 2527 2391 2229 2535 2954 2608 2559 2550 2474 2473 2695 2539 2548 2527 2594 2597 2536 2301 2471 2727 2338 2584 2534 2755 2600 2703 2402 2406 
2526 2418 2528 2357 2418 2560 2102 2536 2795 2528 2695 2626 2433 2512 2517 2568 2614 2567 2531 2428 2401 2460 2263 2596 2258 2419 2373 2600 2538 2725 2486 2480 
2773 2698 2729 2504 2509 2689 2461 2472 2876 2609 2685 2692 2689 2689 2737 2587 2686 2750 2493 2514 2535 2564 2383 2677 2300 2704 2516 2590 2674 2799 2602 2516 
