1956 1951 2066 1948 1765 1919 1815 1952 2222 1800 1869 1785 2087 1975 1872 1859 1865 1804 1721 2034 1926 1983 1710 2262 1630 1933 1905 2032 2049 2000 1900 1932 
2148 2035 2023 2131 1871 1837 1814 2114 2248 1956 1892 1944 1994 1947 1832 1831 2009 1956 1918 2053 1864 2188 1752 2192 1941 1830 2025 1980 1999 2037 2020 2091 
2093 2089 2022 2243 1988 1988 1894 2129 2322 1952 2077 2027 2142 2170 2032 1980 2073 2070 2073 2137 1942 2058 1927 2437 1922 2092 2103 2076 2113 2169 2188 2074 
1828 1639 1819 1902 1417 1610 1567 1666 1907 1645 1753 1609 1823 1517 1724 1698 1797 1733 1776 1714 1552 1796 1457 2041 1398 1601 1646 1793 1756 1806 1820 1661 
1927 1799 1867 1770 1569 1794 1596 1821 2046 1835 1760 1729 1985 1751 1646 1614 1781 1796 1667 1735 1683 1644 1582 2040 1728 1761 1740 1894 1841 1797 1733 1819 
2388 2321 2439 2178 2152 2288 1965 2317 2727 2280 2271 2158 2308 2296 2088 2040 2242 2131 2078 2268 2194 2125 2022 2542 2051 2248 2309 2258 2372 2228 2275 2217 
2318 1927 2232 2072 1905 1861 1811 2156 2393 1959 2046 1945 2137 1887 2052 1845 2057 2053 1942 1963 2010 2153 1754 2135 1911 1937 1944 2221 2187 2163 1907 2139 
2513 2230 2352 2331 2044 2279 2008 2235 2478 2148 2180 2071 2209 2074 2136 1964 2334 2105 2162 2212 2178 2159 1869 2562 2084 2067 2286 2166 2138 2156 2145 2254 
1988 1911 1995 1959 1717 2026 1767 2092 2243 1971 1876 1731 2145 1889 1833 1780 1953 1947 1961 1942 1849 1981 1611 2138 1753 1743 2071 2081 2000 2106 1826 2034 
1869 1738 1624 1833 1638 1657 1583 1757 1879 1755 1730 1686 1730 1665 1730 1524 1716 1716 1846 1824 1656 1758 1524 1750 1600 1621 1761 1821 1764 1817 1777 1639 
1979 1930 1901 2137 1872 1965 1789 2059 2319 2076 1866 1942 1910 2135 2071 1834 2020 2137 1933 2147 1822 1978 1578 2160 1790 1916 2022 2082 2082 2053 2095 1944 
1958 2080 1941 1907 1731 1821 1746 2016 2222 1993 1767 1864 2057 2043 1760 1971 1849 1826 2061 1872 1901 1911 1699 2239 1839 1898 2011 1853 1918 1974 1991 1889 
2252 1989 2232 2275 1957 1929 1696 2078 2519 1930 2049 1913 2097 1938 2045 1850 1981 2032 2128 2204 2046 1997 1758 2378 1847 1996 1979 2156 2112 2129 2079 2014 
1969 1990 2125 1989 1966 1975 1754 1996 2295 1902 1803 1894 1889 2118 1907 1754 1906 1876 1829 1861 1891 1900 1643 2238 1722 1784 2113 1723 1858 1926 1951 1853 
1802 1751 1883 1878 1748 1665 1622 1820 2164 1596 1621 1774 1744 1683 1754 1559 1768 1839 1710 1877 1881 1539 1548 1966 1483 1806 1850 1715 1783 1944 1737 1623 
2133 1958 2052 2008 1752 1892 1789 2083 2251 1880 1876 1827 2012 1959 1751 1947 1916 1997 1974 1909 1834 1838 1808 2219 1704 1946 2062 1951 2082 2083 1931 1806 
2385 2167 2182 2170 1944 2253 1933 2087 2468 2084 2106 2093 2091 2176 2138 1999 2056 2009 2177 2132 2070 2183 1807 2413 1802 2128 2149 2230 2349 2264 2121 2074 
1669 1725 1861 1832 1619 1544 1619 1644 1936 1632 1713 1506 1800 1717 1776 1585 1621 1512 1577 1733 1702 1765 1596 1714 1420 1689 1709 1669 1698 1912 1726 1638 
1857 1692 1926 1956 1884 1942 1740 1855 2261 1719 1811 1729 1950 1834 1851 1694 1904 1774 1915 1898 1811 1825 1600 2128 1693 1909 1873 1793 1983 1900 1757 1868 
1953 1816 1920 1875 1554 1776 1584 2038 2016 2018 1819 1771 1993 1981 1834 1764 1848 1885 1911 1959 1659 1941 1583 2110 1646 1815 2051 1840 1989 1956 1965 1916 
1986 1817 1890 2078 1684 1956 1738 1765 2264 2002 1907 1650 2028 1817 1929 1818 1942 1913 1961 1910 1773 1865 1783 2110 1859 1904 1878 1862 2058 1810 1923 1823 
2055 1700 1863 1880 1604 1834 1581 1766 2216 1885 1901 1819 2093 1759 1728 1717 1907 1849 1861 1982 1837 1870 1591 2115 1732 1807 1723 1743 2118 2073 1950 1791 
2234 2177 2246 2149 1956 2042 1871 2165 2407 2025 2078 1900 2214 1918 2130 1894 2261 1900 2069 1941 1959 2227 1807 2372 1939 2033 2167 2096 2086 2281 2057 2131 
2039 1967 1918 2084 1766 1907 1782 1950 2094 1932 1947 1830 2005 1999 1959 2004 2041 1839 1866 1960 1886 1842 1744 2418 1704 2007 1948 1964 1936 1877 1976 1840 
2054 1974 1911 1954 1685 1772 1780 1897 2157 1766 1788 1752 1963 1745 1822 1714 1922 1799 1818 1836 1715 1675 1663 2105 1609 1916 1892 1928 1877 2054 1757 1877 
2127 2028 2043 2159 1868 2019 1938 2116 2393 2153 2064 2054 2100 2044 2042 1988 2196 2065 2039 2019 1850 1969 1863 2306 2030 2108 2175 2096 2185 2101 2122 2020 
2346 2183 2169 2227 2162 2060 1898 2212 2444 2175 2021 1951 2238 2289 2140 2101 2032 1998 2136 2184 2050 2054 1926 2363 2025 2038 2205 2151 2272 2209 2086 2177 
1720 1633 1692 1657 1519 1633 1561 1767 1830 1710 1682 1719 1739 1675 1747 1542 1518 1594 1633 1662 1455 1681 1449 1986 1580 1619 1585 1665 1721 1734 1650 1626 
2103 1961 2116 2076 1762 1714 1716 2080 2219 1816 1928 1883 1947 1860 1870 1922 2009 1931 2013 2008 1829 2008 1588 2016 1770 1958 1956 2032 1918 2188 1988 1890 
2062 2179 2053 2106 1928 1871 1812 2045 2327 2004 2056 1822 1978 1980 2033 1807 1994 2013 1986 2038 1993 1870 1859 2216 1815 1939 2123 2130 2004 2117 1939 1899 
1874 1778 1973 1900 1852 1930 1658 2036 2208 1899 2016 1780 1866 1916 1801 1718 1927 1964 1881 1883 1824 1961 1657 2186 1711 1735 1833 1948 1953 2066 1960 1852 
2082 1971 2119 2083 1937 1992 1923 2048 2228 1964 2061 1963 2091 2115 2098 1908 2124 2106 1879 1984 1969 1974 1760 2181 1769 1979 2075 2028 2091 2219 2028 2019 
