5086 5418 5525 4950 5289 5417 5270 5083 5776 4972 5168 5228 4919 5437 5400 5464 4803 5020 4706 5203 5150 5196 4700 5338 4980 5231 5267 5672 5269 4990 5416 4983 
5458 5654 5448 5355 5445 5566 5311 5338 5805 5079 5243 5443 5116 5357 5448 5611 5136 5082 4902 5246 5273 5327 4877 5558 5146 5373 5335 5664 5249 5379 5389 5191 
5296 5578 5644 5371 5347 5556 5234 5352 5656 4936 5234 5546 5244 5639 5675 5673 5196 5203 5014 5193 5034 5006 5092 5707 5144 5580 5360 5670 5291 5255 5501 5196 
4815 4698 5236 4949 4816 4994 4655 4769 5109 4265 4699 4821 4760 4676 4752 5223 4896 4632 4741 4511 4629 4726 4349 4915 4368 4776 4601 4918 4610 4809 5071 4747 
4631 4949 5179 4579 4867 4930 4481 4769 5060 4755 4867 4946 4653 5017 4895 5074 4741 4872 4643 4626 4805 4441 4419 4812 4973 5011 4845 5191 5014 4696 4751 4630 
5225 5526 5504 4799 5305 5378 4984 5163 5773 4979 5157 5069 4924 5256 5186 5371 5298 5101 4962 5194 5170 5000 4903 5483 5074 5256 5285 5370 5178 4916 5483 5171 
5164 5111 5352 4960 5157 5370 4937 5060 5753 4770 4905 5074 5063 5034 5280 5148 5009 4947 4992 5010 5283 5106 4658 5062 4980 5020 5135 5539 5075 5285 5007 5044 
5300 5455 5703 5310 5553 5647 5057 5350 5741 4948 5098 5368 5025 5349 5606 5347 5491 5159 5225 5157 5237 5204 4826 5399 5262 5275 5422 5491 5163 5270 5261 5216 
5260 5424 5798 5138 5356 5638 4955 5249 5646 4920 5083 5133 5320 5185 5471 5518 5235 5173 5209 5328 5354 5255 4805 5494 5004 5216 5516 5785 5250 5476 5327 5156 
4652 4994 4478 4540 4671 4770 4534 4672 5065 4358 4322 4588 4276 4586 4923 4695 4556 4362 4710 4648 4620 4492 4188 4510 4454 4604 4582 4769 4704 4706 4729 4291 
5026 5359 5394 5303 5546 5554 5334 5183 5906 5116 5066 5428 4884 5525 5660 5462 5420 5119 5098 5435 5093 5167 4637 5300 5020 5404 5365 5563 5420 5274 5470 5134 
5459 5815 5799 5361 5596 5603 5525 5652 5844 5260 5235 5508 5549 5942 5532 5894 5190 5197 5316 5526 5473 5215 5104 5813 5611 5630 5610 5952 5434 5573 5655 5350 
5209 4868 5613 5317 5247 5050 4805 5087 5857 4818 4996 5041 4842 5165 5195 4974 4843 4935 5074 5005 4909 4869 4615 5333 4925 5064 5007 5389 4963 5230 5160 5053 
4963 5425 5633 4933 5328 5735 4910 5080 5637 4969 4893 5212 4856 5566 5384 5347 4987 4968 4820 5061 5070 4992 4612 5337 4833 5252 5428 5305 4898 5220 5424 4892 
5102 5359 5497 5167 5233 5425 5033 5308 5666 4740 4770 5283 4804 5317 5361 5292 5031 5315 4780 5314 5263 4850 4797 5192 4947 5553 5199 5468 5048 5265 5252 4935 
5247 5182 5440 5093 5061 5211 5078 5198 5441 4864 4977 5000 4960 5156 5117 5429 4886 5066 4956 4928 5101 4735 4955 5314 4997 5326 5282 5166 5096 4990 5220 4923 
5364 5314 5425 5049 5296 5726 5099 5144 5710 4998 5130 5221 4948 5352 5492 5529 5008 5068 5241 5166 5114 5038 4732 5326 4922 5365 5314 5626 5339 5363 5332 5190 
4947 5443 5728 5041 5291 5266 5376 5229 5769 5181 5087 5101 4964 5384 5514 5362 5057 4904 4871 5063 5005 5104 4913 5175 5069 5314 5262 5464 4950 5421 5321 4873 
4560 4677 5055 4530 4904 4914 4725 4673 5274 4447 4363 4562 4738 4827 4872 4981 4662 4548 4642 4447 4544 4440 4224 4960 4532 5136 4582 4791 4707 4775 4449 4727 
5175 5206 5437 4970 4822 5297 4915 5118 5588 5041 4772 5066 4989 5393 5274 5321 5087 5171 5185 5035 5067 4840 4678 4979 4805 5234 5235 5294 5204 5209 5106 4852 
5352 5440 5324 5247 5050 5441 5243 5035 5673 5115 4968 4972 4938 5252 5503 5314 5125 4986 5021 5109 5032 5000 4870 5350 5114 5394 5207 5490 5319 5126 5525 5038 
4904 4864 5201 4840 4849 5378 4621 4971 5615 4616 4947 5018 4867 5121 5099 5066 5192 4953 4570 4972 4811 4818 4433 5031 4835 5133 4766 5284 5091 5252 4901 4801 
5453 5562 5720 5320 5515 5626 5144 5420 5858 5159 5271 5345 5000 5277 5650 5464 5503 4995 4988 5231 5227 5316 4944 5307 5236 5639 5475 5620 5209 5442 5462 5401 
4753 5103 5294 4929 4789 5098 4804 5094 5184 5083 4742 4844 4848 5049 5080 5243 4949 4659 4742 4863 5011 4714 4674 5314 4722 5358 4980 5214 4905 5030 4905 4884 
5349 5365 5571 5081 5261 5537 5026 5057 5578 4947 5166 5438 5038 5205 5529 5412 5029 5109 5002 4961 5067 4980 4783 5348 4946 5408 5225 5629 5039 5230 5190 5080 
5190 5118 5423 5252 5086 5363 5175 5344 5712 4947 5115 5451 4920 5264 5553 5622 5180 4990 5149 5026 5078 5001 4708 5173 5060 5505 5423 5249 5087 4974 5476 4980 
5403 5542 5623 5348 5686 5632 5313 5225 5845 5356 5103 5226 5151 5500 5693 5637 5027 5144 5112 5240 5319 5135 5098 5521 5249 5512 5470 5749 5320 5296 5479 5399 
4557 4859 4959 4557 4877 4861 4718 4951 5120 4511 4842 4889 4631 5005 4943 4866 4824 4575 4615 4771 4582 4593 4530 4850 4800 4823 4631 5071 4784 4911 4825 4581 
5391 5537 5543 5426 5322 5340 5158 5616 5800 5033 5174 5484 4864 5275 5551 5849 5356 5274 5378 5316 5268 5169 4621 5141 5250 5542 5152 5669 5318 5460 5455 5040 
5062 5464 5396 5368 5580 5253 5335 5363 5815 4914 5140 5055 4960 5286 5494 5465 5076 5120 5099 5107 5298 4854 4784 5432 5067 5286 5238 5623 5262 5364 5286 4976 
5024 5150 5565 4983 5262 5395 4951 5266 5557 4767 5262 5176 4855 5118 5569 5256 5174 5108 4913 4918 4934 5003 4779 5368 4839 5131 5196 5414 5002 5391 5349 5139 
5183 5580 5691 5255 5579 5513 5517 5425 5931 5036 5306 5234 5279 5599 5614 5614 5353 5393 5015 5075 5276 5172 4932 5622 5055 5481 5337 5505 5291 5458 5414 5163 
