660 576 648 420 587 656 699 833 605 670 544 562 624 615 691 717 695 569 627 524 697 748 696 765 548 617 624 612 594 624 523 631 
841 718 756 689 615 729 798 924 769 813 767 707 736 609 721 882 945 821 817 730 811 999 789 891 754 760 722 746 698 830 730 782 
675 655 616 593 584 601 646 813 663 698 679 605 670 625 614 883 838 672 729 599 677 704 814 870 645 720 679 659 605 701 692 676 
704 534 604 557 461 540 641 727 581 585 607 586 607 479 577 759 744 673 718 563 664 779 663 749 503 568 556 565 567 720 633 619 
563 567 561 408 496 615 573 627 568 659 488 497 580 435 490 596 686 627 638 493 592 664 624 585 577 567 498 614 474 573 456 569 
798 745 862 500 602 843 722 882 790 811 776 708 677 620 650 859 940 750 725 676 790 803 788 955 633 755 722 731 739 716 696 662 
760 618 772 590 568 705 691 900 686 740 707 700 729 545 779 766 809 729 701 618 777 916 773 818 722 645 670 747 671 807 594 774 
860 668 689 579 532 759 621 787 697 795 688 606 632 517 689 769 910 689 808 579 779 769 691 813 619 713 662 591 608 715 652 683 
754 612 666 600 614 744 675 906 688 770 627 652 671 612 659 782 792 754 810 617 763 853 668 796 631 634 687 679 649 779 614 685 
596 573 428 456 474 552 564 683 501 666 524 551 473 428 471 620 584 616 662 481 584 695 609 489 599 534 475 596 500 602 468 545 
741 644 684 604 594 682 752 872 722 780 592 651 600 708 726 748 838 853 718 653 694 796 752 836 623 714 691 736 624 786 677 644 
628 589 462 551 566 634 588 709 592 697 542 541 536 582 507 755 729 614 726 513 604 706 605 718 598 601 567 525 577 544 607 615 
641 542 627 506 482 594 489 729 596 629 574 577 618 433 679 585 696 638 614 558 671 649 617 699 515 491 556 583 554 647 522 544 
786 758 804 684 755 862 817 930 839 793 690 741 690 802 828 806 910 816 766 740 921 854 710 922 689 770 850 670 727 802 732 764 
599 606 583 489 585 612 549 784 667 545 482 559 540 484 602 585 668 603 563 558 741 593 612 727 491 579 630 576 527 688 519 443 
677 578 669 535 503 665 578 869 690 693 649 533 652 595 565 826 849 730 750 624 680 678 727 874 582 714 672 650 639 746 625 582 
853 703 697 605 635 701 754 821 755 805 685 690 612 703 681 818 884 738 733 631 830 812 778 798 597 749 732 728 727 774 663 697 
526 501 502 428 413 467 454 598 512 527 552 455 501 477 494 451 507 509 466 487 637 656 535 437 439 459 532 488 515 605 506 497 
604 548 630 495 576 651 682 706 628 585 567 580 614 589 634 691 713 514 605 507 715 675 690 715 598 600 633 614 539 572 521 674 
722 614 694 609 586 686 627 900 636 779 729 643 747 704 761 816 841 755 753 721 711 829 688 854 602 629 770 618 655 749 720 732 
641 581 539 475 474 630 617 699 599 733 630 561 632 537 622 727 730 677 723 532 598 732 751 670 663 633 557 613 584 634 589 656 
730 584 627 496 500 669 662 864 743 798 700 594 624 574 678 789 837 759 755 688 730 927 660 827 636 629 597 574 716 762 699 583 
674 725 697 587 679 764 691 880 719 697 707 640 777 549 747 773 923 637 806 532 773 827 736 891 666 646 745 636 588 809 670 672 
765 621 593 643 640 693 653 877 652 691 617 674 701 661 665 906 917 700 809 602 752 700 811 931 624 738 715 693 676 699 656 709 
753 685 665 633 565 621 629 782 647 669 601 558 653 537 680 707 818 685 651 582 680 645 710 769 531 687 670 613 589 732 632 657 
724 684 713 555 607 695 658 848 705 788 719 709 708 600 723 821 887 756 783 622 682 837 724 898 688 628 706 667 621 698 624 692 
767 633 596 656 612 678 648 839 648 763 643 623 623 688 722 803 787 712 728 636 691 762 757 800 633 700 697 687 679 719 676 728 
491 480 562 403 441 558 601 613 564 505 443 463 513 472 571 561 657 537 526 396 517 620 583 719 500 500 471 501 480 486 476 484 
619 577 598 494 507 562 661 752 529 660 639 507 629 525 623 714 729 693 689 688 692 723 576 674 505 557 619 539 588 718 622 626 
762 758 765 593 606 721 711 832 788 789 714 739 639 633 721 677 884 804 711 576 760 796 844 789 709 712 737 829 575 809 649 642 
605 624 757 552 667 756 696 894 794 778 771 556 744 650 746 752 986 754 778 624 817 813 778 934 651 627 781 754 708 845 685 706 
683 601 681 618 601 641 688 816 566 615 661 665 664 635 811 688 817 668 654 548 709 775 705 811 558 576 733 670 610 757 672 730 
