1244 1278 1312 1173 1075 1227 1125 1294 1375 1132 1188 1065 1311 1337 1269 1200 1252 978 1125 1293 1408 1262 1153 1506 1071 1296 1319 1265 1207 1253 1175 1207 
1492 1363 1384 1439 1134 1267 1216 1467 1490 1284 1383 1220 1408 1260 1265 1341 1459 1249 1386 1385 1344 1487 1252 1604 1380 1266 1442 1365 1261 1477 1287 1412 
1477 1440 1282 1483 1247 1242 1147 1419 1489 1287 1386 1199 1474 1471 1268 1405 1422 1173 1430 1381 1404 1290 1375 1655 1271 1379 1498 1373 1285 1414 1350 1400 
1278 1106 1179 1254 843 1020 1032 1145 1219 1064 1182 1013 1261 1022 1107 1228 1290 1081 1270 1123 1147 1208 1104 1385 938 1060 1117 1147 1042 1287 1201 1166 
1395 1322 1309 1255 1050 1264 1062 1325 1396 1311 1287 1120 1427 1255 1138 1142 1372 1210 1223 1249 1249 1204 1167 1424 1255 1314 1323 1412 1243 1308 1154 1308 
1548 1513 1593 1389 1182 1451 1209 1522 1651 1428 1520 1313 1432 1436 1342 1456 1498 1185 1421 1504 1533 1332 1282 1682 1252 1471 1545 1500 1428 1378 1379 1321 
1549 1342 1503 1371 1103 1270 1247 1539 1514 1246 1397 1291 1467 1308 1418 1333 1399 1248 1371 1285 1431 1466 1273 1488 1383 1363 1408 1548 1355 1520 1178 1466 
1744 1435 1500 1576 1181 1498 1214 1416 1519 1436 1491 1340 1463 1373 1392 1405 1603 1256 1503 1424 1509 1418 1263 1694 1386 1380 1532 1444 1273 1459 1408 1482 
1364 1264 1391 1346 1105 1417 1168 1467 1484 1370 1354 1159 1482 1330 1277 1288 1455 1258 1477 1344 1404 1389 1117 1515 1222 1289 1419 1462 1319 1510 1250 1375 
1275 1225 1066 1198 1016 1075 997 1257 1148 1215 1176 1056 1215 1147 1105 1070 1143 1045 1266 1227 1191 1242 1118 1213 1155 1123 1273 1256 1148 1230 1158 1158 
1369 1285 1263 1440 1115 1346 1129 1461 1506 1353 1294 1258 1219 1442 1427 1289 1403 1379 1363 1420 1318 1306 1149 1556 1265 1328 1432 1380 1328 1425 1358 1278 
1329 1368 1215 1298 1075 1231 1011 1240 1400 1246 1232 1064 1325 1350 1119 1369 1263 1022 1366 1221 1352 1196 1122 1471 1184 1164 1302 1220 1153 1285 1212 1189 
1387 1307 1406 1463 1109 1216 1008 1345 1559 1187 1341 1163 1412 1252 1339 1191 1334 1173 1365 1442 1405 1233 1108 1525 1150 1195 1404 1403 1264 1353 1268 1275 
1411 1386 1439 1400 1321 1363 1170 1386 1483 1237 1301 1256 1346 1466 1384 1332 1386 1185 1292 1349 1470 1296 1172 1600 1152 1232 1464 1263 1201 1459 1322 1295 
1222 1199 1244 1260 1081 1125 981 1282 1451 1040 1108 1091 1161 1142 1139 1103 1210 1158 1167 1188 1393 985 1065 1372 1050 1208 1321 1176 1128 1320 1084 1070 
1441 1255 1288 1267 976 1145 1012 1374 1376 1168 1232 1062 1273 1261 1133 1353 1318 1135 1415 1232 1305 1131 1187 1482 1090 1286 1417 1229 1224 1371 1167 1127 
1601 1466 1363 1378 1236 1470 1239 1409 1576 1404 1446 1266 1402 1522 1406 1355 1495 1219 1493 1382 1549 1406 1252 1586 1145 1418 1522 1447 1475 1539 1360 1353 
1118 1155 1161 1216 976 994 887 1061 1207 1020 1208 850 1212 1145 1135 1025 1040 835 1016 1099 1237 1156 1044 1120 872 1025 1151 1098 1024 1243 1092 1036 
1198 1103 1263 1259 1051 1260 1095 1248 1459 1053 1207 995 1243 1253 1160 1186 1247 981 1259 1178 1283 1127 1087 1399 1120 1171 1309 1255 1192 1152 1074 1263 
1453 1298 1366 1313 1036 1281 1066 1542 1400 1435 1400 1182 1489 1465 1375 1358 1384 1245 1388 1433 1313 1328 1149 1543 1228 1245 1558 1377 1394 1437 1362 1390 
1323 1254 1220 1413 1008 1297 1128 1248 1483 1315 1381 984 1411 1238 1292 1321 1370 1191 1371 1303 1269 1258 1313 1455 1330 1298 1326 1306 1320 1253 1285 1290 
1438 1258 1342 1302 1043 1252 1123 1394 1587 1277 1356 1137 1494 1301 1204 1264 1447 1279 1411 1459 1398 1361 1167 1566 1245 1227 1410 1270 1396 1477 1326 1310 
1434 1438 1444 1380 1105 1320 1151 1440 1431 1301 1391 1169 1535 1292 1404 1353 1564 1093 1359 1191 1402 1425 1236 1656 1193 1329 1446 1361 1192 1502 1322 1362 
1534 1465 1389 1537 1232 1310 1247 1470 1460 1335 1406 1278 1459 1428 1368 1491 1551 1201 1422 1432 1476 1320 1380 1771 1267 1517 1497 1464 1325 1402 1389 1388 
1458 1373 1293 1356 1013 1157 1091 1328 1407 1182 1255 1142 1316 1192 1223 1188 1366 1153 1280 1233 1293 1088 1148 1412 1088 1272 1338 1310 1153 1353 1134 1312 
1439 1347 1306 1428 1090 1346 1150 1448 1494 1435 1449 1313 1406 1329 1347 1329 1509 1330 1386 1354 1344 1316 1263 1611 1364 1368 1549 1409 1376 1356 1331 1399 
1592 1451 1388 1534 1315 1358 1152 1491 1540 1418 1424 1281 1489 1614 1459 1427 1377 1222 1496 1514 1522 1352 1320 1595 1329 1353 1547 1486 1446 1486 1382 1450 
1162 1134 1152 1073 950 1111 983 1204 1152 1097 1096 1097 1119 1110 1222 1058 1100 938 1152 1066 1063 1058 966 1320 1082 986 1105 1096 1012 1101 1005 1032 
1391 1336 1417 1407 1027 1089 1115 1346 1367 1170 1367 1144 1366 1262 1252 1346 1408 1186 1296 1409 1370 1253 1061 1399 1153 1250 1398 1353 1157 1407 1276 1264 
1452 1531 1426 1431 1210 1353 1201 1391 1578 1409 1423 1287 1328 1412 1445 1294 1416 1256 1404 1328 1473 1316 1359 1515 1293 1385 1508 1471 1303 1486 1284 1258 
1178 1158 1305 1147 1141 1235 1063 1377 1384 1165 1280 996 1275 1237 1154 1165 1355 1104 1281 1202 1281 1165 1117 1470 1141 1055 1323 1256 1168 1375 1124 1158 
1393 1254 1380 1343 1075 1231 1175 1349 1332 1182 1349 1172 1288 1355 1351 1198 1385 1173 1198 1193 1375 1241 1192 1453 1138 1262 1436 1348 1276 1449 1213 1311 
