3830 4124 4064 3742 3984 3976 3759 3617 4557 3841 3931 4015 3773 4200 3997 4096 3619 3811 3379 3974 4108 3970 3555 4090 3806 3835 3922 4383 4254 3926 4109 3770 
4239 4392 4118 4060 4293 4301 3975 3923 4734 4064 4116 4414 3927 4258 4158 4312 3991 4105 3805 4021 4194 4205 3714 4265 3993 4005 4071 4421 4243 4257 4210 4000 
4014 4087 4057 4022 4020 4025 3755 3876 4466 3763 3961 4196 3888 4235 4130 4242 3885 3913 3668 3889 3947 3822 3810 4297 3798 4049 3901 4248 4129 3999 4160 3924 
3437 3368 3595 3542 3320 3547 3296 3313 3890 3213 3338 3612 3430 3354 3432 3819 3556 3375 3445 3193 3375 3493 2953 3562 3055 3377 3057 3649 3689 3515 3649 3320 
3510 3705 3689 3435 3660 3662 3341 3640 4160 3663 3693 3888 3658 3846 3642 3896 3601 3758 3494 3515 3669 3413 3350 3774 3775 3743 3512 4017 3995 3648 3615 3587 
3977 4089 3978 3492 3867 3968 3647 3773 4515 3795 3816 3809 3697 3952 3684 3978 3770 3742 3618 3879 3951 3785 3538 4147 3729 3854 3817 3986 4032 3702 4052 3725 
4085 3972 4180 3871 4034 4096 3812 3949 4673 3902 3948 4123 4028 3977 4082 4080 3899 4058 3854 3766 4150 4004 3626 3911 3859 3897 3862 4406 4227 4254 3852 4002 
4217 4368 4441 4260 4354 4400 4023 4130 4757 3954 4072 4371 3985 4225 4363 4233 4293 4093 4082 4203 4377 4184 3727 4302 4163 4117 4324 4396 4300 4305 4281 4150 
3905 4046 4119 3694 3904 4131 3491 3805 4524 3863 3760 3950 3946 3818 3981 4062 3887 3914 3789 3883 4086 3868 3509 4130 3586 3733 3993 4413 4157 4055 3903 3788 
3460 3716 3216 3431 3542 3521 3354 3480 3989 3354 3320 3630 3229 3520 3550 3574 3394 3300 3530 3408 3516 3398 3184 3241 3349 3327 3358 3658 3743 3577 3608 3108 
3727 3970 3920 3902 4083 4079 3779 3791 4583 3997 3803 4171 3712 4237 4192 4217 4051 3975 3845 4011 3859 3965 3417 3877 3824 3903 3977 4303 4327 4069 4205 3783 
4140 4298 4092 3935 4134 4177 3970 4091 4686 4082 3885 4308 4191 4534 4060 4459 3860 3891 4074 3994 4151 3877 3802 4313 4152 4075 4091 4539 4297 4277 4213 3948 
3919 3737 4275 4097 3887 3805 3455 3807 4689 3860 3853 4009 3697 4058 3959 3757 3673 3797 3788 3805 3840 3705 3487 4056 3799 3899 3751 4252 3995 4065 3961 3787 
3751 4075 4172 3732 4012 4213 3552 3666 4524 3810 3649 4091 3658 4253 3975 3880 3822 3799 3581 3718 3961 3828 3458 4079 3554 3872 4021 3972 3859 3961 4029 3658 
3613 3877 3771 3664 3777 3803 3575 3712 4409 3473 3515 3932 3455 3933 3750 3835 3647 3911 3430 3814 3965 3562 3445 3697 3517 3855 3699 4040 3948 3927 3790 3438 
4036 4032 4095 3834 3811 3936 3673 3935 4367 3850 3852 3937 3889 4072 3821 4329 3779 3942 3836 3716 4012 3664 3756 4136 3765 4021 3953 4027 4092 3944 3952 3613 
4167 4047 4083 3807 3958 4385 3826 3885 4685 3975 3908 4180 3802 4161 4172 4212 3901 3948 4048 3895 4085 3886 3615 4073 3680 4183 4048 4318 4358 4297 4089 3965 
3628 4155 4219 3755 3890 3802 3846 3692 4436 3864 3804 3843 3634 4025 4072 3932 3662 3635 3460 3684 3855 3911 3689 3772 3693 3921 3762 4068 3828 4149 3969 3557 
3325 3353 3543 3299 3465 3595 3224 3295 3963 3298 3246 3441 3367 3524 3481 3608 3365 3414 3300 3270 3431 3307 3078 3594 3283 3689 3298 3455 3534 3432 3229 3412 
3800 3799 3921 3653 3576 3871 3613 3788 4303 3880 3637 3958 3682 4095 3872 3871 3733 3886 3747 3775 3830 3701 3433 3723 3559 3848 3859 4043 4061 3972 3870 3638 
3837 4011 3789 3795 3711 3977 3733 3560 4369 3914 3770 3699 3783 3891 3986 3966 3748 3727 3609 3692 3812 3725 3614 3887 3806 3896 3685 4055 4163 3819 4010 3660 
3764 3710 3809 3682 3663 4071 3399 3583 4350 3712 3790 4009 3790 3931 3752 3822 3805 3884 3428 3745 3811 3663 3304 3821 3718 3899 3556 4057 4212 4089 3839 3577 
4100 4161 4196 3985 4141 4118 3848 3996 4586 4042 4082 4122 3855 3961 4141 4094 4103 3786 3618 3965 4018 4124 3611 4009 4012 4109 4135 4311 4173 4265 4135 4017 
3638 3855 3865 3716 3670 3818 3582 3667 4105 3958 3698 3859 3651 3916 3808 4007 3710 3696 3457 3779 3877 3594 3623 4175 3706 3994 3728 4051 3912 3831 3728 3659 
4082 4003 3976 3794 3882 4062 3672 3691 4413 3818 3894 4196 3906 3845 3971 4146 3702 3826 3575 3637 3861 3688 3480 4007 3592 4059 3832 4280 3978 3987 3902 3790 
3870 3881 3918 3868 3755 3949 3654 3830 4464 3827 3871 4215 3712 3966 4141 4258 3802 3838 3721 3721 3841 3718 3481 3912 3808 4012 3963 3975 3917 3858 4070 3660 
4227 4329 4234 3994 4254 4204 3987 3881 4659 4218 3943 4092 4018 4171 4273 4322 3788 3874 3842 3993 4181 3919 3884 4269 3933 4229 4120 4404 4336 4177 4135 4135 
3491 3644 3615 3251 3618 3571 3558 3700 4019 3558 3620 3806 3545 3804 3705 3630 3525 3543 3382 3515 3490 3608 3482 3664 3591 3719 3405 3852 3804 3817 3658 3467 
3993 4033 3965 3856 3893 3766 3591 4015 4307 3632 3804 4167 3598 3860 3888 4326 3793 3798 3768 3849 3834 3851 3325 3728 3854 3937 3676 4213 4026 4124 3978 3709 
3649 4003 3785 3846 4117 3778 3684 3867 4529 3722 3793 3849 3530 3916 3952 4023 3687 3816 3673 3704 4012 3532 3568 4081 3657 3931 3742 4176 3918 3937 3811 3531 
3673 3798 4019 3667 3938 3942 3526 3785 4297 3675 3981 4097 3522 3913 4091 3953 3779 3909 3654 3646 3780 3757 3461 3949 3615 3753 3796 4000 3934 4125 4052 3762 
4023 4300 4282 4016 4215 4242 4124 4071 4675 3995 4111 4169 3967 4427 4296 4327 4152 4290 3851 3902 4165 4025 3849 4280 3863 4209 3981 4325 4335 4317 4238 3983 
