4448 4684 4773 4340 4764 4797 4652 4398 5132 4302 4550 4749 4418 4824 4685 4780 4148 4508 4020 4487 4621 4607 4197 4660 4421 4563 4564 5034 4709 4455 4878 4468 
4831 4955 4652 4695 4921 4985 4703 4555 5233 4427 4687 5051 4603 4751 4793 4919 4516 4647 4297 4635 4686 4703 4309 4926 4525 4658 4635 5063 4636 4751 4778 4605 
4551 4789 4741 4689 4778 4742 4624 4556 5019 4298 4602 5002 4628 4912 4927 4869 4470 4588 4298 4511 4497 4411 4396 5044 4477 4759 4537 4983 4629 4568 4866 4613 
4060 3944 4296 4159 4001 4275 4011 3880 4395 3556 3955 4285 4121 3898 4133 4427 4152 4082 3972 3829 4007 4116 3648 4188 3697 3956 3782 4229 4004 4136 4309 4085 
3935 4259 4358 3924 4228 4272 3892 4105 4564 4080 4237 4461 4181 4402 4282 4364 4108 4365 3978 3953 4229 3900 3843 4251 4360 4335 4069 4554 4376 4097 4101 4094 
4609 4776 4704 4204 4605 4790 4423 4434 5177 4290 4491 4596 4375 4582 4507 4659 4526 4447 4250 4481 4604 4398 4208 4883 4437 4599 4578 4715 4592 4300 4799 4469 
4497 4460 4652 4292 4588 4707 4346 4375 5118 4209 4350 4639 4526 4408 4639 4568 4429 4524 4320 4285 4688 4485 4045 4393 4356 4380 4430 4930 4538 4706 4323 4503 
4667 4772 4935 4687 4918 5012 4534 4709 5162 4318 4524 4892 4495 4705 4902 4753 4783 4613 4584 4534 4760 4599 4146 4823 4663 4634 4771 4849 4607 4753 4675 4663 
4620 4726 4951 4421 4774 5012 4389 4514 5109 4348 4481 4717 4789 4507 4822 4776 4553 4652 4467 4662 4786 4610 4233 4903 4300 4516 4764 5220 4612 4776 4599 4554 
4004 4254 3750 3967 4162 4169 3969 4002 4485 3720 3802 4164 3816 3989 4208 4083 3917 3881 4064 4013 4073 3906 3621 3894 3887 3910 3888 4200 4095 4116 4093 3787 
4388 4623 4632 4589 4825 4861 4642 4515 5197 4422 4483 4845 4327 4890 4931 4840 4759 4595 4429 4697 4487 4528 4019 4569 4479 4680 4682 4902 4758 4660 4891 4571 
4745 4975 4858 4591 4872 4973 4832 4815 5257 4551 4559 5003 4976 5207 4803 5174 4462 4673 4623 4673 4773 4524 4447 5032 4920 4863 4790 5178 4783 4837 4962 4664 
4453 4174 4824 4639 4535 4466 4116 4352 5162 4172 4350 4560 4297 4561 4532 4287 4179 4357 4320 4326 4325 4185 4002 4605 4313 4376 4283 4755 4307 4617 4480 4441 
4263 4633 4780 4319 4717 5014 4258 4297 5043 4278 4211 4694 4283 4898 4668 4556 4351 4443 4122 4291 4509 4430 4017 4662 4170 4516 4613 4598 4254 4529 4703 4288 
4393 4574 4584 4410 4590 4708 4438 4481 5065 3973 4161 4740 4257 4659 4629 4559 4354 4666 4080 4578 4652 4232 4142 4515 4215 4705 4389 4785 4387 4602 4541 4263 
4662 4647 4859 4518 4526 4679 4557 4630 4923 4281 4564 4614 4540 4678 4531 4927 4371 4635 4425 4342 4600 4284 4407 4765 4438 4736 4656 4615 4535 4538 4700 4392 
4705 4635 4661 4369 4602 5091 4515 4506 5186 4364 4448 4781 4450 4716 4851 4837 4386 4583 4523 4455 4548 4444 4084 4687 4266 4761 4576 4926 4741 4786 4737 4591 
4167 4685 4860 4304 4613 4529 4638 4401 4998 4368 4372 4547 4372 4667 4718 4572 4258 4283 4010 4238 4416 4455 4315 4430 4371 4598 4466 4717 4242 4767 4591 4287 
3892 4024 4325 3913 4289 4395 4141 4044 4618 3843 3877 4156 4178 4220 4251 4305 4012 4064 3965 3902 4009 3922 3710 4322 3954 4401 3984 4206 4056 4130 3903 4145 
4354 4321 4478 4140 4113 4534 4195 4302 4802 4209 4075 4516 4269 4586 4436 4462 4296 4471 4283 4265 4378 4128 3982 4233 4049 4436 4385 4557 4481 4469 4354 4206 
4496 4647 4480 4517 4400 4766 4503 4233 4967 4352 4328 4468 4323 4586 4763 4550 4359 4394 4208 4328 4388 4321 4277 4576 4434 4625 4342 4756 4595 4420 4740 4358 
4322 4138 4380 4191 4224 4739 3965 4178 4951 3966 4299 4501 4291 4387 4369 4358 4348 4454 3880 4236 4226 4096 3773 4375 4198 4425 4059 4574 4497 4598 4266 4191 
4773 4830 4907 4631 4889 4924 4563 4633 5170 4464 4655 4871 4446 4603 4913 4749 4768 4514 4262 4518 4628 4673 4267 4642 4601 4816 4754 4955 4616 4809 4811 4745 
4140 4307 4336 4252 4183 4445 4194 4210 4502 4329 4170 4342 4212 4346 4337 4554 4170 4200 4008 4195 4395 4076 4135 4669 4164 4542 4250 4557 4220 4342 4211 4262 
4701 4659 4808 4473 4665 4903 4459 4380 5024 4326 4538 4962 4520 4554 4813 4801 4430 4602 4325 4248 4482 4337 4146 4762 4327 4779 4524 4947 4470 4715 4635 4535 
4544 4466 4631 4529 4491 4696 4517 4563 5051 4287 4511 4939 4377 4557 4832 4943 4441 4533 4361 4287 4414 4293 4156 4588 4426 4804 4641 4616 4404 4398 4830 4406 
4796 4938 4893 4644 5036 5034 4737 4508 5268 4701 4497 4769 4674 4840 5088 4952 4329 4602 4438 4627 4798 4583 4470 4955 4612 4907 4775 5100 4783 4783 4844 4851 
4003 4142 4202 3893 4273 4251 4207 4321 4562 3875 4251 4444 4132 4324 4321 4226 4133 4112 3946 4058 3997 4118 3982 4264 4222 4206 3972 4460 4207 4364 4251 4054 
4580 4634 4600 4526 4582 4550 4347 4681 4941 4126 4423 4854 4200 4515 4621 5016 4473 4539 4475 4406 4481 4358 3946 4368 4444 4675 4304 4893 4501 4725 4655 4392 
4297 4658 4528 4571 4889 4588 4629 4589 5161 4208 4472 4596 4264 4619 4742 4693 4270 4621 4315 4320 4638 4224 4261 4753 4408 4563 4465 4908 4500 4579 4585 4338 
4261 4346 4693 4302 4613 4625 4262 4441 4826 4096 4646 4636 4180 4425 4742 4538 4387 4530 4186 4132 4381 4337 4017 4584 4176 4340 4398 4628 4346 4681 4580 4437 
4579 4827 4895 4615 4944 4902 4897 4730 5238 4335 4725 4802 4666 4990 4951 4937 4712 4929 4333 4493 4730 4598 4434 4924 4512 4788 4641 4919 4704 4839 4797 4677 
