3247 3419 3408 3019 3205 3253 3060 3059 3796 3203 3301 3267 3173 3351 3308 3298 3169 3175 2866 3245 3403 3300 3014 3377 3169 3222 3290 3542 3588 3234 3292 3173 
3684 3703 3412 3232 3434 3402 3158 3279 3746 3398 3437 3534 3270 3316 3343 3468 3447 3403 3229 3302 3417 3518 3171 3454 3291 3235 3378 3482 3502 3403 3389 3280 
3350 3327 3181 3153 3149 3274 3026 3260 3612 3097 3327 3407 3245 3356 3344 3339 3300 3238 3047 3086 3200 3202 3129 3540 3053 3294 3242 3376 3406 3235 3279 3222 
2942 2785 2898 2836 2563 2711 2652 2765 3024 2645 2807 2836 2841 2603 2768 3040 3031 2794 2924 2652 2630 2871 2516 2937 2510 2714 2581 2860 3015 2905 2971 2714 
3164 3190 3115 2808 2998 3015 2737 3076 3483 3158 3159 3272 3184 3134 3074 3241 3168 3187 3039 2977 3028 2896 2891 3232 3219 3134 3039 3403 3417 3084 2993 3107 
3566 3654 3523 3035 3357 3452 3122 3345 3953 3331 3363 3259 3265 3365 3158 3334 3393 3267 3188 3342 3410 3260 3105 3630 3285 3407 3313 3435 3540 3196 3459 3287 
3599 3361 3570 3179 3343 3287 3064 3334 3803 3311 3388 3350 3396 3142 3320 3305 3412 3411 3279 3130 3420 3370 3069 3281 3266 3267 3209 3653 3625 3479 3152 3295 
3575 3609 3679 3384 3395 3500 3179 3399 3941 3307 3385 3521 3312 3293 3467 3278 3703 3297 3419 3386 3485 3418 3066 3564 3371 3307 3581 3576 3561 3424 3349 3340 
3361 3441 3414 3064 3157 3413 2924 3286 3666 3196 3239 3162 3384 3114 3288 3329 3410 3281 3262 3172 3362 3249 2962 3401 3053 3144 3393 3600 3519 3371 3186 3214 
3069 3184 2741 2925 2993 2945 2861 3006 3359 2930 2912 3113 2732 2929 3017 2970 2979 2852 3070 2946 2988 2969 2770 2693 2820 2879 2920 3130 3262 3091 3086 2720 
3299 3444 3408 3379 3436 3396 3167 3331 3906 3452 3345 3527 3151 3575 3610 3554 3607 3503 3389 3369 3253 3442 2984 3308 3322 3371 3436 3654 3726 3497 3638 3217 
3503 3552 3354 3079 3251 3316 3133 3396 3668 3336 3189 3387 3480 3527 3219 3633 3301 3146 3461 3189 3375 3214 3216 3509 3401 3353 3337 3523 3520 3402 3320 3268 
3550 3291 3645 3417 3253 3301 3036 3287 3953 3289 3345 3343 3235 3366 3354 3186 3331 3319 3373 3297 3322 3317 3125 3524 3268 3319 3276 3639 3566 3503 3403 3303 
3240 3415 3400 3014 3181 3348 2882 3131 3664 3096 3050 3260 3064 3429 3231 3127 3311 3141 3053 2952 3219 3080 2919 3344 2971 3104 3406 3119 3174 3224 3253 2975 
3136 3228 3082 2950 3010 3025 2883 3081 3634 2836 2918 3134 2845 3038 3041 3081 3169 3235 2910 3140 3273 2958 2943 3046 2896 3202 3060 3260 3278 3225 3048 2849 
3562 3513 3423 3176 3147 3354 3200 3415 3717 3304 3338 3319 3337 3363 3155 3627 3306 3431 3331 3074 3441 3184 3248 3490 3232 3444 3405 3413 3604 3364 3337 3113 
3734 3531 3424 3214 3289 3668 3168 3332 3969 3371 3389 3436 3273 3416 3509 3520 3437 3335 3514 3295 3464 3343 3150 3536 3146 3491 3435 3607 3795 3618 3423 3347 
3018 3402 3454 2977 3101 2986 3170 3008 3503 3162 3143 3000 3020 3174 3207 3086 3131 2944 2881 2972 3194 3296 3110 2965 2949 3165 3099 3221 3180 3324 3153 2892 
2969 2956 3053 2801 2912 3114 2788 2895 3493 2869 2899 2914 2971 2991 2998 3048 2964 2925 2934 2808 2923 2914 2714 3195 2834 3181 2889 3004 3162 2958 2723 2967 
3262 3259 3176 2904 2787 3054 2849 3148 3426 3262 3080 3178 3062 3261 3119 3085 3144 3183 3095 3067 3034 3084 2931 3135 2914 3178 3224 3178 3372 3221 3135 2968 
3267 3287 3127 3113 2972 3153 2989 2981 3615 3234 3136 2942 3202 3116 3239 3183 3284 3148 3116 3008 3071 3038 3056 3252 3164 3193 3031 3307 3444 3086 3205 2929 
3323 3175 3135 2961 2833 3247 2768 3005 3541 3112 3220 3203 3225 3155 3036 3042 3268 3268 2961 3110 3092 3110 2914 3178 3089 3202 2972 3312 3585 3417 3218 2924 
3536 3456 3402 3164 3247 3270 3153 3322 3776 3313 3407 3244 3252 3134 3344 3301 3624 3091 3137 3151 3300 3487 3120 3392 3270 3354 3461 3484 3490 3479 3309 3306 
3171 3160 3195 3058 2971 3097 2870 3105 3334 3252 3083 3112 3126 3133 3170 3291 3234 3103 3017 3093 3232 2957 3000 3521 3093 3255 3083 3342 3297 3080 2993 2966 
3462 3368 3174 3023 2962 3217 3047 3125 3508 3082 3156 3240 3275 3036 3165 3313 3243 3081 3088 2859 3104 2967 3033 3283 2952 3283 3144 3344 3269 3249 3032 3158 
3362 3420 3315 3209 3095 3294 3146 3296 3756 3296 3321 3528 3160 3271 3351 3544 3355 3214 3217 3127 3234 3191 3085 3293 3254 3407 3385 3303 3452 3205 3399 3119 
3729 3647 3568 3314 3533 3470 3305 3385 3885 3556 3391 3324 3389 3463 3578 3653 3380 3360 3393 3356 3550 3364 3334 3590 3397 3471 3452 3597 3730 3407 3407 3404 
3121 3157 3021 2641 2932 2965 3017 3134 3304 2995 3129 3179 3078 3093 3104 3069 3053 2936 2900 2885 2850 3049 2954 3103 3058 3100 2880 3234 3271 3165 3058 2911 
3501 3429 3303 3124 3153 3004 2949 3373 3614 3037 3256 3436 3091 3147 3277 3479 3341 3259 3348 3202 3195 3245 2898 3197 3135 3322 3178 3531 3441 3447 3329 3111 
3217 3416 3190 3152 3321 3032 3058 3257 3679 3157 3164 3152 2973 3124 3335 3290 3243 3214 3181 3058 3280 3010 3068 3419 3060 3244 3194 3403 3298 3276 3152 2971 
3187 3248 3338 2962 3208 3257 2881 3244 3537 3159 3403 3317 2952 3201 3212 3291 3328 3263 3124 3021 3202 3169 2926 3277 3037 3062 3089 3338 3366 3352 3244 3170 
3529 3593 3541 3217 3361 3444 3346 3381 3702 3322 3428 3360 3313 3506 3458 3502 3518 3566 3174 3162 3350 3434 3132 3444 3191 3403 3250 3544 3673 3482 3470 3260 
