1764 1696 2105 1785 1997 2114 2134 1668 2090 1774 1670 1945 2012 1931 2123 2060 1760 1859 1713 2054 1731 1929 1827 2053 1719 1773 1789 1859 2124 2053 1915 1776 
1811 1645 2259 1757 2331 2151 2175 1832 2170 1768 1893 2025 1920 2039 2143 2027 1813 1808 1608 2045 1843 2022 1763 2255 2016 1895 2251 1686 2076 1981 1972 1952 
1857 1751 2141 1857 2169 2047 2241 1833 2057 1864 1735 1920 2177 2042 2066 2138 1810 1675 1630 2076 1825 1920 1982 2115 1989 1899 2053 1964 2000 2099 1913 1944 
1606 1471 1880 1550 1806 1803 1937 1487 1708 1719 1502 1682 1805 1832 1736 1687 1497 1618 1571 1742 1562 1731 1700 1741 1595 1685 1495 1450 1832 1750 1524 1655 
1783 1717 2013 1707 2129 2131 2258 2022 2049 1818 1754 1936 2086 2046 2037 2194 1762 1780 1606 1959 1744 2058 1789 2134 1862 1947 2074 1796 2090 2047 1856 1967 
1900 1800 2168 1806 2177 2187 2387 1803 2114 1935 1755 1936 2223 2074 2083 2188 1847 1973 1775 2075 1769 2185 1764 2045 2084 1979 2040 1898 1942 1987 1945 1964 
1846 1787 2292 1888 2018 2321 2120 1940 2051 1921 1844 1833 1997 2023 1966 2011 1899 1898 1853 2079 1772 2061 1851 2119 1896 1972 2065 1803 2137 1894 1766 2015 
2001 1900 2420 1923 2412 2354 2344 2025 2140 2106 1973 1988 2162 2218 2102 2251 2149 1981 1812 2095 2003 2266 1897 2385 1942 1845 2196 1886 2162 2143 1949 2083 
1848 1699 2009 1648 2155 1934 2102 1851 1885 1722 1650 1780 1996 1878 1865 2027 1686 1557 1672 1927 1843 2068 1650 1933 1848 1855 1930 1480 1947 1950 1702 1805 
1449 1585 1916 1478 2000 1920 1991 1648 1645 1719 1550 1565 1814 1902 1835 1690 1755 1790 1509 1674 1550 1655 1646 1700 1722 1656 1671 1703 1792 1691 1585 1672 
1902 1847 2053 1848 2207 2102 2223 1924 2166 1989 1684 2055 2108 2055 2039 2107 1814 2022 1834 2135 1951 2029 1881 2096 2156 2006 2137 1884 2297 2182 1938 1924 
1897 1866 2335 1817 2206 2178 2276 1887 2034 1876 1764 1952 2272 2218 2171 2285 1734 2018 1742 2118 1958 2214 1890 2321 2050 1909 1917 1824 2236 2154 2060 2042 
1903 1905 2221 1715 2370 2319 2473 1984 2241 2021 1871 2122 2186 2110 2258 2283 1999 2088 1847 2185 1972 2212 1975 2179 2010 2057 2290 1945 2284 2259 2121 1965 
1571 1507 1893 1585 1874 2011 1881 1730 1673 1724 1626 1788 1772 1811 1925 1789 1622 1784 1399 1747 1679 1896 1687 1879 1662 1596 1828 1642 1897 1722 1804 1775 
1511 1571 2056 1614 2152 1939 2076 1681 1918 1822 1853 1803 1929 1807 1694 1864 1719 1738 1602 1858 1789 1817 1731 1886 1881 1768 1793 1567 2123 1765 1730 1544 
1671 1637 2063 1713 2025 2071 2094 1618 2027 1633 1660 1797 2062 1944 2051 2038 1811 1752 1723 1917 1708 1763 1766 1933 1856 1811 1833 1789 1968 1810 1833 1844 
1941 1862 2174 1998 2191 2177 2280 2031 2125 2122 1713 2034 2142 2007 2227 2239 1930 1922 1854 2068 1863 2129 2078 2239 2007 1855 1977 2018 2341 2161 1940 1959 
1521 1591 2271 1708 2084 2039 2065 1660 1859 1771 1781 1862 2026 2049 1955 1913 1678 1871 1712 1836 1797 1828 1659 1931 1960 1798 1908 1748 1944 1872 1857 1825 
1731 1593 1807 1532 2072 2055 2034 1692 1984 1805 1590 1791 1868 1716 1813 1860 1746 1693 1606 1913 1575 1948 1752 1992 1980 1818 1962 1661 2041 1874 1748 1803 
1809 1534 2028 1564 1910 1902 1968 1698 2073 1551 1556 1812 1855 1932 1952 1851 1617 1756 1695 1796 1619 1826 1720 1756 1668 1729 1840 1681 2049 1732 1739 1836 
1658 1650 2114 1621 2077 2177 2060 1767 1860 1824 1673 1857 1939 1947 1871 1914 1753 1805 1782 1926 1653 1852 1717 2014 2012 1795 1883 1687 2146 1881 1693 1881 
1787 1643 1901 1703 1949 2039 2068 1802 1954 1679 1571 1954 1820 1858 1826 1957 1744 1760 1583 1793 1615 1961 1682 1900 1774 1701 1915 1742 1951 1865 1757 1768 
1889 1655 2259 1807 2142 2263 2310 1804 2152 1910 1840 2069 2091 2102 2060 2108 1942 1950 1794 2073 1922 2177 1908 2233 1941 2033 1968 1891 2124 2036 1756 2069 
1555 1766 1926 1629 1812 1775 2025 1727 1753 1773 1661 1737 1873 1869 1855 1823 1637 1687 1628 1809 1696 1748 1723 1959 1756 1652 1733 1569 1854 1802 1696 1655 
1792 1787 2212 1732 2155 2104 2171 1891 2044 1852 1862 1807 1898 2006 1992 2111 1854 1690 1784 1958 1882 2003 1702 2019 1868 2087 1834 1716 2047 1990 1844 1888 
1764 1717 2173 1804 2251 2146 2316 1875 1961 1838 1734 1895 1967 2046 1918 2190 1934 1934 1782 2010 1928 2005 1799 1985 2002 1904 1956 1814 2067 1883 1885 1932 
1833 1816 2383 2015 2337 2307 2415 1998 2258 2007 1979 2040 2255 2137 2198 2137 1983 2029 1905 2212 1981 2132 1896 2086 2099 1961 2087 2051 2175 2028 2173 1950 
1776 1636 1959 1709 1897 1921 1955 1782 2004 1860 1587 1894 1946 2081 2020 2013 1695 1868 1655 1892 1767 1839 1865 2030 1937 1874 1915 1721 1974 1931 1881 1955 
1949 1806 2079 1854 2133 2297 2237 1920 2046 2048 1870 1930 2082 2108 2067 2443 1899 2059 1839 2082 1946 2162 2008 2199 1958 2030 2077 1869 2181 2125 1853 2044 
1596 1562 2008 1576 1949 2022 1999 1799 1899 1707 1770 1707 1980 2030 1823 1794 1586 1738 1817 1884 1758 1774 1813 1884 1934 1908 1780 1687 1990 1831 1829 1789 
1659 1466 1826 1573 1920 1879 1966 1619 1809 1559 1544 1756 1803 1935 1993 1966 1621 1791 1489 1796 1672 1869 1807 1741 1793 1845 1769 1768 1905 1817 1779 1919 
1800 1667 2169 1759 2150 2113 2087 1679 1950 1892 1808 2007 1868 1971 1998 2019 1852 2011 1874 2051 1834 1980 1818 2023 1907 1948 1983 1877 2047 1904 1913 1889 
