550 598 630 598 453 639 746 661 513 639 531 593 633 458 591 477 544 567 546 559 582 571 554 621 465 420 478 642 590 628 585 491 
569 491 583 533 538 533 711 563 528 517 512 573 589 450 502 478 507 528 425 582 500 451 434 703 561 361 556 611 586 566 520 578 
646 648 742 684 633 705 824 718 645 679 611 717 827 556 622 551 624 616 576 657 647 580 588 702 593 471 643 779 592 696 686 631 
519 458 650 411 451 499 601 535 478 521 463 598 640 560 447 350 478 531 481 435 519 508 510 575 559 392 453 460 488 493 416 571 
740 579 693 627 646 727 839 744 683 684 649 745 738 549 555 618 657 646 588 621 666 584 553 833 627 555 708 755 651 673 627 657 
653 604 676 615 579 738 856 653 646 616 543 662 806 588 618 596 618 663 624 602 633 597 567 585 598 537 636 788 562 632 666 602 
665 657 767 691 561 704 697 767 556 629 680 733 727 623 521 589 603 630 710 579 665 661 639 669 617 581 681 696 616 580 556 747 
766 770 888 750 739 781 884 829 588 715 697 788 815 735 748 629 785 771 659 634 668 692 613 919 675 526 672 762 621 737 704 789 
707 601 685 547 592 554 795 675 539 582 518 676 747 537 511 526 544 538 630 562 645 651 570 638 580 491 576 622 590 656 559 652 
590 571 678 525 553 681 676 586 529 598 471 609 752 636 573 399 638 660 502 456 541 497 562 634 582 465 539 682 516 562 511 608 
642 540 572 566 564 617 713 657 574 595 452 586 676 489 558 480 514 593 555 597 586 553 496 595 703 358 598 687 672 570 590 564 
646 590 760 613 496 553 806 605 492 565 571 617 701 591 642 587 556 680 612 503 572 632 551 665 570 364 464 647 626 610 670 653 
684 657 643 583 654 741 926 696 675 665 567 782 833 541 586 633 603 610 604 691 685 621 589 641 636 541 715 727 621 717 763 551 
549 518 661 539 457 582 677 585 435 584 487 585 648 510 555 451 463 606 415 527 532 476 488 646 547 326 503 582 464 509 613 489 
533 497 589 498 548 613 703 640 508 574 605 620 639 447 417 529 496 535 575 557 612 494 542 591 635 399 545 550 596 516 593 549 
572 513 617 531 507 596 676 548 543 457 510 621 677 563 565 511 588 645 604 406 493 454 495 530 513 411 506 636 529 468 540 591 
726 690 739 620 464 662 762 782 621 739 483 710 778 512 635 462 568 660 622 581 598 582 603 721 654 420 583 709 647 722 665 637 
490 509 679 539 487 629 640 561 353 551 554 600 726 618 537 439 523 658 558 427 556 539 545 656 563 441 489 641 478 470 511 624 
590 515 503 409 475 591 726 637 544 572 451 622 591 420 379 448 438 515 543 504 495 470 472 618 606 434 555 533 557 587 562 533 
698 543 678 589 522 585 747 610 601 544 509 622 707 554 524 514 527 579 620 548 555 583 506 566 570 427 590 651 610 560 618 669 
616 512 691 572 565 704 756 589 541 607 563 734 778 610 530 510 665 709 658 542 578 619 559 726 718 454 602 638 691 557 579 730 
645 505 673 619 591 680 853 589 718 528 561 715 792 541 542 585 603 599 569 599 643 581 508 635 525 489 628 712 583 608 644 565 
607 613 743 585 555 597 716 694 544 593 589 698 697 647 559 484 555 626 594 438 617 580 566 706 586 525 566 647 561 623 493 678 
601 724 712 604 552 731 793 741 569 742 662 742 756 581 655 581 651 648 622 637 706 597 652 762 647 524 613 698 638 734 635 697 
609 572 643 460 593 528 730 715 531 519 597 614 629 512 513 576 544 453 565 491 606 584 458 629 504 511 482 627 540 588 536 593 
694 602 697 599 633 683 853 756 569 550 594 711 740 533 507 621 646 611 649 616 610 586 509 707 584 465 620 702 622 542 596 671 
710 624 765 711 706 730 889 709 648 708 632 694 878 603 647 597 658 675 611 664 683 627 620 621 677 496 639 846 617 671 766 629 
605 534 618 460 500 530 603 584 520 527 433 526 659 529 623 505 508 531 483 463 559 477 444 555 650 386 500 649 496 544 574 590 
697 628 707 676 587 664 843 716 592 691 665 722 725 634 586 636 635 728 649 635 622 618 650 724 630 533 666 640 626 639 587 645 
539 573 635 599 520 728 707 689 512 610 614 614 726 551 533 533 551 630 675 533 594 497 608 668 688 426 553 731 662 546 666 679 
508 426 516 439 418 532 546 408 427 434 406 422 543 459 513 418 453 510 435 440 475 464 402 471 429 350 419 550 443 438 452 509 
641 527 643 605 515 531 701 630 512 591 603 618 630 471 578 518 527 595 707 514 566 580 500 556 489 440 523 608 588 557 561 645 
