2406 2610 2829 2392 2545 2804 2713 2405 2704 2383 2498 2626 2701 2664 2775 2598 2497 2552 2378 2759 2395 2911 2564 2804 2497 2487 2489 2674 2759 2825 2684 2494 
2397 2443 2965 2351 2904 2620 2661 2397 2686 2403 2611 2628 2588 2605 2682 2477 2389 2450 2187 2785 2383 2831 2315 2875 2648 2477 2908 2346 2697 2654 2684 2516 
2421 2515 2803 2396 2625 2592 2631 2424 2514 2410 2301 2493 2727 2584 2645 2587 2334 2244 2253 2640 2306 2610 2524 2763 2616 2374 2603 2582 2596 2689 2561 2488 
2209 2130 2448 2085 2316 2255 2269 2049 2119 2271 1969 2168 2262 2339 2172 2140 2035 2123 2050 2252 2036 2356 2102 2236 2082 2240 2032 1979 2318 2382 2171 2147 
2234 2518 2593 2176 2672 2654 2770 2560 2533 2356 2418 2429 2610 2608 2537 2635 2385 2346 2125 2568 2297 2893 2355 2663 2475 2484 2648 2408 2601 2632 2425 2511 
2426 2583 2716 2452 2705 2723 2847 2410 2568 2479 2450 2524 2805 2691 2612 2635 2552 2669 2299 2757 2399 3006 2428 2665 2669 2578 2627 2604 2499 2692 2635 2655 
2525 2502 2941 2606 2597 2946 2625 2587 2672 2643 2578 2501 2609 2715 2637 2661 2543 2491 2463 2832 2383 2926 2388 2723 2553 2698 2683 2614 2832 2669 2579 2618 
2582 2714 3095 2460 2942 2983 2836 2739 2671 2641 2699 2562 2744 2849 2638 2757 2753 2553 2461 2730 2597 3054 2524 2986 2642 2451 2849 2594 2708 2775 2702 2670 
2451 2663 2761 2270 2738 2578 2647 2645 2443 2368 2460 2351 2723 2693 2444 2576 2363 2261 2367 2661 2472 2960 2387 2655 2569 2529 2739 2169 2700 2659 2530 2480 
2149 2477 2675 2140 2614 2519 2584 2347 2319 2366 2358 2226 2562 2614 2438 2178 2459 2515 2194 2476 2232 2601 2303 2381 2484 2346 2485 2434 2416 2476 2457 2296 
2564 2769 2740 2460 2706 2762 2785 2630 2797 2660 2390 2642 2722 2793 2617 2570 2518 2689 2456 2858 2606 3016 2451 2674 2800 2674 2809 2579 2889 2939 2716 2640 
2660 2758 3105 2471 2849 2754 2826 2531 2617 2480 2512 2609 3021 2915 2717 2840 2482 2649 2405 2890 2602 3074 2525 3114 2801 2557 2612 2647 3001 2946 2929 2694 
2484 2689 2745 2426 2859 2912 3001 2570 2763 2575 2661 2809 2780 2800 2825 2903 2622 2744 2481 2805 2607 3020 2514 2836 2738 2650 2989 2699 2818 2926 2856 2507 
2093 2366 2519 2184 2406 2683 2411 2354 2220 2300 2328 2444 2335 2481 2559 2304 2264 2452 2012 2352 2236 2734 2304 2515 2387 2235 2442 2383 2514 2407 2543 2397 
2022 2480 2704 2244 2637 2557 2633 2313 2406 2409 2490 2391 2548 2536 2238 2399 2368 2331 2237 2547 2402 2738 2263 2569 2544 2355 2507 2237 2743 2487 2416 2161 
2420 2641 2942 2495 2789 2870 2745 2412 2829 2452 2565 2618 2805 2764 2862 2700 2665 2610 2462 2789 2404 2861 2509 2796 2748 2635 2613 2739 2762 2711 2828 2636 
2551 2638 2777 2522 2758 2715 2780 2587 2755 2771 2322 2626 2706 2653 2832 2718 2537 2551 2438 2699 2446 2997 2636 2791 2579 2494 2596 2662 2986 2838 2591 2516 
2111 2502 2932 2505 2717 2820 2659 2452 2432 2489 2626 2663 2685 2805 2686 2622 2455 2617 2498 2506 2521 2787 2350 2708 2814 2511 2697 2598 2579 2685 2648 2500 
2196 2218 2271 2146 2606 2550 2471 2267 2386 2285 2159 2357 2281 2194 2243 2300 2331 2159 2090 2418 2093 2595 2310 2483 2642 2324 2456 2274 2565 2530 2360 2235 
2263 2283 2567 2151 2446 2479 2396 2302 2574 2090 2193 2305 2338 2512 2517 2374 2232 2278 2307 2267 2130 2603 2241 2382 2310 2323 2406 2338 2592 2371 2365 2300 
2199 2519 2709 2302 2607 2873 2591 2529 2375 2380 2390 2476 2501 2619 2394 2438 2466 2375 2466 2535 2323 2730 2301 2677 2770 2381 2553 2469 2697 2691 2448 2492 
2309 2539 2434 2384 2510 2609 2634 2501 2410 2244 2279 2568 2439 2441 2377 2501 2393 2352 2261 2374 2276 2791 2203 2510 2481 2270 2613 2417 2485 2534 2395 2343 
2334 2423 2913 2360 2743 2812 2747 2375 2633 2519 2485 2577 2592 2779 2622 2597 2553 2544 2334 2658 2466 3061 2451 2901 2523 2614 2632 2518 2712 2773 2439 2615 
2176 2645 2526 2270 2454 2312 2503 2337 2278 2387 2356 2215 2439 2519 2444 2350 2318 2272 2206 2354 2291 2628 2268 2549 2439 2323 2319 2273 2526 2571 2450 2187 
2336 2539 2852 2301 2607 2702 2640 2468 2575 2430 2490 2434 2462 2608 2533 2672 2455 2291 2264 2574 2440 2766 2180 2650 2580 2652 2480 2318 2561 2695 2528 2388 
2371 2480 2830 2278 2844 2703 2841 2418 2495 2437 2402 2528 2576 2627 2592 2636 2562 2595 2318 2598 2500 2849 2385 2567 2648 2534 2560 2458 2607 2489 2558 2544 
2423 2710 3125 2681 2977 2943 2922 2680 2861 2743 2751 2647 2817 2812 2818 2703 2664 2655 2474 2917 2629 3048 2520 2746 2790 2582 2793 2715 2900 2796 2902 2555 
2338 2469 2572 2382 2453 2479 2483 2367 2478 2406 2254 2512 2559 2790 2499 2518 2390 2456 2320 2598 2394 2768 2447 2748 2617 2484 2631 2420 2610 2719 2591 2529 
2489 2623 2721 2518 2657 2843 2781 2537 2520 2662 2587 2604 2707 2713 2607 2941 2554 2688 2408 2809 2576 2994 2561 2741 2618 2616 2762 2549 2744 2802 2538 2660 
2197 2369 2654 2253 2595 2720 2517 2500 2450 2502 2466 2349 2454 2582 2425 2331 2197 2349 2377 2551 2355 2608 2323 2401 2578 2557 2326 2391 2592 2573 2575 2459 
2293 2305 2499 2238 2568 2446 2488 2322 2366 2242 2423 2378 2435 2579 2624 2527 2240 2435 2141 2493 2367 2742 2445 2359 2459 2495 2483 2532 2552 2525 2534 2560 
2437 2712 2920 2539 2828 2866 2786 2503 2633 2650 2672 2738 2562 2777 2702 2673 2636 2718 2601 2903 2639 3015 2482 2732 2735 2598 2811 2710 2795 2707 2782 2615 
