3397 4043 4150 3891 3997 4131 4100 3578 4104 3802 3859 3730 4060 4052 4179 3923 3996 3837 3816 4055 3665 4213 3818 4044 3816 3790 3765 4087 3981 4040 4147 3660 
3434 3795 4180 3742 4377 4058 3941 3513 3992 3706 3950 3805 3963 4040 4189 3876 3947 3688 3501 4167 3703 4228 3660 4227 4051 3697 4006 3701 4043 3857 4135 3741 
3493 3770 4212 3846 4124 4032 3907 3621 3838 3810 3632 3828 4092 4063 4119 3938 3896 3559 3692 4043 3729 4100 3947 4179 3995 3748 3938 4212 4037 3969 4156 3741 
3161 3450 3546 3318 3543 3632 3425 3059 3416 3477 3092 3347 3502 3680 3447 3308 3430 3200 3480 3713 3107 3794 3348 3477 3387 3478 3151 3358 3530 3621 3627 3201 
2990 3560 3694 3281 3748 3633 3957 3444 3535 3432 3433 3523 3636 3778 3652 3742 3408 3424 3304 3728 3274 3973 3447 3781 3454 3553 3611 3578 3698 3696 3672 3504 
3298 3701 3822 3685 3911 3964 4052 3364 3712 3664 3691 3668 3923 3912 3848 3890 3830 3826 3542 4091 3575 4265 3661 3976 3807 3796 3750 3705 3726 3788 3989 3772 
3359 3608 3997 3908 3784 4132 3829 3582 3904 3724 3656 3530 3755 3981 3967 3959 3762 3617 3620 4022 3583 4022 3582 3885 3732 3721 3777 3822 3941 3758 4015 3656 
3527 3910 4304 3843 4318 4312 4133 3783 3932 3949 3982 3689 3987 4179 3914 4115 3923 3837 3753 4046 3822 4205 3693 4304 3786 3651 4100 3910 3893 3837 4161 3732 
3496 4120 4036 3681 4189 3952 3971 3881 3846 3737 3733 3530 4060 4148 3923 3874 3971 3608 3918 4131 3830 4597 3784 3905 4210 3890 4055 3605 4014 4047 4045 3655 
2873 3438 3580 3322 3615 3503 3621 3114 3379 3395 3461 3279 3472 3780 3629 3136 3466 3541 3363 3614 3209 3714 3317 3392 3587 3424 3515 3517 3382 3490 3675 3160 
3318 3861 3824 3760 3936 4069 4093 3629 4099 3851 3598 3807 3929 4094 3840 3974 3827 3992 3695 4198 3811 4304 3710 3919 4076 3835 3966 3809 4141 4091 4147 3670 
3694 4305 4547 4034 4492 4247 4304 3772 4123 4031 3923 3882 4467 4507 4328 4387 4204 4139 3962 4364 4025 4569 3937 4544 4352 3926 3955 4231 4481 4309 4467 4073 
3306 3702 3726 3584 4017 4018 4000 3448 3912 3584 3696 3701 3851 3863 3999 3971 3772 3753 3657 3862 3736 4214 3441 3844 3837 3784 3937 3779 3803 3834 4017 3430 
3060 3705 3772 3418 3692 4153 3796 3468 3532 3574 3605 3591 3720 3816 3937 3631 3756 3725 3402 3741 3557 4131 3683 3704 3786 3451 3668 3717 3943 3604 4078 3455 
3112 3945 4123 3746 4108 4063 4046 3431 3885 3891 3945 3647 3992 4048 3835 3842 3778 3702 3748 3962 3762 4258 3690 4053 4020 3674 3903 3671 4174 3986 4031 3488 
3272 3748 4100 3850 4122 4135 3924 3518 4117 3722 3818 3774 4074 4027 4036 3997 3920 3771 3980 4128 3716 4280 3708 4016 3934 3887 3780 4010 4059 3926 4225 3662 
3450 3859 3995 3720 4049 4059 3919 3630 3995 3910 3487 3617 3837 3899 4193 3849 3765 3749 3681 4014 3628 4262 3929 4011 3789 3579 3815 3887 4312 4054 4149 3558 
3105 3891 4190 3950 4181 4184 4105 3561 3824 3918 3839 3814 3971 4271 4130 4079 3891 3953 4045 3900 3958 4293 3747 4126 4346 3768 4093 3975 3997 4080 4167 3740 
3035 3235 3344 3323 3809 3676 3580 3325 3561 3474 3299 3274 3239 3301 3421 3413 3509 3319 3325 3667 3292 3816 3471 3591 3856 3303 3684 3521 3771 3498 3681 3268 
3165 3525 3682 3408 3694 3749 3660 3335 3780 3214 3429 3399 3549 3732 3999 3557 3506 3596 3550 3549 3401 3795 3416 3696 3538 3491 3481 3637 3838 3402 3801 3346 
3162 3893 3907 3754 3996 4256 4008 3606 3765 3853 3716 3724 3888 4130 3693 3797 3927 3775 3971 3827 3511 4058 3703 4035 4152 3653 3784 3811 4007 4024 3974 3625 
3242 3732 3435 3606 3803 3791 3786 3440 3639 3409 3484 3611 3578 3680 3629 3760 3479 3543 3595 3627 3319 4046 3230 3670 3689 3375 3648 3631 3659 3591 3765 3386 
3291 3826 4153 3783 4179 4272 4130 3527 4108 3840 3820 3801 4004 4141 4094 3972 3976 3989 3731 3866 3825 4339 3724 4222 3841 4068 3826 3927 4131 4001 4000 3757 
2946 3733 3454 3488 3720 3488 3692 3387 3365 3674 3595 3239 3555 3629 3736 3509 3686 3406 3242 3425 3375 3762 3381 3678 3581 3281 3280 3484 3661 3592 3759 3212 
3409 4012 4117 3857 4190 4330 4040 3673 4074 3829 3864 3721 3877 3958 4062 4127 3951 3749 3819 4172 3919 4070 3695 4087 4012 4126 3830 3831 3985 3936 4086 3624 
3245 3783 3994 3666 4291 4063 4157 3510 3827 3711 3611 3593 3821 3884 3914 4001 3844 3870 3735 3911 3876 4167 3669 3915 3926 3820 3788 3707 3922 3687 3955 3675 
3512 4065 4337 4038 4287 4343 4202 3763 4235 4205 4093 3860 4103 4217 4171 3940 4170 3937 3885 4199 3789 4393 3813 3888 4238 3755 4025 4056 4101 4115 4366 3625 
3234 3615 3677 3609 3756 3556 3611 3399 3679 3511 3484 3588 3745 4031 3704 3674 3598 3602 3594 3904 3564 3992 3557 3957 3730 3673 3619 3562 3844 3720 3921 3559 
3465 3816 3802 3898 4010 4173 4097 3634 3796 4037 3926 3843 3977 4005 3993 4321 3816 4035 3759 4006 3887 4298 3824 4047 3972 3835 4084 3885 4018 3964 4076 3793 
3212 3759 3916 3754 4139 4052 3809 3623 3789 3809 3852 3571 3684 4102 3905 3763 3583 3701 3924 4010 3638 4161 3684 3687 3974 3865 3525 3814 3913 3866 4152 3648 
3211 3474 3581 3411 3872 3717 3746 3491 3640 3364 3680 3524 3646 3865 3943 3847 3492 3734 3458 3705 3569 3968 3729 3615 3668 3469 3691 3836 3847 3697 3869 3560 
3377 3982 4137 4011 4156 4143 4078 3670 4072 4074 4004 3998 3857 4196 4106 4061 4072 3982 4083 4324 3959 4490 3731 3997 4165 3793 4098 4109 4121 3962 4249 3733 
