1172 1233 1423 1265 1265 1446 1515 1177 1279 1279 1082 1256 1312 1243 1451 1313 1337 1333 1150 1381 1207 1304 1220 1442 1267 1065 1178 1356 1349 1402 1344 1206 
1076 963 1277 1056 1294 1253 1411 1105 1271 1102 1076 1168 1159 1087 1271 1150 1226 1184 904 1242 1096 1155 1098 1400 1253 919 1288 1180 1158 1172 1111 1201 
1247 1257 1479 1299 1438 1442 1611 1280 1324 1351 1119 1368 1540 1327 1455 1420 1366 1281 1093 1454 1250 1264 1335 1456 1440 1098 1396 1462 1367 1484 1374 1369 
1061 1046 1288 1008 1099 1167 1237 1002 1030 1112 948 1133 1090 1133 1086 944 1081 1146 986 1068 1069 1066 1130 1200 1110 931 944 1044 1261 1134 959 1087 
1164 1050 1300 1058 1202 1256 1433 1254 1211 1160 1067 1195 1206 1184 1187 1238 1225 1190 920 1148 1082 1151 1070 1345 1215 993 1228 1224 1235 1260 1130 1150 
1414 1292 1550 1337 1580 1702 1780 1369 1469 1499 1227 1396 1618 1418 1574 1548 1495 1553 1306 1551 1261 1610 1345 1530 1575 1356 1535 1543 1365 1466 1365 1452 
1269 1243 1582 1251 1260 1590 1450 1351 1305 1345 1242 1266 1299 1330 1258 1284 1430 1380 1269 1381 1238 1391 1261 1464 1342 1196 1365 1279 1399 1272 1122 1395 
1385 1408 1783 1332 1730 1740 1727 1421 1403 1491 1402 1380 1521 1496 1521 1504 1631 1486 1245 1490 1366 1557 1271 1775 1441 1202 1466 1404 1455 1541 1352 1488 
1191 1073 1369 1063 1332 1274 1431 1182 1175 1125 1068 1171 1268 1142 1238 1241 1230 1158 1087 1302 1188 1252 1096 1288 1221 1032 1177 1100 1281 1284 1099 1187 
996 1092 1319 995 1267 1340 1385 1099 1057 1211 935 1054 1222 1246 1176 1075 1307 1293 959 1147 1069 1079 1083 1163 1198 997 1121 1212 1146 1198 1009 1121 
1265 1227 1302 1173 1249 1310 1400 1160 1302 1262 976 1210 1310 1185 1305 1204 1239 1388 1140 1362 1212 1183 1155 1335 1463 1064 1274 1323 1399 1279 1198 1152 
1240 1138 1553 1122 1294 1345 1444 1204 1190 1224 1120 1274 1351 1337 1487 1443 1256 1447 1049 1301 1231 1405 1262 1412 1347 1002 1154 1272 1404 1391 1320 1303 
1358 1316 1523 1178 1544 1599 1759 1348 1468 1453 1191 1463 1519 1368 1466 1522 1456 1494 1253 1558 1377 1479 1366 1481 1433 1271 1481 1426 1527 1559 1440 1270 
1050 991 1293 1044 1138 1260 1309 1112 1033 1155 1059 1136 1220 1103 1268 1117 1013 1240 832 1174 1046 1180 1104 1258 1150 868 1128 1146 1141 1102 1194 1098 
976 1016 1340 988 1287 1280 1376 1167 1169 1204 1100 1074 1158 1064 988 1142 1165 1118 979 1220 1120 1147 1088 1156 1286 941 1159 1029 1293 1136 1082 1023 
1171 1115 1460 1126 1281 1417 1454 1120 1263 1134 1127 1246 1355 1277 1456 1301 1349 1313 1136 1252 1114 1166 1165 1334 1301 1012 1286 1276 1306 1203 1272 1312 
1381 1304 1521 1312 1353 1461 1551 1382 1368 1469 1050 1393 1405 1268 1491 1387 1359 1400 1211 1372 1267 1370 1374 1531 1398 1054 1242 1457 1573 1530 1327 1333 
932 1051 1452 1114 1210 1327 1361 1068 985 1193 1073 1125 1311 1243 1199 1140 1184 1296 1076 1136 1161 1167 1066 1285 1308 988 1143 1209 1119 1160 1081 1169 
1279 1130 1221 1025 1270 1460 1425 1191 1274 1296 953 1211 1210 1062 1130 1237 1226 1218 1077 1281 977 1279 1187 1405 1428 1039 1352 1173 1353 1287 1207 1245 
1149 969 1255 990 1071 1150 1273 1050 1200 1001 922 1126 1186 1108 1199 1095 1062 1182 1009 1141 982 1092 1048 1118 1076 933 1089 1088 1235 1142 1110 1157 
1137 1144 1425 1058 1295 1448 1416 1159 1145 1223 1067 1281 1314 1248 1276 1205 1398 1401 1143 1296 1124 1227 1205 1392 1371 967 1168 1207 1508 1237 1130 1288 
1174 1095 1227 1114 1171 1307 1414 1119 1210 1080 932 1230 1198 1098 1144 1196 1276 1243 969 1191 1039 1181 1137 1224 1162 908 1112 1226 1138 1227 1126 1091 
1304 1185 1541 1273 1410 1590 1507 1273 1312 1390 1233 1328 1315 1322 1371 1429 1408 1405 1238 1356 1333 1434 1243 1573 1383 1208 1380 1361 1379 1428 1133 1438 
1009 1279 1314 1059 1178 1270 1408 1234 1080 1253 1108 1273 1206 1192 1279 1136 1258 1323 1065 1249 1178 1071 1254 1342 1211 1042 1047 1177 1269 1332 1137 1159 
1162 1121 1415 1036 1305 1294 1418 1226 1203 1148 1105 1097 1135 1130 1214 1283 1251 1107 1081 1229 1118 1243 1008 1315 1174 1095 1114 1144 1307 1248 1083 1157 
1258 1203 1529 1249 1497 1533 1707 1366 1298 1290 1156 1285 1348 1310 1306 1450 1452 1399 1247 1439 1263 1386 1189 1429 1421 1150 1370 1344 1388 1286 1234 1378 
1280 1229 1646 1357 1516 1661 1724 1334 1444 1448 1334 1322 1508 1316 1476 1363 1495 1477 1248 1501 1322 1430 1256 1440 1447 1170 1384 1491 1412 1418 1435 1305 
1194 1003 1232 1008 1111 1094 1148 1112 1154 1106 857 1109 1159 1174 1310 1132 1110 1192 928 1082 1030 1051 1154 1207 1322 933 1116 1126 1154 1126 1132 1174 
1312 1163 1390 1272 1310 1531 1532 1221 1271 1418 1174 1256 1358 1268 1352 1564 1361 1460 1201 1424 1230 1388 1271 1506 1390 1147 1361 1285 1424 1410 1175 1327 
1012 1102 1374 1126 1204 1425 1385 1209 1223 1166 1177 1207 1264 1268 1221 1144 1246 1324 1152 1282 1198 1109 1258 1295 1349 1113 1173 1229 1406 1221 1246 1193 
1134 963 1205 1040 1133 1221 1299 988 1108 1056 958 1099 1159 1164 1374 1197 1166 1303 922 1193 1084 1177 1187 1198 1167 998 1138 1192 1156 1147 1135 1217 
1274 1218 1448 1256 1355 1370 1512 1197 1258 1371 1178 1379 1356 1250 1422 1385 1365 1481 1310 1442 1235 1396 1272 1411 1417 1227 1303 1378 1345 1366 1309 1384 
