2804 3309 3459 3165 3228 3477 3477 2967 3357 3056 3048 3232 3505 3398 3488 3284 3219 3202 3073 3270 3002 3314 3149 3452 2985 3160 3043 3363 3345 3285 3407 2982 
2919 3186 3646 3127 3666 3469 3441 3061 3410 3057 3244 3279 3463 3417 3602 3301 3237 3122 2895 3440 3145 3436 3047 3607 3316 3102 3450 3057 3397 3219 3522 3066 
2922 3168 3491 3188 3370 3370 3355 3063 3162 3136 2846 3171 3593 3388 3462 3298 3143 2918 3002 3234 3067 3197 3245 3484 3192 3076 3191 3378 3274 3293 3398 2959 
2668 2758 3010 2684 2884 3014 2956 2582 2718 2804 2423 2768 2992 2992 2853 2713 2786 2632 2708 2852 2540 2874 2736 2819 2655 2839 2522 2631 2869 2869 2948 2566 
2581 3083 3160 2770 3203 3180 3416 2959 3062 2869 2881 2966 3263 3242 3182 3156 2896 2881 2707 3060 2818 3285 2888 3252 2881 2995 3079 3001 3128 3127 3101 2908 
2730 3038 3180 3001 3125 3286 3408 2833 3037 2964 2841 2951 3335 3173 3160 3136 3099 3155 2807 3218 2885 3372 2940 3212 3067 3028 3065 3064 2940 3040 3212 2982 
2917 3164 3603 3376 3304 3725 3374 3218 3391 3205 3196 3128 3367 3441 3425 3397 3216 3120 3128 3457 3086 3435 3136 3441 3112 3190 3228 3260 3515 3240 3462 3183 
3092 3445 3845 3373 3758 3866 3676 3430 3427 3440 3376 3248 3647 3736 3418 3618 3475 3350 3260 3348 3351 3587 3263 3810 3250 3172 3537 3397 3423 3363 3630 3197 
2873 3377 3387 2906 3400 3284 3305 3219 3080 2998 2953 2925 3484 3351 3133 3179 3146 2859 3064 3221 3111 3587 3015 3267 3233 3143 3278 2732 3288 3209 3272 2932 
2409 2941 3143 2687 3044 2982 3157 2776 2823 2789 2780 2699 3067 3227 2995 2611 2934 2946 2705 2911 2674 2976 2781 2828 2921 2824 2888 2877 2853 2887 3017 2652 
2900 3273 3268 2996 3174 3434 3429 3129 3340 3143 2853 3119 3311 3401 3253 3206 3121 3255 2995 3394 3134 3418 3004 3214 3315 3148 3216 3144 3472 3312 3384 3002 
3169 3608 3843 3287 3700 3557 3670 3224 3430 3230 3170 3260 3927 3810 3652 3618 3421 3433 3210 3485 3337 3594 3218 3879 3489 3276 3207 3429 3719 3555 3772 3278 
2841 3164 3275 2994 3442 3501 3567 3032 3327 3062 3027 3232 3454 3376 3417 3496 3215 3226 3054 3157 3215 3452 2937 3333 3199 3230 3398 3167 3287 3257 3402 2924 
2522 3049 3203 2783 3046 3510 3239 2914 2849 2938 2856 3051 3162 3178 3304 3113 3049 3115 2682 2966 2920 3293 3021 3165 3008 2865 2997 3036 3278 2875 3391 2867 
2483 3172 3433 2952 3347 3278 3406 2873 3070 3087 3049 2935 3361 3266 3040 3118 3033 2988 2954 3097 3073 3175 2902 3294 3085 2947 3093 2888 3434 3091 3253 2688 
2816 3112 3463 3121 3378 3496 3340 2969 3413 3025 3023 3105 3501 3364 3470 3345 3204 3112 3157 3236 3084 3338 3017 3331 3207 3218 3107 3331 3349 3173 3469 2999 
2961 3243 3460 3160 3383 3477 3468 3128 3341 3383 2846 3118 3364 3246 3535 3330 3160 3162 3026 3302 3065 3414 3320 3493 3092 3008 3165 3218 3679 3393 3447 2989 
2601 3294 3648 3299 3477 3617 3477 3109 3173 3188 3154 3268 3513 3592 3509 3348 3282 3289 3298 3113 3295 3387 3105 3449 3501 3202 3329 3266 3287 3338 3466 3038 
2448 2625 2668 2632 3033 3095 2919 2685 2813 2808 2461 2702 2753 2619 2702 2729 2753 2591 2528 2749 2513 2894 2736 2920 2993 2769 2852 2713 3008 2848 2894 2518 
2680 2993 3262 2836 3145 3235 3169 2892 3282 2720 2774 2926 3148 3270 3311 3010 2948 3031 3018 2920 2812 3073 2936 3153 2893 2965 2961 3058 3286 2934 3253 2814 
2633 3207 3357 3021 3295 3615 3386 3125 3026 3094 2960 3060 3238 3330 3048 3107 3288 3053 3118 3057 2872 3171 2967 3336 3316 2976 3073 3154 3328 3220 3260 2995 
2725 3201 3026 3041 3206 3353 3288 3103 3045 2820 2816 3074 3214 3142 3118 3219 3055 2985 2955 2896 2856 3290 2758 3106 3087 2875 3095 3092 3102 3030 3147 2821 
2754 3153 3553 3078 3515 3593 3546 2977 3379 3252 3031 3195 3443 3530 3343 3347 3316 3341 3068 3131 3166 3469 3068 3577 3094 3299 3165 3261 3465 3296 3269 3137 
2517 3251 3083 2982 3112 3013 3184 2957 2908 3110 2926 2796 3132 3117 3149 3017 3107 2847 2727 2841 2913 3122 2915 3112 2948 2810 2783 2880 3182 3077 3227 2669 
2835 3322 3478 3086 3428 3608 3398 3159 3295 3115 3012 3056 3317 3282 3280 3400 3268 3014 3044 3239 3172 3219 2945 3405 3145 3339 3044 3053 3259 3233 3365 2910 
2767 3118 3372 2935 3471 3420 3517 2975 3141 2987 2800 3005 3291 3230 3222 3284 3096 3200 3052 3111 3184 3257 3000 3230 3123 3141 3089 3058 3211 2947 3215 2952 
2909 3356 3728 3328 3602 3694 3595 3251 3509 3396 3294 3239 3533 3473 3471 3303 3481 3232 3020 3396 3156 3539 3072 3290 3378 3123 3243 3320 3458 3306 3628 3007 
2675 3051 3181 2994 3096 3060 3127 2904 3082 2965 2776 2997 3271 3445 3102 3151 2973 3045 2918 3076 2999 3237 2987 3349 3107 2995 3110 2989 3154 3160 3242 2955 
2904 3191 3246 3213 3327 3583 3431 3076 3120 3315 3078 3118 3414 3374 3298 3613 3192 3280 3019 3216 3205 3453 3136 3344 3159 3188 3258 3175 3309 3274 3321 3146 
2584 3008 3255 3014 3266 3335 3184 3034 3056 3050 3023 2941 3170 3339 3143 2989 2840 2917 3050 3112 2982 3142 2935 2997 3132 3225 2770 3020 3180 3119 3305 2927 
2726 2905 3071 2824 3208 3179 3137 2913 3048 2780 2940 2951 3144 3243 3279 3215 2943 3078 2786 3021 3017 3184 3067 2991 2970 2908 2968 3188 3212 3055 3249 2897 
2836 3367 3570 3356 3504 3599 3550 3183 3389 3354 3345 3438 3378 3570 3529 3427 3426 3373 3350 3540 3373 3663 3136 3380 3409 3259 3368 3403 3484 3307 3615 3084 
