3932 4650 4742 4528 4648 4824 4671 4050 4877 4378 4612 4393 4626 4753 4675 4515 4612 4380 4522 4636 4289 4768 4481 4474 4505 4267 4313 4382 4569 4669 4741 4217 
4062 4404 4737 4446 5092 4760 4526 3962 4582 4300 4706 4504 4474 4744 4706 4441 4628 4307 4221 4646 4345 4856 4228 4824 4679 4405 4544 4064 4727 4490 4578 4305 
4075 4370 4822 4649 4802 4747 4677 4165 4619 4434 4466 4613 4591 4821 4649 4549 4647 4259 4445 4576 4411 4768 4694 4772 4650 4391 4475 4623 4696 4706 4667 4317 
3799 4067 4276 4176 4361 4437 4151 3683 4206 4099 3898 4158 4089 4429 4085 3997 4205 3869 4214 4270 3939 4497 4127 4129 4123 4212 3842 3796 4240 4417 4176 3871 
3621 4143 4287 3974 4359 4309 4595 3891 4259 4019 4250 4124 4138 4404 4097 4285 4097 4004 3939 4257 3964 4602 4069 4322 4046 4220 4150 4005 4282 4330 4262 4020 
3879 4320 4431 4473 4563 4695 4661 3849 4452 4267 4505 4396 4502 4600 4387 4511 4487 4443 4243 4628 4233 4937 4364 4502 4482 4371 4345 4103 4403 4463 4610 4392 
4000 4118 4592 4603 4390 4776 4484 4181 4591 4297 4371 4322 4228 4609 4471 4518 4482 4226 4209 4490 4221 4758 4174 4412 4326 4352 4427 4196 4475 4404 4541 4160 
4167 4521 4825 4565 4871 5028 4771 4246 4608 4522 4763 4365 4462 4830 4413 4711 4564 4492 4347 4649 4431 4911 4418 4867 4427 4229 4678 4291 4491 4463 4749 4200 
4123 4689 4619 4411 4844 4595 4623 4418 4531 4350 4539 4233 4497 4818 4416 4391 4682 4241 4526 4730 4495 5248 4439 4412 4686 4562 4626 4011 4592 4760 4547 4199 
3450 3971 4127 4015 4195 4126 4257 3585 4044 3992 4249 3962 3930 4365 4130 3691 4142 4143 4008 4130 3787 4321 3918 3898 4186 3980 4074 3916 3935 4161 4226 3712 
3963 4467 4543 4438 4563 4795 4752 4241 4903 4534 4409 4631 4452 4797 4345 4543 4603 4604 4344 4759 4459 4987 4407 4492 4778 4448 4565 4193 4756 4825 4766 4336 
4401 4980 5279 4805 5252 5083 4924 4359 4943 4722 4850 4678 5117 5270 4900 5016 5014 4760 4741 5007 4783 5279 4609 5164 5122 4617 4616 4649 5189 5082 5137 4757 
3888 4307 4468 4288 4710 4655 4653 3999 4687 4202 4492 4490 4378 4469 4518 4623 4535 4386 4437 4429 4472 4874 4099 4396 4446 4421 4592 4217 4487 4574 4560 4041 
3618 4333 4425 4185 4371 4890 4374 3963 4353 4226 4425 4312 4367 4585 4431 4235 4531 4337 4148 4269 4275 4776 4355 4257 4496 4077 4269 4125 4580 4223 4706 4021 
3777 4576 4754 4499 4821 4862 4764 3997 4642 4572 4818 4415 4540 4787 4336 4540 4474 4351 4514 4622 4429 4939 4445 4632 4698 4383 4460 4114 4899 4785 4624 4111 
3841 4307 4646 4425 4718 4779 4439 3928 4696 4259 4486 4387 4568 4669 4451 4508 4514 4373 4568 4588 4219 4901 4212 4522 4525 4365 4296 4365 4601 4460 4764 4125 
4092 4441 4654 4395 4731 4800 4518 4120 4775 4505 4297 4268 4416 4621 4720 4379 4417 4377 4332 4574 4368 4955 4589 4470 4456 4168 4455 4270 4910 4667 4773 4080 
3763 4556 4932 4751 4906 4832 4812 4181 4693 4551 4664 4634 4607 5012 4676 4726 4678 4730 4825 4540 4755 5006 4528 4713 5035 4450 4770 4360 4735 4891 4843 4401 
3559 3796 3927 3998 4447 4305 4170 3832 4266 4092 4060 3913 3735 3923 3910 3964 4194 3917 4029 4180 4004 4331 4180 4082 4473 3887 4247 3827 4345 4134 4104 3942 
3870 4189 4402 4332 4452 4630 4411 3934 4664 4010 4362 4283 4129 4567 4617 4261 4286 4370 4423 4244 4171 4550 4270 4333 4269 4286 4258 4155 4596 4186 4462 4069 
3834 4610 4586 4589 4732 4995 4745 4130 4615 4539 4654 4483 4473 4858 4217 4500 4724 4462 4818 4364 4277 4800 4378 4628 4859 4352 4493 4241 4751 4783 4619 4246 
3920 4373 3974 4357 4445 4532 4421 3950 4344 3939 4312 4317 4142 4386 4182 4341 4211 4224 4157 4188 4054 4758 3903 4229 4391 4014 4244 3898 4260 4287 4373 3972 
3960 4496 4783 4514 4940 4982 4853 4088 4849 4438 4646 4524 4632 4962 4662 4625 4754 4639 4397 4436 4513 5010 4466 4754 4533 4741 4434 4328 4758 4669 4549 4346 
3570 4392 4065 4263 4407 4224 4300 3877 4002 4305 4391 3983 4101 4405 4302 4107 4410 4019 3993 4099 4061 4333 4119 4231 4196 3974 3818 3921 4344 4341 4268 3920 
3985 4573 4750 4482 4811 5070 4586 4121 4792 4426 4615 4389 4463 4666 4585 4768 4609 4321 4508 4734 4591 4740 4388 4622 4674 4745 4415 4270 4574 4522 4643 4125 
3892 4412 4667 4305 5006 4777 4779 3986 4531 4284 4361 4276 4370 4674 4461 4607 4574 4532 4359 4509 4591 4836 4326 4465 4538 4498 4367 4119 4489 4404 4508 4273 
4161 4595 4919 4745 4933 5044 4791 4247 4898 4745 4817 4501 4642 4835 4679 4494 4751 4609 4463 4754 4433 5092 4407 4395 4858 4313 4674 4405 4711 4817 5000 4142 
3863 4174 4238 4296 4367 4274 4172 3880 4357 4066 4270 4195 4328 4780 4228 4148 4202 4161 4171 4439 4174 4587 4241 4452 4362 4205 4175 3923 4364 4317 4510 4140 
4265 4491 4580 4726 4844 4998 4860 4283 4678 4778 4881 4733 4666 4799 4646 5140 4686 4832 4649 4744 4696 5135 4685 4732 4754 4666 4865 4401 4783 4861 4810 4562 
3895 4464 4584 4572 4932 4808 4420 4086 4615 4481 4740 4240 4292 4921 4503 4372 4435 4375 4765 4571 4432 4857 4435 4306 4691 4590 4232 4259 4579 4518 4746 4325 
3919 4193 4187 4320 4518 4519 4484 4060 4462 4048 4573 4388 4189 4589 4531 4484 4297 4481 4236 4306 4289 4750 4465 4214 4418 4043 4361 4218 4566 4465 4515 4194 
3924 4533 4724 4764 4800 4856 4649 4168 4765 4659 4735 4748 4367 4885 4655 4652 4741 4580 4795 4862 4600 5079 4425 4538 4835 4433 4739 4475 4738 4555 4800 4325 
