4538 5299 5526 5181 5296 5436 5390 4602 5353 5009 5245 5059 5292 5529 5398 5125 5132 5158 5252 5323 4971 5360 4930 5225 5201 4938 4944 4983 5191 5412 5254 4893 
4922 5163 5680 5135 5899 5590 5241 4606 5216 4951 5410 5276 5278 5648 5470 5077 5313 5171 5033 5388 5255 5562 4876 5734 5441 5118 5283 4768 5526 5423 5307 5150 
4812 5075 5627 5250 5400 5493 5328 4887 5232 5069 5120 5337 5307 5594 5338 5160 5240 5100 5144 5213 5209 5400 5217 5574 5301 5046 5080 5232 5377 5463 5269 4961 
4510 4640 5054 4703 4981 5118 4696 4194 4718 4650 4380 4776 4711 5106 4725 4527 4754 4641 4852 4859 4651 5069 4609 4959 4799 4730 4446 4444 4916 5108 4701 4662 
4119 4597 4885 4422 4873 4787 5130 4411 4702 4552 4757 4657 4734 5013 4689 4802 4592 4644 4493 4741 4545 5102 4548 4941 4627 4756 4680 4552 4883 5003 4690 4628 
4667 5065 5358 5178 5312 5437 5375 4599 5191 5006 5236 5140 5188 5431 5066 5151 5136 5360 5003 5406 5051 5701 4892 5418 5304 5218 5032 4786 5033 5259 5260 5142 
4778 4749 5479 5145 5113 5584 5133 4801 5203 4888 4965 5036 4906 5338 5179 5208 5043 5172 4984 5198 5024 5374 4760 5283 5051 5014 5095 4884 5175 5193 5127 4950 
4905 5114 5716 5174 5625 5735 5354 4974 5257 5154 5395 4980 5148 5589 4970 5299 5166 5338 5064 5273 5123 5571 4981 5703 5261 4917 5349 4950 5079 5239 5334 4868 
4799 5275 5399 5014 5589 5258 5261 5013 5142 4966 5161 4971 5157 5644 5196 4974 5277 5077 5307 5401 5151 5820 5013 5285 5445 5291 5303 4742 5271 5501 5068 5065 
3934 4494 4647 4566 4716 4628 4767 4033 4457 4449 4753 4507 4434 5000 4739 4155 4565 4688 4613 4620 4343 4791 4323 4605 4710 4579 4592 4518 4554 4773 4634 4383 
4656 5223 5347 5073 5249 5512 5422 4916 5568 5188 5065 5442 5203 5614 5153 5173 5276 5508 5121 5422 5234 5633 4968 5357 5471 5164 5169 4870 5459 5546 5429 5113 
5004 5551 5941 5334 5829 5658 5512 4939 5454 5312 5506 5346 5695 6015 5564 5537 5542 5412 5379 5580 5404 5774 5100 5917 5771 5240 5178 5207 5767 5788 5581 5403 
4507 4768 5230 4754 5357 5300 5156 4615 5311 4750 4971 5113 4930 5150 5036 5143 5081 5159 5098 4986 5034 5378 4617 5175 5120 5057 5152 4826 5045 5151 5059 4672 
4446 5031 5374 4881 5170 5592 5155 4772 5120 5036 5185 5171 5140 5526 5231 4957 5209 5326 5001 5025 5086 5460 4921 5213 5306 4963 4961 4836 5240 5088 5372 4836 
4436 5065 5469 5098 5487 5425 5326 4590 5233 5194 5333 5067 5125 5592 4941 5095 5033 5104 5160 5207 5132 5474 4875 5414 5318 5082 4934 4753 5459 5413 5213 4791 
4588 4986 5422 5040 5437 5466 5051 4581 5364 4857 5074 5080 5224 5392 5143 5089 5059 5176 5286 5203 4932 5591 4755 5270 5209 5062 4910 4997 5263 5147 5317 4755 
4825 5184 5522 5058 5411 5492 5184 4831 5471 5215 4946 4959 5166 5425 5449 4993 5099 5292 5085 5307 5121 5653 5024 5354 5162 4936 5082 4969 5563 5433 5421 4882 
4237 4973 5521 5287 5460 5269 5287 4625 5116 5075 5111 5105 5069 5530 5167 5055 5083 5271 5443 4971 5212 5482 4763 5417 5587 5045 5296 4830 5217 5368 5272 4980 
4205 4339 4673 4510 5049 4901 4837 4399 4822 4706 4607 4504 4393 4594 4546 4593 4679 4666 4665 4784 4660 4866 4635 4772 5043 4491 4805 4335 4892 4813 4633 4541 
4557 4880 5315 5000 5209 5388 5046 4640 5326 4654 5076 5067 4823 5428 5353 4804 4931 5275 5286 4945 4853 5181 4871 5174 5053 5013 4991 4827 5210 4927 5024 4790 
4438 5254 5275 5129 5310 5663 5352 4730 5231 5138 5253 5121 5131 5526 4870 5072 5253 5194 5486 4891 4931 5381 4835 5335 5538 4914 5071 4797 5373 5433 5065 4906 
4761 5091 4897 4934 5196 5339 5084 4575 5032 4563 4911 4995 4791 5108 4900 4989 4850 5050 4953 4863 4833 5458 4465 5101 5177 4638 4872 4551 4915 5066 4883 4730 
4814 5176 5721 5218 5651 5652 5594 4749 5492 5079 5204 5197 5337 5851 5325 5206 5407 5449 5222 5106 5350 5714 5026 5676 5331 5452 5166 5085 5403 5534 5090 5156 
4339 5114 4927 4934 5140 4979 4918 4567 4725 4988 5069 4775 4810 5355 5068 4770 5106 4960 4735 4810 4863 4942 4721 5021 4898 4688 4453 4631 5000 5080 4904 4637 
4701 5188 5524 5146 5446 5746 5148 4793 5427 5043 5211 5101 5144 5482 5105 5229 5157 5112 5215 5317 5346 5398 4826 5424 5337 5435 5031 4915 5194 5207 5272 4783 
4606 5154 5573 4859 5686 5521 5449 4703 5153 4934 5034 5008 5073 5522 5190 5286 5207 5402 5125 5206 5357 5531 4915 5312 5284 5211 5044 4828 5178 5273 5001 5025 
4910 5274 5723 5431 5675 5811 5488 4885 5547 5432 5532 5235 5394 5728 5408 5103 5310 5441 5289 5473 5216 5691 4918 5240 5595 4978 5277 5059 5413 5568 5567 4901 
4449 4756 4896 4733 4880 4792 4774 4351 4833 4588 4753 4803 4878 5377 4802 4665 4691 4774 4696 4951 4794 5094 4677 5116 4940 4731 4673 4355 4888 4926 4989 4681 
4953 5063 5357 5354 5464 5611 5460 4830 5274 5301 5393 5363 5277 5532 5232 5617 5229 5557 5363 5351 5367 5748 5156 5461 5377 5246 5469 5014 5384 5548 5299 5216 
4574 5210 5403 5239 5626 5490 5090 4823 5280 5166 5351 4939 5016 5725 5211 4986 5075 5224 5535 5171 5207 5597 4919 5247 5376 5421 4886 4959 5280 5240 5417 5101 
4776 4926 5111 4972 5314 5188 5243 4734 5243 4731 5143 5110 4869 5408 5248 5108 4965 5353 5014 5005 5120 5535 5006 5103 5189 4776 5021 4874 5180 5189 5122 4933 
4667 5219 5614 5426 5462 5537 5284 4762 5414 5210 5301 5457 4985 5684 5338 5157 5402 5509 5581 5594 5378 5658 4945 5420 5515 5103 5384 5129 5284 5233 5410 5071 
