2747 2506 2550 2624 2627 2733 2627 2783 2528 2735 2833 2850 2854 2929 2823 2636 2569 2314 2519 2666 3054 2544 2441 2862 2909 2724 2665 2753 2618 2641 2528 2624 
2989 2594 2324 2630 2617 2758 2809 2785 2474 2650 3030 2964 3051 3156 2657 2787 2619 2391 2577 2848 2854 2667 2490 2939 2968 2740 2605 2879 2715 3089 2622 2775 
2803 2471 2238 2293 2467 2305 2670 2609 2404 2891 2744 2946 2676 2835 2451 2528 2498 2276 2537 2725 2748 2611 2269 2709 2802 2565 2714 2699 2630 2981 2559 2580 
2587 2101 2049 2166 2052 2057 2099 2099 2009 2344 2383 2400 2464 2518 2213 2306 2168 1892 2139 2264 2369 2338 2037 2278 2257 2160 2267 2426 2361 2436 2195 2348 
2690 2589 1982 2083 2424 2366 2423 2550 2111 2396 2625 2691 2512 2741 2334 2419 2290 2285 2257 2581 2586 2434 2241 2378 2512 2351 2570 2546 2254 2589 2443 2452 
2576 2320 2154 2475 2333 2588 2495 2512 2295 2317 2483 2598 2388 2758 2399 2319 2482 2182 2410 2218 2538 2495 2057 2520 2468 2485 2419 2487 2431 2712 2334 2449 
2798 2407 2278 2463 2544 2617 2550 2648 2324 2644 2654 2809 2912 2921 2670 2872 2537 2256 2542 2461 2704 2631 2472 2850 2676 2537 2654 2706 2670 2834 2523 2773 
2956 2709 2447 2573 2678 2654 2711 2774 2664 2787 2881 3031 2974 3031 2714 2849 2515 2587 2684 2739 2828 2637 2473 2948 3027 2577 2780 3027 2656 3017 2654 2711 
2695 2518 2150 2420 2585 2573 2620 2595 2302 2534 2792 2802 2875 2974 2415 2647 2392 2378 2487 2762 2714 2490 2405 2736 2781 2589 2544 2735 2447 2799 2298 2550 
2501 2220 1929 2308 2266 2359 2271 2421 2095 2241 2603 2516 2369 2545 2393 2313 2180 2094 2386 2336 2275 2126 2068 2350 2411 2089 2394 2488 1967 2544 2183 2410 
2834 2516 2221 2596 2466 2716 2611 2580 2483 2713 2773 2898 2698 2950 2789 2633 2530 2153 2624 2599 2813 2754 2370 2588 2625 2495 2714 2792 2532 2735 2527 2545 
3345 2803 2655 2624 2900 2987 2719 2948 2428 2834 2978 3113 2966 3241 2839 2870 2840 2683 2866 2760 3038 2935 2765 2927 3103 2825 3092 3015 2634 3229 2869 3062 
2738 2634 2344 2382 2718 2672 2424 2483 2319 2447 2524 2903 2473 2707 2679 2551 2391 2357 2446 2693 2787 2709 2441 2716 2864 2510 2704 2592 2328 2918 2534 2658 
2764 2520 2066 2261 2682 2435 2524 2469 2220 2442 2510 2789 2532 2873 2449 2503 2493 2298 2553 2764 2655 2723 2279 2593 2901 2293 2649 2575 2465 2722 2382 2412 
2786 2499 2231 2389 2583 2486 2502 2692 2356 2564 2673 2957 2720 2824 2606 2680 2478 2115 2425 2559 2670 2576 2314 2606 2794 2400 2646 2608 2321 2884 2468 2546 
2933 2558 2382 2468 2535 2701 2625 2608 2500 2757 2733 2739 2799 2951 2684 2654 2576 2420 2487 2645 2885 2767 2520 2748 2822 2713 2721 2835 2653 2859 2558 2692 
2978 2599 2287 2395 2642 2686 2609 2539 2381 2686 2625 3053 2759 3090 2756 2740 2608 2221 2434 2697 2806 2757 2343 2508 2932 2539 2724 2808 2485 3016 2522 2694 
2987 2681 2582 2659 2657 2737 2844 2705 2602 2726 2892 3144 2728 2963 2800 2775 2607 2427 2727 2804 2936 2855 2487 2910 3150 2659 2773 2639 2886 2997 2830 2782 
2493 2136 2017 2132 2078 2206 2306 2135 2044 2320 2293 2420 2313 2593 2181 2173 2199 1900 2101 2056 2235 2313 1843 2226 2336 2073 2155 2441 2318 2445 2080 2145 
2783 2456 2154 2173 2435 2416 2519 2299 2170 2398 2777 2736 2538 2863 2335 2626 2357 2208 2382 2599 2588 2562 2053 2450 2794 2359 2584 2564 2306 2627 2386 2585 
2761 2487 2409 2465 2537 2521 2447 2591 2361 2652 2641 2721 2680 2921 2540 2516 2461 2090 2513 2550 2612 2424 2342 2739 2745 2412 2474 2644 2527 2602 2451 2634 
2703 2401 2234 2342 2448 2499 2377 2418 2260 2485 2569 2717 2439 2788 2315 2390 2318 2037 2457 2512 2542 2601 2043 2448 2654 2252 2521 2613 2343 2516 2442 2621 
2901 2563 2355 2428 2772 2554 2674 2679 2452 2637 2791 3075 2740 2863 2677 2689 2688 2422 2617 2767 2875 2715 2547 2817 2926 2789 2631 2740 2460 2811 2441 2752 
2737 2329 2101 2141 2450 2443 2264 2335 2127 2311 2436 2588 2389 2596 2222 2461 2202 2190 2261 2381 2486 2467 2060 2357 2738 2434 2590 2516 2473 2516 2281 2483 
2962 2626 2439 2589 2578 2514 2582 2674 2431 2531 2561 2931 2795 2992 2610 2647 2578 2363 2413 2720 2725 2745 2402 2846 2618 2565 2715 2607 2745 2720 2502 2698 
2648 2421 2286 2428 2511 2580 2485 2520 2197 2536 2704 2815 2678 2834 2614 2440 2563 2242 2469 2451 2567 2744 2240 2594 2754 2311 2628 2405 2384 2847 2442 2453 
2761 2589 2315 2477 2661 2768 2748 2668 2514 2668 2668 2951 2930 3001 2581 2793 2500 2348 2511 2736 2660 2743 2478 2865 2912 2788 2674 2826 2789 2831 2473 2588 
2754 2537 2230 2369 2622 2562 2447 2445 2322 2664 2683 2854 2443 2902 2434 2407 2380 2297 2609 2681 2717 2702 2281 2471 2645 2516 2662 2733 2459 2842 2456 2641 
2906 2492 2179 2385 2558 2720 2674 2758 2369 2517 2806 2977 2639 2907 2592 2650 2461 2402 2631 2643 2447 2715 2241 2849 2791 2593 2637 2687 2464 3005 2529 2711 
2642 2472 2293 2330 2269 2397 2469 2485 2339 2485 2671 2687 2618 2568 2379 2470 2195 2102 2332 2492 2378 2590 2235 2588 2502 2279 2551 2624 2428 2402 2564 2564 
2671 2573 2125 2468 2672 2608 2545 2605 2484 2748 2812 2788 2610 2826 2544 2537 2488 2236 2587 2598 2610 2738 2400 2722 2854 2548 2696 2590 2481 2903 2529 2625 
2936 2685 2491 2739 2814 2972 2824 2826 2509 2843 3076 3149 2894 3178 2804 2810 2831 2532 2805 2806 2833 2940 2486 3035 3137 2828 2901 3056 2752 3123 2750 2932 
