2082 1891 1828 2045 2011 2203 2105 2135 1948 2154 2150 2144 2247 2226 2310 1842 1898 1695 1782 2023 2432 2046 1814 2100 2250 2153 1974 2047 1924 2151 1924 1933 
2203 1886 1546 1967 1917 2145 2155 2052 1839 1984 2297 2168 2307 2290 2068 1848 1959 1696 1954 2095 2185 2005 1843 2047 2287 2112 1795 2151 1848 2343 1884 1985 
1963 1726 1457 1676 1792 1693 1970 1967 1748 2183 1953 2066 2073 1991 1803 1660 1863 1584 1870 1969 2091 1991 1652 1832 1994 1967 1918 1899 1751 2293 1787 1885 
1911 1477 1394 1585 1474 1696 1495 1548 1500 1797 1728 1695 1816 1734 1795 1566 1553 1319 1649 1633 1824 1839 1524 1499 1701 1700 1619 1811 1676 1828 1576 1610 
2100 1946 1385 1550 1885 1970 1942 1990 1603 1858 2022 2011 1996 2150 1875 1761 1727 1811 1757 1986 2030 1965 1679 1691 2002 1870 1966 1907 1659 2148 1861 1798 
2018 1815 1646 1979 1883 2200 2083 2040 1832 1862 1933 2034 1931 2183 1990 1695 1951 1650 1911 1735 2059 2155 1644 1980 2039 2096 1893 1975 1862 2314 1895 1930 
2077 1801 1539 1874 1861 2044 1951 1977 1745 1928 1940 2062 2186 2173 2025 2012 1867 1630 1922 1877 2055 1996 1858 1949 2029 2019 1874 2014 1850 2122 1844 2071 
2091 1959 1637 1896 1967 1993 2122 2077 1886 1987 2133 2128 2232 2144 2058 1936 1795 1857 1901 2039 2167 2014 1827 1987 2252 1953 2057 2170 1744 2319 1812 1925 
2001 1901 1433 1879 2041 2095 2060 2082 1799 1974 2070 2008 2249 2226 1963 1872 1765 1720 1911 2097 2151 1932 1776 1963 2161 2061 1854 2076 1691 2172 1732 1879 
1936 1694 1354 1830 1845 1997 1848 1971 1655 1783 2038 1949 1903 2056 2007 1710 1736 1616 1877 1847 1890 1748 1597 1749 1974 1672 1875 1959 1519 2104 1679 1914 
2207 1986 1646 2054 2001 2237 2135 2035 1965 2211 2126 2308 2138 2309 2278 1877 1965 1624 2042 2013 2340 2311 1902 1964 2140 2114 2045 2250 1898 2302 2021 2035 
2556 2085 1787 1965 2163 2358 2102 2208 1830 2120 2102 2277 2237 2362 2213 1899 2089 1933 2079 1999 2309 2216 1993 2009 2273 2151 2231 2224 1859 2496 2154 2235 
2236 2155 1800 1956 2129 2205 1957 2067 1925 1885 2051 2280 2012 2175 2216 1992 1998 1821 1989 2101 2294 2162 1903 2065 2277 2114 2221 1979 1768 2398 2066 2112 
2003 1901 1401 1633 1991 1869 1919 1875 1582 1830 1832 2024 1913 2132 1902 1662 1860 1618 1929 1958 1992 2074 1662 1826 2192 1799 1890 1915 1668 2160 1755 1728 
2067 1866 1515 1762 1901 1942 1953 2033 1742 1910 1949 2175 2094 2107 2006 1850 1842 1577 1802 1877 2021 1933 1637 1788 2108 1860 1964 1895 1596 2261 1735 1820 
2268 2040 1715 1924 1980 2236 2104 2135 1928 2164 2104 2051 2301 2397 2170 1980 2087 1860 1940 2071 2378 2239 2013 2060 2219 2259 2118 2170 2014 2342 1957 2189 
2243 2040 1680 1821 2031 2176 2022 2018 1814 2073 1994 2253 2171 2382 2150 1979 2004 1655 1894 2103 2225 2146 1777 1792 2273 2105 2101 2162 1778 2420 1850 2026 
2159 2000 1767 1990 1914 2122 2208 2093 1991 1997 2134 2239 2076 2150 2210 1936 1985 1699 1983 2067 2328 2175 1748 1978 2352 2030 1996 1964 2045 2237 2067 2067 
1937 1709 1525 1742 1629 1870 1924 1774 1608 1835 1839 1874 1901 2060 1817 1657 1796 1491 1678 1652 1833 1898 1457 1741 1813 1761 1763 1905 1809 2054 1619 1732 
1981 1787 1411 1589 1839 1931 1906 1678 1629 1769 1968 1911 1867 2075 1689 1724 1603 1539 1724 1940 1885 1892 1448 1592 2100 1826 1818 1816 1598 1981 1698 1792 
2071 1874 1710 1907 1870 1966 1909 1926 1773 1963 1928 1942 2000 2150 1962 1718 1777 1448 1829 1938 1999 1901 1621 1909 2077 1885 1732 2022 1734 2021 1810 1910 
1999 1813 1538 1804 1829 1984 1862 1817 1732 1862 1923 1961 1775 2028 1798 1620 1721 1478 1852 1918 1982 1981 1412 1677 2060 1800 1867 1915 1640 1921 1802 1912 
2097 1955 1597 1868 2057 1975 2113 2014 1864 1943 2064 2221 2092 2136 2054 1812 1990 1771 1869 2076 2265 2016 1772 1899 2133 2175 1901 2060 1679 2222 1755 1982 
2049 1729 1400 1606 1774 1829 1697 1656 1573 1664 1759 1813 1773 1893 1656 1689 1590 1557 1676 1735 1858 1885 1394 1613 2016 1863 1827 1834 1631 1936 1724 1833 
2150 1982 1666 1921 1917 1986 1912 2009 1760 1893 1891 2051 2093 2159 2060 1765 1798 1676 1793 2038 2053 2047 1695 1967 1953 1980 2018 1926 1913 2126 1799 1889 
1948 1906 1593 1851 1879 2166 1967 2030 1629 1886 2124 2131 2102 2175 2122 1740 1973 1657 1846 1945 2004 2151 1670 1843 2136 1851 2038 1826 1728 2284 1794 1887 
2149 2049 1624 1934 2000 2258 2182 2136 1977 2032 2067 2255 2267 2255 2078 2116 1908 1780 1939 2150 2144 2236 1837 2130 2229 2243 1977 2222 2025 2253 1878 1979 
2206 1986 1586 1866 2074 2035 2047 1961 1790 2070 2077 2202 1951 2307 1943 1772 1855 1696 2073 2022 2100 2155 1749 1790 2055 2078 2039 2011 1811 2374 1946 2069 
2142 1943 1526 1879 2000 2222 2160 2158 1808 1889 2135 2209 2074 2270 2048 1853 1934 1857 2038 2004 1971 2151 1683 1973 2162 2066 2053 2066 1687 2403 1921 2047 
1989 1790 1603 1791 1786 1885 1880 1889 1782 1924 2022 1851 1995 1887 1912 1705 1627 1506 1764 1836 1877 2029 1641 1836 1976 1768 1872 1861 1759 1895 1926 1880 
1961 1983 1440 1846 1933 2098 1991 2030 1940 2090 2199 2094 2002 2108 2044 1815 1800 1599 2044 2062 1999 2108 1780 1976 2111 1983 1981 2037 1768 2201 1869 1955 
2146 1878 1683 2076 2116 2299 2218 2156 1933 2148 2271 2225 2169 2342 2194 1979 2134 1749 2095 2134 2173 2277 1830 2225 2385 2180 2062 2184 1970 2410 2063 2183 
