595 504 710 777 618 711 779 727 632 706 749 738 754 841 818 556 618 599 581 784 913 691 545 735 567 831 663 782 700 843 640 617 
492 461 489 670 525 559 635 614 488 575 659 669 681 706 659 469 568 547 598 670 740 516 494 689 498 740 537 683 557 795 536 519 
619 559 511 644 643 586 721 719 614 859 759 796 772 851 649 443 683 587 698 683 781 721 504 664 607 718 749 793 692 1044 621 559 
555 501 574 591 490 530 496 589 503 675 542 719 624 685 603 490 449 440 560 627 684 638 398 539 474 609 560 666 620 711 474 414 
566 499 496 518 530 506 546 606 385 537 524 572 572 610 518 381 547 518 430 553 542 561 466 430 475 536 527 585 532 710 537 433 
720 675 707 895 750 794 883 944 665 789 733 919 860 970 832 583 802 725 692 878 888 901 596 864 711 912 832 791 723 1037 777 749 
522 570 568 732 596 620 671 710 581 620 599 798 804 807 647 582 518 553 610 645 731 682 521 720 537 773 583 769 599 786 591 586 
630 625 641 713 652 618 811 790 685 824 731 874 892 836 745 603 730 690 629 746 851 765 585 830 676 765 750 856 685 924 601 561 
577 531 535 638 667 590 646 715 524 546 611 646 722 685 623 464 621 560 492 655 706 585 496 687 593 687 523 642 580 705 504 507 
462 499 465 620 593 562 553 654 441 589 582 677 664 633 650 427 603 527 580 638 628 530 396 639 542 539 547 575 436 718 532 492 
588 498 566 674 646 581 665 708 588 636 692 803 685 790 745 457 589 465 697 624 742 697 464 648 492 704 602 788 623 864 575 590 
719 647 662 686 717 745 710 789 503 679 667 808 710 909 714 471 718 635 605 637 806 721 503 641 626 742 709 707 707 907 702 564 
636 716 682 787 762 849 735 858 672 699 707 912 766 859 812 573 753 697 697 811 781 796 579 768 709 819 753 818 594 1015 628 658 
569 542 429 561 587 572 651 631 453 642 544 681 640 699 534 398 641 533 555 640 647 641 518 592 601 606 585 599 556 840 574 519 
523 518 489 584 559 534 642 663 466 619 558 717 687 658 600 455 562 529 578 613 648 586 388 564 483 545 618 616 521 728 571 470 
621 567 585 697 641 606 748 751 629 705 701 703 808 853 693 512 691 592 597 705 823 738 638 744 604 801 645 789 692 953 618 598 
731 688 735 740 708 803 722 784 623 794 710 898 777 870 826 543 747 674 654 897 846 743 558 710 687 797 726 815 674 979 618 625 
490 473 498 650 604 553 706 734 524 594 614 687 639 645 624 434 604 573 601 655 721 608 388 599 575 600 590 602 580 770 577 505 
584 586 587 724 607 626 719 650 555 787 687 759 718 805 654 527 703 563 619 689 773 695 444 683 519 707 698 769 673 886 574 543 
454 535 443 484 544 553 533 571 438 492 543 608 534 639 520 402 481 406 479 559 566 503 349 545 483 575 534 575 465 691 475 384 
633 633 569 633 655 651 575 692 526 606 578 728 706 732 658 474 646 522 605 719 678 639 447 678 614 656 558 724 557 807 578 520 
515 526 552 603 531 567 514 555 414 572 526 519 472 623 539 412 519 424 552 605 580 567 333 496 430 651 474 653 513 632 550 504 
577 659 633 802 784 724 805 792 684 775 742 837 788 811 736 540 791 666 692 785 851 690 559 804 709 824 659 795 637 938 565 686 
498 473 438 534 513 518 470 540 438 643 563 632 616 673 553 426 479 441 559 554 585 642 366 584 520 579 499 607 573 699 512 409 
555 591 630 689 618 625 620 691 530 616 601 715 723 740 659 504 632 547 497 665 661 692 436 608 522 634 620 657 633 766 553 469 
610 629 630 849 733 779 715 815 541 699 714 823 817 823 768 484 773 656 635 786 742 772 546 707 665 696 696 698 650 925 693 606 
589 646 622 749 688 683 760 791 615 694 680 819 842 852 704 614 680 659 609 754 764 815 556 817 695 786 631 774 736 879 618 581 
486 507 492 612 586 612 578 589 520 643 632 625 561 729 532 413 567 490 608 539 637 662 424 474 431 641 575 621 604 813 513 464 
546 590 538 701 668 698 682 761 547 606 583 859 707 878 697 469 646 564 623 665 664 694 475 690 584 745 617 738 554 901 566 573 
500 522 484 600 679 544 587 677 611 645 657 680 740 733 590 477 521 529 583 535 656 660 480 628 577 637 577 679 638 757 530 483 
526 567 501 661 642 638 654 673 579 710 725 723 657 796 642 480 637 575 689 662 747 682 542 672 597 792 697 755 607 947 576 624 
643 547 585 756 726 694 806 752 618 860 799 821 797 943 798 498 743 606 725 693 901 831 557 831 680 825 720 813 743 983 699 744 
