4067 3835 3860 3647 3607 3903 4133 4075 3934 4064 4183 3954 4084 4263 4062 3962 3704 3583 3819 4210 4389 3886 3824 4188 4144 3961 4089 4042 3809 3924 3797 3933 
4276 3776 3483 3581 3540 3869 4162 3940 3723 3933 4125 4078 4311 4430 3788 3970 3556 3469 3845 4222 4234 3839 3842 4147 4139 3865 3874 4123 3834 4284 3870 4053 
4261 3947 3675 3411 3584 3598 4057 3900 3908 4494 4124 4265 4023 4351 3819 3950 3709 3550 3851 4406 4194 3950 3651 4179 4187 3886 4207 4065 3924 4374 3923 4038 
3983 3517 3381 3341 3081 3222 3584 3372 3468 3836 3760 3734 3874 3881 3389 3700 3211 3163 3427 3753 3847 3700 3448 3578 3528 3471 3769 3766 3742 3894 3697 3748 
3937 3763 3162 3076 3388 3462 3568 3699 3221 3618 3915 3768 3559 3887 3347 3612 3394 3338 3510 3937 3789 3755 3413 3599 3574 3442 3721 3731 3389 3811 3641 3654 
3969 3846 3543 3585 3346 3778 4037 3884 3753 3844 3901 3959 3626 4043 3623 3683 3683 3400 3833 3834 3984 3999 3538 3926 3766 3794 3802 3882 3749 4070 3751 3836 
4040 3583 3327 3385 3256 3761 3831 3734 3467 3815 3822 3827 4042 3995 3625 4115 3371 3370 3811 3667 3782 3762 3739 3921 3711 3605 3834 3896 3742 3923 3864 3939 
4118 3906 3605 3519 3618 3715 3855 3951 3797 3958 3969 4115 4074 4118 3638 3842 3614 3609 3757 4070 3958 3823 3639 4186 3938 3644 3964 4059 3681 4042 3648 3876 
4276 3923 3465 3597 3610 3799 4134 3885 3615 3930 4275 4161 4315 4411 3682 4089 3673 3673 3948 4333 4104 3902 4010 4166 4116 3966 4040 4210 3850 4250 3809 3952 
3670 3390 3214 3211 3132 3504 3639 3543 3450 3497 3756 3720 3524 3625 3420 3540 3212 3212 3658 3594 3528 3247 3355 3658 3489 3269 3720 3751 3102 3623 3414 3530 
4177 3979 3605 3756 3408 4011 4142 3913 3949 4171 4254 4067 4072 4338 3953 4030 3622 3388 4118 4070 4284 4164 3767 3908 3955 3784 4181 4175 3894 3991 3988 3918 
4866 4242 3983 3715 3949 4299 4274 4390 3930 4304 4474 4322 4404 4722 4072 4424 4025 4099 4403 4400 4543 4324 4294 4397 4434 4220 4547 4430 3969 4718 4410 4456 
3929 3896 3552 3392 3510 3799 3807 3605 3683 3611 3705 4057 3753 3905 3799 3857 3340 3533 3697 3999 4105 3869 3689 4008 4020 3711 4029 3855 3567 4123 3869 3891 
4091 3743 3341 3317 3703 3562 3910 3632 3579 3817 3798 4054 3785 4213 3619 3962 3658 3535 3895 4270 4037 4007 3685 3864 4218 3489 3965 3954 3698 4110 3685 3733 
4228 3955 3800 3510 3675 3823 4054 4189 3980 4157 4207 4324 4243 4341 3943 4102 3768 3391 3882 4182 4177 3983 3765 4054 4114 3796 4208 4149 3815 4397 3878 3979 
4148 3717 3592 3444 3555 3676 4073 3877 3769 4012 3963 3822 4024 4076 3673 3857 3602 3554 3823 3996 4208 4073 3742 3971 3895 3793 3983 4186 3843 4106 3893 3881 
4193 3818 3441 3359 3566 3799 3988 3496 3714 4098 3878 4280 3971 4325 3842 3972 3637 3383 3656 4169 4059 3978 3614 3661 4058 3709 4007 4078 3614 4305 3693 3901 
4323 4146 3877 3844 3679 4030 4338 3975 4153 4153 4209 4370 4199 4461 4066 4156 3736 3727 4141 4398 4353 4211 4010 4403 4406 3947 4288 4010 4156 4280 4320 4233 
3812 3458 3272 3179 2997 3407 3722 3312 3494 3740 3592 3613 3640 4040 3469 3534 3481 3282 3468 3632 3566 3685 3266 3652 3554 3340 3501 3801 3563 3749 3332 3570 
4185 3804 3430 3262 3326 3657 3961 3521 3545 3688 4163 4055 3835 4195 3441 3979 3500 3554 3803 4125 4037 3896 3481 3897 4034 3597 3957 3906 3647 3920 3737 4067 
4102 3858 3730 3576 3524 3780 4020 3937 3793 4171 4119 4024 4116 4322 3855 3860 3614 3409 3964 3991 4182 3820 3727 4134 4170 3659 4017 4084 3962 4002 3908 4039 
3931 3750 3393 3410 3335 3627 3803 3549 3641 3843 3734 3912 3620 3907 3440 3517 3421 3208 3629 3851 3794 3805 3347 3800 3706 3426 3979 3752 3359 3594 3419 3777 
4357 3962 3746 3483 3857 3836 4187 4105 3844 4120 4153 4460 4005 4164 3822 3958 3865 3593 3909 4254 4249 4021 3953 4085 4195 4103 4045 4183 3797 4220 3760 4106 
3957 3563 3389 3035 3331 3529 3592 3510 3539 3548 3525 3795 3533 3840 3400 3601 3268 3301 3456 3672 3822 3680 3461 3679 3797 3631 3916 3727 3652 3610 3472 3678 
4416 4024 3766 3745 3589 3829 4055 3994 3867 3875 4001 4213 4159 4271 3735 4085 3785 3640 3841 4403 4174 4084 3761 4331 3942 3813 4167 4008 4042 4078 3852 4105 
4036 3809 3543 3464 3458 3797 4043 3837 3633 3849 4072 4087 3967 4186 3816 3811 3734 3513 3881 3939 3955 4133 3732 3983 4037 3692 4039 3780 3764 4093 3860 3750 
4049 3899 3591 3560 3657 3891 4257 3801 3912 4054 3866 4171 4290 4217 3736 4073 3580 3498 3920 4147 3991 4033 3903 4266 4039 3958 4186 4050 3992 4087 3724 3842 
4095 3775 3415 3392 3609 3577 3772 3491 3721 4031 3965 4034 3630 4011 3452 3668 3453 3477 3924 4026 3985 3994 3584 3677 3912 3695 3877 4041 3681 4085 3633 3920 
4432 4011 3572 3633 3625 4186 4344 4149 4132 4074 4275 4358 4090 4443 4027 4162 3735 3791 4370 4253 4039 4218 3894 4501 4249 3974 4339 4304 3858 4387 4057 4313 
4245 3915 3623 3480 3378 3704 4156 3806 3977 3994 4202 4091 4005 3969 3769 4107 3458 3593 3820 4110 3916 4012 3762 4197 3982 3677 4053 4129 3847 3916 4188 3946 
4056 3966 3583 3562 3703 3845 3989 3997 3858 4197 4202 4010 3951 4246 3728 3937 3707 3546 4006 4126 3912 4132 3848 4094 4052 3806 4223 3964 3830 4350 3959 4117 
4251 3979 3757 3809 3698 4115 4210 3936 3853 4174 4376 4332 4146 4469 3959 4163 3878 3882 4020 4180 4144 4188 3756 4341 4377 4031 4328 4304 3966 4382 4112 4298 
