5397 5099 5015 4882 4762 5096 5720 5222 5338 5411 5328 5038 5413 5432 5176 5304 5059 4781 4991 5502 5524 5084 4989 5362 5307 5320 5348 5264 4929 5132 4870 5296 
5669 5103 4844 4914 4857 5164 5667 5376 5245 5202 5416 5240 5815 5730 4814 5303 4824 4697 5141 5445 5749 5050 5202 5221 5591 5288 5288 5259 5185 5544 5052 5417 
5716 5185 5063 4631 4995 4845 5565 5329 5349 5843 5507 5441 5500 5763 4916 5350 5162 4885 5035 5651 5551 5211 5042 5327 5580 5431 5678 5346 5211 5662 5062 5555 
5190 4638 4578 4646 4235 4304 4907 4645 4700 4986 4849 4821 5081 5014 4397 4874 4274 4362 4584 4844 4959 4808 4699 4554 4638 4735 5162 4726 4744 4978 4727 4967 
5313 5052 4450 4401 4594 4589 4967 5039 4608 4890 4869 4942 5039 5038 4429 4772 4592 4427 4575 5233 5041 4951 4771 4698 4818 4726 4941 4987 4589 5130 4786 4936 
5462 5267 5035 4963 4747 5111 5757 5401 5353 5184 5164 5295 5196 5421 5044 5217 5228 4766 5203 5234 5406 5499 5064 5211 5190 5356 5324 5377 5182 5522 5008 5416 
5609 4881 4779 4826 4595 5191 5359 5205 4893 5209 5002 4986 5471 5317 4870 5407 4777 4641 5079 4941 5128 5001 5074 5182 5073 5119 5306 5223 5191 5344 5107 5340 
5682 5368 5014 4879 4956 5116 5371 5483 5225 5423 5332 5394 5732 5413 4914 5405 5128 5007 5138 5457 5494 5192 5130 5510 5355 5206 5535 5483 5099 5484 4996 5328 
5699 5329 4946 5018 4781 5058 5689 5289 4982 5154 5444 5451 5743 5647 4960 5463 5104 4806 5355 5553 5399 5176 5341 5371 5415 5325 5403 5525 5154 5672 5133 5403 
5013 4669 4429 4432 4131 4486 4993 4730 4687 4625 4759 4709 4870 4568 4484 4698 4257 4188 4740 4689 4749 4314 4561 4754 4573 4529 4960 4728 4119 4707 4401 4670 
5574 5361 5020 5050 4674 5201 5645 5319 5380 5425 5580 5301 5496 5668 5207 5388 4986 4597 5266 5380 5636 5386 5176 5070 5304 5182 5586 5483 5169 5304 5191 5405 
6157 5444 5295 4943 5165 5448 5779 5717 5257 5595 5536 5379 5828 5933 5264 5714 5339 5307 5557 5592 5624 5521 5501 5559 5606 5549 5779 5532 5033 6001 5559 5736 
5236 5218 4864 4702 4711 5047 5247 5011 4994 4771 4853 5212 5070 5097 4921 5210 4736 4675 4957 5205 5365 5255 4971 5155 5284 5214 5304 5080 4959 5476 5203 5325 
5639 5038 4678 4449 4952 4789 5468 5089 5134 5091 5144 5236 5216 5456 4841 5313 5019 4831 5076 5609 5350 5322 5059 5144 5510 4852 5345 5155 4871 5486 4893 5133 
5526 5119 5027 4826 4805 4923 5397 5518 5305 5165 5324 5465 5564 5605 5053 5382 5009 4479 4929 5383 5284 5225 5015 5097 5426 5093 5491 5344 5035 5653 5061 5249 
5407 4948 4830 4617 4759 4879 5525 5286 5152 5208 5107 5036 5561 5232 4854 5214 4965 4702 4941 5125 5420 5361 5085 5077 5184 5162 5323 5334 5071 5434 5161 5068 
5740 5197 4908 4681 4887 5148 5580 5004 5341 5527 5314 5446 5478 5719 5217 5413 5046 4729 4967 5482 5403 5347 5120 4969 5357 5196 5518 5466 4867 5728 4906 5470 
5573 5251 5007 4885 4684 5028 5655 5149 5389 5136 5180 5275 5395 5376 5102 5283 4915 4788 5260 5364 5408 5248 5109 5297 5389 5183 5372 4913 5069 5443 5201 5349 
4994 4671 4553 4398 4185 4668 5145 4533 4859 4943 4609 4578 4808 5244 4631 4626 4566 4531 4593 4795 4719 4828 4550 4782 4702 4566 4649 4951 4802 5082 4399 4972 
5592 5064 4856 4601 4618 4999 5626 4899 4939 4934 5397 5199 5252 5561 4695 5288 4903 4791 4947 5389 5226 5198 4811 5033 5459 5045 5350 5185 4965 5391 4974 5518 
5352 5232 5130 5050 4763 4983 5489 5321 5079 5617 5334 5200 5480 5493 5146 5186 4847 4584 5020 5168 5465 4999 5123 5315 5357 5051 5273 5234 5136 5368 5025 5342 
5301 5028 4662 4725 4595 4903 5354 5017 5100 5278 5017 5084 5054 5247 4679 5013 4716 4401 4952 5159 5064 5110 4770 4904 5013 4906 5442 5065 4807 4918 4654 5026 
5920 5426 5176 4883 5219 5140 5842 5588 5291 5454 5342 5667 5486 5460 5046 5351 5214 4906 5240 5522 5576 5222 5350 5296 5541 5598 5566 5347 5023 5621 4965 5525 
5396 4931 4849 4398 4695 4908 5203 4949 4939 4927 4856 5053 5153 5239 4615 5249 4684 4570 4683 4962 5259 5099 4831 5014 5156 5254 5336 4922 4885 5054 4751 5142 
5783 5314 5058 4988 4889 4978 5456 5330 5063 4978 5087 5301 5531 5441 4844 5321 5143 4942 4989 5553 5441 5213 4936 5349 5243 5235 5520 5178 5344 5419 5095 5448 
5526 5200 5070 4903 4810 5149 5636 5295 5070 5282 5285 5284 5432 5474 5043 5155 5120 4822 5059 5273 5388 5478 5137 5107 5501 5172 5468 5155 5091 5488 5177 5197 
5567 5188 5062 4917 5053 5122 5952 5312 5367 5339 5226 5454 5765 5640 5046 5569 5222 4877 5137 5477 5347 5294 5326 5557 5448 5581 5714 5354 5394 5469 4981 5400 
5249 4787 4587 4404 4769 4634 5005 4633 4865 5055 4925 4999 4685 5208 4420 4716 4508 4584 4809 5129 5006 4911 4735 4688 4901 4756 5131 5085 4762 5168 4636 5025 
5849 5381 4892 4975 4795 5430 5875 5544 5557 5380 5394 5517 5634 5577 5280 5598 5016 5084 5725 5559 5293 5481 5161 5519 5609 5392 5670 5436 5071 5658 5191 5631 
5799 5260 5131 4828 4627 4998 5719 5384 5568 5297 5472 5292 5537 5226 5102 5422 4919 4862 4972 5414 5267 5393 5249 5486 5362 5283 5394 5421 5102 5428 5442 5400 
5303 5178 4927 4669 4943 5123 5340 5389 5035 5469 5249 5054 5291 5402 4933 5292 4952 4671 5143 5382 5182 5338 5173 5197 5182 4996 5560 5144 5051 5528 5101 5356 
5662 5082 5083 5119 4910 5392 5636 5271 5233 5418 5624 5443 5472 5697 5176 5530 5368 5158 5077 5452 5422 5415 5025 5339 5662 5431 5626 5495 5246 5740 5277 5745 
