4730 4502 4456 4288 4148 4602 4959 4617 4650 4773 4881 4546 4722 4874 4650 4576 4432 4239 4355 4935 5027 4473 4401 4823 4796 4623 4865 4725 4383 4602 4383 4684 
5093 4604 4266 4355 4210 4752 5052 4762 4604 4762 5007 4732 5173 5124 4368 4696 4327 4146 4583 4943 5192 4546 4628 4820 4995 4729 4846 4787 4523 5031 4610 4854 
4942 4647 4409 4035 4238 4347 4780 4532 4577 5231 4949 4853 4751 5030 4318 4618 4446 4229 4413 5024 4945 4572 4301 4748 4916 4662 5055 4705 4532 5029 4553 4845 
4625 4129 4022 4011 3633 3883 4283 4043 4116 4493 4479 4351 4515 4467 3877 4286 3892 3786 4097 4363 4545 4292 4072 4085 4196 4140 4610 4305 4258 4411 4297 4455 
4541 4421 3776 3719 3814 4041 4133 4308 3816 4314 4440 4328 4242 4274 3854 4046 3973 3799 3994 4529 4449 4293 3992 4218 4063 4026 4363 4344 3776 4412 4209 4223 
4745 4672 4320 4299 4031 4553 4883 4650 4595 4608 4733 4716 4498 4703 4361 4486 4540 4110 4529 4599 4844 4791 4311 4671 4569 4639 4717 4745 4476 4872 4437 4735 
4836 4274 4076 4140 3854 4563 4599 4449 4229 4618 4575 4480 4697 4590 4244 4748 4118 4025 4447 4338 4602 4432 4395 4616 4361 4423 4702 4550 4480 4639 4621 4748 
4827 4681 4255 4173 4146 4465 4592 4734 4519 4678 4785 4738 4839 4684 4262 4551 4415 4227 4436 4736 4766 4565 4349 4871 4574 4398 4818 4783 4316 4729 4381 4590 
5077 4713 4185 4294 4099 4463 4916 4597 4312 4631 5017 4919 5060 4952 4352 4795 4428 4220 4657 5040 4846 4613 4664 4872 4834 4654 4834 4865 4462 4972 4551 4727 
4286 4047 3770 3847 3454 3992 4247 4111 4066 4110 4333 4234 4184 4018 3964 4054 3786 3598 4170 4140 4176 3750 3849 4213 4060 3873 4337 4240 3483 4146 3934 4110 
4956 4720 4339 4382 3971 4732 4883 4628 4661 4905 5072 4757 4867 4955 4570 4718 4365 3999 4676 4792 5112 4818 4449 4595 4723 4581 4998 4858 4506 4769 4715 4709 
5503 4942 4646 4249 4461 4888 4937 4941 4527 4992 5119 4855 5094 5262 4612 5046 4687 4657 4945 5003 5215 4853 4855 4987 5034 4830 5265 4976 4451 5286 4939 5110 
4603 4583 4177 4019 3987 4441 4394 4228 4228 4148 4351 4612 4299 4407 4300 4426 4017 4023 4206 4559 4735 4512 4239 4577 4622 4407 4750 4475 4197 4712 4599 4546 
4999 4601 4184 3987 4395 4381 4826 4445 4455 4618 4681 4751 4648 4894 4368 4656 4466 4264 4577 5082 4918 4750 4478 4669 5002 4264 4843 4665 4388 4965 4467 4569 
4899 4622 4420 4136 4198 4462 4717 4812 4580 4652 4897 4922 4909 4961 4447 4713 4412 3849 4373 4791 4851 4623 4372 4640 4815 4412 4976 4773 4397 4987 4576 4659 
4773 4439 4259 4031 4092 4382 4790 4581 4492 4709 4712 4565 4854 4665 4258 4604 4352 4085 4448 4581 4953 4736 4429 4612 4604 4543 4820 4852 4469 4812 4621 4582 
5008 4545 4193 4044 4153 4558 4730 4278 4450 4879 4745 4926 4802 4948 4525 4732 4332 4084 4336 4925 4880 4741 4383 4348 4757 4504 4853 4773 4257 5054 4358 4759 
4918 4704 4415 4351 4093 4574 4939 4462 4727 4675 4746 4824 4778 4817 4552 4655 4320 4199 4694 4918 4940 4692 4447 4832 4894 4536 4896 4436 4579 4827 4778 4787 
4497 4076 3910 3763 3572 4116 4426 3937 4137 4426 4252 4136 4234 4595 3994 4087 4072 3913 3980 4262 4238 4276 3910 4316 4104 3969 4150 4396 4116 4409 3902 4293 
4928 4580 4136 3881 3922 4416 4842 4172 4254 4394 4988 4680 4581 4807 4090 4734 4310 4228 4457 4812 4790 4603 4073 4489 4808 4414 4759 4565 4278 4736 4436 4873 
4729 4570 4404 4264 4052 4414 4683 4543 4344 4950 4823 4621 4758 4852 4484 4493 4255 3969 4452 4594 4895 4348 4353 4794 4766 4338 4727 4704 4464 4647 4508 4715 
4618 4466 4082 4046 3889 4410 4579 4302 4353 4674 4537 4553 4355 4575 4120 4279 4108 3766 4312 4504 4566 4463 4041 4432 4430 4202 4923 4424 4030 4213 4074 4428 
5152 4797 4541 4221 4491 4585 5030 4880 4583 4906 4936 5162 4721 4766 4474 4688 4680 4264 4617 4971 5062 4695 4670 4765 4917 4852 4987 4833 4431 4901 4483 4889 
4637 4317 4112 3729 4009 4282 4391 4207 4190 4271 4360 4460 4337 4577 4017 4440 4044 3971 3992 4379 4630 4441 4202 4379 4551 4463 4755 4425 4283 4342 4218 4507 
5150 4781 4478 4388 4168 4498 4754 4671 4539 4504 4752 4840 4871 4814 4315 4748 4598 4288 4394 4983 4937 4687 4363 4918 4611 4563 5006 4596 4669 4736 4547 4839 
4778 4560 4301 4179 4055 4596 4852 4547 4383 4687 4815 4689 4715 4821 4448 4472 4450 4177 4491 4640 4744 4817 4421 4626 4754 4483 4896 4478 4397 4826 4575 4528 
4801 4640 4374 4240 4277 4623 5075 4412 4595 4782 4695 4779 5020 4878 4403 4845 4395 4189 4520 4801 4798 4601 4499 4956 4775 4744 5024 4639 4620 4799 4414 4668 
4633 4350 3983 3884 4143 4175 4333 3995 4277 4636 4497 4535 4146 4534 3832 4146 4006 4021 4319 4593 4592 4409 4160 4226 4449 4241 4559 4579 4202 4607 4164 4498 
5093 4738 4197 4266 4112 4835 5091 4856 4821 4748 5014 4917 4780 4938 4636 4757 4399 4353 5009 4850 4712 4845 4479 4994 4924 4659 5074 4850 4333 5002 4616 4952 
5089 4687 4405 4184 3948 4487 4910 4602 4753 4747 4979 4757 4848 4513 4419 4794 4236 4202 4433 4844 4831 4739 4488 4917 4722 4555 4859 4856 4460 4759 4945 4758 
4824 4787 4404 4220 4429 4697 4750 4819 4577 5098 4991 4676 4770 4883 4429 4740 4472 4224 4665 4907 4777 4835 4653 4789 4751 4596 5118 4684 4521 5118 4666 4938 
4998 4640 4464 4415 4326 4817 4964 4583 4522 4839 5158 4885 4776 5018 4553 4878 4641 4626 4605 4889 4944 4849 4364 4902 5043 4842 5104 4848 4615 5121 4752 5132 
