3561 3218 3196 3198 3133 3237 3422 3509 3125 3357 3540 3388 3606 3569 3490 3324 3152 2889 3212 3507 3739 3373 3293 3520 3515 3338 3397 3387 3258 3339 3226 3220 
3666 3206 2922 3140 2982 3214 3470 3331 3016 3304 3666 3490 3739 3796 3251 3383 3047 2850 3191 3608 3525 3360 3199 3463 3572 3305 3238 3504 3320 3707 3265 3319 
3554 3236 2931 2838 2960 2866 3383 3321 3097 3667 3435 3549 3385 3559 3183 3223 3064 2899 3206 3686 3519 3332 2955 3435 3479 3203 3477 3367 3238 3657 3243 3209 
3320 2854 2730 2732 2538 2503 2854 2737 2601 2976 3047 2971 3280 3135 2773 2964 2651 2464 2748 3010 3096 3006 2698 2864 2855 2769 3050 3069 2932 3154 2930 2899 
3345 3253 2540 2578 2901 2783 2975 3173 2568 2950 3186 3125 3030 3316 2797 2941 2716 2725 2864 3317 3158 3108 2783 2986 2972 2825 3187 3100 2714 3185 3057 3005 
3389 3166 2893 3075 2806 3137 3300 3313 2942 3088 3254 3180 3098 3433 3123 3071 3049 2813 3192 3122 3315 3420 2859 3266 3163 3113 3240 3202 3095 3464 3136 3157 
3363 2980 2791 2857 2829 3084 3136 3152 2796 3188 3170 3206 3457 3339 3126 3397 2904 2686 3093 3102 3186 3207 3062 3299 3072 3023 3176 3272 3099 3288 3130 3220 
3533 3288 2956 2986 3056 3045 3222 3324 3142 3233 3318 3447 3505 3514 3155 3304 2957 3010 3126 3364 3366 3171 3011 3552 3453 3040 3332 3425 3100 3458 3181 3203 
3606 3330 2922 3044 3119 3138 3458 3303 2975 3297 3604 3444 3727 3759 3088 3413 3051 3017 3304 3730 3473 3285 3288 3456 3507 3275 3426 3583 3155 3646 3147 3281 
3067 2794 2576 2748 2669 2850 2966 2975 2759 2838 3106 3069 2950 2996 2896 2906 2585 2569 3004 3050 2923 2674 2684 2966 2905 2645 3082 3074 2456 3059 2814 2876 
3596 3279 2953 3262 2930 3276 3414 3285 3124 3413 3516 3490 3505 3577 3411 3294 3020 2696 3351 3436 3559 3567 3105 3181 3260 3112 3494 3540 3206 3359 3341 3210 
4174 3599 3296 3208 3427 3526 3482 3670 3065 3549 3733 3603 3777 4002 3429 3637 3325 3343 3613 3701 3737 3725 3518 3598 3726 3517 3843 3702 3249 4001 3685 3693 
3383 3247 2952 2866 3088 3076 3054 3012 2924 2948 3053 3420 3138 3174 3207 3159 2826 2870 3001 3351 3423 3242 3019 3282 3397 3063 3355 3138 2863 3476 3136 3146 
3474 3171 2699 2783 3188 2869 3197 3013 2816 3098 3046 3279 3270 3530 3046 3166 3012 2797 3223 3531 3336 3404 3051 3161 3500 2838 3375 3224 2986 3383 2999 2999 
3633 3309 3088 2993 3092 3073 3378 3507 3185 3334 3480 3623 3632 3627 3277 3479 3081 2703 3181 3495 3423 3322 3137 3311 3512 3106 3543 3388 3078 3672 3207 3200 
3694 3269 3073 3089 3101 3145 3438 3325 3118 3421 3456 3280 3536 3563 3292 3382 3123 3039 3221 3478 3637 3596 3261 3396 3481 3310 3511 3547 3268 3596 3343 3303 
3633 3258 2803 2833 3107 3125 3269 3060 2986 3411 3182 3555 3425 3717 3347 3293 3061 2743 2981 3440 3404 3347 3025 3053 3482 3091 3437 3446 2990 3650 3081 3233 
3704 3435 3208 3235 3113 3270 3515 3316 3292 3328 3497 3681 3521 3660 3473 3454 3047 3037 3382 3645 3642 3539 3220 3571 3737 3218 3512 3217 3410 3581 3608 3449 
3285 2877 2750 2730 2573 2762 3083 2778 2720 3048 3003 3031 3091 3358 2909 2970 2876 2618 2853 3036 2935 3115 2652 3023 2999 2698 2949 3184 2886 3160 2811 2886 
3423 3055 2713 2599 2749 2837 3147 2844 2706 2930 3379 3257 3088 3375 2811 3208 2762 2690 2983 3326 3187 3183 2687 3020 3256 2882 3184 3150 2826 3224 2982 3097 
3496 3203 3037 3080 3007 3051 3188 3254 3027 3405 3373 3324 3471 3575 3210 3102 2967 2598 3225 3310 3414 3182 3070 3345 3445 2935 3344 3333 3192 3281 3125 3255 
3337 3029 2750 2869 2781 2951 3031 2914 2860 3045 3102 3208 3057 3279 2877 2872 2701 2517 2980 3116 3144 3220 2660 3125 3117 2710 3242 3147 2760 2980 2952 3141 
3657 3335 3048 2991 3259 3105 3415 3437 3022 3332 3495 3712 3427 3468 3310 3316 3257 2926 3262 3571 3631 3450 3296 3442 3560 3435 3397 3417 3149 3512 3119 3386 
3308 2887 2697 2556 2758 2820 2880 2838 2707 2767 2906 3076 2989 3108 2737 2969 2568 2596 2872 3053 3124 3096 2685 2885 3154 2889 3198 3003 2959 3003 2871 2965 
3814 3447 3150 3209 3111 3094 3373 3468 3101 3219 3355 3508 3619 3599 3228 3414 3224 3003 3168 3678 3530 3525 3126 3688 3342 3210 3560 3287 3456 3472 3260 3383 
3432 3176 2962 2956 2966 3085 3264 3267 2821 3155 3436 3412 3413 3497 3224 3127 3108 2838 3236 3321 3290 3584 3000 3234 3394 2956 3353 3039 3042 3565 3221 3096 
3519 3298 3030 3024 3169 3306 3535 3315 3229 3398 3287 3507 3677 3649 3262 3521 3012 2928 3266 3526 3374 3458 3269 3568 3556 3381 3525 3478 3360 3517 3176 3166 
3447 3204 2802 2931 3069 2942 3083 2973 2930 3336 3307 3355 3147 3450 2986 3037 2837 2872 3279 3413 3398 3474 2898 3056 3315 3090 3333 3446 3053 3521 3087 3269 
3685 3170 2859 2940 3003 3262 3399 3447 3112 3219 3442 3570 3347 3585 3277 3330 2967 2972 3457 3502 3249 3502 3028 3562 3456 3166 3443 3348 3054 3641 3240 3402 
3546 3291 3013 2940 2812 2955 3333 3193 3125 3244 3428 3342 3465 3249 3131 3267 2756 2817 3095 3421 3207 3393 3011 3429 3204 2946 3429 3310 3130 3230 3406 3200 
3421 3218 2788 3022 3110 3122 3194 3269 3051 3331 3469 3258 3346 3498 3147 3193 3024 2777 3274 3368 3223 3455 3167 3390 3429 3088 3467 3213 3115 3581 3244 3331 
3667 3381 3169 3282 3238 3466 3524 3418 3104 3476 3721 3658 3662 3834 3386 3483 3298 3154 3410 3520 3455 3603 3154 3648 3729 3435 3626 3673 3305 3767 3498 3521 
