1431 1097 1178 1400 1188 1389 1452 1345 1179 1414 1461 1309 1505 1419 1437 1217 1270 1189 975 1366 1675 1378 1099 1373 1298 1387 1185 1353 1286 1433 1208 1271 
1556 1282 1085 1449 1261 1431 1520 1372 1244 1404 1557 1493 1596 1540 1392 1280 1346 1220 1235 1484 1589 1416 1218 1498 1480 1467 1146 1479 1364 1668 1209 1259 
1435 1146 959 1219 1201 1114 1452 1424 1190 1560 1389 1405 1445 1400 1224 1092 1283 1181 1158 1379 1468 1422 1065 1244 1261 1289 1318 1297 1252 1674 1194 1246 
1337 1071 962 1169 972 1173 1091 1107 1030 1296 1217 1202 1333 1244 1256 1097 1073 983 1009 1185 1324 1349 940 1026 1135 1201 1098 1267 1160 1280 1064 972 
1556 1298 945 1106 1268 1272 1375 1360 1069 1380 1399 1333 1442 1447 1317 1228 1242 1298 1140 1328 1456 1384 1204 1197 1258 1280 1279 1363 1206 1556 1276 1174 
1414 1268 1060 1409 1213 1475 1446 1435 1221 1320 1300 1460 1436 1494 1358 1081 1290 1219 1163 1300 1466 1500 1040 1351 1315 1457 1259 1325 1262 1635 1281 1272 
1349 1183 978 1305 1128 1279 1364 1338 1134 1281 1294 1433 1535 1467 1362 1292 1163 1176 1119 1267 1475 1335 1142 1321 1172 1337 1088 1411 1283 1425 1131 1260 
1519 1279 1096 1353 1274 1265 1533 1352 1257 1372 1359 1483 1593 1415 1421 1292 1297 1353 1114 1344 1572 1469 1187 1357 1432 1307 1362 1520 1221 1582 1171 1234 
1404 1207 916 1274 1261 1318 1403 1315 1096 1280 1322 1262 1528 1411 1222 1098 1169 1178 1024 1270 1428 1336 1091 1298 1292 1284 1094 1317 1166 1407 1050 1131 
1248 1049 779 1183 1115 1151 1166 1198 949 1079 1241 1244 1213 1198 1218 1053 1111 1082 1011 1178 1196 1154 843 1104 1109 978 1083 1164 921 1313 989 1095 
1596 1276 1101 1432 1308 1405 1513 1383 1279 1514 1491 1589 1543 1577 1559 1198 1357 1152 1278 1397 1628 1698 1202 1367 1295 1333 1274 1571 1310 1626 1262 1361 
1806 1431 1200 1350 1369 1632 1536 1573 1200 1449 1403 1584 1495 1604 1503 1267 1441 1444 1291 1341 1677 1558 1254 1330 1358 1395 1428 1534 1324 1709 1447 1401 
1530 1393 1198 1408 1393 1492 1445 1475 1369 1316 1458 1605 1443 1523 1579 1331 1416 1382 1252 1490 1586 1551 1193 1381 1440 1356 1465 1443 1209 1740 1303 1389 
1371 1212 760 1136 1266 1187 1341 1210 1002 1214 1204 1336 1269 1384 1174 1007 1173 1165 1158 1345 1271 1402 1055 1187 1328 1081 1182 1262 1099 1491 1118 1070 
1423 1197 966 1225 1187 1269 1393 1381 1126 1253 1302 1370 1462 1306 1346 1210 1271 1133 1067 1210 1374 1321 997 1182 1267 1163 1204 1284 1077 1568 1151 1116 
1421 1199 985 1236 1120 1312 1376 1346 1166 1373 1364 1216 1502 1465 1330 1213 1226 1153 1060 1275 1456 1393 1202 1268 1251 1342 1163 1382 1276 1541 1131 1201 
1659 1385 1148 1316 1361 1505 1476 1439 1222 1469 1469 1539 1538 1606 1509 1354 1368 1349 1187 1536 1610 1513 1180 1263 1482 1434 1390 1540 1250 1731 1168 1314 
1375 1202 1056 1346 1121 1323 1451 1367 1268 1287 1355 1400 1347 1310 1438 1154 1285 1147 1086 1302 1522 1407 1012 1249 1340 1168 1140 1273 1340 1466 1232 1216 
1317 1210 980 1235 1064 1255 1365 1240 1133 1417 1306 1352 1443 1438 1295 1198 1300 1102 1077 1223 1391 1334 1022 1185 1145 1247 1164 1330 1271 1545 1076 1079 
1373 1182 901 1127 1201 1295 1306 1169 1056 1244 1331 1247 1283 1342 1184 1143 1100 1087 1070 1288 1303 1308 920 1098 1327 1154 1169 1259 1102 1353 1100 1128 
1444 1217 1056 1222 1122 1256 1275 1268 1086 1307 1258 1289 1349 1424 1266 1044 1179 1001 1083 1377 1362 1311 997 1264 1234 1134 1021 1332 1124 1428 1115 1222 
1383 1184 979 1177 1164 1234 1269 1195 1115 1268 1202 1269 1125 1330 1199 1015 1154 994 1141 1284 1383 1372 832 1102 1174 1149 1123 1323 1072 1336 1121 1204 
1422 1298 1069 1421 1348 1378 1517 1449 1254 1404 1474 1489 1477 1371 1406 1243 1433 1316 1226 1432 1618 1416 1199 1349 1445 1472 1269 1415 1169 1603 1193 1318 
1328 1070 855 1086 1060 1087 1110 1138 1018 1147 1157 1168 1184 1197 1113 1085 988 1030 993 1063 1258 1230 852 1059 1195 1102 1105 1182 1092 1314 1045 1099 
1489 1358 1093 1434 1299 1352 1440 1438 1236 1311 1424 1429 1507 1510 1431 1213 1266 1208 1151 1435 1417 1463 1071 1343 1287 1287 1286 1354 1330 1560 1189 1172 
1324 1251 1028 1420 1247 1448 1337 1402 1074 1341 1459 1414 1508 1442 1380 1246 1381 1184 1135 1346 1345 1484 1101 1252 1300 1191 1327 1257 1172 1519 1152 1227 
1489 1362 1054 1365 1285 1477 1466 1467 1275 1379 1430 1539 1590 1517 1406 1412 1299 1294 1164 1422 1537 1549 1174 1458 1426 1488 1246 1459 1428 1602 1175 1222 
1498 1303 1036 1265 1340 1371 1424 1344 1213 1435 1417 1433 1324 1432 1330 1131 1293 1260 1328 1370 1450 1516 1117 1257 1214 1366 1289 1384 1269 1642 1277 1252 
1466 1312 978 1336 1390 1430 1473 1477 1233 1325 1376 1576 1499 1567 1442 1229 1307 1307 1287 1409 1436 1492 1086 1390 1317 1397 1353 1405 1127 1698 1250 1292 
1302 1125 995 1199 1155 1129 1223 1249 1171 1300 1339 1201 1358 1235 1237 1072 1018 1063 1071 1240 1254 1340 998 1174 1150 1097 1123 1233 1122 1323 1151 1166 
1305 1237 874 1209 1175 1288 1312 1291 1203 1432 1422 1402 1286 1469 1329 1126 1188 1101 1244 1376 1406 1479 1060 1262 1201 1275 1272 1319 1203 1531 1122 1246 
1443 1130 1042 1372 1278 1374 1497 1350 1171 1440 1479 1440 1458 1498 1430 1147 1407 1192 1202 1375 1480 1555 1080 1414 1422 1369 1136 1417 1360 1640 1288 1318 
