666.001555	8192	8192	8192	1	1	0.000000	676.477038
342.782002	8192	8192	8192	1	2	0.000000	353.982662
256.709946	8192	8192	8192	1	3	0.000000	276.572773
192.579662	8192	8192	8192	1	4	0.000000	203.471620
166.110267	8192	8192	8192	1	5	0.000000	177.306862
140.043207	8192	8192	8192	1	6	0.000000	150.515773
129.002053	8192	8192	8192	1	7	0.000000	139.959428
114.630450	8192	8192	8192	1	8	0.000000	125.570027
112.947644	8192	8192	8192	1	9	0.000000	123.425003
101.143299	8192	8192	8192	1	10	0.000000	111.722158
99.646635	8192	8192	8192	1	11	0.000000	110.505875
93.725452	8192	8192	8192	1	12	0.000000	104.680715
96.784314	8192	8192	8192	1	13	0.000000	107.481556
97.560122	8192	8192	8192	1	14	0.000000	108.195297
93.128589	8192	8192	8192	1	15	0.000000	104.082500
114.527940	8192	8192	8192	1	16	0.000000	125.206106
99.367562	8192	8192	8192	1	17	0.000000	109.831630
100.412930	8192	8192	8192	1	18	0.000000	110.883762
102.238799	8192	8192	8192	1	19	0.000000	112.972740
93.532861	8192	8192	8192	1	20	0.000000	104.339170
87.653456	8192	8192	8192	1	21	0.000000	98.122268
82.706456	8192	8192	8192	1	22	0.000000	93.203952
74.568439	8192	8192	8192	1	23	0.000000	85.160081
76.358674	8192	8192	8192	1	24	0.000000	87.694463
114.222902	8192	8192	8192	1	25	0.000000	124.975093
121.309839	8192	8192	8192	1	26	0.000000	131.776712
133.871330	8192	8192	8192	1	27	0.000000	144.821712
137.831188	8192	8192	8192	1	28	0.000000	148.662297
158.857230	8192	8192	8192	1	29	0.000000	169.605299
187.904088	8192	8192	8192	1	30	0.000000	198.765764
189.193635	8192	8192	8192	1	31	0.000000	199.689939
200.652657	8192	8192	8192	1	32	0.000000	211.718521
201.304411	8192	8192	8192	1	33	0.000000	211.773144
205.801439	8192	8192	8192	1	34	0.000000	216.603502
206.844135	8192	8192	8192	1	35	0.000000	217.318585
207.335264	8192	8192	8192	1	36	0.000000	218.078461
205.772473	8192	8192	8192	1	37	0.000000	216.593739
209.749987	8192	8192	8192	1	38	0.000000	220.561547
207.228451	8192	8192	8192	1	39	0.000000	217.707449
207.092038	8192	8192	8192	1	40	0.000000	217.839367
209.736970	8192	8192	8192	1	41	0.000000	220.482430
207.015451	8192	8192	8192	1	42	0.000000	217.965338
205.082014	8192	8192	8192	1	43	0.000000	216.033588
208.432074	8192	8192	8192	1	44	0.000000	218.911292
207.151352	8192	8192	8192	1	45	0.000000	217.774062
184.247780	8192	8192	8192	1	46	0.000000	195.309094
209.076709	8192	8192	8192	1	47	0.000000	219.540583
197.356375	8192	8192	8192	1	48	0.000000	207.853249
187.509534	8192	8192	8192	1	49	0.000000	198.403039
197.349521	8192	8192	8192	1	50	0.000000	207.929157
202.313970	8192	8192	8192	1	51	0.000000	213.250130
205.307872	8192	8192	8192	1	52	0.000000	215.803970
209.431982	8192	8192	8192	1	53	0.000000	219.895429
210.049301	8192	8192	8192	1	54	0.000000	220.523833
211.156952	8192	8192	8192	1	55	0.000000	221.853169
213.380005	8192	8192	8192	1	56	0.000000	223.942676
212.855653	8192	8192	8192	1	57	0.000000	223.496415
213.812895	8192	8192	8192	1	58	0.000000	224.544138
214.746152	8192	8192	8192	1	59	0.000000	225.501675
214.829095	8192	8192	8192	1	60	0.000000	225.302277
214.813229	8192	8192	8192	1	61	0.000000	225.523069
213.661381	8192	8192	8192	1	62	0.000000	224.130696
212.736633	8192	8192	8192	1	63	0.000000	223.198610
212.987940	8192	8192	8192	1	64	0.000000	223.448811
212.466648	8192	8192	8192	1	65	0.000000	222.933535
211.338832	8192	8192	8192	1	66	0.000000	221.815727
211.815761	8192	8192	8192	1	67	0.000000	222.563652
212.556684	8192	8192	8192	1	68	0.000000	223.301786
212.862058	8192	8192	8192	1	69	0.000000	223.563028
213.570749	8192	8192	8192	1	70	0.000000	224.470500
214.064552	8192	8192	8192	1	71	0.000000	224.531416
197.553116	8192	8192	8192	1	72	0.000000	208.021390
207.550548	8192	8192	8192	1	73	0.000000	218.021690
209.290383	8192	8192	8192	1	74	0.000000	220.167532
212.767091	8192	8192	8192	1	75	0.000000	223.808149
213.126396	8192	8192	8192	1	76	0.000000	224.169937
214.138077	8192	8192	8192	1	77	0.000000	224.786803
213.428036	8192	8192	8192	1	78	0.000000	224.305813
216.052561	8192	8192	8192	1	79	0.000000	227.126525
215.892230	8192	8192	8192	1	80	0.000000	226.472019
216.451096	8192	8192	8192	1	81	0.000000	227.181707
217.193436	8192	8192	8192	1	82	0.000000	227.825576
216.679000	8192	8192	8192	1	83	0.000000	227.458058
216.897041	8192	8192	8192	1	84	0.000000	227.382263
217.406749	8192	8192	8192	1	85	0.000000	227.989342
216.449450	8192	8192	8192	1	86	0.000000	227.191194
215.911921	8192	8192	8192	1	87	0.000000	226.463026
217.312331	8192	8192	8192	1	88	0.000000	227.515450
215.292782	8192	8192	8192	1	89	0.000000	225.809791
213.857736	8192	8192	8192	1	90	0.000000	225.281510
213.691743	8192	8192	8192	1	91	0.000000	225.002368
216.311056	8192	8192	8192	1	92	0.000000	226.927643
214.935496	8192	8192	8192	1	93	0.000000	225.816987
213.565926	8192	8192	8192	1	94	0.000000	224.891585
195.181874	8192	8192	8192	1	95	0.000000	205.919926
208.147323	8192	8192	8192	1	96	0.000000	218.839403
209.842146	8192	8192	8192	1	97	0.000000	220.956484
214.904266	8192	8192	8192	1	98	0.000000	225.387165
212.460103	8192	8192	8192	1	99	0.000000	222.987355
216.456558	8192	8192	8192	1	100	0.000000	227.216729
216.806324	8192	8192	8192	1	101	0.000000	227.030927
217.506330	8192	8192	8192	1	102	0.000000	228.209597
217.313101	8192	8192	8192	1	103	0.000000	227.504399
217.808975	8192	8192	8192	1	104	0.000000	228.456488
210.410679	8192	8192	8192	1	105	0.000000	220.743183
219.699864	8192	8192	8192	1	106	0.000000	230.143386
201.520423	8192	8192	8192	1	107	0.000000	211.797377
186.223937	8192	8192	8192	1	108	0.000000	196.825833
186.661097	8192	8192	8192	1	109	0.000000	197.571053
187.489182	8192	8192	8192	1	110	0.000000	198.007442
171.145619	8192	8192	8192	1	111	0.000000	181.833231
168.210453	8192	8192	8192	1	112	0.000000	178.659981
187.402710	8192	8192	8192	1	113	0.000000	197.900868
165.530666	8192	8192	8192	1	114	0.000000	176.108695
197.286085	8192	8192	8192	1	115	0.000000	208.889850
183.830021	8192	8192	8192	1	116	0.000000	194.896266
163.128434	8192	8192	8192	1	117	0.000000	174.223495
183.493766	8192	8192	8192	1	118	0.000000	193.981883
154.982561	8192	8192	8192	1	119	0.000000	165.652987
152.198629	8192	8192	8192	1	120	0.000000	163.131393
156.163432	8192	8192	8192	1	121	0.000000	166.954914
155.908167	8192	8192	8192	1	122	0.000000	166.504120
156.423497	8192	8192	8192	1	123	0.000000	166.888114
157.084263	8192	8192	8192	1	124	0.000000	167.561218
157.400279	8192	8192	8192	1	125	0.000000	168.143440
153.684265	8192	8192	8192	1	126	0.000000	164.624394
158.059878	8192	8192	8192	1	127	0.000000	168.810740
